0.4648254379400946
0.4480034512898911
0.4710608662061908
0.4321367769041769
0.4949289179157745
0.37993561456166425
0.39156346777963275
0.4011110795568983
0.39919333470655555
0.43014889827856023
0.35219842184484756
0.3117408168966959
0.4290371404958678
0.37176146716697933
0.338503556509299
0.2248976653386454
0.40539878669055546
0.49064709143686497
0.3976349154848046
0.5184279107121484
0.36694849061897244
0.34448394023945866
0.3851048530318602
0.4852629353179973
0.4422061539780848
0.4601821747269891
0.38318527371273714
0.3552674995835812
0.37576288646779077
0.3993109481481482
0.48049035723270445
0.3796668720102872
0.48360480595693295
0.3639033342568839
0.41062355455132343
0.4068128027429935
0.23365492476378816
0.3961482794071271
0.4159279601139601
0.3502872635193133
0.4947582815249267
0.40010177650096834
0.4429455989304813
0.40493578823529414
0.41490896125082
0.4443760071222329
0.48448823194021584
0.3973517664220722
0.40261486268871316
0.35856097150656885
0.4568462884860363
0.3949883892165122
0.3028693515888584
0.340475446338093
0.440644200218293
0.4806167057497181
0.46160859266684257
0.2449818841416648
0.3852668462427746
0.46551570058544745
0.3464011938624963
0.3547200731799321
0.3500373980707396
0.3805568534437336
0.3188270810339458
0.497824077865207
0.4170505086494689
0.47926522941562705
0.36351179934853417
0.3665433636363637
0.5195279624493472
0.34584755042431414
0.4135157411764706
0.3998503529212532
0.40861082425117284
0.44195124054982815
0.3533877969974654
0.32458620686932493
0.34994625638766513
0.4293758115055079
0.3786006473149492
0.4440010385561936
0.48913090487925087
0.47881358490773895
0.3069418195488722
0.39165294698715836
0.43903662857142856
0.38627586588339613
0.35849836298773696
0.42511309991431023
0.41821147634069405
0.402920747440986
0.3799177598367822
0.4405737861019193
0.35949880619558616
0.4952326
0.40517311760624464
0.44719492092583846
0.3508200995202193
0.39786383053173247
0.3745726462279294
0.34161136544850496
0.4931643591380686
0.4043288514851485
0.36283369824150064
0.4127716529474357
0.32835510825688075
0.3530224280743851
0.3408880296118447
0.4172735804050356
0.3543703918735892
0.4532857128205129
0.47102242876775086
0.4882162346368715
0.38717494674556213
0.34332696278695124
0.3271379436619718
0.2230583551126171
0.4646807496886675
0.44200117510803805
0.44646508514190314
0.5013541659343371
0.3537371744605029
0.3321621701448667
0.3669517245508982
0.35384245876907255
0.4121693552971031
0.4577258428040361
0.24772077101449275
0.480418035125448
0.5012859343412528
0.3912945045741912
0.41152785867014346
0.4180868911659446
0.48223151334002
0.42216430198446936
0.5062426434694907
0.4637047435508346
0.401401425517022
0.4766791573756791
0.38591874027080475
0.432613574363364
0.3934163211267606
0.36075601296497717
0.3441077966386554
0.4522028961894954
0.39413328202338865
0.2347263794937795
0.41622412764176603
0.46175715245478033
0.34326806315789476
0.42579323464847224
0.4055420442974056
0.4253945778346121
0.395975740514776
0.3309884667809687
0.38571860883652426
0.42457847063776044
0.2758761436690347
0.3545932207119742
0.4424416640200585
0.4281514363636364
0.37622566380789024
0.3753789584271349
0.4024657497508523
0.37122635485564304
0.3635063076923077
0.45975609756097563
0.45551062608695647
0.3411132044275337
0.3553264019503922
0.3047874964967049
0.3923336725640349
0.44422638381502894
0.38729926565913514
0.4948025493975904
0.4971537427002745
0.4026810444501148
0.4632458049908064
0.4446762915662651
0.3732966987893463
0.49063835086188085
0.4069128
0.38467717355333486
0.22454532842063332
0.44572996638655465
0.4406120508968137
0.3358588167714885
0.3835194525896414
0.39536545671766926
0.33925312290825155
0.40528588549618316
0.40482436428824986
0.3546435651110104
0.37622465931424537
0.31480465420560744
0.42605424328657315
0.44712866501163695
0.452946523522854
0.3520949917355372
0.3997282161093724
0.42644961158154543
0.4176241627959414
0.3966602505236699
0.37552602387806944
0.4766507319988049
0.32736444126611963
