0.1606619427617213
0.14688417652756885
0.17129012500075164
0.16417103985320936
0.17760751611802963
0.17486996875108157
0.1806824477092891
0.1547624907866138
0.16437948639801947
0.16294403113027092
0.16318140414526439
0.17334631795603234
0.18183910504281423
0.17272813234348822
0.17055729858148475
0.17216079821975597
0.15822018048245615
0.17306825221159947
0.16425913444650628
0.16248564604628254
0.16655911080840863
0.15360697185920807
0.16160590381118783
0.17872253884149525
0.17758634673128532
0.15569763587121363
0.1601451782685772
0.16930803436590966
0.16902149906959008
0.1563836455446251
0.16600475098355813
0.17868872180056353
0.16485049031043866
0.1688779435737548
0.15463101615123132
0.15650576863168497
0.15873543636773058
0.1787550682293276
0.17252404422089962
0.1518381864697806
0.1510961826711317
0.15662506330433215
0.16278596944246113
0.1890430738945731
0.17414037303946092
0.16254990269855532
0.16927399621100603
0.16542706027122397
0.18241114944447556
0.1528310709953862
0.1645714777984239
0.1645261087218123
0.1564620732904003
0.17307948400158243
0.17751066923076764
0.1641079411613447
0.1571738324430216
0.17630542799568139
0.18041033679026502
0.17945043836149627
0.1718901580083827
0.15406436705311374
0.16504848174540104
0.17035194278906254
0.15515441814506625
0.15489619743546576
0.16594944293614322
0.160083788745762
0.18515833488725544
0.15975987159367327
0.18736787539622884
0.17662524775615868
0.16629896056541457
0.15850652317055844
0.1588751631078871
0.1774381748341096
0.1631456951990894
0.1725572368536104
0.1711263767692232
0.16548497775747914
0.1696002524765149
0.16652601653699325
0.18224609099278768
0.16487193011325502
0.17393696182616494
0.1780042355730764
0.1542099249268972
0.16895581161095777
0.16351420050920784
0.16067867785277118
0.17698068095024838
0.1668793098133608
0.1858501820705416
0.16991409613315084
0.17700198407472445
0.17956683422047978
0.17640031369748793
0.16850914579236909
0.16163372358411074
0.1803614716370449
0.16984481432183188
0.16319326616151225
0.16075829464887392
0.16838629457476573
0.17626640173026933
0.1745711316947552
0.17637135534999887
0.1708121171421393
0.15118103136292607
0.16571627829247013
0.16828203167722305
0.1595390847892011
0.16746705309112256
0.17404793990984999
0.16112293859331311
0.16039044675713743
0.16470525939783162
0.17309287142997978
0.17489648765844956
0.174192499789501
0.1732186650822612
0.16121918175345837
0.16173249463706232
0.16936941671636024
0.17117796605006508
0.18104356539262606
0.17163086148727275
0.17580748191159415
0.16261570380434628
0.18112698968853888
0.17043562507260795
0.1569612313492048
0.1817602719737945
0.16221825092526826
0.16522807580066287
0.1720264555728691
0.1497385893981178
0.16691086658477997
0.16289513815789314
0.17502118833936794
0.17978147646389306
0.17253623991612543
0.15321079552030537
0.16867439166226914
0.16376209256337285
0.18507441441260866
0.15530736083361502
0.15852394302967684
0.16751297817150804
0.17642628162939814
0.17178525924544819
0.17129629940700736
0.1627890422110988
0.18453494011374685
0.18023472213460062
0.17666440361755223
0.1458851535942692
0.15653727366557965
0.163024634372215
0.16250033629174004
0.17337248915862555
0.1563650905995141
0.1701963042243205
0.16746194801401773
0.15669460112284483
0.1703684924985332
0.18721335623657032
0.1770466140329154
0.17449408847181197
0.16924345619509396
0.18217376586432185
0.17299935930018775
0.16329523708307195
0.16913191612506195
0.15894814528951454
0.1633801912155593
0.1572119113188684
0.17915635013842507
0.1670845365377134
0.16357899527826775
0.15802705269152467
0.17076140273068066
0.15504705079418724
0.1643078026474759
0.1665993680173769
0.16170845643777992
0.15660011367490798
0.17795525890416508
0.175158546680684
0.17264710103808434
0.17188512256742697
0.17671883400691027
0.16752972975151256
0.15746133852362953
0.15828038077196036
0.1589484206426581
0.17609353442664769
0.14699644474077686
0.1649674976522398
0.16569997266549863
0.16876621248178866
0.16694558985150162
0.16201061783409304
0.16023051148851108
0.16202666833223292
0.1742015410625199
0.15328629249870937
0.18066868368776615
0.15813120745230436
0.16086886986485602
0.18429213036528144
0.17127824607431597
0.17008311329039863
0.15331768699899245
0.15450170101203536
0.16801709018811728
0.15149991702397533
0.15554540946423104
0.17515427996768584
0.17390893820315786
0.1645461295764798
0.15415056912616726
0.15567664193293737
0.16115881645167512
0.17090153711401884
0.17144782479539092
0.1765267055128063
0.15968037069353197
0.17019774290233866
0.18455191116684028
0.15836353324122712
0.19481279300334914
0.1525729330633661
0.1788750565503316
0.17697839288179257
0.17435071839766006
0.1764254667562628
0.16987436083563145
0.15777617574196454
0.1596159605768927
0.16060345001779236
0.1706642378698309
0.1573991214791723
