1.3139937905986028
1.187373362790293
1.2330597770215914
1.247942239148304
1.1170900271115487
1.0497588225902197
1.215484801494976
1.2562415240487934
1.2094389635819875
1.2853479237816117
1.1763467514780404
1.0964395116068888
1.2032181132852027
1.197512290791388
1.1585538516974059
1.1015479772511787
1.269346444608838
1.0620049815445314
1.189765617083237
1.3580607450156919
1.2475823876232377
1.071724577294415
1.169782063184722
1.1953534637834455
1.1881782935158964
1.0603900620779838
1.3101420626650626
1.3226187068386048
1.1459496682803363
1.1168914826495275
1.3840224706340534
1.2989403019637524
1.1848764527619497
1.2340226062516146
1.247428643870653
1.113275672743216
1.047644095333665
1.2057105162536064
1.2489449255969145
1.2561301470043993
1.1363839802592584
1.2078296000130568
1.1993359238200805
1.1594050431057035
1.0883820083980562
1.2737776985327836
1.0631171945827904
1.1851829978707729
1.3533033269351453
1.245469066737098
1.0740664707897696
1.1002132663165405
1.1697469784109553
1.1928443403421114
1.2047973206186913
1.0416638789338264
1.241549763553266
1.3109036457363215
1.320765971293978
1.1320010745619902
1.1195081987084796
1.3856517289594747
1.2886705453519656
1.1782494917958815
1.2339794038835883
1.2473664751804536
1.1088763755254907
1.0466435531321516
1.2092197143353292
1.233585095988682
1.2196654327503298
1.266072718284339
1.1747303744518023
1.0920601599760498
1.2064068344388423
1.1985035382848936
1.1572908753518152
1.0833747576382167
1.2701045537942957
1.0632786778310577
1.1822952862298077
1.3541355441138494
1.248502671213212
1.0638405682848364
1.0939637348884497
1.1685353900225695
1.1924890718590295
1.3096623214472163
1.3211618625844992
1.1407356130715007
1.1183758985662264
1.3830345044617858
1.3170821376497848
1.2199315421484889
1.2717612292492768
1.308867509393606
1.0711661486544495
1.236334714889259
1.2630662023349508
1.2907394325049895
1.2889015433068818
1.158712941203044
1.2300495768879967
1.2420009632522553
1.2246456627137232
1.1196507405172191
1.293587013583899
1.0878932152426648
1.2422063563627617
1.374198511572771
1.2694102482666065
1.1010941632871845
1.1375122138508937
1.239136918074598
1.2242451891919308
1.075307822820101
1.2604927094824738
1.373170973400442
1.1400245976292325
1.3823441727795602
1.313323720763962
1.2126308086445272
1.2690631786237687
1.2817121528934279
1.0672795602747884
1.2304336161287608
1.2780857295457744
1.2879348016650813
1.2945903924673243
1.2012185737997045
1.1506799486448354
1.2261743334278163
1.236186662590513
1.227962160672427
1.1119832075771974
1.2756936652685633
1.0892733792870528
1.241147513579462
1.375897934137403
1.269039649711706
1.1035362224891598
1.1470371000308899
1.194956821061384
1.2343110087846303
1.2227947861241661
1.0740250866131988
1.2640901198916605
1.3233320335978798
1.3779914262954989
1.1421787943033084
1.1425965779597167
1.2271157180641619
1.2981198022867733
1.1538242493652406
1.069536134093978
1.2368002675813878
1.2977142673025388
1.314289864421645
1.2078953952734295
1.1564724388992995
1.238908599370109
1.2462071640106518
1.2200907759682322
1.132881457714844
1.2981024715943672
1.381952651044697
1.3001941797087084
1.1053735902620292
1.1478928513454967
1.2057763816949438
1.245369172635355
1.2299413288244625
1.0851337133646402
1.2679849323749948
1.1502713054577351
1.1502568775449138
1.3641161901697259
1.3497974943245794
1.2212006214122146
1.277397570761014
1.3074568893495722
1.1535320999976886
1.073229693825363
1.2309685845009668
1.2808438882176532
1.3159316655659787
1.2903192797932341
1.2151052065414456
1.2324830537984384
1.2372988141134562
1.186407683835479
1.1233106326067608
1.2748199998646226
1.094377414256297
1.2473573524786088
1.4301181621667638
1.287537456573471
1.1521828819953903
1.201250213534593
1.2399139061861046
1.227867907133257
1.0743395942714908
1.2800806305134595
1.327928124791446
1.3856782227494195
1.1487976650889968
1.1519157786383851
