0.0930232
0.0837208
0.0930232
0.0930232
0.1
0.1
0.1
0.0837208
0.09679086091051806
0.09339796577139288
0.10037476577139288
0.1003665241295052
0.1
0.10030395136778116
0.0930232
0.0930232
0.0930232
0.1
0.0930232
0.0930232
0.0930232
0.0930232
0.0930232
0.1
0.1
0.0930232
0.0930232
0.1
0.1
0.0930232
0.09389783556851312
0.0930232
0.1
0.0930232
0.0837208
0.0837208
0.0930232
0.1
0.1
0.0930232
0.0837208
0.0930232
0.0930232
0.1
0.1
0.0930232
0.0930232
0.1
0.1
0.0837208
0.0930232
0.0930232
0.0930232
0.1
0.1
0.0930232
0.0930232
0.1
0.1003674219228414
0.1
0.0930232
0.0837208
0.1
0.10199004975124379
0.0837208
0.0837208
0.0837208
0.0930232
0.1
0.1
0.0930232
0.1
0.0930232
0.0930232
0.0930232
0.10162601626016261
0.1
0.0930232
0.0930232
0.0930232
0.1
0.0930232
0.0930232
0.0930232
0.0930232
0.1
0.0930232
0.1
0.09332838819938963
0.0930232
0.0930232
0.1
0.1
0.1
0.0930232
0.0930232
0.1
0.0930232
0.0930232
0.1
0.0930232
0.08664406431181486
0.0837208
0.0930232
0.0930232
0.1
0.1
0.1
0.0930232
0.1
0.0930232
0.0930232
0.1
0.1
0.1
0.0930232
0.0930232
0.0930232
0.1
0.0930232
0.1
0.0930232
0.0933232
0.0930232
0.0930232
0.1
0.0930232
0.0930232
0.0946558530612245
0.1
0.1
0.0930232
0.09466703561643836
0.0930232
0.1
0.1
0.0837208
0.08469010533117932
0.1
0.1
0.09385422493074792
0.1
0.0930232
0.1
0.0930232
0.0930232
0.0930232
0.0930232
0.1
0.1
0.0930232
0.1
0.0930232
0.0930232
0.10292326431181487
0.0930232
0.0837208
0.0930232
0.0930232
0.1
0.1
0.0930232
0.1
0.0930232
0.0930232
0.1
0.1
0.1
0.0930232
0.0930232
0.1
0.1
0.0930232
0.1
0.0837208
0.0930232
0.0930232
0.1
0.1
0.1
0.09335746183844011
0.0837208
0.0837208
0.0930232
0.0930232
0.1
0.0837208
0.1
0.0930232
0.0930232
0.1
0.1
0.09369284285714286
0.0930232
0.1
0.0930232
0.10073891625615763
0.0837208
0.0930232
0.0930232
0.0930232
0.1
0.1
0.0930232
0.1
0.1
0.0837208
0.09501324975124378
0.0930232
0.0837208
0.1
0.1
0.0930232
0.0837208
0.0837208
0.0930232
0.0930232
0.0930232
0.1
0.1
0.1
0.0837208
0.0930232
0.0930232
0.1
0.10075235109717869
0.1
0.0930232
0.0930232
0.0930232
0.0930232
0.0930232
0.0837208
0.0930232
0.1
0.1
0.0930232
0.1
0.09377555109717868
0.0837208
0.1
0.1
0.0938682704225352
