0.39625204668769715
0.33803861576506955
0.3256155164556962
0.39294785098456625
0.70460050239847
0.4495965414901081
0.34330631714812543
0.3215522150848069
0.34359673024523163
0.4039968745762712
0.3148649942196532
0.4101584071813285
0.28474463502974223
0.34010186657599456
0.26911051748251746
0.5053056327880904
0.3042139557236711
0.4755887578947368
0.31500942352941175
0.43796850208483107
0.3235019074527252
0.3269298900924703
0.37528999784366573
0.4130536619144603
0.40131719663865545
0.3417000250229991
0.40541847102803735
0.3645591558257346
0.357659746031746
