0.7058079632405642
0.7292207571760437
0.7637907014828932
0.6849726686737118
0.716721899631503
0.7104921033483921
0.7556726890177183
0.709405033236056
0.6565062256735396
0.7107674872306466
0.7332662131177138
0.6608038962386142
0.7203369283474359
0.7844820174745463
0.7105620456641826
0.7127670358314654
0.645996702270778
0.7518016676831911
0.7148220428459612
0.7188025191934269
0.6561694982274145
0.6545969108290707
0.785031009610575
0.7928359581009337
0.660916630627401
0.6525049034067342
0.642684385435478
0.7062868974706488
0.7072454982349194
0.7521428369424947
0.7302204075440731
0.7632507573524518
0.6563553965370379
0.6426629324967681
0.7164830144101447
0.7103345796337359
0.7552848630295608
0.7096421082038363
0.657322161846795
0.7084223456486423
0.7164772557918686
0.7103831958165019
0.6594135966310377
0.7364724037343842
0.6597868895999222
0.7480717556869321
0.7103435412614474
0.7114751906828229
0.6939937594427066
0.7200389399621279
0.7163772107234875
0.7173039359705822
0.6554862465717928
0.7851119345627419
0.7923010017560098
0.6579355327831603
0.6484955845134663
0.6430779507063836
0.705553818765241
0.708203344460852
0.7534256792831764
0.7298163387307972
0.76404252874348
0.650613755067152
0.6407171701541812
0.7144978693409585
0.7096417899172179
0.7550312155191359
0.7079487830744509
0.6560311200215151
0.7058410941726794
0.7110350347480943
0.7131185609069909
0.7087697259484435
0.6589567637731677
0.7311639370084742
0.6609011729657981
0.7206571135499933
0.7844335732927408
0.7112420653287654
0.7080488265019969
0.691678465172647
0.7545906123068786
0.7150283769655077
0.7172409262430306
0.6573012777810456
0.655472948175705
0.7848110168424733
0.7918576581683594
0.6572027568669465
0.6556294086801647
0.6411948331518759
0.7042570441654386
0.7070592331088159
0.7525282507405953
0.7301529269383181
0.7628760177216916
0.6588522927258278
0.7187333617128949
0.7100854035164954
0.7046870794476038
0.6568098249358305
0.707835170631163
0.7115008136049761
0.7086741108720096
0.7278401694618415
0.6609833822883235
0.7213662120400535
0.7477378895713161
0.7120298315948522
0.7067295421318411
0.6919731630723474
0.7203929283640368
0.7165818197151311
0.7187210659722807
0.6556659676010415
0.6537508199802293
0.7926496547967701
0.6577744949101738
0.6509483004485132
0.6395618417260547
0.7063278942371204
0.7612222801857427
0.7360091891033431
0.7698283513860871
0.6519799035837626
0.6910453004715893
0.7232865337272913
0.7169459016912554
0.7577608087385974
0.7142362156203272
0.6631139685931219
0.715938642065993
0.7162958474788436
0.718080191409943
0.7155645538475279
0.665197323127364
0.7410346689212095
0.6688516804713589
0.7309847912895205
0.7875669671403517
0.7160025426122634
0.7139498271179586
0.6996732728923352
0.7247681417090066
0.7218550920738891
0.7278776517309202
0.6582762542940405
0.7957691400885163
0.7996704118189266
0.6617290206831016
0.6548190703985518
0.649960021715604
0.7109861851346612
0.7167780029960137
0.7602443253610236
0.7359322428885963
0.7710437317816046
0.6599320442146364
0.6448241001433308
0.718562681345481
0.7152719523750467
0.759311629375284
0.7208497197325803
0.6651357365564169
0.7106666043909837
0.7105246871325319
0.7531177853991764
0.7084741511595171
0.6645873864007599
0.7335005706222412
0.6691103994771483
0.7249328197386858
0.7862859427310988
0.7145312897163316
0.7163442439417731
0.7000489229818678
0.7618321305315539
0.6630723611959353
0.6645951835109137
0.7916425488871626
0.7094025990249788
0.6537806735523682
0.6489473589724213
0.7130349907562449
0.7128683932837174
0.762138908086839
0.7349941562008833
0.7728659470197792
0.6976737952381407
0.6934504656930573
0.7231223013361336
0.7201300295680175
0.7599167810684133
0.7455867133676476
0.6649411739438507
0.7146158187024907
0.7202332667003145
0.7113576548705984
0.6653313927733394
0.743382061049465
0.7387758558038862
0.7866824990299915
0.7140243487238155
0.6984483742128818
0.7612517824818472
0.7261453292651766
0.6552242297929933
0.7922216098195822
0.7978008474770759
0.661015807980456
0.6542289910306456
0.6530737829454574
0.7121506336886687
0.7160053497723726
0.7094550161064553
0.7318194346792735
0.7122136743265838
0.6955800006101543
0.7260642694097005
0.7145304882322575
0.7602804959639105
0.7158109440025731
0.7176219986100087
0.7194081724443986
0.7521830290341239
0.7093943203213111
0.7312909424974596
0.6714011909248581
0.7264176996974074
0.7863409323374149
0.7153597282826789
0.7155318621652776
0.7005467112992556
0.7236355469814828
0.7222788557840022
0.7207998783031759
0.7119570910207027
0.6626174148514856
0.7898267487987602
0.7973213125188543
0.7096860501365729
0.6625444632104305
