0.4005854409641635
0.4017004563906815
0.3991651479437919
0.4027454337013755
0.3805833942169582
0.4260672310594199
0.369770396341656
0.41220438085838734
0.40472696612870995
0.4003314257892219
0.44974156507704455
0.3841694391486203
0.396113818087125
0.4073353026159673
0.38266866433715346
0.4047121038845248
0.3950353759259259
0.3954420971476608
0.3902718462536028
0.38063772336880963
0.40742372376848857
0.42173603951030164
0.3567913276235642
0.3792624260470453
0.4020112146170939
0.3852922794308056
0.4230098740916808
0.38251868656810023
0.383100794626051
0.40069753653979306
0.4297307484639654
0.395658163036944
0.4032693048438223
0.3793023658969833
0.3878683300676971
0.3998112887814169
0.4180538023832483
0.37937990119064247
0.40208638126642715
0.38940306220220783
0.3911224524972696
0.4114270279932143
0.43585313397747205
0.3947383728313987
0.4194964640266652
0.4300536954537977
0.40798966947026155
0.4323304190436795
0.42305155241383985
0.3897497269954955
0.4300803028141288
0.3889640431875195
0.377866201782318
0.42112952504548723
0.38760376315904377
0.41821260581045117
0.394415130009247
0.42399464838867496
0.4003267392809675
0.41431261966612876
0.4059442762699182
0.41559970432736126
0.39412275335899144
0.37460092896856345
0.4083559290950222
0.37475775928461347
0.4504859362564327
0.40060191089789954
0.3771438296274746
0.37440318677368495
0.41240997200253166
0.3765632667470582
0.40427902260838233
0.4341610374843211
0.3939042373084187
0.37285161775302184
0.4195913638562295
0.3944509077956933
0.42381874889919235
0.4344864044540364
0.4075198936320372
0.4315364903072032
0.4118959779596719
0.39597247941738734
0.40051703372106007
0.37533846331320164
0.4048705776812233
0.3859157180159983
0.39810992866278583
0.41324877274367044
0.40322666356745496
0.41419636043015484
0.3806446583154576
0.39585293090814955
0.39278773783338417
0.4295392090030669
0.4101325845154584
0.42445488895492856
0.4383687218571949
0.4087143717302445
0.45025969773427066
0.41183595474586787
0.4259387162154238
0.41620584253569437
0.42389008461783795
0.3976235811380121
0.4004224159202265
0.42201311364296634
0.4154620792999528
0.3840010588367766
0.40635831659855953
0.39344915446988815
0.4035325978029468
0.3891850249885954
0.3915857181907624
0.4201483801883551
0.37205746174196036
0.3913947716848409
0.386328375144388
0.38868531913967397
0.4020632154385583
0.390128530742612
0.4393615231163942
0.4591004242250606
0.4052777349653553
0.41771374980144693
0.41718692450380634
0.4125106436129403
0.393505455950116
0.40827350888042924
0.4056835621408482
0.36706167038197035
0.40716398902625883
0.399694479357412
0.4499110753606517
0.3866309730419549
0.4004167537289405
0.42173422942607053
0.40939141067761936
0.3908100311531165
0.38635424945621066
0.43088862362200664
0.40926920482199475
0.42096114564128584
0.40482839589115893
0.3934394306051794
0.41799030019103633
0.41221960521773143
0.4043311547918079
0.4252099020324218
0.40604905366457067
0.39271680873746356
0.4024812934355904
0.38577641442713734
0.39240095942102077
0.38882685812352275
0.38249726060174105
0.3959874092951728
0.4050968952140218
0.39896503671107175
0.40664054485808543
0.3950393514722731
0.38529900922395505
0.4431150821535754
0.39487696182355453
0.416550736122403
0.37491121186921106
0.41319469692240174
0.3922270140612192
0.41015291753182576
0.4318123345615314
0.42366542078048086
0.40454539792198035
0.3839937677310585
0.38428243548708163
0.4062623675135949
0.44054528332679077
0.4043799522417184
0.38950965045411723
0.39202157083762945
0.4129980718338377
0.37708818747644746
0.3981326992326446
0.4342179564169478
0.4043448270307705
0.3937920684873715
0.3926265570200116
0.4086621105303197
0.4183653990988675
0.3921107865082003
0.4000797767547249
0.4054374722063701
0.4123579021084025
0.3911433816633329
0.37471283519530546
0.3893242421207058
0.4128434500312182
0.42219542322935033
0.3982357053266911
0.40120067720371416
0.3899226465099718
0.3883234234192292
0.3718138946344576
0.41126371499436454
0.3939646123253403
0.4003735385953523
0.4250925175550367
0.42660206410686763
0.41896072053460887
0.40011374771268626
0.40146925590321414
0.4036101276108937
0.38343129851578844
0.4078839371062617
0.37755032201460975
0.3928241199222571
0.3708899666951339
0.382481862530898
0.396502436680509
0.4094621912533808
0.3959023009800482
0.3978180477718647
0.4028745542942719
0.39984240169183993
0.4081292743820749
0.4133103778247964
0.4452852992670538
0.39513928398099285
0.3926037057789079
0.38689557329772784
0.3900800530813834
0.4799439601073844
0.4060919000694053
0.4023336587620424
0.41475223412737805
0.436159798162262
0.39713989966319163
0.37854455048034336
0.37759199681450395
0.4063229232283784
0.3987187010852899
0.4024731180510996
0.4005568325806622
