1.0147569070454185
0.9594029912070295
1.025931724853439
1.0110981249586541
0.9200076742656833
0.9112345825508767
0.8285581996344562
0.9302139242079983
0.8260556851914997
1.0046961461114967
0.8780619288748422
0.8820644527863781
0.8282621835151756
0.8126663794232459
1.038613263156144
0.9180296983145766
1.0809080629050378
0.8523880937886217
1.1153288337209235
0.9965040209546605
1.062649280204422
0.9118639068753398
0.9513572963607028
0.9656903666025486
0.9867910827140367
0.9909429959810052
0.8727579628700219
1.0439097623120388
1.0974945067153716
0.9262336487491891
0.971940929668933
1.094838012089382
1.134865334830164
1.0203966043312245
0.9672324003751545
1.044823746312277
0.9239705742137246
0.9477396061101903
0.99931183331294
0.9934455880090638
0.9527797278040501
0.8505806126557802
1.1026409219219626
0.8997557376188751
1.1443783572662363
0.9622308796205068
1.0168772291269845
1.0722136162623934
1.1102787170047794
0.9221382776339605
0.8997940505639055
0.8962943301570443
0.8478706386303141
1.0449406200051052
0.991249622307321
0.846909143085897
0.9061741047939127
0.8969137326683578
0.9754176994899535
0.9756531737632657
0.9901318584163908
1.003381437942062
0.8560637467547606
0.9260543045400591
0.9952312780818937
0.9563894260594559
0.9185288416525996
0.914584722780381
0.9626016914384983
0.9161499405193756
0.9476134875153759
0.9577492804500678
1.0457026955110273
0.9731635012078443
1.0794023042270346
1.1020457243196549
0.9302652138427763
1.0080858362349938
1.0795871276456555
1.010401287630672
1.0413305527764294
0.9614354543152377
1.0438883042302236
0.9877512660440599
0.962933384601995
1.1213934896732884
0.9371890013588339
0.9284737404125674
1.001463139597299
0.9601254129725176
0.9662219692774344
1.0319397512930677
0.9350222053581435
0.888063468251084
0.8665182098360013
0.9926558317049297
1.0773746160492188
1.0697476421702965
0.9293240994030344
0.8397491747768708
0.9850111031629377
1.0502763921618226
1.0547113459166706
0.993719233804403
0.9216180228486517
0.8933891186803591
0.8659952653303681
0.8247374324545297
0.9346668733117951
0.9439194791279331
0.8272939468467688
0.9243432608202342
0.8946019786073816
0.852217457299027
1.122600121568704
1.0957676419299565
0.8595639736417204
0.9999087704182905
1.1632291460847082
1.160197004715225
0.9393476568395218
1.1369590655789072
1.009810863703256
1.0288852264209274
0.9410468758349912
1.0059342949335093
0.9385156150438753
1.0296108878489454
1.0304718141087843
1.0508123307417185
0.8231465057472522
1.1518284744255758
0.9425927089352766
1.0493686936271
0.9693255963435224
1.2850208186023973
1.1205762474260215
0.8156280150436002
0.9324487754058792
0.927387867481976
1.0580003248658658
1.0074864236848302
0.9740503590549893
0.9605138466041478
0.9644798059058111
1.0694774418869057
0.8366574304398643
0.8714961379858706
1.0480409423428951
0.909990568073711
1.0476514137849349
0.9474908229976322
0.9183267304162807
1.0329447575752222
0.8951570111699925
0.8942977256390782
0.8962997770848982
0.984592355499382
0.9268210930050359
0.9325758868052494
0.9812644723014421
0.9108080197883195
1.0173739243452353
0.9632083878702915
1.0555360549755797
0.9017908672895705
1.0551158803975866
1.0020416451214746
0.9667537871614522
1.0363764875778136
0.9865373153716883
0.9545590202825219
1.133321522626738
1.0704769306404711
1.0155960188793225
0.9916813048112922
0.9096158591597423
0.9352094251210372
1.0364619273673357
1.1391954140148255
1.0025182419463712
0.9801650665938597
1.0016544819295272
0.9874435478173662
1.0127206135232891
0.8116976828995386
0.8842094489429309
1.0264800018883806
1.0263935857027455
1.0184678969378735
0.8303810499397555
0.865761301171216
0.9531472097125806
1.0428410638757624
0.9914600214755335
1.0869489151210345
0.8871535994356105
0.964311375894566
0.8825748354991287
0.9543031998916263
1.0018357801595583
0.8673392095951173
0.985771132030091
1.00828197300326
0.9826496623329403
0.9052851093769732
0.888781719139282
0.8716735071399522
1.016903050284113
1.100600336590705
0.9285882727866841
0.980483923354502
0.9952658329123569
0.91965718021047
1.2295204913842412
1.01607539195513
1.1524158837613176
1.0313055695314048
1.0370437644214843
1.104361743670617
0.973201798994952
0.9325355547132548
0.8975223184043772
0.9726581112466934
0.9362308949105682
1.125224696763384
0.9733148345871883
0.9753762269856556
0.9221147025619867
1.0563967885741454
0.9436915958582128
1.0095103248676
0.9399348329074244
0.7922625124790026
0.9043060367420928
0.9133989881342326
0.9885062289285345
1.0606180443332627
0.9162064717723861
0.9726205017258986
0.9992194586895182
1.0277676758597005
0.9357118754581712
0.887032801626484
0.9502358107189022
0.9647381920112279
0.8513529496757716
1.0573645402003524
0.9029071085795589
0.9712911890524352
0.8203980581021628
1.0578360540824496
1.0326935593151754
0.7500910625321856
0.960780471624149
0.8766098336116448
0.892500583282335
0.9422624278116514
0.9925450789222321
0.9567423842492034
0.9384743150563521
0.8807869735758844
0.8590111011713547
0.9938791560916782
0.8958402516161966
0.880319537805367
0.9426298631899646
0.906001865576984
0.8868633660595997
0.9844718219781401
0.8828228405159084
1.1049131184498795
0.9724655123250132
1.0194467426369411
0.9990788258278916
0.92854884810384
1.1059996594575319
0.9428608014465223
0.9347397494555567
1.080752153273374
0.8804089208449839
1.006122068421311
1.0762680025824367
1.1580442957061372
0.9585011179431838
0.9791288291928191
0.9338929934239342
0.8765499172730885
0.7646642719177517
1.0395903893794984
1.0159254746427244
1.1659197728012796
1.0369051727495202
0.8495546724878313
0.9142379503459184
0.8739646420770011
