0.7262340380912242
0.6336062611033685
0.6687645614212108
0.679508794273178
0.6036916941224447
0.546863419449696
0.6593392264792791
0.6799657094479395
0.6488541991657361
0.6820441467366605
0.6256490279612668
0.5851264346912648
0.6423335674373944
0.6400170212880281
0.638312020745088
0.57498848277341
0.7017630602487678
0.5635023527733163
0.6367218352489266
0.7427156547860038
0.6810841565416874
0.5644523888028398
0.6156588374245577
0.6350398919828669
0.631463641564051
0.5530017395804938
0.7004594703522704
0.7238484228512359
0.6274754682803444
0.6028121141458476
0.7877707828594582
0.7260053710392838
0.6304491478417277
0.669216619636138
0.6794480867538459
0.601852700060419
0.5448338604759796
0.649853855142081
0.6716859904427188
0.6682025989629863
0.5898099789716594
0.6469654060400074
0.6431025677494754
0.6393476172443442
0.5762174826756735
0.7062800373474969
0.5632261936225423
0.633166200432431
0.7398128557488479
0.6800411119096212
0.5754631024163842
0.5896409703741989
0.6148709726901026
0.6324661996109663
0.6469259333743138
0.5375890083059839
0.709647992984231
0.7015589596127423
0.7222075966915126
0.6142463120620043
0.6056075584849485
0.7885668757498506
0.717021671433474
0.6254522249751582
0.670384557509137
0.6794993297422076
0.5960090165775722
0.5431661144036362
0.6527529404579444
0.6708897594919212
0.6584121580761143
0.676573218495607
0.6232524341004665
0.579808102617567
0.6458720901650976
0.6424058995427362
0.6377393444859192
0.5721663372702286
0.7030542702576656
0.5636958821116972
0.6301079653248332
0.7400331210619185
0.6835519842494083
0.5664745978232768
0.5844309730300286
0.6186935073169273
0.6330078636826135
0.6998798226844282
0.7229839371963409
0.622980313071539
0.6038786812162152
0.7866861190606022
0.742357815424463
0.6603723535100265
0.7015537859801769
0.7204154175531325
0.5654782132228149
0.6731415173754541
0.6961187602654878
0.698011561879377
0.6842886424733846
0.6039259505410177
0.6662070760630575
0.6754815493405668
0.6630327941910139
0.6026798592776902
0.7229043075359249
0.5762562284355244
0.676887127219828
0.755787140261835
0.7000152655300943
0.5899706759029786
0.621818397655717
0.6723667137589194
0.6621205209610677
0.5658076972856403
0.7257624745499501
0.7556601162190453
0.6209280476292423
0.7860784047583664
0.7383989146415337
0.6534542674207824
0.7042283990755395
0.7092886983517899
0.5621537304473612
0.6677043781511517
0.6971616655140496
0.6950987288374328
0.6885514771376858
0.646370153328973
0.6011699740217507
0.6631459473741637
0.669838952392722
0.6653592155283756
0.5960965768846861
0.7070825361848414
0.578142063136517
0.6766572162079102
0.7580599153115916
0.6992841585054467
0.5924926051324805
0.6298921266811466
0.6363384012865192
0.6683834486645573
0.6623079665321272
0.5657171172548
0.7288202954409366
0.7116970106672195
0.7593609660320865
0.6229654630533266
0.6251771013202949
0.6665534849537306
0.7240782156821567
0.6376547142189185
0.5632717886361381
0.6724364872124067
0.7044758228447578
0.7061872925639
0.6519783387234532
0.602033535812091
0.6724587359415393
0.6788918013554903
0.6579983627180636
0.6141755541066453
0.7263915121906084
0.7632754863792166
0.7051546133447799
0.5934555563852459
0.6296385028822612
0.6452852497866081
0.6769885753941779
0.6670600861746395
0.5735419853654166
0.7276983890669716
0.6298016304576877
0.6324239270939997
0.7694821218528394
0.7487607712728657
0.6577755827167544
0.7074979926090084
0.7196200442983975
0.6348903144231223
0.5672818482877033
0.6679779983819194
0.6980565253894984
0.7062353277841753
0.6849101197811778
0.6549251979009371
0.6680325034194519
0.6711204379059463
0.659143607281834
0.6054213058727043
0.7062756643828721
0.5827930508567412
0.6814259482862732
0.7706838440178683
0.703672343905754
0.6341785647235259
0.6413874651829411
0.6730592255072277
0.6661492780355796
0.5650205422516894
0.738719162376478
0.7160026355109657
0.766310895876459
0.6295519775887635
0.6333435553050057
