0.4381835949707998
0.44045011806168083
0.4065235581577038
0.3861965313858098
0.42551531653385616
0.4925237731008053
0.39566811495697607
0.4661917962773921
0.4802213239347847
0.48309274503641386
0.49726952291097026
0.3893233537712318
0.4977659222617727
0.520470282065128
0.49800138105463637
0.5312662124792285
0.5022863833797735
0.5240587016698377
0.5306017062560452
0.47365214287585095
0.5341951147925139
0.44461132630723843
0.49840781862029493
0.5220006393908818
0.5082604856016696
0.5587524132670134
0.5400526369174616
0.5806810009710524
0.5572640486728347
0.5190938910202445
0.5846228843068395
0.5897560380004926
0.595075216573239
0.606034460504963
0.6532408460869451
0.600561638824979
0.6338643539723614
0.6132422724009952
0.641205725846367
0.5975524250360327
0.4925199654504542
