0.13055990946609888
0.13071598818998714
0.1563601968253968
0.1434425764751856
0.15737430167597766
0.14439064218512898
0.1609732201175702
0.13095333206491325
0.15045468130563797
0.14309211225296442
0.1433556168642951
0.14484400060331823
0.13596581538461536
0.14870310386378519
0.15086813333333332
0.14289871437308868
0.1480578024213075
0.13787706935638808
0.13201394853801168
0.14445848291482027
0.14164713797407583
0.14634331063829786
0.1450510131941856
0.14971092524461838
0.14238008749259037
0.14427905500370644
0.1488273026399155
0.12865930696421699
0.1326038773957571
0.1582171680117388
0.1308920026554013
0.13109162034616742
0.13640501238725194
0.1447251114186851
0.16061320754716982
0.1439990857142857
0.14086223362831857
0.15334128878281622
0.13431244147339697
0.14180237369614512
0.14530588047451104
0.14171803586744638
0.15174228675136114
0.14956550624360285
0.12818282601626013
0.14438916893203882
0.1466144460176991
0.14431567649402388
0.14176780970873784
0.14103309504373177
0.1501191439911797
0.12808396039749723
0.14736581494075218
0.1574935400516796
0.14351489950248755
0.14566877901533493
0.1478508083160083
0.14607721156333206
0.1512432826762246
0.15043580111234703
0.13089093451327433
0.16216570529627686
0.15714697406340056
0.13153864680851063
0.13362986635470284
0.1279403087811271
0.1459442955489614
0.15171754111675126
0.16326860841423949
0.14352681596806385
0.16134328358208955
0.13492827903780066
0.13337630022271713
0.1439843588799386
0.1481203806274078
0.1572851451337507
0.14645042932226832
0.1471581183856502
0.13110933425468901
0.14485041461794018
0.14644051049136786
0.1641772151898734
0.14189313606288895
0.13180874491017963
0.1469728165289256
0.14238029194097615
0.1453529818181818
0.12788078479718937
0.15482290881688018
0.14434492658227846
0.1461976374497415
0.14382373905191873
0.15971055088702146
0.13091635731874143
0.13013121672800265
0.15576923076923077
0.14839981007387507
0.14635122137877613
0.1429390553191489
0.1299593094527363
0.1333481902912621
0.14779926280991734
0.14462011281365003
0.15906380441264162
0.1489437264173703
0.16267387944358577
0.15329479999999998
0.1564516129032258
0.1456813721040189
0.14483694424951266
0.14393936769983687
0.15626398210290826
0.15320106702234076
0.12716850158730156
0.15881190843373494
0.14692851534195933
0.14562617055837562
0.14610233407682774
0.12822670264550262
0.1428098279121697
0.14496159479932164
0.1562688366485835
0.14663862513661202
0.1485235640449438
0.1524337866857552
0.14213642601626014
0.14387846017246886
0.13556248509045538
0.15970873786407766
0.15943952802359881
0.13382862268041235
0.13846635406162464
0.13360288021680214
0.1454695181008902
0.14374246881574482
0.13522971826326668
0.14044911932664292
0.14322536068133426
0.1425462566284779
0.14355923406395973
0.15659773706293706
0.14935622857142855
0.1551032806804374
0.14390638469945355
0.14587239902498475
0.16811646297627605
0.1496549771030993
0.15721262208865514
0.14767499219898247
0.14821901052631578
0.1352561811035525
0.14630967649964713
0.15646766169154228
0.14902554074074073
0.14624691326691136
0.14308838134369795
0.14203756039749724
0.14602003451071222
0.14268738511979823
0.14276283781415725
0.14454296548720738
0.13289252075471697
0.15536480686695278
0.1572798819478603
0.14417440231980114
0.14309118745905475
0.12853422013422816
0.13877418245614032
0.1349864558782849
0.15325842696629213
0.16538461538461538
0.13251632304250557
0.1310251403758911
0.13286691428571426
0.14441109974901398
0.1474795322970639
0.15684014869888474
0.14264764046692605
0.1560790273556231
0.1316064075007685
0.14121856742962377
0.1280641298572315
0.15248152960215777
0.1463459455108359
0.15675596971461853
0.1443367207683073
0.13122519421128798
0.14390638469945355
0.14789374283958204
0.15050572704333515
0.15651465798045602
0.1312365305311425
0.14639194285714285
0.13174642811344017
0.14396962963764195
0.1410557125475285
0.14794543698206553
0.14365709474407418
0.14296131036970242
0.14638654246898994
0.14474431302378254
0.130627071559633
0.15575539568345323
0.15466982852973366
0.1313958577831617
0.13483386903914588
0.12994682073669847
0.15015640531080265
0.14136494012010292
0.1469367245003701
0.15899508081517919
0.14887611736526946
0.15942760942760942
0.13696423927148546
0.13462467826086955
0.14911408802588996
0.14404438286358512
0.1526125495684628
0.1444934776859504
0.13010828164915114
0.14317116363636362
0.14568864615384614
0.14124602994652405
0.14288883726708074
0.14743213464955576
0.12912566997046274
0.14814621011840687
0.13112758494552657
0.14626979267935578
0.15620771985674492
0.14053766532951287
0.15524476978851962
0.1456450018548827
0.14538617507314217
0.15597227159616067
0.14415314509300833
0.14671488106543137
0.12953290142700327
0.12899103606557374
0.1595904095904096
0.15255047821466525
0.1312857065601825
0.15516940272441496
