0.36280576801998754
0.3229670009309542
0.3177512861509073
0.36931504890738814
0.3165988540632438
0.3176789889316366
0.30831728929737157
0.35697756731334507
0.3676454813622956
0.29976965789592247
0.37378205763688754
0.32258444797475017
0.3215968570690768
0.27713919365079365
0.3238944694636219
0.3055222517702596
0.328502536475505
0.23660111560369035
0.3617038882154882
0.33624792067510545
0.31004309985474166
0.38367412194290584
0.3759494309412861
0.37003940259740264
0.31820104367816093
0.34129481106222503
0.3399727054224464
0.3492979766233767
