0.2591684434968017
0.2370020964360587
0.25246533948256467
0.22549350024073184
0.238102135243553
0.2833333333333333
0.2788793103448276
0.21504020725041828
0.2296926454445664
0.298852825965305
0.24954702904343193
0.21006119999999998
0.3455676079207921
0.25554566900908016
0.3135617720574748
0.3460457323289391
0.2418934081654872
0.30046097111247694
0.3019568684684685
0.3893480791618161
0.29545454545454547
0.35759287761194025
0.2997126436781609
0.2283317303491495
0.23437429311506983
0.2932901295929129
0.2913689018274543
0.2545979681243926
0.2260348829711976
0.28928760739762216
0.3291000310880829
0.25088282946990115
0.2853843173092699
0.2262280329027872
0.29553686079340546
0.22112775870445342
0.2331168831168831
0.37606707317073174
0.2005437949159171
0.2966682436142485
0.24902340660501981
