1.7551630265839664
1.663071352086125
1.6657304406173816
1.7202467207067251
1.6674713797204594
1.559739240208942
1.638232804286601
1.7254872380412385
1.606718588662246
1.583346305734792
1.717237073783184
1.7863382084855182
1.5645292697514968
1.5583470642122395
1.6714488156624676
1.6716984195156934
1.681920696962298
1.4805719615458959
1.61695105925967
1.8188886647657065
1.6870116811695088
1.6717251927005286
1.710511779242433
1.578305570201533
1.5748632742929436
1.6727717442954908
1.7498780553899118
1.7011666391603895
