0.501511451547021
0.4888174775213595
0.47098313237704087
0.5394351967624338
0.5189801095235838
0.5494848542671342
0.46720771067613454
0.5205140388782068
0.5121618312998409
0.498296100605929
0.49513972274286056
0.518750955680641
0.45714615530081304
0.503046142786031
0.4508308369360706
0.5331639267294812
0.5017476255282924
0.526181822798274
0.514458825326267
0.5819209081145214
0.5334346286504705
0.5177313384087551
0.5876954687473668
0.554542371860637
0.5089096470487976
0.5485775866418019
0.521914273599833
0.5405449942766146
