0.2506394502417258
0.30657176772444894
0.21618048967907388
0.2455562704879221
0.2880648204974821
0.3900315574354869
0.30720812978712414
0.3096128950812422
0.21135798542187717
0.308143642798306
0.2709905822262674
0.24486547907587053
0.2704182885396114
0.3486481894122905
0.2606906455681116
0.3898408858235017
0.25221027068640334
0.26239582621236685
0.5263884208539238
0.2669100990732035
0.24122784813649842
0.320488866931543
0.4321952965541198
0.37842798420259266
0.2556943668028365
0.36237966400125726
0.3315054254173503
0.4798265289390422
0.3547178242854062
0.34510021241040484
0.30230516801534624
0.4014746691963342
0.30908444155666065
0.42765727143892657
0.3598630940197261
0.3057355632582188
0.4122315049323844
0.3232972705463632
0.28787057693938606
0.35195046537911356
0.2801176076046597
0.4884054821257116
0.3785235608934847
0.34166843597068
0.2401664392066099
0.264564621812446
0.30851686818481594
0.2353333174545396
0.25713816597844746
0.36420133549189615
0.3287676333940669
0.2786156121298395
0.2204237436098975
0.3432834892351786
0.27808018764596765
0.32555536601331586
0.2523776994408061
0.2697059913024849
0.27744363750502227
0.37141284039128364
0.4601568487916288
0.23969384896083512
0.2749479939620162
0.46576537945243
0.28063104933799105
0.24045275769751223
0.3269594097902878
0.4292010691851955
0.37833688738531823
0.25417693006163
0.3671121960915833
0.3546328326089083
0.4754919255410151
0.3408917741458463
0.35973113320150796
0.29229177058528333
0.3956139592009488
0.3093606989077997
0.40694177050428015
0.36087828847822856
0.3034686548886418
0.4138681301731061
0.31444664496981556
0.27682750764026554
0.38065101099775656
0.28882869135841516
0.3739079256282668
0.37816143960360543
0.3573566031292779
0.2397849101485089
0.24006947459106653
0.21780062776065381
0.2901297556793215
0.31839581060683736
0.3149123474880331
0.3018575399469922
0.21177854006005192
0.31384935692911553
0.2804511685862947
0.41726533001635674
0.25800210432850224
0.2710142503476921
0.33378854156802173
0.26659525999434897
0.3911964737113057
0.47661429802339156
0.27191745004561807
0.5430472570991185
0.26279810112149427
0.24378296703055563
0.3039300438904057
0.2557457470497079
0.37386106750775067
0.3302876284757534
0.48569857512106585
0.3656524181006896
0.30091871980366125
0.3945491665987242
0.3028432894424856
0.42381595335582073
0.352436553530347
0.29955734631486464
0.4248369509277333
0.31631307508113843
0.290159323643532
0.35480770002850626
0.2830354779664981
0.4965724559993355
0.3839623066347594
0.3389056080167012
0.2402351293171049
0.33508030232859537
0.38342037637337756
0.2763640744056759
0.3110289894531294
0.39464810849742465
0.3994808129742692
0.25154837212369996
0.3333901650458525
0.3931866817969879
0.29125434251164245
0.3117293251017082
0.32304195636515615
0.3954294662219419
0.4429674652302549
0.27554517441932197
0.3227636440452491
0.4939006750819602
0.3111952659303033
0.2753426592634699
0.33702486151695293
0.48081060959080385
0.3891321482555784
0.29333627696156384
0.39166192968139646
0.3834506127423387
0.37752477183708083
0.42790547933633283
0.3254910788747325
0.42223718832296275
0.3383154471445971
0.3923765387784007
0.331218084372365
0.4038854821153458
0.33790345755317136
0.31022936247253524
0.39367862568957657
0.3083789491606836
0.44183578078844044
0.40784888185991863
0.3633093779725991
0.30276566367756663
0.29000031728695264
0.34362625159248555
0.2951024903892712
0.30017417880873365
0.3800506962238168
0.46094958810578973
0.381642756974813
0.3391001327830182
0.27177991000517965
0.3692204613785829
0.283579293457626
0.3889284280356266
0.2980181186234153
0.3846528468018567
0.3179133127593692
0.4099221327974619
0.47647982320688675
0.362222425718802
0.509215611344373
0.30633190694143586
0.25872819560879107
0.38438207832407434
0.47347693677446046
0.2716563184058204
0.40160374946931615
0.512207847188304
0.3824600699229699
0.39692726075062346
0.3142529520958692
0.4250303857089302
0.34428084010786275
0.4252324096012948
0.392128608432509
0.33780673661481764
0.43140732668423776
0.34887705679302944
0.2902155186306047
0.39201544686144546
0.3042822889912926
0.44078169589567007
0.40308375346892233
0.38725674907164853
0.3026873666032375
0.38632597425431925
0.2824964359917034
0.3054069448125154
0.29597324564337335
0.3623796671701385
0.3632019301291251
0.2861439092705221
0.2564281546367947
0.3113915343214642
0.4030494440925201
0.2832728738539762
0.3212161998652078
0.37346554676105004
0.3215865716004786
0.3956647109087017
0.4708462631860385
0.3113246684586592
0.28831829195975145
0.40017872582175706
0.304054410575057
0.3759312797973462
0.3626240447991317
0.5003014100986621
0.3849059678140395
0.41219532704738815
0.31809807102919685
0.4383497899595417
0.3326921053048487
0.4365310035280475
0.39482174542485654
0.31397435683169755
0.4034140168865574
0.3276880047638629
0.3037848856974124
0.39784171472897994
0.30870108866140283
0.45478466856469935
0.39720023934885357
0.3616782272435035
0.32336183037537
0.2704158896625404
0.31223923679522514
0.35537516489803467
0.4563612449861373
0.37259544716374554
0.3433102446162615
0.2598946122885128
0.3707086554762199
0.2625277564484734
0.37481963274906843
0.30396315714315736
0.27774167243072373
0.39562063667430475
0.34641645947731015
0.4042607098867235
0.4558860072679576
0.4936692816076941
0.31284557965598747
0.2838433004302177
0.37428793636400676
0.47104666554272195
0.40579409885208684
0.28289902891186064
0.3822527741201904
0.405300145115612
0.5127601944201955
0.39317364242629
0.3940248122721206
0.31609073971107043
0.42847144704340506
0.3489104318067338
0.43860285353059036
0.3949001878086359
0.3549983287399628
0.44239167967585336
0.3468488114205148
0.38800239759612737
0.3100296979122547
0.4371716897647392
0.41130963722966085
0.3935810176158925
