0.4769571859206819
0.388437349963591
0.4227416612989425
0.4065525788878334
0.42707747897086196
0.4646362985082178
0.4475741447876426
0.48527800351809663
0.4034301685753565
0.4919601018697628
0.4083206598524507
0.35962738269419336
0.4070407027972289
0.383431214753445
0.42511329195352665
0.2869951710290488
0.49917269761463495
0.37105892436161647
0.4276467078930251
0.43435394209203154
0.45599781066915396
0.4089596774286139
0.42850537174893766
0.3708851776571371
0.4737264705022709
0.339000219609422
0.41048393402879196
0.44174006035952285
0.4119734721820794
0.38421478236153594
0.5228241967104229
0.47261629715236464
0.3958613340182577
0.4214761493874937
0.4038448389774027
0.4761260033569007
0.443221507645472
0.43952402395200846
0.40181786937038205
0.4678498885149845
0.37201743603595716
0.4257071117106548
0.4002924263046046
0.4275814524847092
0.28267306665054315
0.506157898445055
0.3638834686480956
0.4296817505207872
0.42544525217978557
0.4462192375192502
0.44478819112025614
0.4497641048982435
0.4083836782249235
0.37117270007820025
0.48846990315893807
0.3140062057482328
0.43159720847541627
0.41098284368249227
0.4420971276663709
0.3510584348725147
0.37633556675053903
0.5095799656824407
0.4590939545363361
0.3846125339600702
0.42803947128883074
0.4062201509507975
0.4257202601585052
0.45180928769002554
0.44144019795584816
0.4807181119151786
0.4057461930550715
0.4792249716198523
0.42255464343132365
0.35769937594818396
0.4160130874595172
0.39437157635411746
0.42414441274474307
0.28221570607125357
0.5032535353284331
0.3693311645021812
0.42298327707699923
0.4359907580075595
0.45608701640363614
0.4327170199590583
0.44574244153657894
0.4417564667994271
0.37656135476398467
0.40961296751981613
0.4424799137883296
0.40883102843060437
0.38692774672198815
0.5196846457320623
0.4881816780493481
0.41032098272380385
0.4409559911386714
0.4322558761846772
0.47688739967337646
0.4655145251986718
0.5016746199773017
0.43690981103423066
0.46194834675323004
0.3766332948752331
0.4274061281796948
0.44118670433254115
0.45300271662733493
0.3055078495347502
0.5185629730521484
0.3670100941385558
0.4493268375987557
0.442742511494378
0.45711491894600387
0.45797192025401723
0.46221150133238753
0.3978515945978108
0.47883905781319275
0.3412395370593811
0.44307622018165294
0.4532930151613638
0.35567294827545787
0.5199425815638142
0.4630988060868071
0.3960201048130971
0.46358526496321717
0.4250801688398479
0.4744829362698174
0.465724478094006
0.5060834864227504
0.42583867783035845
0.47540995212800274
0.4315988544800341
0.3758459647928036
0.4444485938510326
0.4058595342162271
0.4599891633557566
0.293139860284516
0.5089724183953549
0.3905836497882603
0.46639797390739973
0.4412286648084736
0.461225793763659
0.45125460603344025
0.5074474617976849
0.42958901147437767
0.3890317729350478
0.5000416041342023
0.36134834562661544
0.447601834923924
0.410286388034644
0.46650158464879365
0.3757026595706313
0.4211068386332621
0.4045677678309344
0.4401198098780567
0.5105913345378573
0.45365374148924675
0.449313319258122
0.493573994962466
0.44620636357952836
0.4310054497150619
0.37616620228706527
0.42735413160868396
0.4218332645232939
0.42876550055447893
0.3094032084520171
0.5060101320154763
0.44784066250682353
0.44939261524755886
0.44786459705710197
0.44364871610130474
0.4182034538545901
0.39707718299821426
0.4672933510042273
0.3429587414653628
0.43874449337923566
0.36662684524647726
0.40906484276188537
0.5037131173885832
0.48288427245503873
0.3929051330034607
0.45469283834734564
0.41868575053882945
0.47130493134866763
0.4784678640205296
0.4530920256488985
0.486437868624582
0.4328210906598144
0.474124458217761
0.42557055670179184
0.44051554339977694
0.3995625898894281
0.4544901219077422
0.29554252178748297
0.49920532464525497
0.39458122732453355
0.4609241673936739
0.4385803751147326
0.4740576239893892
0.490394897427913
0.43708527112339896
0.3945975093527471
0.4932469017358826
0.3467497281536042
0.48082156069773496
0.4268208317380789
0.46614467527335296
0.38992285303398067
0.4255754544921748
