0.5752515699687308
0.4974562514273693
0.5650568524680167
0.9734069679991858
0.6751410252944116
0.6656175576437159
0.5204865358412957
2.0556617677337314
0.5431919040610594
0.6041297408924224
0.673141462922717
0.47297322927163565
0.5309614043132922
0.5808793653061262
0.6937157195994028
0.49282780492360734
0.7503603561611013
0.7222620747944064
0.5060563388210333
0.6376091127714931
0.6187188902109814
0.6038980705271543
0.6959074036097567
0.5999947688614867
0.6651040924683567
0.6600808254806503
0.6111209582715096
0.5846009573781479
0.5600969369735187
