0.3527626560900165
0.3653487070908944
0.3616741115672444
0.36780843780383166
0.35961115109892383
0.35688964058632666
0.34743374797511567
0.3732366421864822
0.37640721367461205
0.3684563046011102
0.3646125790979803
0.3882736812338463
0.34921335755215877
0.3538288346695074
0.34388308031831794
0.3423531715338627
0.3478673813271992
0.37124278514353676
0.3516718986824183
0.341406129556256
0.3483354266161137
0.38784762126933303
0.35841617068869247
0.3581531987875072
0.3438334972023037
0.3496295187033013
0.3821602628217078
0.35285711111477314
0.3474471114041148
0.3280121530513991
0.3791197601253522
0.352152090051822
0.5325907307766502
0.3651687370423605
0.3687301539179025
0.35891536885157327
0.3575665938619039
0.37003834854863493
0.3611163685364613
0.34615954001432914
0.3780857662853888
0.3679832534074686
0.38128491197278047
0.3826615903409366
0.359625041125082
0.34324823137631655
0.36534949999186866
0.3567238016422054
0.3526047943565135
0.36254621863976244
0.3386250067368497
0.3476071862050263
0.3239246652716544
0.3690239100262618
0.38105520349414534
0.38444572953975675
0.3530401835990814
0.31433576897467863
0.33897645962426065
0.3894050404980358
0.3467703250197528
0.35320473655747975
0.33625168479887524
0.3319811138250967
0.36679168815740437
0.38864374169796856
0.3299321568022683
0.3718083295339907
0.5087719060377117
0.34665926136363445
0.3759663153282332
0.37462195582757596
0.32775146481808554
0.3544142392746441
0.36802773504790665
0.37429318942518436
0.3756879312883552
0.3415971085248092
0.3795965732610269
0.37778877774598296
0.3589449872163021
0.36972820151904756
0.39139450335985293
0.35417174405318946
0.36688525302957986
0.34567804161034266
0.3821409464427311
0.3808080221637581
0.3444682521198674
0.3516893941278267
0.3644301814465235
0.38478123760905036
0.3702983944130839
0.3305349111879858
0.32866730561883695
0.35617674926423093
0.38451077967796843
0.327402495127699
0.34247106968201213
0.49551425070220856
0.35463645137354705
0.37531364417454816
0.3854491881117824
0.3716705263158132
0.3736637578881335
0.3620451409299846
0.37539815049229924
0.3536342618969586
0.35374427046116164
0.3716144768894321
0.3691531492041631
0.37417678664439025
0.3855628790732587
0.38800671048833707
0.3598796558301517
0.3404653011552574
0.34770745799622826
0.3225985755112149
0.3768779033602344
0.3585982292480816
0.37704364627358733
0.4006022384795429
0.3700276003261559
0.3365701314607497
0.3617603947615238
0.34604242428378096
0.34483433811608166
0.36142834990480377
0.32159803066834575
0.36626877205258124
0.3996383565914662
0.39318326775510504
0.3492876473547394
0.3423392557108874
0.5129251585858595
0.3592487034651638
0.38197727650650326
0.3641242780692854
0.35388926615024885
0.4124666178384522
0.3588606039214061
0.39452095484127647
0.34323389513770763
0.3526858505214944
0.4028365477954796
0.3945333971684788
0.3587962086382587
0.34735887900977425
0.3672318127587606
0.367067204202536
0.34315675206470836
0.3628479822965788
0.3442054830396977
0.3649419186815172
0.3617823230271651
0.372010791634466
0.36278506395064347
0.3654965938700263
0.349875482718471
0.3536418853934499
0.3556252381261459
0.35274570013928397
0.36092179685094494
0.3335514804432915
0.368990737921301
0.3752255517149413
0.33700166680151034
0.34721226125819526
0.35677325644290026
0.37329980878900604
0.3792558561100058
0.32293522297813326
0.3430431848521516
0.353980327985151
0.34934610093231044
0.3951008358111562
0.3691598120471761
0.35665643752460086
0.34843596079502703
0.40841723282379483
0.36279130753855954
0.3782975646676243
0.33248081929563095
0.3606648372691111
0.32667798237142887
0.3683937475241652
0.34753766176231765
0.36223400209779233
0.35954135543015087
0.3579364772559144
0.3653919055934567
0.3828494434594226
0.3578102676255111
0.3602995638450859
0.3450805497598211
0.35576964495262337
0.361757115206263
0.33423639041194503
0.3665025628722197
0.3579012097955021
0.34664915402790847
0.3720294934699683
0.407445253589089
0.3794662793660164
0.3726569071028474
0.3412944775444554
0.35852978335480046
