0.46116166144624526
0.4518767801274235
0.45793080418683496
0.4651429952725601
0.4344750913254374
0.48274551071126726
0.4304025135815133
0.47735609302671145
0.4729947045122139
0.46284572973814586
0.5093477784348831
0.44055200696755104
0.4559570240311768
0.46113089660562956
0.4390486425731459
0.45838394530047133
0.45088639722222223
0.45793587299421845
0.44908970688040417
0.4411042102136766
0.4679029868503377
0.4754263628134156
0.41340749589520753
0.4353799750004609
0.4643942184947629
0.4435803721299335
0.49443101225483965
0.44450373099385615
0.4347020393967036
0.45799707965016356
0.5044233646039549
0.4551985869080222
0.4658700589606487
0.4345683256695093
0.44491280807864486
0.4564105280942258
0.49034017462562296
0.4353550630535693
0.45464502753994585
0.4518987109503706
0.4560161895372714
0.47231003351524514
0.5083204115371521
0.46262391691133153
0.4796135581089632
0.49226460911476233
0.4686963268654909
0.49021522929147215
0.48262497918330116
0.45027879610071986
0.4874405056350748
0.4468289977321577
0.42764835927725053
0.47824953995567965
0.44219167110060426
0.4748858423649659
0.4490645322231729
0.48422416065260654
0.45602393312761785
0.4887942820738077
0.46094732741709876
0.47217256262601126
0.4554738288112651
0.4299308010468009
0.4671011160618309
0.4269495580371325
0.5075396463201329
0.45646442142244315
0.43298602718068435
0.43703477091772613
0.48770342985366344
0.4327171282092884
0.4624571095802293
0.4891792994171431
0.45108431948846395
0.4328670945469812
0.47954518264460877
0.44975463915673364
0.4978702633979287
0.48982584099067805
0.4642690668631501
0.48961461060268896
0.4773613932129663
0.45853539644237484
0.46192504806902734
0.42838836846907036
0.4693699570025136
0.4455167959322698
0.4573695068117164
0.47664845866164773
0.46639983540319807
0.4753054569535352
0.43501167160261633
0.45456887004643487
0.45342939436069574
0.5023218539987664
0.4677212055856256
0.48619213216456403
0.5123746243070763
0.46976798616679527
0.5206339999415386
0.4711769475689882
0.4872502493894486
0.479455822627071
0.4869204562680741
0.46035984911767225
0.46292984654435565
0.4932521972152107
0.4829304247221602
0.4487469784990673
0.45377798122695323
0.4516627022930675
0.45870580649328774
0.4461549884632853
0.4466749159589125
0.4865059927424257
0.42225731560759294
0.45226546775256465
0.44407328775749855
0.4460598936031279
0.46444072692896876
0.45087631563500075
0.5110422614187774
0.5200413891465796
0.46512771268425346
0.4768772741534293
0.4747993312753306
0.47453963747483774
0.454773561371586
0.46651101015608687
0.46149368094214305
0.42898105001008524
0.4669298010794371
0.45970862721080996
0.5014575209907683
0.44409785782715605
0.45945746592275205
0.4825748610882583
0.4679661883521552
0.45309649002864394
0.4437128281053234
0.49043699994913903
0.4724840536600168
0.4870407264741378
0.465172503707983
0.4468527947247055
0.47832430130894976
0.46997300644251405
0.47070669222460093
0.48131485304863275
0.4600888089232519
0.448929066073423
0.47077226135252914
0.44416092575897415
0.4518770048330902
0.45052412520060703
0.4406499802058501
0.4506821448705942
0.4633246906471197
0.46413889965016786
0.46177063323804846
0.45897233490071726
0.4437127068524214
0.4975214371838515
0.4490358728428587
0.47502295457730526
0.436540934618903
0.48452808297758754
0.4509218951675138
0.4754878094528189
0.5020483211194056
0.496510646054955
0.4654274897401134
0.44361217515679713
0.44354271148304963
0.46465340039025826
0.4963932764122195
0.4570223882147316
0.4551157356688833
0.4525544150799736
0.4683527105084715
0.4389992989137862
0.4616542333832375
0.49725028005611704
0.46579762030760247
0.45821301967457884
0.44885381876777664
0.4658455147887681
0.4785655405087663
0.45620741687570243
0.45884634956299714
0.46757649816462765
0.472633330957397
0.4501316091564659
0.42275453850724387
0.44800539760068525
0.47854946847504
0.4820130005156672
0.46030670913337185
0.4759047195829072
0.44534602836751225
0.45222394109899305
0.431511198824322
0.47225799852704975
0.4573331969887914
0.45689514952198773
0.4994133049949754
0.48823468807685944
0.47975687027559755
0.4597887827902398
0.4697990158397372
0.4625984493348926
0.4421755211894477
0.46607416845155936
0.42742433562562154
0.4543544231266288
0.4357267768757741
0.44199398936349177
0.45424665502076345
0.47428171370933947
0.4561815328443941
0.46450782032089855
0.46690079941293805
0.46175231903987557
0.46752178042557135
0.47724248981411765
0.5172497449716751
0.45240753493594055
0.45577383956723827
0.4476597852503802
0.4466287356308954
0.545058699390611
0.4782581845467037
0.4652099584480395
0.4791176781996648
0.5086030097990475
0.460349489134427
0.43868068286337214
0.43653140901485943
0.4707496658820286
0.4511681190766152
0.4621784160381471
0.4632844215241777
