0.5743862529151451
0.5250965603262395
0.6168323842690494
0.5525216187948568
0.5808967193456978
0.6731407692966637
0.6337379499512524
0.583951147835349
0.6205215592116906
0.696526925961347
0.6151361002143484
0.539377297729123
0.785559210425667
0.6736664490461419
0.7671317956182044
0.7351101833167872
0.6120407794909118
0.7348521309533141
0.6733242173183516
0.852636436857297
0.6679357197562275
0.7617711582689688
0.7084327364636739
0.5746679040002889
0.5615280484164831
0.6478548965447554
0.7221929793810229
0.5983982535219211
0.5770509096593757
0.6333703384534134
0.724623102317542
0.572768567676647
0.6081716797528182
0.5456404182154239
0.683146748405544
0.5009866798591472
0.5411002301972405
0.8034412610036539
0.46613832078370027
0.6655062298178597
0.6458690829229439
