1.6884762732473517
1.6683322146941808
1.5317546495208962
1.398291046418747
1.6599082669491627
1.7044678767757355
1.41646632235665
1.7141552247489502
1.6875963383477628
1.7138505502672705
1.6732131736638185
1.6632845075977811
1.6763843626270085
1.5997793946016239
1.6719391711920113
1.7215185063408809
1.6787876299804014
1.6818928712906585
1.5073570840870298
1.7178512300644158
1.4152117487982494
1.7232160304922994
1.4927557214664486
1.7433004283400386
1.8320561202351997
1.7197593280025145
1.7384886975749212
1.7579668408692868
1.7514035856137378
1.7024572341593311
1.7472891218714004
1.7730466232291402
1.746566881194856
2.2486025885019565
1.9739080852770212
1.7489009855353839
1.9175323378915807
1.9564001572194705
1.7450649757384784
1.9036513630697063
1.746076691497979
1.5469805553761362
1.769458764567718
1.5943224857344633
1.9264439094347436
1.692443955440911
1.669674379308782
1.5388676266505512
1.5393918575382903
1.7341274301966725
1.5600238253278988
1.7039667910921832
1.6905432403591518
1.6970608056308512
1.6832236121622464
1.4238947235159936
1.6680688983237841
1.6765009962376884
1.6775922332820132
1.715085377241252
1.4939407239983522
1.6750017330093896
1.6881679131964769
1.48676155890486
1.722843457189914
1.4147588130118023
1.7267488881048274
1.4900387490545521
1.7432896031556282
1.8316312716952363
1.7215241633502145
1.74719459855115
1.7903088810936625
1.7479447732916924
1.708190590102438
1.7442988042164544
1.7699555342121742
1.7455661174813708
2.2376881074253516
1.9763736795485447
1.747862935886944
1.9184980441299961
2.0374363279912346
1.7411311411638506
1.917220611941504
1.747934292403051
1.5086039461845238
1.7703121496328202
1.703136025050502
1.9263889220334836
1.6496701991821332
1.5324680431689004
1.6606610409953544
1.6800641411680648
1.555373222939242
1.6775100301617734
1.6876521980633283
1.6820465399451876
1.6762951184889376
1.4541906355084007
1.668600619500838
1.6770167727829528
1.5946845061544042
1.6733139767788217
1.721540234244317
1.4997400049150822
1.6863995552636502
1.5112340557928574
1.7158153316547533
1.4159024170122576
1.7179181081629769
1.8321588807289424
1.7233551696863234
1.7385776433786524
1.9131779064156578
1.709158717479918
1.7471862714626059
1.7692042506577657
1.7435985848953974
2.243031332579975
1.9723832422385597
1.763674759296396
1.922156974638881
1.9520405104510856
1.7455345936074103
1.9048991090809537
1.7454819208497694
1.5482583411066524
1.7705266576307026
1.5923650589219975
1.9265812896557335
1.7191946886222054
1.7308598621164313
1.6564304091387094
1.6648140155423954
1.743822911252704
1.690256268805681
1.7067802294310217
1.7282688812923246
1.4493455620401468
1.6830379722498199
1.6945197434510049
1.6983505281740312
1.7295844226399624
1.5929971585596832
1.7253707674367418
1.7113167617747087
1.4999461097776168
1.736612560806595
1.431640756208099
1.7318871607660662
1.616253543107988
1.7513684392247246
1.8676021393305604
1.7671290979170098
1.7647952897233785
1.7664632268568017
1.7684771314178929
1.7608835048759017
1.7852927270703738
1.7655533760096245
2.078935753585857
1.8830686442082503
1.9019083070878344
2.0540916611828015
1.7574757729312331
1.925107802091281
1.7591950276555792
1.7751712753719582
1.7864073061795276
1.7082369513217828
1.9494283087504822
1.703583734573905
1.6835845495170174
1.66274421045044
1.5229417453454939
1.7297322865652807
1.765911598641486
1.685306239338227
1.7267397453083413
1.7118477811214703
1.7384026992277537
1.7150718222853463
1.4486281966117938
1.6847625711538872
1.7541145402514176
1.7291456371810532
1.7331810318153151
1.6053295757745536
1.723064808974759
1.50622259077563
1.734444029267487
1.5295205196215498
1.745993089981482
1.6136356244923171
1.8602714429536753
1.7714653863677752
1.9289132856809559
1.768113062981695
1.7583909990993993
1.7560964043696392
1.784888169854003
1.7637480372330205
2.2539260668385763
1.9933880187494917
1.7813880084550109
1.9285370479873096
2.0568384015596997
1.7522429005719546
2.010583827882788
1.7601406148296885
1.638469105895936
1.782952348501493
1.7158447674931423
1.9485816472251667
1.730161930342112
1.6591438153796334
1.6653593441704853
1.7036720405253252
1.7325285607139032
1.6792641462868532
1.7096747039440943
1.8298100433464897
1.7220762068997482
1.4534751932823526
1.6804856475410075
1.6968777341316972
1.7176485461621647
1.698810676307276
1.7311469050066444
1.6032103395916932
1.7104834698851046
1.5397610041143657
1.7549525793884964
1.8711427747495681
1.7622753202811197
1.7602814604960961
1.9446781413231295
1.770115917694356
1.7619022692271848
1.759613612176671
1.7924108061307933
1.7649661833551884
2.261158921226136
2.0816011945769137
1.8944686983962196
1.9029327951766237
2.0531477425514137
1.7561897808436435
2.013535078013372
1.7616539843323045
1.7820267454928476
1.784620479053052
1.7068840513330819
1.9550066045231786
1.6971915455935949
1.528454084640174
1.722580712404765
1.763114707785127
1.5464603461793427
1.727925999142433
1.7766864622874634
1.7388058810754625
1.7084128130370682
1.4452863509510188
1.6880960406458574
1.6814734438713483
1.7238045517736797
1.7389344013075614
1.7329541812565683
1.5995178897003055
1.5037300775011027
1.7376272998525153
1.538143343451302
1.7423664307112068
1.6149917765279804
1.7551139752189666
1.9170006053647048
1.7653447043644612
1.7723761840946641
1.947761025113929
1.773923265736518
1.7575870985516526
1.7581641650707325
1.7870300427783585
1.7662834382093107
2.364614475239597
2.0816155833095795
1.7877110721735767
1.933375082350436
2.0580924072665847
2.0095576176575474
1.764545124579874
1.7763623819047751
1.7863545457451742
1.7180905170385603
