1.6321593053343502
1.6385823856461266
1.6403074097430783
1.5212940201435632
1.5184637677623154
1.6717051826036635
1.6714681615101232
1.6357441863627935
1.6347735497303189
1.6315131667878087
1.6333062815465955
1.633516012322956
1.6365798533032088
1.643215907442962
1.5205166060913022
1.6726502836553123
1.6895325691490317
1.6765073898922016
1.5202827438524567
1.6359821826977599
1.6352207413078677
1.6372701995719001
1.5240321504867442
1.5269826193715608
1.6934023653091113
1.5178850361272365
1.5276686925373983
1.5193077431970954
1.6365883899060438
1.6338041931113032
1.6381825745377163
1.642087496756588
1.6401465861075901
1.5255539456091773
1.522068396841728
1.6408360219254332
1.6718580271433
1.6724091371180192
1.6369210310040407
1.6333467452420465
1.6315337792185458
1.635865074446215
1.6321827575714085
1.6357187803223436
1.6232587356233183
1.6446047592384303
1.519902549233675
1.6730706962312238
1.6892389442249347
1.6747913578572575
1.6260971439266776
1.5153533837457538
1.6338992738271192
1.6358174949146722
1.6349543858037145
1.5233149857315165
1.6328816647956166
1.6890421750287252
1.6912182623543952
1.623409444167705
1.5305595231320035
1.6351468558238549
1.633156782667114
1.6378824949268838
1.6411342335212642
1.6401232535552706
1.5235210696974657
1.5191113623270882
1.6743991947261059
1.6697283183122416
1.6700415367776629
1.635848641010333
1.6370213693601388
1.631091352842787
1.6311739992706722
1.6335857697503064
1.6344856987026368
1.623082124943958
1.6780597287013983
1.5203140998158833
1.6757181856689414
1.524555872360451
1.621295363542434
1.6331105774376171
1.6348657158535693
1.6350763020090324
1.5206136047359164
1.5268869438678845
1.6887665849400253
1.693279577533207
1.6236625801850846
1.5251514365630319
1.5206154714490951
1.6364514592279864
1.6388306136966984
1.6413174908603565
1.5252137758654627
1.5176759885938766
1.6733126554195494
1.6727118828885823
1.670846501415248
1.63676781198588
1.6342269092030808
1.6306295409117402
1.633277833545334
1.6334754308061765
1.6231942710706877
1.5195754298703112
1.6380931933995335
1.689742169793695
1.6750796446334513
1.5234264817270462
1.5167144616319153
1.6346043000564079
1.635854770865418
1.6346360392096586
1.5235600482676566
1.6301274205280576
1.68858387333752
1.691740481840382
1.6235320544226044
1.5294223703297023
1.5190842847115846
1.635477564840261
1.6347273671590952
1.644017416277961
1.6434196887068944
1.5285074198343036
1.622855755761043
1.6774857367816027
1.6761164439285268
1.676444777730111
1.6380243596765123
1.6368240895442443
1.6365130728081143
1.6359914426277204
1.636087748919824
1.6354702318233192
1.6252344977738378
1.6485587740052268
1.524800756152433
1.680581454768649
1.6913068176965
1.6749250774322426
1.6233398926698281
1.6409721082224096
1.6368114702433862
1.6391558269105466
1.5278475620816696
1.630859654076912
1.6940184642277012
1.6960634283248675
1.62568644137672
1.526674531918604
1.4908351538500384
1.638309721982802
1.6358483258830772
1.6422995076019349
1.6457822655486076
1.6434783686993617
1.5221378078192123
1.6240059474404192
1.6735729501319714
1.6753203233296838
1.6786590569892423
1.6358891723575395
1.6366752041563863
1.6344638480923463
1.6380573036030381
1.6254308434463969
1.6308611202710253
1.6382030223658273
1.693152425896272
1.6808848456914267
1.6266900891760592
1.6244466619139952
1.6414410977717864
1.6392925893122556
1.6368251882558555
1.635423582998254
1.692235172223441
1.6975726536169795
1.6267971552017362
1.6300882702215282
1.6407649454217488
1.6367881631222236
1.6422280526038506
1.6433908330622797
1.5233984518924946
1.5235347713688905
1.6425369617233259
1.6419971784483072
1.6386212911988987
1.6378728830145286
1.6452034485177693
1.6345074729825466
1.6373039632428124
1.634642158076151
1.6266096147638258
1.6497048973230641
1.5258249868907254
1.6789849102089283
1.6924340764480197
1.677505062144638
1.6283680090116033
1.6245010525634662
1.6376606594840446
1.637274052267998
1.6394189193833435
1.525070919694348
1.6273427124858548
1.692811369309787
1.6943775430659629
1.6239858335051518
1.6347182453909335
1.6390087859316642
1.6360157496663472
1.6441785385559595
1.6432416247753432
1.5240925275553243
1.5205747158933307
1.638183538302316
1.6812456441977184
1.6370410210714161
1.649068740722167
1.6354733721939188
1.6337312702645927
1.6371720784732329
1.6316379397638086
1.624959272527131
1.6450316013689907
1.528977884202777
1.63697677398238
1.682479433246551
1.6255524717911338
1.6210708820528883
1.640882140073519
1.5292462459439335
1.6904044095455866
1.6941602972262797
1.625805721724598
1.5365218921291066
1.530218549106187
