0.2616357371957011
0.2791359597312158
0.2835088336807661
0.28498394958545215
0.2420018073010732
0.2564614767585925
0.2680564118464737
0.27705350162887965
0.26261948096974486
0.2642839017874612
0.26211205589076814
0.2737140259873013
0.259685134281751
0.26246179307714884
0.269356628805586
0.29306306357586553
0.2755219747244963
0.26075620719633
0.254755335270587
0.2779588029724713
0.2761684121945681
0.27773532268296786
0.25772416489180217
0.25976115712297115
0.2960502054464441
0.2986768337437907
0.2581415596628505
0.24548082376515995
0.24008853158162574
0.2624448280384232
0.26233369040864857
0.28471738647520334
0.24716594066911163
0.258977798941344
0.2668732537521953
0.2772572292430478
0.2768214233511631
0.2628840909404567
0.2659584005830095
0.2754280913176058
0.2667452868185688
0.24557324197011401
0.2766077109410446
0.26090423215610226
0.2712591078033968
0.2931027481430091
0.2756714782913608
0.2627345424233012
0.27805768249987467
0.2763835429874548
0.2664965868202067
0.2600882094853275
0.24565061398542276
0.29542007653548397
0.2984916315945335
0.2573569697426932
0.2443213486317603
0.23799735113898457
0.26273215888662854
0.26273270857250874
0.27900953768408465
0.282990554518992
0.28488271756345396
0.24448248006232964
0.2532106860404165
0.26857978825420714
0.2759481688083789
0.2786978758747793
0.27549381969860615
0.2626110472804068
0.26365084304512126
0.2630309716322911
0.2660826049700159
0.24491868773629147
0.2750228038483796
0.2927788530888633
0.27547243476514804
0.2620805663348986
0.278559257127864
0.26832980891447356
0.24638009112628623
0.2957870459518496
0.2984267323246682
0.25821123025625775
0.2563557513055099
0.2391965076496619
0.263404735920777
0.2627735039421169
0.2792781921592603
0.2829497926691149
0.2846888061292764
0.24370317712422618
0.2535753837729205
0.26897091749467916
0.27573021392809005
0.2790904919345817
0.27671932769807117
0.2628809872790278
0.2649488367625546
0.2624123060390705
0.2745103186044376
0.2671008460313731
0.2751639942965161
0.2608001662089282
0.26940266282512326
0.2931202245360678
0.27547097835818046
0.26123519620454716
0.2544658093976394
0.2770173105191534
0.27710420772774036
0.2610021136889421
0.2605398346292122
0.29850284827106865
0.2588447845112286
0.24607229137248793
0.23856402817963318
0.2638558185282179
0.27582985900389595
0.28658477454104514
0.24757765876674037
0.2548914286410163
0.27109383024215683
0.2817153118996306
0.2770870826859886
0.26451891821551654
0.2673374502323603
0.27814249958590165
0.248232885181624
0.27796989319866156
0.2656668998315844
0.27506223611423763
0.29594271875422445
0.281582082029042
0.26193119038863727
0.2570303774458273
0.2816687964318444
0.2800256089816561
0.2820265938951676
0.2632010733338068
0.24695558493950584
0.2989341850859332
0.30154431278882526
0.24589164872528307
0.2470385650557261
0.24328497206612676
0.27711275502951405
0.28191871607612795
0.2746098028492208
0.2876351881824658
0.2599690505500012
0.2555935072057388
0.26908395041877037
0.28246445578612095
0.28101688101391636
0.26695800302801154
0.26544260627677274
0.26574094455450975
0.2780345065296349
0.2670308432752371
0.26173398854982244
0.27737594841565194
0.266601280052785
0.28298496481640234
0.29530744496300787
0.26742684006625517
0.26495168012736625
0.25872416548698773
0.2833174653014631
0.2789705804777894
0.27955230483384036
0.2647671718440255
0.26419787704921976
0.2978086558743649
0.3008927894982705
0.26259026785713946
0.24541149443059732
0.24162053444022435
0.26471871247610834
0.2670210124541719
0.28400663415760885
0.28604059178470487
0.28895625907456757
0.2564579590065881
0.2537198935540003
0.2702038751610384
0.27784076173719596
0.2813760539919737
0.27678531474641616
0.2666271320010184
0.26620943024859817
0.2675974264297708
0.2783377509907039
0.2653517702349677
0.2631304841206032
0.28018197854267746
0.2674356889108395
0.27574455798269115
0.2952297588206201
0.2695790713745845
0.26276201570250407
0.2583378752736135
0.28277662707505985
0.28103423245876546
0.27133315162024285
0.26493810144282487
0.29888862845315056
0.3001070782383968
0.2427163516067086
0.24385377290608684
0.27515921269044075
0.2761208001651127
0.28284714398904787
0.27397888928820846
0.28864094879943647
0.26117618801197506
0.255380509217451
0.2679704221119872
0.26743458932936015
0.2826184265098653
0.2808977528179251
0.2697951946886899
0.26572655964490105
0.26642819518896615
0.27655243489568854
0.262863720110817
0.24786776410529723
0.27548234161477025
0.26549479036460766
0.28036510539716086
0.2951393920969333
0.26781856986773195
0.26275963649175726
0.25773581738834095
0.28308115420164304
0.2789593113132953
0.28210582910402465
0.26241765193627803
0.2641783511533755
0.29765400549832405
0.299931605863605
0.2629191783307139
0.24860262455277135
