1.416262053963968
1.269591521674478
1.4045107612274965
1.409034063144749
1.4987279368125441
1.4917894817738635
1.5154145570513344
1.3160533436852129
1.4052772924847332
1.4214825903799577
1.4810500372584197
1.491267015195053
1.4900000983321766
1.5124877713804066
1.3954299105003412
1.4016733938760328
1.3964945885964912
1.4936748780052762
1.4080263187682613
1.398222540151258
1.409761229440531
1.398230323310342
1.3871208152447514
1.5184732172552318
1.481488691545345
1.3899160817153475
1.4078624201165624
1.4840503192818204
1.4990579301499483
1.378868344450897
1.406445208874247
1.4629766237344244
1.4837176084198556
1.4098218775208258
1.2849924139007
1.2911382466197632
1.4019228256421064
1.5377371023256965
1.4916885335714967
1.3840450318742084
1.275652053560344
1.404864240090751
1.427896123641404
1.5459610279726586
1.5137601892262476
1.4142246390353443
1.4277570620264444
1.5004739469237725
1.5017345448678494
1.298364455656599
1.4022244077123032
1.406079741396125
1.3712430020583983
1.4988893645777583
1.4869657538461474
1.407239461882948
1.3859505480250198
1.4922757384862932
1.5422236426844529
1.4890138746581063
1.4051048663727608
1.2886808133180212
1.4792493015744381
1.4905333783734604
1.2606608199621296
1.2992966961248418
1.2834379273372276
1.4106947674984864
1.540233339549022
1.4703407438924623
1.4078989408887588
1.4901254451731063
1.4119314169794914
1.4012489385077673
1.4067517356344383
1.5004180082298535
1.4766522597045462
1.4565171032212247
1.4096458063505009
1.4023935480514893
1.4974563844988935
1.4266823757913019
1.4151889226078664
1.4064229242917918
1.3844613833606692
1.512426358873677
1.3960603896404749
1.495280714628694
1.4163194016177951
1.4178198832750943
1.4160112281488197
1.487358509094713
1.5458672540045062
1.50366459246694
1.4635199511137127
1.4577759473415073
1.4963539429619948
1.4194312920662735
1.39453546512296
1.511588162970944
1.42388195411608
1.3011794249550213
1.3025741621473432
1.4115590151505835
1.4530798800918092
1.518899389095128
1.517917057916613
1.5005649823300253
1.3754213254517045
1.4885902512914275
1.3940090537430132
1.3904108659501826
1.4787479068266163
1.5216021131747537
1.457931321420757
1.3902205394405918
1.400057920131009
1.4146686857199193
1.5007458252419488
1.4569598131592887
1.5213143766411015
1.4027726240822374
1.4078932192368252
1.407078398757903
1.4223858083863066
1.4980981854944282
1.4175420484326557
1.4379581353983146
1.4011464282608634
1.5018464600461452
1.4972923623322134
1.3962037844431943
1.449317235263599
1.4021686288979236
1.4882238009849784
1.4996000751650398
1.290513258686398
1.2982625144011355
1.4840805526315726
1.5144904381119937
1.435912978424318
1.4942975971504726
1.3828051724315948
1.4956899330612903
1.4022745881106342
1.4297811017502324
1.4016984967053907
1.3896294927849628
1.4776276702617899
1.5143546800890213
1.4353548877905462
1.488921553631388
1.4128899542102489
1.4550752469342378
1.4937123493871773
1.4290379827870408
1.2781509016426802
1.3915948578807094
1.4071568160351673
1.4872844388704802
1.5032619436051862
1.3843773951340181
1.5108667544628034
1.406793454540696
1.4017650101761339
1.488343742992938
1.4980958491887058
1.4964580610699332
1.4479793145962585
1.4499791511912112
1.5348248050735602
1.509313950962219
1.4065287507419264
1.48960578342757
1.2867810832857178
1.4057786585038556
1.3860962442066276
1.5113003108049967
1.4887573078275005
1.4887422106212678
1.4120557643728882
1.2971134883638002
1.2918270296349572
1.4149668244684663
1.4272250401676672
1.4793826202402127
1.2869882278369864
1.5012963635367105
1.421588334808735
1.4104318259384023
1.5032659804657862
1.5050865796392254
1.4073263829356693
1.371510296030002
1.4706215230878414
1.4175811522072093
1.4901229299771224
1.2767042852108241
1.4270881031564877
1.4113788640610094
1.4524753366404415
1.4829332955924794
1.4772828459461538
1.4151913803413962
1.481207054523341
1.5073512648341159
1.2832613582595067
1.4584888535956315
1.4154849733810615
1.296554957375785
1.5394364907563107
1.5021861550289712
1.4342673184308625
1.286672695924964
1.2918337210756432
1.4030661072005568
1.370263924300687
1.4029063309836425
1.506229105650327
1.5021028629382782
1.4865526397480444
1.2908384059507334
1.3932394404465733
1.414885000499422
1.4890313683974246
1.5141234445842722
1.5033018812380499
1.4062924816210212
1.4258272904344549
1.4648084591251924
1.3990352200674452
1.4140660190722203
1.283383320985859
1.4550863150902154
1.5338875975011965
1.5146442529009851
1.4618738618667864
1.4954646900160162
1.4001340483705667
1.3048525470694756
1.4714579177182283
1.4989513010194024
1.4053757701422425
