1.6865951373958685
1.807998596284254
1.7702339414311914
1.7918867558244018
1.7583848957639596
1.7939825072540754
1.6840950207962955
1.8233485823805866
1.889549684184841
1.8013645781956669
1.8393124674422576
1.947323850592676
1.7374530375705568
1.7647703932385705
1.7385466101216223
1.7571148081673245
1.682658107196798
1.7980490564291087
1.7452861798820598
1.637572867122489
1.747461736508093
1.9390821666812226
1.7772816412473373
1.7003058011004413
1.6615436252622446
1.732351692609548
1.8568285273822056
1.709734557969331
1.6874313533329262
1.617742312640466
1.8816546259943605
1.7023012851705968
1.8925769346811396
1.7813145538376838
1.7918101891948157
1.7675190206004538
1.8136326618805572
1.8137215202856314
1.6635808200977957
1.8047268701479067
1.863607495633603
1.855829932920527
1.9195862484654178
1.7783862619207689
1.7681978951563524
1.7220045614372563
1.7651528683186837
1.776719845802753
1.7542624681282295
1.6802984430686727
1.7574119623549078
1.6229126229299808
1.7404893526578358
1.9382185654337696
1.7801273866016734
1.7278685347679976
1.6881904051913457
1.6043062540527486
1.7734958557802907
1.863825614038151
1.7465254180111558
1.6499603566124468
1.6554727413981798
1.8674392849495443
1.8742409019759423
1.677230039437977
1.6204465833722548
1.7906774256517135
1.7800602285947609
1.7801132954545391
1.6991281839171632
1.723199529753521
1.7301940199818537
1.8945918907235526
1.9207031117740279
1.780207664636067
1.765879896586712
1.7338261519849212
1.862838565789326
1.8326338817562957
1.7803994058637256
1.6864383720309513
1.8655373226829988
1.6593078999881858
1.9380758810259175
1.882440774745484
1.6678014405233892
1.697242810153486
1.7973785981104462
1.807571001277274
1.7904311305841003
1.7451735529799624
1.7162246980776166
1.719300081855386
1.7804744757720425
1.6382244975474363
1.7209101577585937
1.7656192918994469
1.8649959615399947
1.7585081209799172
1.7439841616143381
1.8481183211133887
1.7285993022188437
1.9337378269933045
1.693574130826799
1.8446612920692327
1.8282691040874808
1.9453527838076985
1.8872004787014043
1.7916815520470577
1.7584275823735458
1.7545656819770274
1.7481261742509142
1.8544352360784417
1.6654486555285135
1.7795652616035766
1.6373823717245168
1.752696344388921
2.054797438348976
1.8706871026794305
1.7103098448407277
1.7715918853621562
1.799628714741248
1.660258236088985
1.7922109565903086
1.6262688187023797
1.6856724280333755
1.8884728657651715
1.8605031915997996
1.7207361911908026
1.7131575356504596
1.8308354540640601
1.8023954372928515
1.7778676667100528
1.6826878800070275
1.888616031970448
1.8160466209655337
1.8526086886578605
1.703563840184783
1.7610448183415741
1.829829400514936
1.849578896478554
1.7714545002242836
1.8243002490372777
1.8117992433518788
1.7445210121887844
1.7766675117059894
1.6631037259713766
1.7856489326038338
1.833754190580374
1.868854910391133
1.7690426004368307
1.7867019342370327
1.783736316889513
1.6470647558166387
1.795716916535518
1.6830676279945358
1.7926593815172207
1.6338495374638546
1.8142359469965048
1.8723133637496405
1.8104590345551888
1.6421335595431727
1.6564543184719853
1.8165442202062425
1.7751572651215453
1.594119658569137
1.8006916838687808
1.7019043910415517
1.7197786950409504
1.9692311032936876
1.809466598156964
1.6082523510563314
1.694945513322372
1.851242906095382
1.8156631715793559
1.6353158854280299
1.8142661574882286
1.788781909943672
1.8247115070030107
1.6551528378807512
1.705286809129189
1.732799147652103
1.7924971714067588
1.7049375811504641
1.8705849987500185
1.7759679452708892
1.8467793368319143
1.6727134238109942
1.7735450373702002
1.7955515347056366
1.700087127053037
1.6625046078583183
1.7975365950854922
1.6503766118422694
1.768570763549243
1.9037978750028406
1.7448077461623923
1.8947546005068043
1.6370921593734369
1.6950404684035756
1.8071417674870724
1.872890061381142
1.96132129569429
1.8765287270348934
1.6611660226484335
1.8507366025855598
