1.491470227767457
1.4645417450052167
1.3678366015975778
1.521248532971862
1.454748789118046
1.5808543590622182
1.536111806831555
1.3894889344255668
1.6045666160875964
1.5848767891758455
1.5626408327931254
1.338770396972164
1.6492583333728366
1.438224777962299
1.6806986597236917
1.3617746461800728
1.599330275031613
1.6331628084909176
1.5759304699379824
1.6346561106098845
1.5527021717961822
1.5964967085377295
1.5992465221814502
1.57323271055604
1.5451384182706054
1.5571381686054095
1.7693085609766521
1.4492164604782078
1.7312543843462382
1.544829838325379
1.7065192486859109
1.5312358386632021
1.2986807843792019
1.5382108667073542
1.4905713914855991
1.2682164287460695
1.4926790948084419
1.5923043032894248
1.3674646866087454
1.574761580098878
1.6319571823384738
