0.14816540289532576
0.1528519213199656
0.14991525288033325
0.15686626554233635
0.17682544518167054
0.16895830097538286
0.15135814166447828
0.15437772673546424
0.16474377798040157
0.1516278558041298
0.15556285032557543
0.1544381355310146
0.17081745854174948
0.16275079116389207
0.13950488927714308
0.16139705288608158
0.16528067705699273
0.17294135422452017
0.1438026683807587
0.15938523526983453
0.1492002380459849
0.16843437867637773
0.16422791706499368
0.15726972329765782
0.17586674330629043
0.13204073200896843
0.17181436342347448
0.14836828330096155
0.1681673372744647
0.15550194720342328
0.15202478473424136
0.1552631724322635
0.15037944934143732
0.17379277875333193
0.1893207178690155
0.1787623520755014
0.16895372257477215
0.15690905898127996
0.1599496423089954
0.15775150714680827
0.15172864192890884
0.16483059168759423
0.1491211273527206
0.16707396189896
0.1290309665125538
0.16865473321031996
0.13757444073457928
0.16255945608785471
0.1649545159594102
0.1671679369218455
0.15098402175473177
0.14147135233214145
0.15191397970947204
0.15042458274209886
0.16029162920547382
0.159943729917563
0.16044190575947181
0.1672604280616543
0.16846192192886325
0.1366503016708574
0.184627865544455
0.1626277718543891
0.15024027631851855
0.15070826359452635
0.15110101092990216
0.15013962016738186
0.16526098178537785
0.17608894372243722
0.17415660203327776
0.16076224487811624
0.1459228242181608
0.1553161950868721
0.17295783527675018
0.15173478447817576
0.14752834339332974
0.15398762446437134
0.1612763963770555
0.1295519580633418
0.16328746054497362
0.13877140955039663
0.16902035356802805
0.16109409990536136
0.14437228661935705
0.14717033139192298
0.14772415231598995
0.160031738729175
0.15173619297121066
0.1574069331849391
0.16655417944900097
0.17553843467606417
0.13607412074033748
0.16272790396135345
0.15464302114126757
0.16813333667257552
0.154788060505209
0.15245986564932668
0.1708784340933109
0.1715330095143789
0.17113007722049714
0.17362594510173887
0.15024290305154414
0.15941709132699175
0.1622123541253435
0.14883500255023172
0.1554137558754311
0.15266008308435391
0.13107630860419964
0.13670482589201124
0.16356489151274098
0.16758734737357966
0.16771122789257856
0.15870393104408428
0.14543209517794994
0.15430034868862658
0.15024149081623264
0.15991793831945067
0.161374791358752
0.1505615522645844
0.166160932527551
0.16984902710129804
0.13679986769041766
0.17764763511119339
0.15005648588509674
0.1631465477840386
0.1488398258140014
0.15372419079767796
0.15038598084172577
0.1751594198343036
0.16188335103042523
0.1739144625945293
0.172780642565333
0.16027264213689074
0.15690847984818618
0.16083832019944724
0.16274258100483552
0.15323932198681578
0.15316602434887372
0.15589383242846283
0.12733668755485966
0.17431964357044405
0.14308911978879668
0.17448824171682564
0.16604848614569803
0.15524107743224258
0.1418072293532451
0.16511373912369706
0.14392141099387995
0.1635400633637485
0.16598170493881273
0.1467611098439892
0.17685517048773336
0.17765368729522613
0.13850950300693862
0.1620408176328899
0.16165457630993146
0.16475039994890361
0.15133774861523916
0.15912957296141214
0.16184473069082722
0.1508123627528798
0.1449532790603831
0.17049314376346553
0.16685018701766982
0.15507046967114735
0.1787443821426166
0.16260792235753946
0.15978816615534505
0.14923121154480753
0.169871719510246
0.132349391042079
0.1507036399560645
0.15500302236582708
0.17202638767971165
0.18089371845049995
0.1466222925658895
0.14521960877389845
0.1709712991140682
0.153757391626624
0.15838207448340047
0.1613784840566985
0.1722818512138426
0.18473033500164923
0.14122188330705956
0.16066823507214328
0.17383581156348102
0.157877386760694
0.15627226586782975
0.15182924237362808
0.15930045189249464
0.18162188587270744
0.17411590909174676
0.1755181832122742
0.15024100950875777
0.15847262225833555
0.19501354075868077
0.1564417626632501
0.15583882643786956
0.1481506008528864
0.13214126811354907
0.17847421005614872
0.145921604675437
0.16785656631752563
0.17144784002629446
0.16702953038872267
0.15455144096426573
0.14543926766644094
0.1514744732978583
0.14809879453603933
0.16381754481289665
0.1515956859559636
0.13763092846542418
0.17236432792383896
0.17346413130125699
0.13326418402061557
0.16744829892139473
0.16911972095543581
0.1533428148107392
0.16926678183589414
0.15311478212878832
0.15096674977754665
0.1780492965384921
0.16349682151033598
0.20063130711906674
0.1546592918707636
0.20163493882612238
0.16271707563485507
0.15241756698033448
0.1601516305667089
0.1497413880396705
0.13197419790026504
0.17290296430926647
0.16477175271488795
0.15592414240343247
0.19196929894528053
0.14294377613895987
0.13761892475751458
0.17400462425983285
0.17975811855539864
0.16879288145569893
0.17493033582527912
0.14024422439839465
0.20184334819605226
0.16823919317398356
