0.12505179714404993
0.13794405918435784
0.13517145496749317
0.12581420778602218
0.14138116525451075
0.1355631392518484
0.13369907492802108
0.1327774897387952
0.12478746263541364
0.13536509124742482
0.14413333672981524
0.13038749600773825
0.1372753601932356
0.14991641006486908
0.13173506909871388
0.1408285023917918
0.1231663200408474
0.13260097552432723
0.1307369284897247
0.13668684221076824
0.13661201461327113
0.12642805728748674
0.1460753635084631
0.15161932295878225
0.13320831125481258
0.13005658580519305
0.11992802951888085
0.1334551480645642
0.1290566267809399
0.13196895093744856
0.13862188540312217
0.13485593760952674
0.14318350896683685
0.13441840999103657
0.1409734333191243
0.1355384218820258
0.133187393992884
0.13423889641051034
0.12604477573015582
0.13073872185113425
0.14797411884484132
0.1286488590207723
0.12345005673699579
0.14971424302292155
0.12903422232942044
0.14652641003008007
0.13184895711798053
0.13872246556992207
0.12593897764611187
0.13826098567718412
0.1338978040005837
0.1343997552442739
0.12864542774108798
0.1458737367038075
0.15129294631835838
0.1275410530663226
0.12396970899597055
0.11938602811545276
0.13294062524300587
0.12918054803047313
0.13345475657295663
0.13825981534471757
0.1354432125749545
0.13100984388897186
0.12982148735741394
0.13582007370349056
0.1352233887961901
0.13251626395513977
0.1295469213154559
0.12369514294785394
0.12849525244932716
0.1385448755774246
0.13249792838538618
0.13562775097071347
0.12242250973460762
0.14007584789217095
0.13037720262172756
0.13677247877366214
0.1483147893462555
0.13286916878581825
0.1300877048726165
0.1191555455588176
0.1372305424137448
0.13237571693652564
0.13387270671058218
0.13870790525137414
0.12880033690289952
0.14576597008750578
0.1509129494806744
0.12644343873390237
0.13657890100394598
0.11687305529438836
0.1302931451799566
0.1280058444307109
0.13211772202703706
0.1381286977844936
0.13453102567660793
0.14821538899218717
0.1437051492713672
0.13511097622058593
0.12460600041501699
0.1250686207649019
0.1311601703288296
0.13002597098234356
0.13667668326335286
0.1350380291546448
0.13078710285068434
0.13842961835306317
0.14559527456412313
0.13318289308090156
0.12984019674982394
0.12041961391018188
0.13896837700639084
0.13558401901463754
0.13738737092705813
0.1343436266553963
0.12547867108151126
0.15185201875955676
0.12808576482035627
0.12763588370662735
0.11402995367257147
0.13447149379534265
0.13849658050649735
0.1405948512137056
0.13593556045126604
0.1253827228392493
0.12770435946228256
0.1436322664220359
0.13830186431837455
0.13011444827268617
0.1364903077630051
0.12833525379358665
0.1377314878970882
0.13515018563882705
0.13122660346186693
0.13917259519844016
0.12578165146678222
0.14829995122802006
0.13396157222479588
0.14154956158096071
0.14827831552493204
0.13240435426480066
0.13740859458250965
0.12406467626126438
0.1345820529874893
0.13353207926107608
0.14271951655516765
0.1254193300002428
0.15636230987418678
0.15422202234731716
0.1292365913668563
0.1293989533398232
0.12264767763143242
0.1330234753798399
0.13474004097588924
0.1392600138800457
0.14197451423292615
0.13914626629964078
0.13387824535396467
0.1317817066698641
0.13710592490238616
0.1392403801413743
0.1312953776731797
0.1457522950049771
0.12720605030608217
0.12957670033626928
0.1287038310989474
0.13420899707950906
0.1297601122779028
0.12681870685607638
0.14134503255085035
0.13703575124863973
0.13620633907962582
0.1455747288340268
0.13160041522197377
0.14119127615589905
0.12697665830604887
0.14307156925569212
0.14094698314170903
0.13432452923655203
0.15217971104994896
0.1308181730499695
0.1286516901607694
0.12210540541765691
0.137236455769803
0.12902917100392358
0.1384041224428142
0.13969828878933674
0.14078550843941914
0.12286432301007562
0.1300387031067844
0.14119423087131358
0.14227270412472806
0.13181897760017933
0.12950504742496213
0.1301877284675669
0.1359665965796517
0.13523964754845808
0.13162209211685938
0.12495479235529505
0.15276184405603277
0.15370456744591213
0.14650462971095105
0.1376465368759106
0.12029262358962363
0.13650850558098218
0.137810709345887
0.12241701038729297
0.14981136755581315
0.15239059276529437
0.13037779096090893
0.13044119233469254
0.12539403121910808
0.1345500998330257
0.1329724433607842
0.13193205839564429
0.13556469067392543
0.14113932469794638
0.14170692744794472
0.15308423229637808
0.13827028425440913
0.1323803849384266
0.13872846730376984
0.13444075987951246
0.14806575803794494
0.13292700372176866
0.13580776031029468
0.14167750813449456
0.14013682947131045
0.14333203693906718
0.14516795232539978
0.1358847400081717
0.14097119024026084
0.12908752423711936
0.1392016151414363
0.13574183081875985
0.1369107002051414
0.14801213563345342
0.13045605757665596
0.14949781216753022
0.15151603708275166
0.13174951277322314
0.14590630090358647
