0.4901746087054303
0.4685156052771929
0.4921958745217326
0.45748613027531493
0.5145806710182232
0.399897007605051
0.41757840151201686
0.42843192430049576
0.4206581614412077
0.45490836986964495
0.37391450081601274
0.34007621674475486
0.44741935499672514
0.39359136315124915
0.358126798065095
0.24779780033864482
0.4310970875766033
0.514318783436815
0.4187554845294506
0.5382048235404955
0.38710768313704463
0.3715858826545877
0.4080190814936957
0.5117277037365664
0.46533291457958326
0.47766494180385655
0.4140781855295485
0.3843000866357196
0.402308960720236
0.41859376756034294
0.5001494653667318
0.4076511396272183
0.5054800893505853
0.3871588354624413
0.4361251540389135
0.4300419322687515
0.26220639189229655
0.4225684529431012
0.43871481762231523
0.3772533347401125
0.5205739275692254
0.42308883508675893
0.4671942162903921
0.42829399207442986
0.43810477625082
0.46113065067693065
0.5064007908728315
0.42016574142207164
0.4230082987179272
0.38373667866960404
0.47774888111545166
0.4139701716443039
0.3240043949597813
0.36841323480224386
0.46227666137573165
0.5090237254046464
0.48715750077764164
0.26485021099516887
0.40867257124276896
0.4960791907319445
0.3667235957403307
0.37690998292642763
0.3737091797346733
0.4017877962706413
0.33976560771861575
0.5200800558356896
0.43638201062857607
0.510481631613103
0.3814505747161536
0.3905178386363631
0.5446835688104467
0.37547228401936233
0.4322381714099501
0.42791588758209276
0.43394537512543596
0.46390242900656203
0.3761397141936683
0.34391136948195056
0.38196467226175196
0.45727187703731864
0.4019079548098849
0.46872273777733636
0.5195703758365602
0.5041661800952109
0.33528450990710307
0.4188238626243673
0.46108458976662464
0.41225451107520233
0.3846269682614349
0.45142826129310876
0.44202682094484547
0.43402946839596995
0.40696563264658414
0.45932209696118387
0.37945498119534565
0.5146015297547437
0.4335003069120259
0.4646783886042102
0.376538919430216
0.41198251974807754
0.3939617418115141
0.3672473679917375
0.5214876098707272
0.4310203985409147
0.3889565275961618
0.442950111492516
0.3518448548124178
0.38238890110422513
0.36371885211183713
0.4408986533546784
0.3749112952125239
0.4722039846079592
0.5001216408332454
0.5175569303117549
0.41050800046409397
0.36775486441247207
0.34841483153864883
0.2464117351126015
0.49109635915245675
0.4700563456871306
0.47354313106170215
0.5205021398963736
0.3789511687538714
0.3565359416269544
0.3915857986530429
0.37367418490469717
0.43663095615922687
0.4792234313455028
0.26991855553679156
0.5088773913054602
0.5270913887270331
0.41861464367341983
0.4374952791660518
0.4415195466973756
0.49934158242397253
0.4441207264067083
0.5329726475226754
0.4859016781222352
0.42924026671653753
0.5075809247426406
0.4098260835689133
0.4616186068316774
0.41796954213510445
0.38954856270664273
0.36924208601586017
0.48230329870600513
0.41687324216869526
0.25983955984724494
0.44103959430662737
0.484999982107133
0.3694671784075344
0.44882845425904944
0.4300149371673913
0.4500131648006308
0.4170333568400052
0.35587761509975846
0.4109407765255213
0.4485370529065105
0.3004565331195572
0.383909875152725
0.46251435459477186
0.45471742186460984
0.4002710739646089
0.3990501532939943
0.42919823739959095
0.393229526932102
0.3800023197030675
0.48516831472834154
0.4825071573650247
0.3704550338762846
0.3861798072553811
0.32552878760619247
0.40988261176261764
0.4706680803495783
0.4140937904479341
0.5193116096880561
0.515553721959324
0.43139962214331123
0.48720539842278854
0.47006272612198785
0.3954466113425546
0.5166619273890263
0.4274317797652103
0.40922731352459407
0.24223214493042183
0.46994921668172457
0.46502666978769247
0.3686639902450363
0.4077336893133703
0.4177777672457184
0.3660209873424621
0.43131133713278463
0.4277514080204786
0.38007306755567205
0.4019664872570442
0.33918004738296165
0.44958924024577507
0.4668923063152307
0.4832716270294988
0.3759378952761867
0.42695366024836284
0.4533955556854834
0.4488206418991063
0.42620600196155306
0.40089015878308293
0.49952720011366325
0.35921802100884914
