0.4145769664324847
0.6385065210484235
0.5780245952250114
0.46669114136660217
0.32242069652978333
0.3323429595374515
0.3000677630038144
0.3816506939707541
0.22724611319092317
0.42521788419700424
0.26861478577496845
0.2360290133979666
0.235243663024072
0.3264539853186114
0.3768939233494608
0.298175623803149
0.32840286063619056
0.2912830377089663
0.4936027140329615
0.2776777203315994
0.3070319763023223
0.2919281801047786
0.29322384296376397
0.3342144831431564
0.42816669660029927
0.26174178707498896
0.37692589084460465
0.45729102858229176
0.3684501748124621
0.3517773885733672
0.3189549583475797
0.4518929165389139
0.4819415566094963
0.3969129565350347
0.283813258142916
0.3548209674442736
0.3546056531512026
0.4254634279414056
0.36272610800207994
0.412139375277566
0.3335244747864553
0.2417672749087538
0.6012025843843924
0.39379730136992885
0.32939779534705255
0.30682220502474855
0.5718735590329441
0.5652469721143906
0.4703263955304278
0.2694659829547537
0.25682624540689875
0.2496687020969826
0.3783710229395169
0.4311294140405121
0.34954205929292487
0.16937093855909946
0.41982662911538937
0.3340280592718862
0.3214294858439367
0.6306021086771484
0.4968365486579813
0.4366229004441847
0.3723553574434376
0.3352247233586047
0.4144109041823443
0.2767617985692919
0.24716640551939256
0.2610572381939229
0.42332761110362815
0.357017240768452
0.43005424036021805
0.4743644965021486
0.4272193508669114
0.4178953355356865
0.2998812832694921
0.571523477678169
0.4146405464700655
0.4247519672469988
0.44010330459889857
0.27876507419280105
0.27677797069514604
0.30328861108671956
0.42737500062839057
0.4134112399454174
0.45008667692039894
0.39767429793465775
0.43214787883128664
0.43634159420545443
0.29641781420858054
0.5925068681247315
0.31884236073446776
0.3891815871425563
0.4240877744049621
0.20497130417653261
0.3835807816932277
0.5793041578902817
0.4450966916308964
0.6068469197384071
0.28845221885706546
0.33149350714606657
0.5258817132330104
0.4597497537146732
0.47359240804526626
0.4750478847656312
0.27423585601617284
0.2219925869672696
0.43716153752355164
0.25115896953236017
0.38253574264813045
0.5326648082222809
0.22809029137126033
0.29124111585831436
0.31707425565258995
0.2254411237830377
0.3827767453052202
0.5973479717229361
0.38844731387728026
0.28582447091534124
0.6206445177675705
0.31347891320556664
0.3004571389150742
0.5676108285710225
0.39679229680482236
0.27858494158048175
0.28977765901756164
0.2235712222178996
0.23697127300877507
0.29177116160644206
0.41121826791841765
0.3070376522603647
0.2512714010130248
0.6436650948851151
0.28924365714631706
0.4012863014555502
0.2747274653432485
0.7245506321219665
0.6027348813870447
0.2766272832688222
0.27969565114416794
0.3104960621070381
0.277419079864353
0.28643856576590493
0.31865355348302354
0.40056197944741184
0.4798298697013416
0.3128997802228747
0.2809230353837475
0.16206555813854284
0.40055246091439944
0.4731729875969059
0.3952059584326626
0.4442711528348205
0.2745931811348025
0.534710470540349
0.34365842832095495
0.25077963478298804
0.2614180019286076
0.37543245130977143
0.25958513022891416
0.33253826059936237
0.3985954866799681
0.3780360039576639
0.5227163490481517
0.3740203577297003
0.38620393550604804
0.3167694155631772
0.3073136187191112
0.288869233372121
0.31844620432607795
0.4563126881891379
0.3559762040908015
0.3994202121536704
0.3934595926609408
0.42121050201176313
0.23451160883915564
0.2639213997812323
0.2990674513500208
0.23347611640297128
0.2597073662266052
0.5887895726312345
0.4493060483892743
0.46151806420634595
0.3877553988029477
0.3136812108884927
0.3008234079462197
0.1507006465218278
0.3560910513270477
0.3610415572360337
0.3926082895543422
0.41676547821417187
0.19959119636397293
0.3835870428429388
0.28774386980321265
0.4989525969272919
0.44326829262896694
0.4165519983298931
0.4699279451923385
0.3286273902840757
0.31642012129829905
0.3988669122388137
0.4671460363860899
0.21226458419856337
0.5524994674432222
0.41489430086183277
0.3233978666702434
0.39552527275190413
0.31239681169212785
0.3668990058733581
0.4257285136712804
0.2156672626147738
0.30865117163987044
0.30023348790205207
0.321153366267841
0.3667910212272792
0.4546557241106227
0.27131477872547416
0.7204342338127823
0.2843636229971901
0.34404667198722033
0.45600586799400566
0.4273600226165423
0.42746324468878105
0.32518188303571416
0.4418276438709603
0.3958674958246018
0.3581119864282831
0.44481792007214815
0.27739360824542836
0.3412923869520259
0.30770438757281315
0.23997409105394055
0.5509783341323986
0.3520307858442673
0.24427453104431698
0.2428709755727176
0.2928721832383573
0.2880579786101344
0.455680361807829
0.31973982266153683
0.4772429730262471
0.48193798105154395
0.2533294934299516
0.30430304612794956
0.26728722858305337
0.5616656409340093
0.2492026148480033
0.4090063475898774
0.5028800269340797
0.18609062664360326
0.43489746193109
0.22601947553795837
0.4670116552609344
0.5740858816743559
0.3110052589171216
0.40230715172664244
0.18594983808526927
0.37558119773754806
0.3204647273373877
0.44399960052181014
0.3482592557972092
0.421292222747244
0.33337315882064894
0.23629643869959716
0.36472857887566856
0.34099125474312886
0.3784493724302249
0.3381075549584349
0.4765786722144959
0.2326413281490833
0.30299166439562797
0.23969107898150563
0.5242547994082335
0.4506798991592175
0.5649801708147782
0.48512826516557833
0.27984055239191485
0.26640597746112665
0.3830439150365884
0.2984450893718633
0.3725758906282547
0.2540138172174298
0.26856590715417256
0.3088088589700225
0.4307954182055549
0.3541714985886367
0.35598662214354915
0.4430228795081888
0.3278346828558153
0.298931988485692
0.5784282987714221
0.46823541514812406
0.42590437320955316
0.4472540716364393
0.23370439496614195
0.4687935360151297
0.37619216063016536
