0.421267175339885
0.38918683134430276
0.5181291500904047
0.47856273686751816
0.49399863296073643
0.5462815385933272
0.4808379688680221
0.5646420739194429
0.601965182089682
0.5464953740267791
0.531631113298401
0.49043139545824593
0.5855783970889576
0.6225562910650434
0.6447410750639846
0.4739435696467569
0.549564134485362
0.6183213485691973
0.49194062923129783
0.5872286362291457
0.4995078031488186
0.5019264837021167
0.567727541892865
0.5155034169531291
0.47109601748775665
0.46700220431077205
0.626093253279683
0.47951420267066447
0.5335553704051583
0.45004065471396026
0.5177601113708352
0.4440514469435904
0.4020508075778265
0.4637595377224861
0.5261945144308716
0.3804504836049342
0.4328498110438317
0.5286813024951126
0.3771568568196493
0.49217052879297385
0.5958307460308282
