0.3851028039090095
0.3781056044512278
0.3652530068375596
0.39039090567467855
0.41986440618374615
0.4167463720476071
0.4062573728982601
0.3741304923284136
0.39592798714055094
0.3773863477596364
0.37662551348263207
0.3832227623226041
0.3973350858678114
0.3755343173715723
0.38311884058455853
0.37464609999999215
0.38412496119633555
0.3601218443326793
0.38077927431246333
0.38006282357253085
0.36198016215844037
0.41260143152700035
0.36273798303264515
0.36782285588356495
0.3851842456115209
0.3745972301994313
0.3920731168416356
0.34782190716465666
0.4434673054751106
0.3783343898623955
0.3749609752768204
0.37264652865818204
0.3776789919705845
0.3841260526831062
0.45039633786866423
0.3817123276162515
0.35929055994826126
0.38125765603102574
0.37456811520150163
0.41637953309436226
0.3894929270609331
0.44813617428048264
0.41733560399921715
0.3985943602566155
0.3993923365974593
0.3983741013501709
0.38937926878926815
0.38050156106187244
0.38425568288582146
0.36840593124999793
0.3485169748714644
0.38838603406098776
0.37464609999999193
0.39634620087907624
0.3616971159265065
0.39503709460740627
0.3888455905757128
0.44957836930958217
0.3801076964840778
0.3836228081893884
0.3710228242554605
0.3759383049733181
0.38931731303260647
0.34353777038047517
0.3855343670921455
0.36936520095933867
0.37464609999999204
0.39151446620969865
0.4475965048357751
0.35976067638904785
0.38843731225782896
0.3882305498885593
0.37312648571582024
0.39004872076587305
0.3894660382361059
0.3724131921021072
0.44808562064967733
0.3900344200594392
0.3688435562499824
0.390158865967601
0.4076984416951364
0.39821136008163077
0.38309287599029124
0.34996088681456766
0.40704605034107216
0.36023029337339324
0.3885110588107508
0.38109369361485174
0.4167082415653118
0.39463987974479864
0.36472652810984657
0.37370377324182336
0.4600906269355602
0.3808476364177042
0.4447899132252149
0.40148821341966445
0.4481021253054796
0.3873792963304336
0.36335909996446464
0.39484249581241115
0.3873548430412959
0.39968509541102576
0.40271906702520716
0.39907694293984863
0.43943515311330555
0.42303819421682415
0.4139826349234809
0.4004869601262068
0.3544501544996078
0.36871730226757626
0.35877029443663594
0.3726731086113692
0.4266893619980663
0.33788739661205497
0.38073951676677786
0.358989646326519
0.37985082290126315
0.39442565880756447
0.38907923102940173
0.44828645762009134
0.4201293976115513
0.3886951890764548
0.38824933380706994
0.38060276139955884
0.4138230408189915
0.3907915785859323
0.42096314268977486
0.36873139999987514
0.4067801876854474
0.40909774013011924
0.3604892738705612
0.42298523607838234
0.3771604890350069
0.39064876824273936
0.38983010732301326
0.39064467318585977
0.3720297999999923
0.4095779172742929
0.4077266165723373
0.41677488481520264
0.3890681990294125
0.3596255525651885
0.3930248283046582
0.381429581284314
0.40187801554970404
0.39635860665502926
0.3816752013536708
0.36633877810133153
0.35847802529744094
0.4095373972990641
0.41116312090682205
0.3783584749999687
0.40906192134501507
0.4417442724600168
0.3813094293433367
0.4081009473669868
0.36978578040177557
0.3735237990382922
0.3893959738873561
0.3804074902255925
0.3652550069252191
0.39440921103496857
0.3901197133646129
0.3956278562050862
0.3737109487024594
0.36475969450642876
0.37460578773569264
0.3759250015013336
0.42295525746411056
0.3980076039776495
0.4277856090420717
0.4321400951352472
0.4228286782565674
0.39987263614092783
0.39339851659559294
0.3813366500091355
0.3889387953294965
0.3847435118060576
0.36954477253248935
0.40220428163701827
0.38152838137912864
0.37067023987704784
0.4009647477302411
0.38972443693201697
0.4159473521748788
0.3875600346173637
0.3843663666289172
0.40991378238552423
0.36903296701681226
0.38335569865929875
0.39729696128184644
0.3994507728015109
0.39274899869085483
0.3943094844744696
0.38865628027318827
0.3479125267277112
0.3595798554943797
0.3981042711829553
0.3810658011310257
0.3625627415775262
0.4099090519171849
0.37256960838511943
0.4495872993069286
0.37938858981404855
0.39058848692835385
0.36176880933127226
0.3813192999897206
0.39967878680764396
0.4514665019471439
0.39134663251555285
0.450388358452504
0.38112745228573475
0.3977658621393143
0.39059028001907303
0.37231089934998174
0.3861979953674915
0.4074847055873442
0.4092773755944851
0.3735150152219409
0.374555684278112
0.36299382355437965
0.3936364228633539
0.3803636695229541
0.40939913506045583
0.39133231691102394
0.388071289142925
0.38526026183820505
0.3971193965296078
0.3794846642398272
0.3971063127526716
0.38728076743463047
0.38307109275922235
0.4462131349449855
0.4335540333833814
0.4029532380555154
0.40996592150312144
0.45390456452218136
0.37502790360595606
0.36345880545125114
0.3839013469944636
0.3726268227630318
0.38851810338945336
0.3893052858373909
