0.410218670145791
0.3732869505095603
0.4070949963215376
0.4195040263712938
0.3787137735810016
0.4125921200345576
0.3997377808617543
0.4342604469086688
0.4382948615230538
0.4199205151466117
0.43130652139279346
0.3882036090345953
0.40185627373969146
0.39085943831202824
0.38790311141814515
0.3909876507848052
0.38994312076268073
0.41711906303434126
0.4026066745709217
0.39763563790648826
0.4165225642440137
0.39779280563080965
0.37337114414942274
0.38782083964652825
0.4225795987065544
0.39177646002318317
0.4701908070986735
0.4061370543923638
0.36861890059392977
0.40212678545704145
0.480396378634493
0.40035022528977665
0.42285538449713334
0.3829480405847423
0.3922713207364307
0.4011195806168467
0.47023596539450135
0.3868609851400245
0.3842636095418942
0.40938584857577376
0.4249023504923131
0.4188439702112532
0.47499193115387023
0.4334409813998173
0.4211908797182433
0.432455387005222
0.4171360357229954
0.41882131943476786
0.42169962133531314
0.41168228962473236
0.4179566475700299
0.39258230775911984
0.3594718928457811
0.4113290988328497
0.38310672112733507
0.40451843445300817
0.3838293033575429
0.4205146911547212
0.39512329574290844
0.47562709635073
0.3958255346115084
0.40747059573839206
0.40767979442911334
0.37640134529674324
0.40762514782883097
0.36646813129008443
0.421945662053702
0.3949491639469358
0.38261140116369224
0.40430255721990455
0.4726944210688447
0.38680118567741334
0.41116706328672653
0.4121262297583994
0.40010888082367296
0.3973508159870487
0.41851397582318295
0.38782711307494633
0.47485978112594646
0.4098776309516342
0.39714431766572533
0.41576677039337284
0.43312770280129026
0.4127427399817093
0.41050966516608184
0.37006104597384176
0.4267206616326889
0.39744529668996775
0.40591489301005756
0.4262943477209686
0.42241719451907644
0.42429515768153103
0.37825143328971256
0.40552599000093337
0.4026344824279514
0.47724668739859
0.40988039478139293
0.4265330150516012
0.4810274795517833
0.4197621133203447
0.4754404239146776
0.4134398682326036
0.4261135082511087
0.42673197450245254
0.42936312578482405
0.41897864807885055
0.4199334126048735
0.46388596626975354
0.4419006538495147
0.42022411496387174
0.3656683307668188
0.397491057528761
0.39638668687988043
0.38745048759990786
0.38507754961225743
0.4399376903933279
0.35963427969672557
0.41054697389439176
0.3898511212693028
0.3950828857246722
0.42130259504335743
0.40824630588937844
0.4747010033474623
0.4444549127052536
0.4130409902009485
0.41626411999322477
0.40629914354692
0.42445902944075153
0.41283309660039347
0.408779376915945
0.3946727065037462
0.40296796726919215
0.41838109210437907
0.4086747950849537
0.40231693000585456
0.39344201135705237
0.40866747334124276
0.42559837377896614
0.41041993753505923
0.41842595799536453
0.38995651042685775
0.42359822824574195
0.4249884258172365
0.4398326942582469
0.4151960386997226
0.3872754139379833
0.42319668436524116
0.408380158818456
0.430864970157541
0.40857924021257847
0.3888563840498681
0.38743907370607145
0.4401292334128879
0.39333949963865805
0.41089166724320697
0.40712818802048445
0.39037216984859
0.38580274094011485
0.41115772002488965
0.42878469491305365
0.3999387149775557
0.4186418293971909
0.395240913321072
0.40491597536149593
0.3852501712779608
0.4095951609789825
0.40232099488203876
0.4594601542736141
0.4022292640379611
0.433772524335253
0.4703167098957379
0.4701294077567961
0.418854194356645
0.4029492422854129
0.4007289752475425
0.40902300329550484
0.4182801673622391
0.3819039804384608
0.42799710646624395
0.4082247432318735
0.40239497481247755
0.4107293572793865
0.42157460900354393
0.4353115306757286
0.41733739204053155
0.41844113079074374
0.38762828357549156
0.40770050845672523
0.41842317660948447
0.42019826765075297
0.406636409001765
0.4180069352496919
0.42165782010979763
0.4034218624981384
0.35164794500559093
0.3921174881969277
0.4349739879036746
0.41681024490719115
0.4114148206891993
0.46515810832186383
0.3854724930199577
0.4192818764324478
0.39839202596998885
0.4197862922884496
0.4176205744786388
0.3964131627536539
0.4807523049841929
0.42658303882858917
0.422494275330247
0.4108728547609505
0.4377429639219957
0.41004877510613963
0.3964837164687054
0.4086735523662268
0.35983267390335216
0.4132230948412456
0.4162591005280664
0.39494095244403954
0.3929138423143283
0.4314875528311001
0.4141175974514796
0.43132684154849876
0.42382736635635077
0.41887792328030116
0.40951449345327107
0.42645918705083824
0.4787841901089204
0.3946494464206538
0.41790570121273085
0.40839090160077035
0.39355332232789986
0.47547024050261694
0.4597285232699942
0.41828295002294
0.43279390172823207
0.47639691228048775
0.4224783354947876
0.3953466710279758
0.39114330849688633
0.4263303506798174
0.38114412056999236
0.4111589100122062
0.41230403469458043
