1.5638142203540166
1.4993856778471937
1.4797258325298586
1.5756729638800198
1.527319458445719
1.492068000393207
1.4348575119302147
1.5524336874378775
1.4533377497766442
1.4440587308695016
1.5329409429157712
1.6142150124718033
1.40110055527499
1.4314403605638086
1.4711714012483383
1.5470742148490721
1.5142532632947192
1.4403877132595655
1.4724506862016877
1.6821671803508083
1.5394794635996303
1.5124835310887719
1.628435519576817
1.498009662769728
1.4516755123361538
1.5808222705135806
1.5849464704976892
1.5632360360947963
