0.5385639152087173
0.556805314965468
0.5363988495165598
0.504506054965298
0.5361330344088688
0.42311264611827165
0.42769573435007086
0.44423140482379464
0.46978962365472743
0.46584448377613985
0.40825750374403896
0.3280930731896357
0.5076422352291933
0.38111818641369655
0.4125053990964004
0.4161933920536447
0.6620103452591422
0.5274713832050812
0.5865489222413938
0.6159398652149369
0.5554469698043214
0.37637649073203083
0.7071356965648015
0.5560945892088104
0.5058607816723563
0.5331180328932833
0.45682203553395595
0.40737861891858346
0.4274287015391793
0.45141764828368824
0.5839950504559938
0.9780106288007888
0.4235691786499053
0.5271378585283616
0.6101457243834583
0.43433721177153956
0.4700701804287313
0.4058899363104701
0.45578943462163896
0.49438968826696117
0.4031878603359594
0.557934587803284
0.4569604461706963
0.49872945938327945
0.470098237791281
0.48354867180034145
0.9807017083943815
0.5101799138350607
0.5571190336315025
0.42042464114450145
0.651704910626764
0.6107538299364907
0.5066522093503698
0.4199262518603948
0.3490539246888117
0.39210064483514184
0.6442340221269126
0.5274500462070609
0.5233829977433002
0.40260882330088
0.6624472763869332
0.5513676070403262
0.7647799502286673
0.4095623897784319
0.39020808088828496
0.5941824115631096
0.6216610921802714
0.5446465424595
0.4660521789334876
0.5894087888822613
0.39709624932566884
0.43982103607708534
0.5736580744766545
0.41418983247754143
0.47087218389721097
0.6252771319942971
0.45301108924029243
0.5077361242819352
0.4050537674156153
0.393029509414077
0.3543328595344418
0.517815574871528
0.4299621365906312
0.5165302612855973
0.5618340424417463
0.5491760113380062
0.3527211672610542
0.4556575079711396
0.45631534761630127
0.4145348573852742
0.4000744126477114
0.4989862346071714
0.47925290065640996
0.43431708507933137
0.4436767885785601
0.49334261101238874
0.4299595261163273
0.5569400521281138
0.46508512136255187
0.49895364300461953
0.41234782059989994
0.614865289656271
0.4374126198220289
0.40212835872555724
0.5315720390050349
0.45056302293716544
0.7652529279948217
0.491238714777482
0.38346981365052446
0.7804478993762327
0.3755941276817757
0.6933564991398865
0.40257026523276274
0.5098436000481066
0.5567646976411882
0.5824182543523744
0.6611475654082859
0.38130988904915436
0.6013419377963759
0.4068522123690908
0.5549544664274473
0.5210873669684783
0.5034447646616227
0.5532863108301369
0.39249587503908934
0.3960928965783942
0.4175494413929952
0.41595698846774354
0.479585636224996
0.7019316393923959
0.40190048561805014
0.5619848165143922
0.5648481148647192
0.6595197988499368
0.4844368975805451
0.48724390729763406
0.5311092691632021
0.631190603268082
0.5677912308853968
0.5357926693984023
0.45825617904634275
0.6333031700615622
0.44333528767941044
0.4982823027066342
0.9692969239153277
0.6753854880467469
0.39568687731983987
0.3598086958755059
0.5123655027335468
0.4375241605852011
0.963130922682237
0.9864528698575342
0.3670203902259137
0.45836587350239294
0.5053962608237812
0.35120859466505794
0.46223657304347765
0.48263032115559423
0.5161661705500609
0.6555315138237122
0.3855706103242837
0.4296769217649221
0.4908946048540878
0.3228685068812003
0.6500717449539648
0.5372744635601179
0.51182085418184
0.3748947169297451
0.4285780118537763
0.7579559509479312
0.4024789215655273
0.4049770321467202
0.5206762217883849
0.5745317189196766
0.6218551797407305
0.41835128585167475
0.613174334278212
0.42804081181523423
0.47559568171487165
0.44126231804729127
0.6123386828509562
0.601457955020113
0.7409156381141346
0.5246031714045298
0.5012846159337901
0.4320326479358989
0.5887929104462799
0.4838842515878007
0.6499472706476499
0.3948593603070435
0.530268727720729
0.5237364259563415
0.3802634802461314
0.4316174781023368
0.43201446983599495
0.39025501581309413
0.9833513502908483
0.46641400463454374
0.4517269914014669
0.37406891075311344
0.5774695888030146
0.3573136739458085
0.5550282722140163
0.5284200842216927
0.5301079368679459
0.40574378223393537
0.46068578968927143
