0.2544183883065293
0.2599288351724002
0.2765269191504408
0.2768719472913334
0.28837164653791847
0.26388878763972623
0.2867329765748762
0.2575386006436968
0.28705227497613395
0.26472090825423233
0.2673173088932433
0.2748038784227878
0.25706082265321545
0.2740104710372606
0.28687989993005636
0.27195031002355474
0.2771661717770283
0.2659851972815962
0.2812533590545371
0.27010952583674197
0.28439577011768113
0.2699782668850119
0.26695745899567447
0.27192096507523333
0.27394800239248385
0.2850871831760336
0.269994344500599
0.2643346714182803
0.2507499807120104
0.30536096884649355
0.25328181329661736
0.26556576796094633
0.25631235819526565
0.26673771291797044
0.28434317460081254
0.2737278260914087
0.2688496423250836
0.3020018212796393
0.2519308313921291
0.2773008738739333
0.2924942355471143
0.27205765586610425
0.2737618732578435
0.2752653307629921
0.25462306849996
0.27348681754358284
0.2735677391927879
0.2725106006128827
0.26379968274866045
0.25877889711569296
0.26947296558524153
0.2774433977779611
0.290870882936681
0.3070495819617574
0.2778564689773959
0.2624433542135697
0.2762029457294823
0.27552838319792894
0.2770169599950778
0.27411263109824047
0.2523869242032631
0.29033277734453994
0.28535379820302914
0.2438550259777984
0.2483545369746386
0.28011219556326805
0.27299556332896197
0.29679743155723803
0.29032803083795966
0.27676497031534136
0.293612508774713
0.2542435966806676
0.26869472600063793
0.27884425421955716
0.27300219821703925
0.3043907100847692
0.26289553936328836
0.2712351151124293
0.2654027970228679
0.2784482188467694
0.27285104524130677
0.2873016186918306
0.27178071687563043
0.2583418045114356
0.27591414202315123
0.2602381156447474
0.29450903161506825
0.25290938599868074
0.3020463210793989
0.27020235032941653
0.278385961565512
0.2809742989130016
0.2836762348168407
0.26544854174450216
0.25391792412193714
0.2849127634303037
0.28555563093303815
0.2738305807900466
0.2722000592482439
0.25503302444541226
0.2661732075462614
0.29450678434622596
0.2765836783557668
0.2843229540209248
0.28460941536761886
0.29625362140751665
0.2704447867276812
0.28595202342949894
0.28019625947684956
0.2667215964465229
0.26262937490233673
0.28319693505813603
0.28519790481065194
0.2571898240854037
0.2698388635367366
0.28348529507639947
0.2822664173947616
0.2748717846700161
0.26270006959327624
0.2693826682025566
0.27208907796862947
0.27769338245420216
0.27519137894565565
0.26731488236290235
0.28161775824614255
0.26984615866268274
0.2741697140783516
0.2752193436993974
0.28125796809839576
0.271845942871198
0.26064854917178354
0.25722645383079124
0.2531858638463705
0.2979822205887307
0.28357592908388957
0.2515146643304792
0.2662184380623451
0.26898362050376173
0.2631310699199852
0.2750735797451845
0.2705435821750074
0.29614561939298856
0.28754514335380027
0.27025579290983603
0.28195955081371504
0.2870765724934717
0.27090924688092916
0.29856831465159955
0.2668105430801634
0.27045630326083253
0.25725895018916706
0.2657366362644545
0.2837706154654156
0.27715486073957085
0.2823393179400583
0.2707164756530918
0.26685986764798447
0.29274128152816176
0.2653968121388102
0.27599578008881376
0.2727556376494018
0.266323599616183
0.2925853895646779
0.284639707186991
0.27125953069593767
0.2680921890327701
0.26273718985705413
0.26395216057989856
0.25580658079988516
0.2837507194767255
0.29449576675567524
0.26494810662057555
0.2531957413463297
0.26015246233840833
0.2682933786764673
0.2821783911619279
0.2818763721096628
0.27033608134211307
0.29484827564626725
0.25772395666981807
0.26316101851266777
0.2517353964521308
0.27258513608230217
0.2586649669444807
0.2834941954861644
0.2695064208684568
0.2552610441118577
0.26352193762537524
0.26504836609602256
0.27403310868805164
0.28377072864397856
0.24942977416081327
0.2817276704716084
0.2555496396121908
0.28126898820539725
0.2903845859101436
0.2713957045120288
0.2728349668958329
0.2779731091887988
0.2937543982322492
0.2775796803276865
0.2529804389678871
0.288252207871553
0.28153573062383536
0.24422881407847638
0.2590172782755831
0.2582924772004251
0.2959117418696112
0.2747837665263049
0.27168619717200126
0.2838726731644121
0.2735232735924375
0.27158531604699465
0.25700044450174053
0.25537000334778603
0.2780751298448354
0.274987439236414
0.27504665110515486
0.2701086232015229
0.2601614809628536
0.26508273754363204
0.2928057627516027
0.2794824914266307
0.2721289125123521
0.274876519764873
0.2580490093047362
0.27746429832656744
0.2515090885373777
0.27619924888288255
0.2827848796439506
0.2735951039101422
0.26568824215791065
0.26671854732283684
0.27960837819091683
0.28875716945885577
0.2770344786988195
0.2620335531717663
0.2747356258283402
0.25756700533276805
0.28575731061536225
0.2845322667802977
0.2520318441733753
0.2866851592258162
