0.24349084544722
0.2589622641509434
0.2173303059674503
0.21205205891141943
0.25324427480916034
0.2851190476190476
0.2330777474435196
0.26194443308270676
0.2279542464991983
0.2614176670658683
0.24375359815774325
0.23528929011079197
0.2428904428904429
0.25671243684459144
0.23988842398884241
0.28163265306122454
0.23512658227848102
0.23857975622681507
0.30257171152416357
0.24412411361639824
0.2069365494949495
0.2644826606741573
0.26781473432835823
0.28364142801302933
0.2550529626740947
0.271
0.2658347506519559
0.31033724340175955
0.272536732591415
0.26754863813229574
0.2523945628318584
0.28691086303270563
0.25525072038369306
0.33343467087517936
0.2902107005524862
0.25344434819621076
0.30603773439463766
0.27908595677465126
0.24706555562805874
0.2847015135377042
0.24376202474226805
0.2794538417750574
0.2784479914438503
0.2550119172413793
0.2518248737956953
0.2482673776367962
0.25947187141216993
0.22356884165170557
0.23218593488372094
0.279785368157424
0.25671132829204696
0.2515832066334992
0.23099116937212866
0.26790123456790127
0.24458735262593784
0.23893096170212763
0.23733730011156565
0.2425821972734563
0.2454590083456063
0.2755480607082631
0.27876235471698113
0.23087719298245615
0.24234561494551116
0.28244159999999996
0.24861404829721362
0.20671710047664443
0.2663643062951496
0.2671604378631678
0.28360715432300165
0.25453095768560474
0.2725400457665904
0.27334453333333336
0.31306531399767357
0.267698075
0.2722543352601156
0.24898726739082244
0.2851847968379447
0.2555613760668457
0.3273313667166417
0.2901236594815826
0.2527451947780679
0.3064992432432433
0.2866642723896793
0.24343509482333608
0.2934678820108018
0.24687493806275582
0.241330141014402
0.27813246591487817
0.27231543624161075
0.2516832596527069
0.23609375000000002
0.21783568247048138
0.25391969407265774
0.26134549600912205
0.2520993344073648
0.2552410099464423
0.22811129641135514
0.2591304347826087
0.24692144373673036
0.26955576490486255
0.23948071783123331
0.24300234558248635
0.2517875553963278
0.2419753086419753
0.28217054263565894
0.2841854782263402
0.24148706896551725
0.3084598516810759
0.24288649411764707
0.20782046340977067
0.25891871592356686
0.2550529626740947
0.27487339306583564
0.26532984271457083
0.33083028876529474
0.27442922374429224
0.25186055362894333
0.28490913650793653
0.25334791879791474
0.3330123948263334
0.2875450529644269
0.25348346666666666
0.31015498544331715
0.2771642079422383
0.24788713073593074
0.2855948581952118
0.24504812701664533
0.2824650741784037
0.2804099111277632
0.25429827142228095
0.2518248737956953
0.2711235032069971
0.2881264981260647
0.24925954793452845
0.2614487926727727
0.29002498114842906
0.2917410714285714
0.24019362296327565
0.2686326097598761
0.26089332031076584
0.24989414255469303
0.2557877813504823
0.25954667691125627
0.28225490196078434
0.2848662743801653
0.24607423628038042
0.2568421052631579
0.29105880807726076
0.2580859142108023
0.2172966724637681
0.26936283245356796
0.29535225521472397
0.28630949145728646
0.26846568291851347
0.28416927228915667
0.28135150715225976
0.27864758336347195
0.29839708545095456
0.25895005057471265
0.29276664991511037
0.263145823655914
0.30953634479418884
0.2750599449072959
0.30035897142857143
0.29271593078470826
0.2535269104027675
0.29710148985757445
0.25244289413315757
0.2917000572409846
0.286788411508062
0.27367636092468306
0.27226768372093024
0.2562137
0.27073359073359077
0.25549215406562054
0.2417600424543947
0.2870041411764706
0.3121278355140187
0.2855958549222798
0.271222424051539
0.24727272777777778
0.2809379647058824
0.25134767292598115
0.2593334918918919
0.25225473321858866
0.2839685506704592
0.262266517667537
0.28733264675592174
0.295804734127844
0.27027600849256905
0.29592948638262323
0.25657427692307694
0.2238658943192065
0.28548453333333335
0.29294236981132077
0.2612598387715931
0.2872787425141714
0.33828692173913044
0.28029173537284896
0.28802302448036954
0.2554122199644199
0.2939648403127715
0.26589304859654095
0.33140003047280275
0.2992209196231053
0.26524057295492487
0.3115071210762332
0.2965560224052718
0.24656794733785092
0.3066668131680205
0.2506151126305793
0.2748975771790808
0.28557335168727027
0.281733746130031
0.27240569719626173
0.2894283236333053
0.2511698113207547
0.2590909090909091
0.25858521015228425
0.2793764747252747
0.27942794279427946
0.25345294291938997
0.25579569318541995
0.26107169234863603
0.2640124989805375
0.247212020033389
0.2591109331197437
0.27585650947198714
0.2588724933787363
0.2820365033621518
0.29397515735607677
0.2524331734064428
0.23365383596102746
0.29001129445100354
0.2720448092801092
0.27884776786271454
0.27392364582043344
0.33583653577483896
0.28086952358674466
0.2934279969735183
0.25624682597634457
0.297788074757658
0.2610139254509018
0.33447289716599193
0.30998133925455984
0.27134760305343514
0.2999654877192982
0.2888185333952624
0.2512063181102362
0.3084070702889177
0.25207995859810023
0.2955085183273103
0.282886319928931
0.2732944806307851
0.2793904912455123
0.24965836674629718
0.24548359779005524
0.27856424347826086
0.3108518764374295
0.26602482962962964
0.272669218018018
0.2514115124579125
0.28145260597539545
0.24425885997197572
0.2543583429094236
0.2539660547280915
0.24480198019801983
0.28348734431498596
0.27171002352941176
0.28511344770337577
0.2887295449671219
0.2902094571428572
0.2585430918918919
0.23218737148182667
0.2821722084033613
0.29169903091149274
0.29222516449704145
0.2708065704918033
0.2807624887751839
0.28857514122731204
0.3402034727452924
0.2834151238232124
0.28702282519851774
0.2557337828702817
0.29491289026169026
0.2672378050808314
0.3474014863643167
0.31000983846153846
0.27085259706126974
0.31493325540025413
0.2954939231148889
0.30526683550694156
0.252033174248927
0.28959619952494065
0.28818326574282954
0.28381430363864496
