0.18832343984819735
0.20299207978879438
0.20218265364732912
0.20345276872964171
0.1730996565805658
0.1999695327048586
0.19338777388568432
0.206494960806271
0.19081508327402136
0.1914189291434364
0.19002533504973668
0.20214079868258544
0.18712304701358626
0.19143467258320127
0.1908528085447263
0.20153930731170974
0.20344036697247708
0.18956660860495436
0.19130955789473683
0.20421432871763998
0.20235140431090792
0.2044334975369458
0.19159201717352414
0.1896727303113914
0.20258806613946803
0.2022808267997149
0.1880933596628537
0.174643816066482
0.1716899660130719
0.1910708242847174
0.1896542431372549
0.20325732899022803
0.17817672252042008
0.20245506873065017
0.19267229194699287
0.2081291093843395
0.20630081300813008
0.19090897928118394
0.1932376454403335
0.20395456457719816
0.19474205217391305
0.1684913375656086
0.1916277953488372
0.18998226005830904
0.1925441257959714
0.20179121186677862
0.2037514654161782
0.19182356643741402
0.2040465971796444
0.2027359781121751
0.1895943632063075
0.19350469244357213
0.17132811379712398
0.2022695035460993
0.20220955096222382
0.18782530724269378
0.17368735695858792
0.16987593696348494
0.19114194140127388
0.18919057177914111
0.20299311583358276
0.20183696900114811
0.20345276872964171
0.1756426582010582
0.19665246060606062
0.19369497881136952
0.20698689956331878
0.20241139934234564
0.20538011695906433
0.19081508327402136
0.1912664614124872
0.19094236083231333
0.194054408008008
0.16816736464489374
0.1905175014176663
0.20131578947368423
0.20344036697247708
0.19053933966623876
0.20420926037282022
0.19125274920634922
0.1719073097288676
0.2026580459770115
0.2022808267997149
0.18814308025626092
0.19025835652173914
0.17137860787401574
0.1922092760088041
0.18971472250668706
0.20312989045383412
0.20164126611957797
0.20325732899022803
0.1747906813648294
0.1970456254066615
0.19433986092503988
0.20665478312537136
0.20335946248600226
0.20623655913978495
0.19104992360817477
0.19247760716921455
0.19009264277456647
0.2028075970272502
0.19524180229885058
0.1905864238948626
0.1899793934450109
0.19065292591170827
0.20186230248307
0.20363423212192264
0.1903489676613463
0.19079992112676056
0.20272952853598017
0.2030487804878049
0.1942218735792622
0.19093239348534202
0.20228163992869877
0.18921680951122855
0.1751339076923077
0.17096250537566804
0.19233055300546448
0.20264380135762775
0.2019682886823401
0.17520599089692102
0.19434710477682068
0.19238442816901408
0.20249643366619116
0.20435267857142858
0.18949467586206897
0.19160481482243952
0.20247148288973385
0.16862415728011826
0.1893916807646356
0.1905113730561971
0.19037485321451306
0.20215236476918721
0.20607267297162768
0.18925770378933848
0.18926140334896183
0.20287191269385413
0.20238826339133403
0.204921968787515
0.19242937872340427
0.1695540104111656
0.20252904989747095
0.20210526315789476
0.16962682372528615
0.1742048850241546
0.1713731155358275
0.2041988950276243
0.20258838383838385
0.1874450013986014
0.20248122755468495
0.19059185454545455
0.19631576026936026
0.19382641341381623
0.20255524861878454
0.2075351213282248
0.19047149974610084
0.1910119172413793
0.19041593807740326
0.20309317238777821
0.1937467121748179
0.18738502171541893
0.1908724381593715
0.19193787286821706
0.20458240946045825
0.20081442699243748
0.18951604064436184
0.19198188387096773
0.19149784804088585
0.20637101811367897
0.2018421052631579
0.2037467700258398
0.19572920467445742
0.19017307946257198
0.20247098464994384
0.20157030692362599
0.19062229285714286
0.17252275737473535
0.1705382004712218
0.19033000413589365
0.19008295750190404
0.20317460317460317
0.20165374677002584
0.20284505959246446
0.18915924046692606
0.19207958250377075
0.19116199272011805
0.20370141887723628
0.2014678899082569
0.20467242254951754
0.19153253227674488
0.19067393950338601
0.18882881513633834
0.2025693730729702
0.19061782857142856
0.1876857442622951
0.19152911752085816
0.19120769032258064
0.19007006863905326
0.20120805369127517
0.19051833149381542
0.19019954730694355
0.18989486662657848
0.20358239508700104
0.20305343511450383
0.19028092768729643
0.19279338795180723
0.20220588235294118
0.20113154172560113
0.17090758202824133
0.1705553724550898
0.20449438202247192
0.20270361608651571
0.20405323653962493
0.18752060147420146
0.20386971944534021
0.19022612831765937
0.19670047956844233
0.1906643219351292
0.192328357633309
0.20212256076686066
0.20815752461322082
0.19187009365775828
0.19135166315789473
0.19133519610299235
0.20246478873239437
0.19080830476190477
0.1691708490118577
0.19167689853372433
0.19091625726280437
0.20370370370370372
0.20093786635404456
0.19054344142011834
0.19056617401129944
0.19073848211143696
0.20690072639225182
0.20179820179820182
0.20720000000000002
0.19355660408163267
0.19010273802816902
0.20285087719298248
0.2012982329606924
0.191187465830721
0.17596873178294573
