0.32133983831467033
0.35062960916308045
0.35252213335369237
0.2924181851366973
0.3328250049629363
0.32445321041918335
0.3397424883239968
0.32570231764307744
0.3153864187775889
0.3254946150750838
0.3550012455709359
0.3196332545042411
0.33950422976566597
0.3783024969025197
0.32753754433515164
0.3284931252745811
0.30161195754892706
0.33737893283472253
0.3332674459613325
0.3375659356509608
0.31176471875883477
0.3132614708151561
0.38017736718116885
0.3898704275151047
0.3196086556274003
0.3074775914599158
0.2976659518991579
0.3209133469006938
0.3232760448277797
0.3370652344864786
0.351772182053465
0.3527034088993084
0.31169260465318754
0.29413634582351295
0.3320853788484226
0.32413889174210164
0.3392891708632754
0.32579518978660654
0.31570088807078944
0.32325415156019016
0.33138351693717627
0.3272596767525834
0.31910514356863834
0.35761626719548234
0.3189003712081665
0.3753574997004085
0.3269372547521025
0.3275755426815946
0.30632431492702417
0.339333402825123
0.33492338692453627
0.3364371618699546
0.3134009122098628
0.37994919501649804
0.38900311678403837
0.3165242015331597
0.3031919552008531
0.29720973050652566
0.3206823972139267
0.3236311932310309
0.33939638510327774
0.35141899956397976
0.3532015273723457
0.30611743375771083
0.2927119885689735
0.3307192633915178
0.32392595583927264
0.33980148091155266
0.32371760299607105
0.3142476593596847
0.3212212038505907
0.3271651587548823
0.3296697415364858
0.32349022597047306
0.3185371224402157
0.3522022091088221
0.3196286245109753
0.3393805453212522
0.37804765481507097
0.32768822979452333
0.32388877376546565
0.30258625461783945
0.341052477175888
0.33351748144365434
0.33623038757916895
0.3126599631284354
0.3140805539026283
0.37940388362877553
0.38864302943939105
0.31557956936694487
0.31083683626336645
0.2955019609293993
0.3193809649484112
0.3230869248382452
0.3379196643777173
0.35142178825355913
0.35189421993996406
0.3143602387455282
0.3338558519933106
0.3247780229008984
0.3211537797609468
0.31540168500024407
0.323795631026535
0.3289032517277036
0.32340904661992065
0.34903879234969937
0.3198072475436824
0.33957777976695547
0.37421027854513933
0.3274927084405284
0.32221830967871423
0.3035435891007143
0.34018346897337626
0.33511634153800535
0.3375836467826426
0.3114559333051575
0.3125620249270358
0.3893467794417114
0.3162344324101722
0.3067558760025352
0.29355372231372445
0.3211173823847968
0.34912891424748727
0.3587748641620086
0.36082743981011356
0.3085163603319542
0.3018121976772329
0.3422136410806783
0.3342736186906733
0.3449763861684412
0.33192080061158297
0.3232949541119334
0.33313887926909297
0.3344799142981016
0.3376162671758577
0.33234508444801464
0.32645228983200414
0.3647603950511823
0.330103136409943
0.3527642217188993
0.3822796397440072
0.3348433169214858
0.3308222302764989
0.3141258553856403
0.3463457773374584
0.34232375542735316
0.3487305316249104
0.31838078874476805
0.3920166883008243
0.39775078777892986
0.3210000956833279
0.3107850354212959
0.3057736325750166
0.3274959043788034
0.3339362561863949
0.3468798983928033
0.35735403348718525
0.3614845157787404
0.31845580282524966
0.29859754826602913
0.33690108446452427
0.3320710360677216
0.34688923783374304
0.3389055730454377
0.3258452141165267
0.3275028191813921
0.3275528948005746
0.339313915700722
0.32382629346071445
0.325064815883562
0.35620525865537617
0.3305298873999499
0.34566332110245995
0.3816162616046553
0.3330491549817052
0.3329387408407398
0.3132688743365508
0.3492431517809022
0.32022322419731475
0.32454685767256874
0.38765104210511797
0.32495083652498474
0.3096907533549683
0.304954775491045
0.3287259159113679
0.33019762160906657
0.34966967683206973
0.3582759721371229
0.3646513432416799
0.3098774547652405
0.30445967729668016
0.34214936749305397
0.33845685189942304
0.3475782969950037
0.32892790781860376
0.3251627187556443
0.3319918905582607
0.34009246039938446
0.32777511423080874
0.32658211116974256
0.36752470447060065
0.36198506152883847
0.38206323508862017
0.33036146603319294
0.3134053483920486
0.35046445824444233
0.3477499114158879
0.31436238548903955
0.38932650603087193
0.3960447624843099
0.3208160454804483
0.3096679113756535
0.3103144480446962
0.3285630884175158
0.3336452270172909
0.3404587194751991
0.3530972319002331
0.3269206343193136
0.30505726671475764
0.34442791920248367
0.33117339854162764
0.34910604255997035
0.33340375280428386
0.3350415902762888
0.33671133433536876
0.3383404892895959
0.3244135624140984
0.3527886578824757
0.3325723492640661
0.3461258520521677
0.38183623062338545
0.3329934898137109
0.3320042503781002
0.3143852719945754
0.34363699588811936
0.342695539182504
0.34045720391851964
0.32598455178204633
0.32262953652210913
0.3852888729264709
0.3950571492370937
0.3242142813866098
0.31744420400721796
