0.250000
0.232558
0.250000
0.255814
0.250000
0.250000
0.209302
0.250000
0.250000
0.232558
0.255814
0.250000
0.250000
0.209302
0.250000
0.209302
0.255814
0.209302
0.255814
0.250000
0.276163
0.250000
0.255814
0.276163
0.250000
0.255814
0.255814
0.255814
0.325581
0.287791
0.258721
0.279070
0.287791
0.255814
0.279070
0.255814
0.209302
0.255814
0.250000
0.232558
0.287791
0.255814
0.255814
0.250000
0.250000
0.255814
0.250000
0.250000
0.255814
0.255814
0.209302
0.250000
0.250000
0.250000
0.250000
0.226744
0.232558
0.255814
0.250000
0.209302
0.255814
0.209302
0.255814
0.226744
0.255814
0.279070
0.255814
0.250000
0.255814
0.255814
0.255814
0.255814
0.255814
0.255814
0.302326
0.276163
0.250000
0.276163
0.302326
0.255814
0.279070
0.255814
0.250000
0.255814
0.250000
0.287791
0.255814
0.250000
0.250000
0.226744
0.255814
0.255814
0.250000
0.255814
0.255814
0.255814
0.255814
0.250000
0.255814
0.209302
0.250000
0.255814
0.255814
0.250000
0.226744
0.250000
0.209302
0.250000
0.255814
0.226744
0.255814
0.226744
0.279070
0.255814
0.276163
0.255814
0.209302
0.255814
0.255814
0.255814
0.255814
0.325581
0.287791
0.258721
0.279070
0.302326
0.255814
0.255814
0.293605
0.255814
0.226744
0.255814
0.250000
0.287791
0.255814
0.250000
0.250000
0.209302
0.255814
0.255814
0.250000
0.255814
0.276163
0.255814
0.209302
0.250000
0.250000
0.255814
0.250000
0.250000
0.250000
0.226744
0.250000
0.226744
0.209302
0.255814
0.279070
0.255814
0.255814
0.279070
0.255814
0.255814
0.255814
0.255814
0.255814
0.255814
0.325581
0.302326
0.279070
0.276163
0.302326
0.255814
0.293605
0.255814
0.250000
0.276163
0.255814
0.250000
0.287791
0.255814
0.226744
0.255814
0.255814
0.226744
0.250000
0.255814
0.267442
0.255814
0.255814
0.209302
0.250000
0.250000
0.250000
0.255814
0.250000
0.255814
0.250000
0.226744
0.209302
0.255814
0.226744
0.255814
0.226744
0.255814
0.287791
0.250000
0.255814
0.255814
0.279070
0.255814
0.255814
0.255814
0.255814
0.255814
0.343023
0.302326
0.255814
0.258721
0.279070
0.302326
0.293605
0.255814
0.250000
0.255814
0.250000
0.250000
0.255814
0.255814
0.255814
0.325581
0.287791
0.255814
0.279070
0.232558
0.287791
0.255814
0.279070
0.255814
0.209302
0.255814
0.232558
0.287791
0.255814
0.250000
0.209302
0.232558
0.232558
0.255814
0.232558
0.255814
0.255814
0.250000
0.250000
0.209302
0.250000
0.250000
0.250000
0.250000
0.250000
0.209302
0.250000
0.250000
0.209302
0.255814
0.250000
0.209302
0.255814
0.209302
0.255814
0.276163
0.250000
0.255814
0.255814
0.255814
0.250000
0.209302
0.255814
0.255814
0.255814
0.325581
0.287791
0.255814
0.279070
0.302326
0.255814
0.279070
0.255814
0.255814
0.209302
0.255814
0.250000
0.287791
0.250000
0.232558
0.250000
0.255814
