0.3623132353538976
0.35296868233462075
0.34820415562777773
0.3669512056236768
0.3948397861798156
0.3914807240702239
0.3843844889520567
0.3495172421480801
0.3790375924732227
0.3561181534351814
0.36089536627429086
0.36120077416918295
0.37249662239844933
0.3557942828345759
0.36132373130380224
0.35734725715595733
0.36291754313687596
0.3439847025748709
0.35500532760125064
0.35982917893759503
0.3450688208658805
0.3888795389756957
0.3499258671874351
0.3500796115689093
0.3637650893170008
0.3568794383988233
0.37160519845028195
0.32818901399072414
0.40892594771102625
0.36438057354107967
0.3518175457999244
0.3494387643810825
0.35622038638649867
0.3628097819129432
0.4186043077966698
0.3620791654800326
0.3425521721839653
0.36208690319343817
0.35267562840987
0.3877984338603042
0.37052080504656815
0.4149695714158305
0.3941698281754408
0.3746966756055886
0.37389324498730747
0.3735188925007733
0.3712864486191251
0.3580467516798151
0.36133621303766206
0.35003781425655356
0.3331659124266716
0.35936520860520127
0.3588302722411068
0.377205842783382
0.34586064673859807
0.37419689071913365
0.3659160240101916
0.4131238683146433
0.36079065244489
0.36184546080147506
0.3496046593927855
0.3620143490546442
0.37156397754681986
0.32486470001206186
0.36252683201060265
0.3468867695172806
0.3583662193323426
0.3713119365044114
0.4201307732436771
0.34231535567741467
0.36876397999719546
0.3604066261034877
0.35058801260631944
0.36888001793060377
0.3715878420183556
0.35862128322226183
0.4150394344602733
0.36735928399437934
0.3501382501382033
0.36968909789114124
0.38565046846532614
0.3795538183855858
0.36396730891043627
0.3301417374798149
0.3833658306742529
0.34429312924232497
0.36639922652382817
0.3610370245363778
0.38983840966985867
0.37086824932387435
0.3463334274558919
0.3571546337261995
0.42587740488601855
0.36068415696201
0.4093453591144717
0.37951440609407266
0.415097626210135
0.3653862396212395
0.35052666657245596
0.3685989584500085
0.36643801999646974
0.3755681548664118
0.37754815050468166
0.37767155962538185
0.41080357919575017
0.40001205828726005
0.38970440656327043
0.3799608893062022
0.33827980074669994
0.3498962353967273
0.348249739304197
0.3592935172928956
0.4023915426822711
0.3195164564817814
0.36188872705831937
0.34830756306268734
0.35997852170209654
0.37063114994858315
0.36029689282553695
0.4144292178116846
0.3937499586570705
0.36905420629837626
0.3658419397675262
0.3633840276610343
0.38966941956551027
0.36672435617087384
0.39549145804784064
0.34997187276346803
0.38209047199872515
0.38336303919007075
0.343152682788342
0.3938461132511869
0.3524891872904901
0.3682668475247586
0.36589191756455897
0.36054880281204893
0.3545298178989901
0.38581368130822835
0.385134677855584
0.39140662366474976
0.367599429572698
0.342663079763153
0.3741797018878603
0.3607933271562894
0.3819995754644104
0.3765796024316855
0.3612400040802205
0.3563587940161661
0.3483214473871667
0.38514792935132425
0.3823623096081171
0.3616812764749453
0.3834136297239122
0.41125718557179664
0.36214627673268207
0.3845161367724562
0.3546794180249442
0.3530788503601332
0.3647624759403487
0.3575354135578813
0.34543114235158445
0.37036132711036074
0.37227602876382404
0.37437437988741673
0.35690309583509566
0.34849058862160653
0.35301945955990677
0.3544246826848173
0.39277816025182793
0.37565374138873653
0.4051673518921729
0.3955842470413985
0.3919965123194614
0.3699148879865709
0.37140508697568325
0.3617327757066798
0.3684465727899491
0.36164322562347717
0.3552341983527781
0.37113706657906653
0.36047080608061355
0.3464539809197623
0.37496053540933927
0.3670228385567058
0.3952188348090967
0.36544026263710694
0.3610113870013536
0.3858657648065781
0.3517299603382668
0.3609447366824274
0.38004573072775494
0.36946013632261576
0.36978440642066646
0.36472825253441726
0.3669718069011701
0.33268050177239583
0.3434294319961091
0.3777684879847353
0.35791020154369957
0.3501699349257732
0.3862991528235131
0.35150832742282834
0.4196922065401599
0.36452000690592024
0.36311211529262966
0.34109821279101404
0.3555448096419908
0.37947647659343553
0.41469137438174636
0.3694652342180047
0.4184889475492142
0.3609492523953958
0.37860629171168647
0.3696111598849614
0.3476334839980815
0.3627086505256466
0.3789651245825939
0.3841379362512184
0.35730371401132544
0.3525807645830536
0.35128213329683877
0.3718897367121624
0.35777517910977175
0.38558777127408367
0.37284667921518766
0.3606619210859933
0.365620508875388
0.3725491415570574
0.3596867408722438
0.3754341448273063
0.36392887701456694
0.36289632536491157
0.41203781712093823
0.40529752094633975
0.3837887915994104
0.38654951185849623
0.42095746285553254
0.3512612971141281
0.3444908400022598
0.3686622417339545
0.3554605538778231
0.3599169902079052
0.37262729843512865
