1.227965911115987
1.1434175707418606
1.1313310015899622
1.2296336832176638
1.1416448139483901
1.110407059879302
1.0934792757664396
1.206859826915319
1.1625969743173177
1.0771951373242687
1.2250928149796632
1.2023404190832323
1.0930522672887282
1.0395079314107933
1.1410549958245646
1.134768899896375
1.1547458284774992
0.9860049122699656
1.1660369678467182
1.238115736015972
1.1356706532001772
1.1893944754436885
1.2543448724384727
1.1647018442638606
1.1010267631415096
1.2057653828389545
1.211446612580286
1.191806151880842
