0.7662118436608221
0.6926257967610319
0.7796960270415679
0.7708401186041614
0.8308549965211651
0.8279063052368955
0.8336990389611746
0.6997173444424687
0.7712901734036691
0.7686996066113828
0.8143222241096137
0.8260893840944048
0.8364368061922396
0.8242241722378855
0.7792868608880951
0.780899335009387
0.7642964190789473
0.8256260485716584
0.7709997986053359
0.7693689325743811
0.7736926694290982
0.7586206541816548
0.7688882827585563
0.8311655355841663
0.8317366991196956
0.761589049648556
0.7660283726347744
0.821580761638637
0.8204440288658224
0.7630009422671306
0.7731961296709258
0.7855750725093966
0.8162022983536965
0.7764964855092386
0.7011929767146117
0.7031389490478416
0.7646344532008261
0.8301910245762547
0.8250718149215366
0.7572260872068813
0.6974055656776676
0.7619249797846783
0.7681707143965896
0.8422120879790801
0.8258667574042817
0.7686045012121803
0.7760319605698259
0.8160183389112832
0.8365116785450047
0.6983103040651202
0.7716832621921814
0.7714254294318714
0.7634972149274108
0.8253651982872967
0.8313568230769215
0.7708581886751568
0.7635847367454986
0.8296183739691778
0.8319586370258759
0.8335971688240162
0.7803911140957915
0.7003129067843997
0.8166771462405151
0.8225032266197357
0.7031071788091786
0.7007611286784668
0.714976045273372
0.7658049880870547
0.8378109664662028
0.8107440159348434
0.7989802417486581
0.8301186975378181
0.7732635303171076
0.7643928154955303
0.7645494429393138
0.8305610533134036
0.8145104594670795
0.7784927233900955
0.779227539965349
0.7727801758089752
0.8212289169716289
0.7727620212926074
0.7923965036961184
0.7718259930691092
0.7839553230863749
0.83061426627932
0.7594647517725347
0.8205633132854387
0.7696615584259991
0.7661501109125601
0.7859793070372049
0.8184666114006623
0.838351943874629
0.8212820851892384
0.7835046359265763
0.7869117705120803
0.8295185932673804
0.7755442874293798
0.7685317145953466
0.8335118781411099
0.7769269039624238
0.710705857724198
0.707684853409303
0.7758099031615278
0.7831636715633886
0.8261177178886443
0.828348637638598
0.8225323006283779
0.7568844629418734
0.8169939026018624
0.7766073723596377
0.7662131833790232
0.8196312796983791
0.8253421318290419
0.8130471719066025
0.7672537966301878
0.7719592340010062
0.7813436714299797
0.8274670205738102
0.7804489516841702
0.8243534168553108
0.7675963661182792
0.7679482398639793
0.7772358203009675
0.7786194637244835
0.8350475693966302
0.7794226403039272
0.7834040183457026
0.7693724820652157
0.8349512790942237
0.8222487902283037
0.7627877335046587
0.7900121800070354
0.768837554862276
0.8164222074963299
0.8240530738426817
0.6949799946037006
0.7153596324762528
0.8138161907894721
0.8268945733522878
0.7883222831708011
0.8249492589958113
0.7589529223439698
0.820201109219521
0.7707008389919442
0.7950522541968298
0.7604964843404081
0.7650254524682949
0.8197458330359418
0.8286026209151125
0.7786720249923558
0.8237312280384095
0.7689642324550012
0.7930679355622073
0.8342992768267704
0.784910826337719
0.6909659595276585
0.7625170966540854
0.7695511670803041
0.8131696471494496
0.8254897530022738
0.7626885309818319
0.821244644352451
0.7749417763043006
0.7621722745078576
0.8226385044459645
0.8425163865396007
0.8302954769309011
0.7812866905397587
0.774825407436629
0.8344827268318865
0.8247195427864263
0.7699117948509857
0.821075173023624
0.7063248346512166
0.7700541126028425
0.7636231640067024
0.8320681969673043
0.8186414227652583
0.8143986674094154
0.7632436235543253
0.7200812828653609
0.7013368809805973
0.7706934229696568
0.7728222539069474
0.8126269409383541
0.7034715782466262
0.8311407679610046
0.783480033623526
0.7810270472598704
0.8236890441360544
0.8294445580273532
0.7749957790183747
0.7646927836849198
0.8089382755088024
0.7640681538196803
0.829475176938725
0.6923873444119497
0.7708540390971066
0.7725675214339714
0.7741163131810893
0.8187797511048452
0.8131032296967362
0.7657459359944399
0.8129161219535799
0.8262781147159917
0.699656261537411
0.7882080669064732
0.763189220948523
0.7081355078692582
0.8368043425076402
0.8230112370884367
0.7766687730130687
0.6995147213185191
0.7006763685369036
0.7758099666908495
0.7575419245921444
0.7607210782470353
0.8274904912424447
0.8262001429333871
0.8156846495005785
0.7003036991553218
0.7613887223163677
0.7668857988362686
0.8232475781697374
0.8225882381952484
0.8293059129240261
0.7655483391752744
0.7772517471747017
0.7925762051427439
0.7643362339200409
0.8076679273686742
0.6987863020774505
0.7862159150298638
0.8282429178305281
0.8260748563286946
0.7828933828172241
0.821665558379132
0.763567389141822
0.706182112957845
0.8117063911942629
0.8224382194729847
0.7628350749409852
