0.794708553815415
0.8013535084501178
0.8333697504879253
0.8341366920059673
0.8216250304418125
0.8166932465729668
0.7707102431324783
0.8528835672407878
0.8324166745537167
0.8451142734199926
0.8851599876389021
0.8230303594384097
0.8303978552099573
0.8424854609292733
0.8218645287977903
0.8405139466791045
0.8317769472222223
0.8284028667556487
0.7876637356268014
0.8180146254841482
0.8517610834411306
0.8666645177840601
0.7628464946674146
0.7806010263958043
0.8335737203257014
0.8228450547244444
0.8448848253139969
0.7798739537608801
0.8248554820587882
0.8353761155807443
0.86121468428309
0.8431316691003575
0.8344312625914027
0.781105195824028
0.7867795467132378
0.835075869433986
0.8405494172745405
0.8195314998910959
0.839090159721933
0.8237047990749602
0.784949831364542
0.8417304631491496
0.8672128388937671
0.8377800988244585
0.8613521975305739
0.8554801444301955
0.8391549332572983
0.8596543202296438
0.8514993036721747
0.8250669714935941
0.8581956783993523
0.8259359477321606
0.8217947361112847
0.851367400085272
0.7879385336006114
0.8622668953222872
0.8448820998883444
0.8647883308223407
0.835977911748169
0.8364200028471674
0.8407327420170584
0.8473704043109199
0.8280115440279524
0.7774130158209728
0.8405295076479014
0.8309583690255221
0.8871570003862809
0.8361000915180643
0.7791062021806969
0.7602827096328432
0.8344891683068958
0.8172415066575841
0.8376736359332713
0.8626706614140154
0.8301588055843006
0.7734493267001507
0.8485967170057456
0.844546410862739
0.8569726299778517
0.8627452942772273
0.8539081543631885
0.8589294256303326
0.8395494188279146
0.8287769745329748
0.8329532404786205
0.8180133019347853
0.8346219052402347
0.82260051517007
0.7935146233216497
0.8546692199573117
0.8470000873103855
0.8437587822660202
0.82140861575249
0.8308212022961801
0.8273673202441257
0.8492068042269967
0.8425538873619303
0.8643086674040359
0.8683146156389951
0.839525836658773
0.8795807081226171
0.8429051910117192
0.8527792608486491
0.8441323330325531
0.8502309704526315
0.8299648586741982
0.83226886203566
0.8054507086266157
0.8541303142209593
0.779493090393998
0.8452677658942165
0.8292307046859245
0.8387624601298803
0.8266050397274133
0.8295171153882873
0.8454722887275703
0.8170447736517288
0.8261566579394741
0.8368726736605736
0.8259915957400498
0.8336172167353173
0.7864800878595933
0.8703785522558715
0.891697571663092
0.8504415840181107
0.8475754029833575
0.8480273819632247
0.8419366151090106
0.8275775182826068
0.8019874506427461
0.8400815934421626
0.7678883105036909
0.8390354292131023
0.8460078462483215
0.8897694777082199
0.8243424874852977
0.834190412792614
0.8497707164079505
0.841429554041184
0.8249153248549088
0.8241874281053234
0.8188487204131538
0.799996687729317
0.846258901702749
0.8498175813504436
0.8318899104042917
0.847140232860854
0.8440855811555785
0.8331600440420768
0.855104951016211
0.841349399928732
0.8297729304980498
0.8306571349404933
0.8231680382589752
0.7889540543207554
0.8237001857199153
0.833666358465738
0.833159798576567
0.8382821432591848
0.8296539935868914
0.8412037080118648
0.7885300603515211
0.835700508491706
0.8828948666581831
0.8325937975187068
0.8470548956202566
0.7741544299262241
0.7985395497978758
0.7892527436552289
0.7995062181242015
0.8523896010157055
0.8575235354545551
0.797618591818133
0.7823360374431906
0.7827595187144145
0.839097934245761
0.8671752242067102
0.8408274984252181
0.8220596807894434
0.8268318638501873
0.8072637010515216
0.7756913061276043
0.8299245804306163
0.871182675191421
0.8488255358701371
0.8260488581639515
0.8296943989334729
0.841635305824444
0.8475063429602864
0.8249213726355434
0.8340806192490793
0.8363741306281448
0.8427920189459829
0.8270069482419629
0.7815490366452716
0.8386826574938937
0.8530726731110465
0.8636177862415408
0.8308105464726038
0.7873382809477815
0.8280379573646779
0.8220845972817539
0.7728189712768757
0.8415416208107918
0.7880077069955695
0.8355563017260321
0.8578137428539514
0.8660368143220126
0.8476382550041466
0.7948423398445594
0.8298484435155427
0.8367032538506958
0.7823842195824691
0.8404707114463715
0.8214980206719121
0.8269019248259935
0.7692450795514151
0.7812191559503686
0.8447862183402545
0.8509353029437635
0.8429111052820675
0.8279197190730981
0.8333322949407302
0.832149691678078
0.8399935989396714
0.841501342758552
0.8619083184829188
0.8310704147880236
0.8387394746123004
0.7839564392578702
0.8404552176469027
0.9055904471483952
0.7925524308999272
0.8335504569893679
0.842382046503357
0.8545447254391006
0.8293257055873516
0.7778101323830288
0.7777341018555278
0.8487118610367108
0.8494515352933781
0.8354205929358289
0.8451710981496731
