0.4324057289169296
0.3586638210200927
0.34209968860759493
0.4309071346460884
0.8474130031979601
0.5141907219868107
0.3695634228641672
0.3357129534464092
0.3747956403269755
0.45242216610169494
0.3267966589595376
0.44610254290843804
0.29438818003965633
0.3681978221013261
0.26579068997669
0.5807175103841206
0.31356427429822814
0.5488470105263158
0.334741231372549
0.4831826694464415
0.3392815432703003
0.32737952012329374
0.40833233045822104
0.4577148825526138
0.449818262184874
0.3703287000306655
0.4485036280373832
0.39014854110097946
0.38385632804232805
