0.509192873884028
0.45553077112546886
0.6833335600062483
0.5867174803614602
0.6261049832519929
0.7027556412233241
0.6034767808882401
0.7437466626917689
0.7728709344956646
0.7069562675314949
0.6723334272084595
0.631185893187369
0.7728989976136346
0.840744353849835
0.8536415556103456
0.6404502875523701
0.6929590537694149
0.8150972656319152
0.6215396609640638
0.7906799741341725
0.6356253410868643
0.6504274449561601
0.7390194737588378
0.638477558016981
0.5733770995104024
0.5819653388643864
0.802679605376388
0.6085022960370948
0.640998526350537
0.5555223839203459
0.6496126748282737
0.5369373777828608
0.5174457906940573
0.5603358148094261
0.6887574868446588
0.46898116508351473
0.5200539373449684
0.6995387220353518
0.44145273395845314
0.620562354093023
0.7641414706974974
