0.6986467358633077
0.5442319078213224
0.7083964562290165
0.624884393161235
0.7496222721428103
0.6295046622399111
0.6502553679138895
0.8392372679604698
0.48079911430058614
0.7128365726667482
0.6258985221262495
0.5358450560644811
0.7665861028047292
0.5963627089249615
0.6777686229111065
0.47852133437486255
0.6063206702429716
0.6826984388255909
0.7681593498667962
0.5711357215659139
0.6251235102742398
0.8452032477666086
0.693854831212699
0.6335303663707385
0.4827003501086
0.7412351904837184
0.6418682716461452
0.6472886896583633
0.662845504717811
0.5832079418287839
0.7574691724860414
0.8159073715831048
0.8915201766911517
0.6236107197262891
0.5543197317574708
0.678553209819649
0.6336820173611983
0.8169160831071323
0.8000127970717452
0.5134722679323958
0.7864475563469374
0.6153110303540209
0.6393864574338791
0.7783405530405764
0.6300598636346469
0.7807476034850611
0.8100734337698187
0.8563862072436043
0.6304302987030433
0.6866384180595818
0.6505450806229456
0.7622691202358446
0.5646132399572982
0.6848248682347723
0.6352013306983088
0.8051330377487458
0.6115201151118032
0.8295432950037033
0.6415135880673526
0.7853094830960353
0.8539576703685098
0.6012316359996964
0.8446095427601297
0.8422606284838992
0.6389733358467597
0.6058836054426614
0.7708751403661634
0.6900604164144818
0.8525720879682127
0.69815387868753
0.6233397462774322
0.8202184290211921
0.4976514453628877
0.6394715763188243
0.5364230842673737
0.6399903026015261
0.6871022999816172
0.5883664554828152
0.7659603949680628
0.6421611396137024
0.5705803625098602
0.5950322996014576
0.7616848587263808
0.6085152173300507
0.5207674816676168
0.6385896269662855
0.4641890696505342
0.6359720345717529
0.5859561515228575
0.6749358363743199
0.609701847739122
0.6222349582506904
0.8939446585552968
0.450108724653624
0.671514620897118
0.799301153922984
0.681649712776627
0.6549635315784093
0.7528739909650627
0.6151192648329179
0.7073748152197015
0.5277901700842754
0.7078157782715042
0.6598196862924489
0.658811218855727
0.8128516863887265
0.5799117736055294
0.5644940913470131
0.6554182197901917
0.8568008604556296
1.0711294585089683
0.7250240427523205
0.7818938213700879
0.6206730661356025
0.5851131781115433
0.6954509625836105
0.7884949021268826
0.47109771997077243
0.5235154420264723
0.5928690729415111
0.7347077013803616
0.6695982499923857
0.8886607825133447
0.7947945833635173
1.0581522736281896
0.6463738881882697
0.5711836619488282
0.5050359899265262
0.8131870885793944
0.830531539195042
0.7083834843567169
0.864017889861241
0.7439762445052506
0.7961492922603144
0.7944610331737492
0.604634786967178
0.6058794901054583
0.5577127699128734
0.6095184639717872
0.698061579853865
0.6476582833140665
0.9200911281291532
0.8851586693578729
0.48736647946395056
0.7991618834321259
0.9115599266869703
0.5979712707407762
0.5378427854089267
0.7274285202514345
0.9444293863294212
0.5977893546646194
0.7286770531502466
0.8631773248820587
0.6565770838850561
0.7228456310655359
0.6446067023961461
0.7461771503774021
1.0099231032497058
0.7746020503927807
0.5265840335393163
0.5490170230018117
0.6137525641816397
0.5305226283163132
0.6632606588246015
0.6152080035886149
0.701984809559636
0.7464447643393699
0.8066498176099791
0.7815473456471088
0.5666653039940379
0.609264090717221
0.6240562359931896
0.6968206154533952
0.8383144408380588
0.6642023831049255
0.6280470557905842
0.7931585964327807
0.721203632251575
0.7596989031735302
0.6614346372660624
0.6120893233566884
0.5601738073491136
0.5075464058020601
0.7156868668703483
0.7331539017817795
0.5170250911474933
0.7432228934705767
0.6424359035593019
0.9239253046894274
0.6322845123946867
0.5554662381000902
0.6164061868164757
0.797290950171044
0.7623123620737912
0.8096606655044181
0.8418545163335078
0.803356989141221
0.5380538683559276
0.6970506665308891
0.6666660936856288
0.687465741638983
0.7113726489945509
0.6379267386040195
0.756540820444075
0.6082510025824941
0.5114251196758046
0.6963782409665127
0.7058927312090273
0.507316626970113
0.6497156883553975
0.5416336800604622
1.002588778811952
0.5990459272047404
0.614990174797172
0.8880281187941845
0.7942596994316933
0.7659298440245712
0.66789565884814
0.758316443290611
0.7122198976394586
0.8840147435005921
0.7061810918843854
0.6607389419170637
0.5478741595782719
0.46993075067336
0.8298405484029822
0.7848162863290002
0.8290169399525261
0.8959095943502552
0.7699011576155274
0.8170733962024427
0.6843466035426437
0.6599816859607208
0.6869939432492935
0.7833238746197255
0.6600369732351884
0.6802461436560623
0.7305528564710589
0.5649185779144136
0.8275761882694168
0.48506546393936056
0.7852964196607268
0.7155787395505482
0.5304341559846769
0.6587471970454538
0.6204058068206819
0.49564533848022435
0.7424773804636918
0.5089836783953082
0.5230980211474583
0.7146913666731127
0.7096371244958819
0.6509722547647325
0.5212966639220314
0.7816805553954709
0.6540651458394086
0.5938584745434131
0.4768834206898029
0.6321538381321605
0.815024598841687
0.6388612050252104
0.829023825475389
0.6033933651156699
0.6350028209327333
0.8567899106869867
0.590039603700883
0.7325515163167253
0.5953414360998346
0.4463430079349402
0.6185192012993272
0.6852958765778207
0.6729027801727557
0.48324949917106397
1.0548288510213764
0.6806329669611
0.6223518858841001
0.7287896252932183
0.48949238966185404
0.5924054126445925
0.6164415576071591
0.5790250417845275
0.8595304857532395
0.6063632978289298
0.660195786934872
0.4545724741613346
0.8041475542321654
1.0934071405129757
0.6126811346758262
0.7708548792289154
0.8353929165795069
0.6870258744430789
0.5584202553872628
0.8707233550694837
0.8081583396092495
0.8478120266594409
0.651066155931629
