0.8754857290371715
0.753307408070017
0.7994024315981794
0.7875761769381966
0.7670387248969459
0.7829254699277791
0.8179337368030998
0.8679122706551492
0.7744819334962898
0.8834813938850865
0.7694788840096609
0.6971890007575483
0.7754465016363727
0.750451805001453
0.7769422483207157
0.6305271855266292
0.8828045645832823
0.6968668151531779
0.7913628264030892
0.849969399904146
0.834842409461932
0.7364916238131846
0.7867503080980869
0.7389037579180389
0.8346486378551963
0.6665931457300965
0.8128549038456631
0.8449300879190156
0.7608761659320797
0.7263764513740635
0.9399302520361679
0.8660187045334321
0.7590351048845759
0.7983109541359867
0.785072086287689
0.812688670253453
0.7620853624334901
0.8069429759309793
0.7863801215622541
0.8505441384888763
0.7228306064604255
0.7946720201124036
0.7675830334288068
0.7796635252948534
0.6215534296270222
0.8910278905811706
0.6898416083416695
0.792110705259168
0.8407907135031665
0.8254220627215689
0.7704627650810245
0.7835806138173775
0.767466321232839
0.7382234920281441
0.8539948449363353
0.6379288404254533
0.8075651922667633
0.8137709732265219
0.8446935074442539
0.6989320348724868
0.7200243750229405
0.9276730834724096
0.8502066954780327
0.746862728404295
0.8050638378584769
0.7873365233616698
0.7630247558671336
0.7694498433930169
0.8097211066303343
0.8548358622044148
0.7800638730013117
0.8640771691697656
0.781863475894649
0.6933068633609007
0.7852132957600555
0.7617865382851877
0.7759155326389993
0.619770088555433
0.8871804781599559
0.6951703094769013
0.784678933716088
0.8506916944496145
0.8360366369995169
0.7560051560544956
0.778037526936278
0.7984460274792884
0.7436020602117639
0.8118115767459514
0.8453880158331935
0.7563772034305258
0.7292581456491393
0.9365723372411444
0.886377538147014
0.7828721585367147
0.8277090856234501
0.831288470519133
0.8008652351437371
0.8413163510842621
0.8831742522372288
0.8317524235260406
0.8559451666467289
0.733659601516356
0.8029075444226084
0.8188818434243182
0.8260811396620171
0.6520324499862395
0.9083313461532372
0.7008328981323899
0.8272008633064238
0.8622173915670959
0.8424288282273595
0.7913346362856393
0.8063542189526636
0.7770159018210554
0.849939679633029
0.6730977352592986
0.8238603781247319
0.8721989003048901
0.7055297170254589
0.9366032935967263
0.8613488370802859
0.7669636090215946
0.8482258121878461
0.8153338774544385
0.7974665155865253
0.8395865431709673
0.8931167843368816
0.8202761738653226
0.8699542214556191
0.7983617752396801
0.7301879340102982
0.8179001207459052
0.7836674377348225
0.8333598981421946
0.6381555367174474
0.893815022952032
0.7237268152455567
0.8432581610490246
0.8617042688111742
0.8459732008743449
0.7859602857027541
0.8515910250244995
0.7947305524951115
0.767389619690422
0.8701376768144508
0.6921071813164756
0.8291563717489303
0.8165187871517915
0.8858058480002704
0.7250678345705928
0.7687532411138585
0.7795965842363308
0.8346501997368815
0.8575140207240612
0.7781637116307305
0.8256880562827903
0.8872579562002076
0.8487066351476278
0.7997129752160198
0.7325753380061885
0.8047961428585436
0.80184937097258
0.8014156082742063
0.6596632821257864
0.8976817924081534
0.8697086633302638
0.8457772871268563
0.7830119840525562
0.7914408389411305
0.7870612559684145
0.7777636071101814
0.8408036456514223
0.6772611469000485
0.822187637631976
0.7188779264964493
0.7600413250064038
0.9155105066221991
0.8923757458982329
0.7674815767941346
0.8428243289188269
0.8183373344497423
0.8192801207953762
0.8029743302109467
0.8277894082818688
0.874746503105708
0.8359413133991601
0.8674993867813452
0.7975476915612254
0.815803876709726
0.7782460051266065
0.8136390654056228
0.6435545263383255
0.8843572468155065
0.7291214442962951
0.8396694620949439
0.8777107720089341
0.8650311429879355
0.837031182361763
0.8034500195136802
0.7742022621696428
0.8649974006665353
0.6780082458921998
0.8655868231160138
0.8335812966716555
0.8879145106919435
0.7408263030338639
0.7757824707119567
