0.3965327608200176
0.31939826790852216
0.47197529101988217
0.33457300950603625
0.5311258588834891
0.4443711577789917
0.38756988172931117
0.3580297152582637
0.44333617210323206
0.4169843131437666
0.49656692454455736
0.628673547905441
0.49232231271692306
0.5220596365143929
0.6006033071670254
0.445066970546689
0.548664135262918
0.41469480316675633
0.5928639463108643
0.5265343692614962
0.561085102757983
0.6180014227538171
0.2942994936737572
0.3015910880318685
0.4802922517324806
0.7129690243301636
0.3784093922202306
0.2748970210237235
0.37242697375158806
0.536264398742424
0.3291220564670443
0.5675046836745994
0.3145789762316981
0.47117950366983913
0.4051231709705981
0.2735626224576583
0.312578047008796
0.605309725725949
0.2394567872985433
0.5399920923489898
0.43366400191633236
