1.3038506423868828
1.1832699497772838
1.2255184060753148
1.2145072597409083
1.1533041155983985
1.1719499848372343
1.2357650500317867
1.3016308893939503
1.206183773951482
1.346320787532498
1.1977145869208095
1.0957254338526534
1.20759498010625
1.180264217459897
1.1585598027498416
1.0590867347401633
1.2932839887147152
1.0847504171505766
1.2152761616224157
1.3123707767563053
1.2544687271305768
1.1309525727382015
1.219611064074932
1.1772520771441362
1.2588152707652527
1.0726857412636732
1.2847211605036895
1.2908089907023856
1.1459131164017333
1.1188827544253404
1.3529365941949796
1.2768375943581287
1.1884168240376651
1.2245512077848246
1.2123880956301138
1.192204583845922
1.1544519747487814
1.2273018624436722
1.2332047979519682
1.3006311388121086
1.1613923255750587
1.2234864650008266
1.1945193009926718
1.1607746198946323
1.032359702470594
1.2998507219463722
1.0788147409908824
1.216233965029073
1.3048466912376397
1.2465705278931838
1.1461081246975615
1.1686169962352717
1.2033205174681572
1.1769088538774284
1.2738245714574075
1.0497656699089315
1.1780578183186872
1.2853984779243754
1.2907574217686233
1.0945571103104126
1.1132389825814388
1.342464200302361
1.2642380442146817
1.178543012739236
1.2301747511366652
1.2143047777242464
1.1505967489256674
1.1608522385391988
1.2293955110386523
1.272359632219632
1.2100510596911631
1.3113527448868671
1.2084405976590538
1.0929149838258339
1.2155602730541293
1.1896643961623348
1.1577407115283096
1.0312148505376193
1.2968795023547202
1.083293364212671
1.2102062408507868
1.3132274994364683
1.2552576631284318
1.1346581992744256
1.164387407125021
1.2229250893172514
1.1814232452994409
1.2838886085101018
1.2912761252042546
1.1425044653587912
1.121230867712947
1.3501860601687952
1.2926251703588791
1.2059219114696342
1.24655533453079
1.2668789036932222
1.1854793498289757
1.2606838266131204
1.294110781268059
1.2819767476694244
1.3227526708693411
1.1756310300253006
1.228724939867996
1.2414357566017944
1.2486759553928315
1.0558150188418678
1.3130211445358446
1.0996236079515256
1.2483665391187995
1.3215746952452476
1.2591846785992662
1.1751661935845141
1.1850148344759825
1.206196306354933
1.2690024989952002
1.0770406089516193
1.1904190837528072
1.330055401814539
1.099547713146216
1.3502675729222193
1.271748596797679
1.1930526651618878
1.2573865831525175
1.235351984050573
1.1828978134872914
1.259710396191928
1.3214532686330465
1.272504126718689
1.3342516111922507
1.220337543840125
1.1666021797037303
1.2417241981443292
1.2120698302847535
1.2546403788301916
1.0446391484071051
1.3021426070940112
1.1188773102262435
1.2620118139620895
1.3209327024478212
1.2622584893625854
1.1703768722508991
1.2226636036558347
1.2245022201819262
1.1983906668284288
1.2861231530669164
1.0931780704574823
1.1946346703832496
1.28680831540147
1.3412642498761003
1.11594029026717
1.1528056377947622
1.2025807152653354
1.2503970892601883
1.2269834859883928
1.1664180351440012
1.2474875489176034
1.328484691062774
1.3146201001952083
1.2209741815114605
1.174883086567788
1.2297590543095334
1.2266739388838113
1.2282053013188965
1.0612446011273358
1.3036681409350446
1.3272501670942343
1.2932272636217466
1.1677877419489646
1.1716501388395415
1.2171815884168418
1.2064105537243197
1.2608016612035122
1.0798700835486394
1.1951575329240731
1.1100667772887127
1.1447549066332516
1.333879415753426
1.328801153676725
1.1994330424874398
1.2588400070272765
1.2559623676271996
1.1947939102727625
1.1871049182134361
1.2496758314165628
1.305785012448222
1.3037845512673927
1.3324997536525496
1.2252028112124698
1.2395013344731507
1.2073533281765803
1.1941364518033921
1.0483724066622728
1.2941911793238052
1.1230317541735162
1.2585333361757458
1.3840340601271683
1.2970311476346947
1.2099201215745086
1.2314415500252796
1.2037460201281307
1.2814124965017046
1.0812786623705006
1.2309791957611802
1.3008941757658623
1.3424216064165164
1.128712337944906
1.1580274276975688
