0.3721132572421784
0.4063476072796935
0.38684830945163956
0.3687472700067249
0.38909173758865245
0.3375921513460276
0.32386899524940616
0.34902047427371363
0.357271202443281
0.3210692572711302
0.307916976075106
0.3875746094986807
0.46004516175860644
0.3850726578145407
0.42256995311167944
0.42756316901408453
0.3897267278911565
0.2960164814814815
0.48440666703786195
0.3864540085470085
0.3729281777378815
0.39580918249534447
0.33533184763572677
0.3071017639825466
0.3137114901777362
0.3491972889305816
0.42082878794955625
0.6230330325639459
0.3068655296889727
0.3620757178339673
0.44154924189455874
0.31665607475943747
0.5289083649635036
0.3563717507916403
0.3065925500631427
0.3438106666666667
0.3626704387144992
0.3144176291079812
0.4038931081081081
0.3539956469673406
0.4914115479138883
0.35012387370242215
0.36748983153638815
0.6394951676098429
0.366672502511989
0.396756130261661
0.33276644104803493
0.4529292659153815
0.4285787966483594
0.36837417775090686
0.35684317021276596
0.3289254141461144
0.2620057868284229
0.3079023469387755
0.4592655449101796
0.38422526548672564
0.375009063895957
0.29634921105527634
0.293193213878152
0.4628412330623306
0.3916319245107176
0.5136803760345449
0.31697642392909897
0.3105487299824664
0.32782819629466253
0.4322972982160888
0.4239668723310588
0.37697144906444907
0.40007406470197204
0.3249242656765676
0.40188192462845007
0.3214688422391857
0.34010458064516125
0.4247764414799004
0.3451847175141243
0.3713040337423313
0.33274353488839736
0.33972153552653894
0.2997904239369136
0.2945178178694158
0.37323997427101197
0.33649181740904455
0.37332525239338554
0.3838229797926084
0.2823562851405622
0.2668953909891248
0.35959391334894614
0.3519928114186851
0.31428870974155065
0.29784919653179187
0.3669714168354715
0.3494816728495247
0.33860907407407403
0.40965604942965783
0.3235829953902889
0.36239783407243165
0.33586946963123643
0.3952719393605292
0.33706561194739343
0.47814799398797597
0.3691835533656762
0.32138274914244447
0.42950387379739674
0.3314657756463719
0.3148517902152208
0.3763506898698359
0.3540073113772455
0.2626300864965775
0.5164135080572152
0.3661674141323793
0.3111669976014391
0.526990205882353
0.6346610325639459
0.3097321476510067
0.4751811405030355
0.2986559784437434
0.3727960043397396
0.37706086618068213
0.40538185598377285
0.4450150887616321
0.3048505127081508
0.45089499050086357
0.3230938843405313
0.3821442881355932
0.4675254744458692
0.3813540024825096
0.35719899444701525
0.3970765844375529
0.38236833509583606
0.3769620801354402
0.34075953733189057
0.32568874525745256
0.34912721821420617
0.46865490457769177
0.40161178431372546
0.4071282441942293
0.4017196330275229
0.46201370294036825
0.34239767431850787
0.36921483199285077
0.3747569617414248
0.44849513319869205
0.39076414285714284
0.37259726548672567
0.36930856822019587
0.34305409660263536
0.36828949640287767
0.6305070515235298
0.4675651636932131
0.3162745182872435
0.2804036261808367
0.37423430814262904
0.3200394422843256
0.6306643844658237
0.6320517804743779
0.36283734812809043
0.3719555826573967
0.29445976060191514
0.35119106301456615
0.34812469804474905
0.3833711888842457
0.44630152843772497
0.305610781076889
0.31643543223052295
0.3604652209302326
0.2862397754318618
0.45028213933138883
0.3704884878655881
0.35592551072780815
0.32928846687211094
0.5101368931952134
0.30475802586975914
0.3191891657309679
0.42454652884115707
0.39043632394966943
0.4489391485826002
0.32444432424916575
0.41381722443890273
0.35569375282714055
0.35651271348314606
0.3649445463215259
0.3459220352716873
0.41191626998841246
0.42220664484356896
0.5002251588460837
0.3821676129666012
0.3567815055735347
0.31721621052631577
0.4239973241241477
0.3551674991429551
0.3161323826020015
0.3934487697105201
0.3410801522911051
0.3823283619246862
0.2831701578947368
0.333893135731807
0.3362688771565844
0.29534107283382166
0.6230197519987251
0.3479659133489461
0.3272155463762674
0.411298615689382
0.2967142572533849
0.39842748181083265
0.3918782089337176
0.30275009582215406
0.33583393740024825
0.36409341699198683
0.3501116167569289
0.3493503771565844
0.32853233479105926
0.3783311601628775
0.29988777610743633
