0.8696004706841326
0.9572436512878719
0.9826540936226494
0.902785511330715
0.8305747431109106
0.8119136582413871
0.7131051928697532
0.8898253621223798
0.7182968767220403
0.8417740804164817
0.7850691530650924
0.7288655466878202
0.7870025171403885
0.7214644761971611
0.8357595098181833
0.661332354401982
0.7939378327903629
0.7109941740441073
0.9387963801161187
0.7496121661590218
0.8322251484947355
0.8319615779950261
0.8070144592108168
0.8661285643625136
0.8348069688467468
0.7904434519817914
0.8638473343085509
0.8967847876255881
0.9904920992019496
0.8989092550469193
0.8426318288794011
0.9764470922869062
1.0282533390194637
0.8532277400288192
0.8202603697494119
0.8331246728892149
0.7338095487262954
0.9258175204445362
0.8585863695827897
0.7900227976243838
0.9278668580206628
0.768030333777548
0.9859361016519731
0.8888375832153662
0.777938573433068
0.8341814980394534
1.002263698070442
1.0003850426258196
0.8928744831870855
0.7930889742017854
0.673627089811635
0.7866062525842861
0.8378695897140506
0.8737619691586999
0.8140022932138564
0.6947835549095076
0.829104338069072
0.8727234341064732
0.798246262813766
0.95023359735565
0.9773098685830095
0.772088086683797
0.9080537558092516
0.8062257593380997
0.8721391768208435
0.8283604241537241
0.7969664483065201
0.775877119906499
0.9302274770409292
0.8566921997421759
0.8859756080163002
0.9588100384786648
0.8426011970087462
0.8776823745694492
0.8648151135151362
1.0120346347889684
0.8787019686794934
0.9125344186787209
1.0122469887181398
0.777459333494403
0.8088413600190262
0.7905903397478231
0.8884043293027141
0.8657121026646605
0.861625577936719
0.9159382133999154
0.8534829160743915
0.8825127801481267
0.7651133999023583
0.9413219960140269
0.8038901232767759
0.8460161959864633
0.9305106295907715
0.7008529407612342
0.8758712287939816
1.0215405151649406
0.8914293006950009
0.9845774031526899
0.8198787803569959
0.7253732619458865
0.9521908797739811
0.8710449149748133
0.9199619086743616
0.9054600622481505
0.7241194914284553
0.7792100002559906
0.7866205157190708
0.7535251038728232
0.8622004924303616
0.9428046283106174
0.8631193254900767
0.7501552914066255
0.9037018110507327
0.7577670951307698
0.867186334442207
0.996689090276796
0.8003499120565649
0.7457443250100066
0.9652248575486432
0.7697759664427051
0.822720277455594
1.1235525317929183
0.9862529047296441
0.8153250212687102
0.9399278962590327
0.8468669339892224
0.7428285359886284
0.7532904735538571
0.9897889702798967
0.8332069779934099
0.7328862398161206
1.0582946739374186
0.8033929484969552
0.9633440922214294
0.8141771872115777
1.0247391637291787
0.9638491573104153
0.67819584534473
0.7815691109788574
0.8231270363663805
0.7579794700266888
0.8449006027258544
0.9101926282031428
0.8336989918197969
0.8511432127607016
0.8394501315384494
0.7797973268759962
0.6931166135320257
0.8617711813149043
0.9789352795953279
0.8293385753108564
0.8530415063645428
0.8231432074166534
0.8874706613569415
0.7500576184976553
0.77472546643286
0.8572491341923941
0.9292254379035662
0.8051958975033052
0.8523789959239783
0.8431919151038859
0.8531285698181421
0.9194887499077711
0.8541597676765436
0.8391604779743016
0.8318351506623752
0.9728479769597924
0.9279332799197699
0.8946428392241849
0.9255285373297055
0.9323608896416062
0.8641083331446854
0.9375661550617446
0.9107629184130974
0.7379762579292842
0.8129848380405881
0.8388435840609851
0.7609894319248967
0.8596372033396626
0.9772689864701039
0.8230263681533382
0.8891025212912559
0.8237151024227619
0.7548348866709373
0.7993056664351206
0.6888995667758958
0.8969196429934615
0.8319007954554347
0.9161784508505241
0.763254795598066
0.715272646714744
0.8505057226741927
0.8127571192014518
0.9511487256448538
0.9172098700242719
0.9060793527817277
0.9484954118180392
0.7288235314001063
0.7273209420111051
0.8732318059717455
0.8521414581739706
0.7667790886460917
0.9020514516201341
0.896802445886797
0.8771931405023278
0.829950939895926
0.829371253666396
0.8713273771887668
0.9005959037175886
0.7233291761877721
0.7869311734564486
0.876436614445247
0.7991162693211489
0.8444516053733084
1.121348054749981
0.9111748593630125
1.0892206924174572
0.7907670574256088
0.8974196830771731
1.0078347788605393
1.0245096581656434
0.9046768425721751
0.8158153443208768
0.8738582937200965
0.8167082683481723
0.8447196780568998
0.928478560507568
0.8228577706258451
0.8890013280416
0.9781530820179369
0.8715759946306949
0.9741930811610859
0.8944181339392168
0.7407965572898279
0.8714867862602506
0.8044792751607106
0.8482371074112708
0.911881575947817
0.6956150738218155
0.9603792241050491
0.8309255084456422
0.8621346783031324
0.8216148904542011
0.748480007538967
0.8781885953367132
0.705662067854059
0.8034534005888012
0.9474444202946891
0.6459970959428721
0.8637737355760404
0.7834351307383549
0.9021827354846815
0.9662537924634417
0.7027652694080122
0.8870382052319864
0.7214410550393513
0.8363100342400206
0.7655592333319003
0.878117657234963
0.7652343619815277
0.8714276580779651
0.8611484127178715
0.6546382525679924
0.8372698183842755
0.8704877927166089
0.7465165808911469
0.8476867163331213
0.8116580910004018
0.7192134998682471
0.8387330447331838
0.7644913927537067
0.9401445482043875
0.86561260600758
1.0647864478320557
0.916281532340562
0.67923619559461
0.7750580433141048
0.8245504152536761
0.7903474892252415
0.9853210857992913
0.837038867996013
0.8193370082154731
0.8340187413109768
0.9715484430139004
0.794779522035852
0.9237841724730107
1.0012427323205673
0.8230732199922771
0.7479135045549887
1.0225018582685566
0.9037652293923524
0.9114150007972153
0.9272691837786662
0.7525700535688006
0.9538681380564524
0.8652206282383486
