0.5503437386661397
0.5458938743380422
0.6004036082900793
0.5913695242889778
0.640428272978176
0.6049852771489207
0.640329083143566
0.5445063692665414
0.6074049670971455
0.585453586678065
0.588217687168766
0.59049133794432
0.5631388481223016
0.5932873144231818
0.5991372056519011
0.5857925465596301
0.5959293900188012
0.5516064251202885
0.5487617904672919
0.5892561776224164
0.5778698320459983
0.6064672371474222
0.585148877395432
0.5918661242580359
0.5882624193354417
0.5875256225796933
0.6013697554870205
0.5305732694193712
0.576562749144467
0.6263997511872677
0.5455691266839091
0.5446641911838298
0.5556265858450833
0.5911264247280978
0.6569259746530518
0.5897265298828733
0.5754930190123366
0.6183047881122322
0.5508722933045257
0.5994558494471589
0.5958095321994623
0.6129212368190263
0.63206767270841
0.6039674341999284
0.5527463995668245
0.596002261978542
0.5980570598847837
0.5881614648438915
0.5861754853537824
0.5591303175655946
0.5839909864007669
0.5453414978690342
0.5928996724111253
0.6317812159653344
0.5809273051603437
0.5981647054564191
0.5971336638554077
0.6182102106350698
0.599405254036065
0.598781996985832
0.5444611613778086
0.6308433045745165
0.6284664268137558
0.5330141717081586
0.5548252255607529
0.5388975747717465
0.5906419808234413
0.6053417143435762
0.6614731536121299
0.5791716405931984
0.6330461691030753
0.5556153606806098
0.5484944841205317
0.5931059703692144
0.600353713403234
0.6221919734267256
0.619699829014369
0.5968682106967412
0.5450391763820336
0.5947446397761355
0.6049912116828623
0.6424794408383625
0.5876696233448349
0.5360375802369134
0.6046074288908454
0.5581777306370534
0.5938158623528231
0.5458878806041838
0.6342918498989836
0.594613895041684
0.5849865970938276
0.587014395012084
0.6592762374570148
0.5500371376602116
0.5732489133946397
0.6304783568931902
0.6225067924603395
0.5947318602753757
0.5824397371160152
0.5526307451951535
0.5563794311632834
0.6018862769373381
0.5983459860117921
0.6342517011007053
0.6211348497426278
0.6505663073507398
0.6167855432816352
0.6316739930401978
0.5802241056215769
0.5848290132539191
0.5827267186243661
0.6210729331430922
0.6382572918479712
0.5241125930027954
0.610739583047232
0.5870151658936357
0.5909948038967335
0.5969996510337711
0.5460107476826097
0.6142068636806841
0.6069335019175686
0.6259601953734195
0.5953692607034352
0.5968263425945621
0.6308028558099563
0.5893948351586077
0.6062607847696884
0.5513017276356329
0.6373801874556733
0.6376328470286637
0.5454213787137586
0.5773768611634085
0.5497679479541882
0.5949157370561478
0.5912672268447158
0.5561159999311795
0.5758059039899612
0.6004912296250156
0.599184004623373
0.6037634703735175
0.6104397401010343
0.5876524155958622
0.6268620259135534
0.588951511774866
0.6023562063428085
0.6466057609570361
0.5973665944120268
0.6209573834844166
0.5880858375771334
0.6072743046756621
0.5670604628766209
0.5928201772494698
0.6334232327724039
0.6214782383414539
0.5929632397716897
0.5996472618009977
0.5832314825789056
0.5881062243578314
0.5891990117658868
0.5856930006641147
0.5821775469950627
0.557691755630652
0.6262828641673198
0.6300610217194094
0.5873883212232645
0.5816384864399562
0.5428102434712285
0.5581048013424086
0.57188402975247
0.6249701291213345
0.6570067528691634
0.5697671338562696
0.5658483311953756
0.5574320468504284
0.5949766106301865
0.5945129713766559
0.6264704982908853
0.5875827504771082
0.6187797131581521
0.5562469139781283
0.5849601116275206
0.5388576255064361
0.6082546973877444
0.595542641631294
0.6397366742478797
0.5918882084133914
0.5506408452517622
0.6014877306000104
0.5901018137155378
0.5984312793779663
0.6318062529860273
0.554881374168186
0.5969889717817618
0.5532420363288608
0.5921308756842248
0.570832891266426
0.5860252136974979
0.5970838540026734
0.5861632180486758
0.5871740404811973
0.6028984724706467
0.5450369906838912
0.6505475421190008
0.6214145091078306
0.5519344049873203
0.5458266197762899
0.5460858743707908
0.6071993658646115
0.6122789768620198
0.5976056995220297
0.6545624639362375
0.5961113434432069
0.6352374892901866
0.5631188709043475
0.5487961585207799
0.5973301506997164
0.5982340578719058
0.6282918512606687
0.588043312708142
0.5448339336415672
0.5831482248302375
0.5970394391253119
0.5836514322286827
0.5998987287426318
0.6000023814832108
0.5474742902509061
0.5974068538564238
0.5562706293259041
0.5917660750042039
0.6290630732095147
0.5857188616018393
0.6061602096310963
0.617051286203677
0.6133123099523975
0.6329048828242342
0.602181237686785
0.623035686946006
0.5433542830905438
0.5391968963945726
0.6304974545333109
0.6138647083948096
0.5501798769522127
0.6261800480998556
