0.2741965678627145
0.31453428638262326
0.31258053577483896
0.29198384675592176
0.25676646706586825
0.25954667691125627
0.21936467692307693
0.27038283550694153
0.23857975622681507
0.2615944607082631
0.2511578666666667
0.2380038387715931
0.24037886340977072
0.22640386415094338
0.2640883977900553
0.21465362003338898
0.2557337828702817
0.21613831879791476
0.2934279969735183
0.2424706943192065
0.26973214291938996
0.24989414255469303
0.2535269104027675
0.28082125948158254
0.27876392382321236
0.2441461494949495
0.27719879482633336
0.28818326574282954
0.3269371032069971
0.2972916235294118
0.26127565057471264
0.3052925033621518
0.31834824991511035
0.274927208492569
0.27134999477806787
0.2637421090909091
0.2278064424543947
0.2851847968379447
0.2625866050808314
0.25901627087517937
0.2916815926727727
0.24607423628038042
0.3196512
0.27472527472527475
0.2477433628318584
0.25624682597634457
0.3115471698113208
0.3073343449671219
0.2881264981260647
0.24926165891141944
0.20567689411764706
0.24057377049180328
0.27352307028891765
0.2767003071522598
0.2598314606741573
0.20298727379569526
0.2650023543230016
0.2658347506519559
0.25389189189189193
0.29105880807726076
0.30015971832731025
0.24355288877518388
0.27690553526011563
0.23870745296442689
0.28029173537284896
0.2701874079422383
0.24412411361639824
0.24241435562805874
0.2839685506704592
0.27039235539632783
0.2862838530612245
0.29635125724098454
0.2809379647058824
0.2821722084033613
0.2906539481962107
0.33083028876529474
0.278235119928931
0.30035897142857143
0.3240313426356589
0.24727272777777778
0.26614644289044287
0.25544337148182666
0.27585650947198714
0.2804099111277632
0.2851190476190476
0.29892613333333334
0.2872787425141714
0.28348734431498596
0.24669647292598113
0.29834267274529236
0.25891871592356686
0.272536732591415
0.2802579365079365
0.23552839298245615
0.27908042374429226
0.3196746741784038
0.28368628771929827
0.3173565217391304
0.2534400092801092
0.2263140933787363
0.3021141649048626
0.2884655036386449
0.2915501854433172
0.28959619952494065
0.22439754558248634
0.2341225626740947
0.2502233343946376
0.24433606739082245
0.27558643047280273
0.2848662743801653
0.24392670047664444
0.22831664373673038
0.28272787141216993
0.24210911245791247
0.28491180975987607
0.31906073412784397
0.23893096170212763
0.24945318019801982
0.32139507822634017
0.24840479815774325
0.25582101132075474
0.3724770417750574
0.3040295914438503
0.2489521086419753
0.27401701996441985
0.2759833626740947
0.24074495
0.2494546723896793
0.31168540597539546
0.25207995859810023
0.22361893806275582
0.32741905714285713
0.24779169413315755
0.30321588636431673
0.2482673776367962
0.3351301115241636
0.31395705521472395
0.21439933339526243
0.2512063181102362
0.25878074490729597
0.23948071783123331
0.24923855262593786
0.2767181813504823
0.27864758336347195
0.2556927210762332
0.24738197424892705
0.2508551307847083
0.22610165965270684
0.26927244582043347
0.29313687475765804
0.26801801801801806
0.2636501019607843
0.2454590083456063
0.2811140378631678
0.22657203478260868
0.24613826896551724
0.2693955348837209
0.2715177667166417
0.24668608372093023
0.28460149600912205
0.2771912457665904
0.2756512
0.30502433432835824
0.27219983813229576
0.2707041344073648
0.2614933052631579
0.31439881015228427
0.2917158724637681
0.27961872545090183
0.3065262549222798
0.308432024051539
0.2786592971659919
0.3025595447941889
0.2783275609246831
0.2312839059674503
0.2628471473378509
0.2569059332185887
0.23486529318542
0.2701212239888424
0.31495503091149274
0.26222853333333335
0.29222516449704145
0.2736393196231053
0.23065474793452845
0.2472093536289433
0.22624327379569525
0.2821026384615385
0.2660967135377042
0.2736167172413793
0.23810652829204693
0.2317892824704814
0.2739130434782609
0.24693200663349918
0.29815357717908086
0.282137211508062
0.2764340131680205
0.29345172031076583
0.23531489407265777
0.2206858748091603
0.27853974101440204
0.2665086477033758
0.23825175768560475
0.28759587643742957
0.279785368157424
0.28784811766753704
0.27487339306583564
0.26107169234863603
0.27486308201080184
0.30277407228915665
0.2279542464991983
0.25828432311488897
0.2538088912455123
0.2580859142108023
0.27255243456790124
0.35679002519851777
0.28686796674629716
0.3456694516810759
0.25021273073593076
0.2823669331197437
0.3266379236333053
0.31825582448036954
0.28638494613003096
0.258494623655914
0.28789444324324326
0.27348126591487815
0.25549215406562054
0.28857514122731204
0.24861404829721362
0.2663643062951496
0.31443085472809146
0.2698404599719757
0.3121278355140187
0.28889214744351965
0.2286285972734563
0.27240569719626173
0.25525072038369306
0.27134760305343514
0.2870041411764706
0.21987477340644276
0.29632845540025415
0.2753600403127715
0.2690166948233361
0.25690983596102746
0.24520968291851347
0.2758557139976735
0.22158882296327564
0.2650366280130293
0.29839708545095456
0.2095064964113551
0.28630949145728646
0.24376202474226805
0.2846296296296297
0.3113207547169812
0.22570537295492488
0.27384548985757445
0.22633996937212864
0.27073359073359077
0.2552410099464423
0.28225966303270567
0.22473483308270678
0.27942794279427946
0.261241848596541
0.20273089011079196
0.26852699706126976
0.2623388581952118
0.23556213925455988
0.26462910055248623
0.25770329026169025
0.24217364165170557
0.2724929
0.23883964544722
0.30122209898053753
0.29001129445100354
0.3149884434017595
0.2917410714285714
0.20978721494551117
0.239777782278481
0.2753172368445914
0.2555613760668457
0.32871667142228095
0.2761967126305793
0.24504812701664533
0.27210915677465125
0.3180791235867446
0.267698075
0.28796763245356793
0.29002498114842906
0.26532984271457083
0.22213682240527183
0.31723115735607677
0.2869167429094236
0.30352728063078505
0.2809221516872703
0.22338370011156564
0.2918918918918919
0.2769666362416108
