0.3139404546508293
0.36622916437356956
0.2750714478436418
0.30302271148463217
0.34534176775107844
0.459341304168068
0.36039026224872145
0.38040092488502064
0.2898433678050753
0.3795871982127758
0.3500925135747258
0.32325468183135675
0.35458611287145725
0.4363985590890296
0.343863871226213
0.47995702973709387
0.34682315619049287
0.3563342293906404
0.6024267785867452
0.35964068858438764
0.3208142270788759
0.39822452233286737
0.5274373295056558
0.4569939034301477
0.3411871861329534
0.4616481940263252
0.4240693465648967
0.5789857471937034
0.4530683900583634
0.42995158630586583
0.4155387477826016
0.5065028079432382
0.41945719430188727
0.5838783727306827
0.4899148976143469
0.42014679881632494
0.5171885523435442
0.44665769109903963
0.40461119595549855
0.46428708365626126
0.40097599824015
0.6267513240875335
0.4885323527090667
0.42575774934708854
0.36029095099263375
0.32707148607768366
0.36925568174135814
0.2951019395237368
0.30986001603283986
0.4368521342245757
0.37688313119489314
0.34974880981859613
0.2986872792916964
0.4232751275929087
0.3668099490909864
0.38185312696626206
0.333723288822356
0.3538994797244231
0.3601067473495663
0.4616515242274617
0.546655919750059
0.334251398382781
0.3706240832849086
0.5415382118729918
0.37396578708257483
0.31968979840979017
0.4062437434206648
0.5228214765248673
0.45723306553755655
0.33970243351099866
0.46654580169336524
0.4473822373541164
0.5719064348878835
0.44061013528270954
0.4454545708905736
0.4062305228234844
0.4998966059114817
0.41839172713275385
0.5583496795488972
0.49303288260208167
0.4173785887771181
0.5198126324146831
0.4324988725803819
0.39325795348778514
0.497393704157402
0.40851871016276653
0.5120016270997114
0.48909582495898685
0.43900594211712207
0.3598894022193934
0.30328561704528706
0.2770341103973506
0.34741004681170984
0.38704084535227146
0.3629432343615634
0.3742691542942571
0.2900818951565537
0.3875340211009807
0.3596955294532381
0.4732205192463256
0.3370063753491935
0.35570618457655623
0.42173947084058705
0.3489977331923659
0.48124551255297887
0.563425307993502
0.3669523265080009
0.6173394754518715
0.3545238350676496
0.32303860278185825
0.3819584517563469
0.3413656712881945
0.4732188824521585
0.4230728001509426
0.5771654047498153
0.4505475989649479
0.4153089354617068
0.4982176858236737
0.4122999312241875
0.5752099561028865
0.4830821617608525
0.4131482620223132
0.5306954132876436
0.4369479558814595
0.40637926365135946
0.46733013974833226
0.4020485605910701
0.6329095829874873
0.4931413905123728
0.42212826069494774
0.3604525134058053
0.40152090264176565
0.44545788005313414
0.3336902743143517
0.3655712185759993
0.4669216069854366
0.44857571717919037
0.33682967630656824
0.4122636526866753
0.4526705033106106
0.37436085005318387
0.40033777519437264
0.4122549134705701
0.4932580565062572
0.528122839917889
0.3736397792655093
0.427485070845525
0.5737274585958354
0.4084286432737312
0.36047703395285896
0.4188676220808243
0.5776572993557907
0.47255669732980254
0.3847231669430713
0.493785136724869
0.4861449754280123
0.4839764502652337
0.5169735147559725
0.4456425526828338
0.5341179479640078
0.4596002367505452
0.5288529475423358
0.4479712355932355
0.5147936006049939
0.4668606542435343
0.4331131287867057
0.5149318694553602
0.4341004322473972
0.5761399072722979
0.5262953001566469
0.4488546949916087
0.42535035872144666
0.3557826883697968
0.40681904794119234
0.3528467470524518
0.35782054504226546
0.44185731110603965
0.5331068788044505
0.4318256128398823
0.4134169769087406
0.35535233620194384
0.4460411346366069
0.3659063774310608
0.4495409172479705
0.38086963267777996
0.4741263109556925
0.4045841065627099
0.5064253966115875
0.5627388254709467
0.4655749166834514
0.5901875983397409
0.40343611578280303
0.34075370470741223
0.464033848970424
0.5701971526208464
0.36287103884284366
0.5047942437096677
0.6121697648204913
0.48873072185550737
0.4857798041798313
0.433619292922721
0.535535075893737
0.46125717794150173
0.5890217792294775
0.5320633615691979
0.4573315640325975
0.5419735303598685
0.4766396501722031
0.41477052820916505
0.5103718333080347
0.4325612959665166
0.5804485321257944
0.51966078812627
0.4721714258453749
0.42429842514085314
0.44600360584104165
0.34068058752459857
0.362889060313039
0.3599841257754306
0.4338164317088411
0.41334612097609486
0.36117335527013394
0.33936457271794135
0.3911702847298798
0.4634795074158623
0.36633792092542683
0.4090405306489535
0.4659635515325978
0.4121953937391847
0.49528102834195403
0.5570297411723164
0.41937115211106857
0.3708213300323072
0.4838325282778423
0.3956798116737627
0.47854273604841807
0.46797443632558505
0.6023965243157863
0.492918743484135
0.49932934383053296
0.4400470656145442
0.5517824101773801
0.45500878309051124
0.604345555985142
0.5336369060717887
0.4301159047263347
0.5158293163110723
0.4593434312988486
0.427519153825911
0.5177148454065417
0.4369249377817446
0.592113572203333
0.5176731966343471
0.44601836242696624
0.44456856441869985
0.3363879121058234
0.3715000307348043
0.4183352537117172
0.5273696531523148
0.42888138151764
0.41738297442368194
0.34142338849364073
0.44751658427541463
0.3451437099885464
0.4366204275492485
0.3883787178320065
0.36472910539558967
0.4864696211602582
0.4331054556896458
0.5027126251440007
0.543781348384752
0.5780149517863147
0.4107835106080713
0.3658011403170375
0.4532846729178652
0.5704662239454988
0.48754504404102883
0.3744160287106604
0.4858418478224733
0.5082751583849638
0.6141134161688742
0.5027746302472882
0.4832752395105871
0.43675624907912747
0.5396256262000867
0.4669514541915889
0.6026469498826414
0.533947264256025
0.4750557949276316
0.5543103931983956
0.4770231665917858
0.5069883706881716
0.4413565359735553
0.5746133142815629
0.528824277301245
0.47865652674191494
