0.6798185189458039
0.5900530588495205
0.7382409465894505
0.7056772324917386
3.128013367266231
0.6747531743832345
0.6804021695495255
0.7438031622579148
0.6112320624765044
0.6280954518486175
0.7065483570972593
0.6338784814676335
0.6831898816204764
0.6227104426318371
0.6228565314152513
0.5992779508689827
0.6606581238620497
0.5504606798990087
0.6742163856234729
0.5865431720494362
0.6527686150615042
0.6505026367185331
0.7834862909629892
0.5458288263979251
0.6157559041815275
0.7289866122438281
0.6260796969315631
0.7022298220984484
0.568619485995177
0.5619154469797304
0.7172758879714884
0.7545584929650919
0.9456549428064179
0.7147833225471829
