0.22434079610217644
0.2261776117241334
0.24721430638348027
0.2473293157637778
0.26279054884597286
0.24300159587990874
0.26224432552495874
0.22538086688123227
0.250722758325378
0.24327896941807745
0.24414443629774776
0.2466399594742626
0.22522160755107185
0.24637549034575354
0.25066529997668546
0.24568877000785158
0.24742739059234278
0.2281963990938654
0.23328578635151237
0.24507517527891398
0.2498372567058937
0.24503142229500396
0.2440244863318915
0.24567898835841112
0.2463546674641613
0.2500677277253445
0.24503678150019967
0.22764622380609345
0.22311799357067014
0.26845365628216455
0.22396193776553913
0.22805658932031547
0.22497211939842188
0.2439512376393235
0.2614477248669375
0.24628127536380293
0.24465521410836122
0.26733394042654646
0.22351161046404303
0.24747229129131113
0.25253674518237146
0.24572455195536808
0.25792062441928115
0.24679377692099735
0.22440902283332004
0.2462009391811943
0.24622791306426262
0.2458755335376276
0.24297189424955348
0.22579429903856432
0.24486298852841384
0.23201579925932037
0.2519956276455603
0.26901652732058584
0.24765748965913198
0.24251978473785657
0.24710631524316076
0.2468814610659763
0.24737765333169262
0.24640954369941348
0.22366364140108771
0.26344425911484665
0.26178459940100973
0.22081967532593283
0.22231951232487956
0.23290539852108938
0.24603718777632066
0.2539711438524127
0.26344267694598655
0.24729365677178045
0.26453750292490436
0.2242825322268892
0.229099575333546
0.24798675140651907
0.24603939940567976
0.2681302366949231
0.24267051312109614
0.2454503717041431
0.22800226567428933
0.2478547396155898
0.24598901508043558
0.2624338728972769
0.24563223895854347
0.22564860150381189
0.24701004734105042
0.2262807052149158
0.25320834387168945
0.22383779533289358
0.267348773693133
0.24510611677647218
0.247833987188504
0.24869676630433388
0.2612254116056136
0.22801751391483407
0.2241739747073124
0.26163758781010127
0.2502238769776794
0.24631552693001552
0.24577201974941465
0.22454567481513743
0.22825906918208716
0.25320759478207533
0.24723322611858894
0.26144098467364163
0.24990847178920628
0.2654178738025056
0.24518692890922708
0.261984007809833
0.24843741982561654
0.24394586548217428
0.24258179163411225
0.2610656450193787
0.261732634936884
0.2252646080284679
0.24498495451224553
0.24953376502546648
0.24912747246492054
0.24666259489000536
0.2271013565310921
0.24483288940085218
0.24573502598954317
0.2592311274847341
0.24676912631521855
0.2441436274543008
0.2605392527487142
0.24498738622089425
0.24642857135945054
0.23127444789979915
0.26041932269946527
0.257281980957066
0.22641751639059454
0.22527681794359708
0.22392995461545684
0.2543660735295769
0.24956397636129654
0.22337288811015973
0.23990214602078172
0.2446998735012539
0.24274902330666173
0.2467298599150615
0.24521986072500246
0.2537538731309962
0.2625150477846001
0.24512393096994534
0.24902518360457168
0.2623588574978239
0.24534174896030972
0.26618943821719987
0.24397551436005446
0.24519076775361084
0.2252876500630557
0.24361754542148484
0.2612568718218052
0.24742362024652365
0.2491517726466861
0.24527749188436393
0.2439919558826615
0.2526190938427206
0.24350427071293676
0.24703726002960458
0.2459572125498006
0.22830919987206102
0.26419512985489263
0.2615465690623303
0.24545851023197923
0.24440272967759002
0.22711372995235138
0.22751872019329955
0.22480352693329508
0.26125023982557516
0.2648319222518918
0.22785070220685852
0.22393324711544327
0.22625215411280278
0.24446979289215576
0.2490981303873093
0.2606254573698876
0.24515069378070437
0.2649494252154224
0.2254426522232727
0.24275900617088925
0.2234464654840436
0.24590037869410075
0.2412603223148269
0.26116473182872146
0.24487414028948562
0.22462168137061925
0.24287931254179176
0.24338812203200755
0.24638303622935057
0.26125690954799285
0.2226779247202711
0.2489478901572028
0.22471787987073027
0.24879499606846575
0.25183352863671454
0.2455039015040096
0.24598365563194433
0.24769636972959963
0.2529567994107497
0.24756522677589549
0.22386147965596237
0.26275073595718434
0.2605119102079451
0.22094427135949213
0.22587375942519436
0.2256321590668084
0.2536759139565371
0.2466332555087683
0.2456007323906671
0.2612908910548041
0.24621309119747917
0.2571951053489982
0.2252014815005802
0.2246580011159287
0.24773037661494512
0.24670114641213803
0.2583488837017183
0.24507487440050763
0.22625516032095122
0.2433995791812107
0.25264058758386754
0.24819949714221023
0.24574830417078403
0.24666417325495765
0.22555100310157875
0.24752676610885582
0.22337102951245924
0.24710508296096087
0.2609282932146502
0.24623703463671406
0.2436014140526369
0.24394484910761227
0.24824145939697229
0.2629190564862853
0.24738349289960648
0.24238318439058876
0.23111320860944676
0.2253903351109227
0.2619191035384541
0.26151075559343256
0.22354528139112512
0.2622283864086054
