0.02903716606721397
0.03635092849081769
0.03203621399176955
0.03110384443711308
0.027939766869767475
0.03427016004924592
0.040416281932902434
0.03801198214425562
0.02846427637796859
0.0305295474914666
0.036061333333333334
0.037741143916255514
0.03730388701803848
0.036376954732510285
0.033446889602422536
0.03309351595362676
0.028532709586396376
0.03426054170514004
0.029071062597460458
0.04869214503876576
0.028702232768270695
0.034521840053349746
0.030842009959257583
0.03908093849784812
0.03895175816430418
0.023685417389067237
0.04085088887148563
0.0426523575721115
0.03010862316610239
0.03167320714065867
0.034204452816885896
0.02369660294627577
0.03775745947215914
0.030646855253869596
0.03344395065561787
0.033067867036011084
0.04107930665413632
0.031101234567901235
0.030905387052965142
0.027281197423367987
0.02789954888830796
0.033713899148455934
0.03308148148148148
0.03881438289601555
0.048192889028114964
0.03413835459492806
0.038468817709557
0.036788477366255144
0.030268937154770758
0.03886158545050673
0.03873639282637638
0.03080277652029576
0.029321941120360736
0.03809828769560183
0.04188256451059921
0.04100099198579894
0.0379695616989062
0.02955328677494449
0.03031839444695941
0.029418140825528964
0.03379830031209677
0.03534933333333334
0.024047001414332348
0.03089029726874906
0.03699389145586968
0.03740266666666667
0.024903309269574427
0.03228279221409303
0.031105461649427183
0.031338340222657794
0.029751251784672927
0.02877530864197531
0.03823291782086796
0.03186354688567116
0.03804461325606286
0.02942356052722858
0.033741093165017194
0.04792857702247631
0.03784497794193085
0.029418140825528964
0.024832927802020285
0.02942356052722858
0.03338896543693842
0.02882798353909465
0.03071769547325103
0.03312710470671157
0.03328699715456705
0.028927192396227815
0.03338687544885606
0.03134148181681002
0.03309672206832872
0.037339781241026444
0.033145185382938286
0.03980391402482815
0.03722883546088182
0.032853799745691636
0.033185840707964605
0.032286419753086416
0.03265427589751914
0.030881243398219405
0.038569559864573714
0.03744362139917695
0.03869723549220769
0.03305183646250128
0.03710810034719503
0.02489325477420955
0.03539094650205761
0.033053323593864134
0.030936625514403293
0.03115721244347843
0.03848620088232277
0.03718266666666667
0.03021808635736669
0.0349329103047128
0.03130437876406166
0.032987896783041266
0.03543045267489712
0.023510176992800228
0.03707066666666667
0.036479173078896074
0.033112752641838515
0.033283734043386325
0.03079463737424172
0.033447791628193294
0.03625795116446086
0.03719734277213502
0.023592204412329468
0.031673457069563905
0.02985349794238683
0.03691358024691358
0.03300374474197189
0.04183728256580437
0.037310666666666666
0.03415212505783594
0.028842798353909464
0.029116049382716048
0.0353679012345679
0.03320215626386822
0.030730864197530863
0.03819471637037617
0.03127850336703604
0.03462996012073942
0.030936353870699134
0.0464405983240661
0.03587818930041152
0.029353104405133543
0.03197530864197531
0.024195292371822837
0.038447727505899254
0.03873312971519566
0.03680619677849595
0.03334691791677179
0.03763672435847234
0.03286267569508567
0.024727355600689067
0.03626666666666667
0.04188256451059921
0.039710936698471325
0.03480558120447317
0.03346251657062468
0.033350152341399986
0.028263186470671036
0.03285041798555312
0.02954143903919528
0.03597366255144033
0.03347664666051093
0.02965525277488727
0.041992534947958106
0.03339489073561096
0.03497104682722806
0.0285211071508131
0.03341517192868544
0.0326589246327619
0.04790247213303052
0.035776714148598746
0.037850205761316875
0.03236872427983539
0.028930673126902798
0.04124572532435325
0.028490940818296576
0.030748724482475624
0.03923365264473136
0.0410629910982327
0.03913647091489657
0.03732933333333333
0.03683127572016461
0.030259402630257497
0.03656573817584898
0.02803696032496129
0.02977448559670782
0.030799692352675705
0.033663227881492216
0.036702880658436215
0.02899953226560862
0.032250205761316875
0.0310880658436214
0.024539248255985205
0.033012742472201935
0.029668876308446637
0.03869070926984624
0.033358020416538424
0.03973017338668308
0.03637016517902945
0.028693004115226337
0.03681333333333334
0.0329135050165926
0.030418725572906802
0.03853407993317148
0.038793987893710885
0.0390170762182424
0.030753909465020577
0.031433113525364
0.04791226146657269
0.02996188233523115
0.04794815568956066
0.028600003712779386
0.03355061728395062
0.03436005904774495
0.02817772326006958
0.041089095987678494
0.03148312757201646
0.0378962757771622
0.02917157250151879
0.030645420476001904
0.03605596593823741
0.023670503312789193
0.04278173455723961
0.033122370985944394
0.024953581746398813
0.02917426063020489
0.03254627091654267
0.032951870789708626
0.02880164609053498
0.02790792763444536
0.037764825074381864
0.0338277162203755
0.030615290140780405
0.0373202025739421
0.03440687862163175
0.03350863914818193
0.03233909465020576
0.04134035554859425
0.03443368459184796
