0.04796242713928223
0.06240105628967285
0.07943487167358398
0.04528021812438965
0.05334353446960449
0.048302650451660156
0.06167268753051758
0.05778670310974121
0.051971435546875
0.07941484451293945
0.05359315872192383
0.057639360427856445
0.07770824432373047
0.07256746292114258
0.07344317436218262
0.03404808044433594
0.08032488822937012
0.0807654857635498
0.04896950721740723
0.04943537712097168
0.0793294906616211
0.04289817810058594
0.07616019248962402
0.05019021034240723
0.032372474670410156
0.052324533462524414
0.07764220237731934
0.03381609916687012
0.049112558364868164
0.06538844108581543
0.0570216178894043
0.05303239822387695
0.05055975914001465
0.06539249420166016
0.045484066009521484
0.04416775703430176
0.0536494255065918
0.12859892845153809
0.05161118507385254
0.041319847106933594
0.07598114013671875
0.07831764221191406
0.08493161201477051
0.08210110664367676
0.05052971839904785
0.049592018127441406
0.07776999473571777
0.0659646987915039
0.08025240898132324
0.07806038856506348
0.08574271202087402
0.08966398239135742
0.09272480010986328
0.08687973022460938
0.05083322525024414
0.050801753997802734
0.09910321235656738
0.0628499984741211
0.08073687553405762
0.07224273681640625
0.07622742652893066
0.04923748970031738
0.045697927474975586
0.07634544372558594
0.051917076110839844
0.07956290245056152
0.05026888847351074
0.04641222953796387
0.046448469161987305
0.08677291870117188
0.043637990951538086
0.04785037040710449
0.04535651206970215
0.08469271659851074
0.0835723876953125
0.052764177322387695
0.07520723342895508
0.06258320808410645
0.08180546760559082
0.042572021484375
0.04294180870056152
0.0598142147064209
0.09827971458435059
0.07769608497619629
0.06307554244995117
0.06756377220153809
0.08048772811889648
0.06340837478637695
0.04682350158691406
0.05091238021850586
0.084869384765625
0.04884958267211914
0.0815114974975586
0.05423450469970703
0.05869436264038086
0.04122734069824219
0.04886674880981445
0.056143760681152344
0.05490612983703613
0.07918334007263184
0.05396580696105957
0.07953715324401855
0.046064138412475586
0.05566120147705078
0.09172630310058594
0.04660201072692871
0.07633280754089355
0.08285403251647949
0.05589556694030762
0.08100628852844238
0.08577656745910645
0.043946027755737305
0.05577588081359863
0.0367274284362793
0.05610966682434082
0.04951214790344238
0.07606196403503418
0.0461583137512207
0.0831146240234375
0.05061459541320801
0.07607841491699219
0.053992271423339844
0.06276082992553711
0.05967879295349121
0.08384561538696289
0.049271583557128906
0.08514165878295898
0.059145212173461914
0.08348870277404785
0.11089587211608887
0.06643557548522949
0.03554224967956543
0.07971715927124023
0.05128669738769531
0.03540396690368652
0.06692981719970703
0.08347177505493164
0.035286903381347656
0.0901334285736084
0.034723520278930664
0.0806584358215332
0.04539370536804199
0.04710507392883301
0.04718947410583496
0.046993255615234375
0.07766079902648926
0.06779623031616211
0.04700660705566406
0.0470120906829834
0.03469204902648926
0.06601071357727051
0.06248617172241211
0.060683250427246094
0.04535984992980957
0.048215627670288086
0.08992171287536621
0.08375906944274902
0.05400896072387695
0.08667969703674316
0.04499030113220215
0.07961678504943848
0.07997322082519531
0.06195640563964844
0.03670978546142578
0.08354067802429199
0.12265753746032715
0.0835418701171875
0.07880473136901855
0.03676772117614746
0.05132794380187988
0.05295419692993164
0.07715940475463867
0.05087399482727051
0.059850215911865234
0.07818770408630371
0.06985044479370117
0.06719088554382324
0.05129122734069824
0.11012458801269531
0.052988529205322266
0.08323884010314941
0.07639122009277344
0.050348520278930664
0.044614553451538086
0.05508589744567871
0.0628807544708252
0.05083346366882324
0.046991825103759766
0.07062840461730957
0.08329582214355469
0.04292130470275879
0.11313199996948242
0.0797719955444336
0.053277015686035156
0.06088566780090332
0.03332209587097168
0.05044698715209961
0.049755096435546875
0.08497214317321777
0.0534055233001709
0.0738837718963623
0.08728837966918945
0.0498812198638916
0.05210709571838379
0.037799835205078125
0.05216717720031738
0.03254985809326172
0.03454279899597168
0.051506996154785156
0.053414106369018555
0.08119583129882812
0.07944154739379883
0.06297945976257324
0.07767891883850098
0.13369274139404297
0.045082807540893555
0.054317474365234375
0.05018901824951172
0.08658862113952637
0.055505990982055664
0.05315685272216797
0.07083415985107422
0.0352480411529541
0.08330678939819336
0.042398929595947266
0.07584095001220703
0.09386754035949707
0.05217242240905762
0.05759072303771973
0.05243039131164551
0.03411459922790527
0.04153752326965332
0.051190853118896484
0.04289698600769043
0.03375434875488281
0.07611489295959473
0.0515902042388916
0.05024123191833496
0.06490612030029297
0.08319711685180664
0.07013130187988281
0.05434751510620117
0.03691887855529785
0.05163311958312988
0.05743718147277832
0.05146622657775879
0.08002686500549316
0.07998871803283691
0.05717015266418457
0.10600662231445312
0.055207252502441406
0.05652928352355957
0.08538627624511719
0.07953333854675293
0.04055356979370117
0.0798487663269043
0.05538487434387207
0.0805666446685791
0.03598308563232422
0.06946849822998047
0.0343477725982666
0.07619476318359375
0.08267545700073242
0.07624006271362305
0.03554534912109375
0.11779356002807617
0.052637338638305664
0.04640698432922363
0.08357405662536621
0.04601001739501953
0.0461578369140625
0.03636646270751953
0.05281376838684082
0.05019855499267578
0.05006837844848633
0.04607534408569336
0.05373835563659668
0.04581952095031738
0.058168888092041016
0.10247468948364258
0.053106069564819336
0.0698845386505127
0.0799560546875
0.07182049751281738
0.07608675956726074
0.07642984390258789
0.08371400833129883
0.07696986198425293
0.08389806747436523
0.08362078666687012
0.03533363342285156
0.06123471260070801
0.056635141372680664
0.0948481559753418
0.033788204193115234
0.052059173583984375
0.08835458755493164
0.07423734664916992
0.052289724349975586
0.08422732353210449
0.054254770278930664
0.049964189529418945
0.03513765335083008
0.07690143585205078
0.034178733825683594
0.046309709548950195
0.04593825340270996
0.06450390815734863
0.04850292205810547
0.04671764373779297
0.11938261985778809
0.08363771438598633
0.05414104461669922
0.04588961601257324
0.0529329776763916
0.05159759521484375
0.07947134971618652
0.05229997634887695
0.04987955093383789
0.04629325866699219
0.07887816429138184
0.03768634796142578
0.05846405029296875
0.06412911415100098
0.08402276039123535
0.07063984870910645
0.049124717712402344
0.08255934715270996
0.05395245552062988
0.08141613006591797
0.07475757598876953
0.0651857852935791
0.054476261138916016
0.07433700561523438
0.03619718551635742
0.1211099624633789
0.05363798141479492
0.05004549026489258
0.06299233436584473
0.03380250930786133
0.0790548324584961
0.044875383377075195
0.051299333572387695
0.03735518455505371
0.0581965446472168
0.04953289031982422
0.058130741119384766
0.05398082733154297
0.05131196975708008
0.032617807388305664
0.0694732666015625
0.04305410385131836
0.055695533752441406
0.04866814613342285
0.11668944358825684
0.05121970176696777
0.041358232498168945
0.07654690742492676
0.05006742477416992
0.08374333381652832
0.07128190994262695
0.06985068321228027
0.051996469497680664
0.03709530830383301
0.0818643569946289
0.05267167091369629
0.07500171661376953
0.08366274833679199
0.051442623138427734
0.04820585250854492
0.08153986930847168
0.08767580986022949
0.053067684173583984
0.08310341835021973
0.053330421447753906
0.04804086685180664
0.07911872863769531
0.08098196983337402
0.046231746673583984
0.08200335502624512
0.07737517356872559
0.05506706237792969
0.05061483383178711
0.08136534690856934
0.0663602352142334
0.0745089054107666
0.08283877372741699
0.06043362617492676
0.05323052406311035
0.07291793823242188
0.046463727951049805
0.05234885215759277
0.0760948657989502
0.05193471908569336
0.08225178718566895
0.0691835880279541
0.05284619331359863
0.08229899406433105
0.048354148864746094
0.11977410316467285
0.07578635215759277
0.050496816635131836
0.08046817779541016
0.08066868782043457
0.04987001419067383
0.047460317611694336
0.07941794395446777
0.07866191864013672
0.052091121673583984
0.06384944915771484
0.049274444580078125
0.08359408378601074
0.0568699836730957
0.07239270210266113
0.04959821701049805
0.08717679977416992
0.06595182418823242
0.08199644088745117
0.11306238174438477
0.07238984107971191
0.07577085494995117
0.04598069190979004
0.06345772743225098
0.06096649169921875
0.08412003517150879
0.06763768196105957
0.13808608055114746
0.07965230941772461
0.0637967586517334
0.062469482421875
0.0756387710571289
0.07872748374938965
0.05065560340881348
0.046395063400268555
0.05783796310424805
0.054342031478881836
0.08333230018615723
0.04586601257324219
0.046192169189453125
0.0723421573638916
0.07945609092712402
0.07647371292114258
0.045551300048828125
0.07632589340209961
0.05056405067443848
0.04919242858886719
0.08203387260437012
0.056413888931274414
0.07260370254516602
0.05021786689758301
0.07935070991516113
0.059143781661987305
0.05343174934387207
0.07997441291809082
0.0461575984954834
0.11997413635253906
0.0776207447052002
0.055725812911987305
0.04608559608459473
0.08045411109924316
0.08439493179321289
0.05083441734313965
0.05280447006225586
0.09510970115661621
0.05643773078918457
0.06352090835571289
0.10279726982116699
0.05132865905761719
0.08569002151489258
0.12957239151000977
0.07896184921264648
0.07827591896057129
0.0569767951965332
0.06087660789489746
0.07753968238830566
0.06640124320983887
0.06548213958740234
0.0799551010131836
0.11498475074768066
0.049424171447753906
0.04634284973144531
0.058854103088378906
0.057299137115478516
0.08454608917236328
0.05801820755004883
0.05006098747253418
0.08022618293762207
0.04981184005737305
0.07188630104064941
0.07961106300354004
0.07910823822021484
0.07143235206604004
0.05800771713256836
0.05562448501586914
0.08109879493713379
0.08048772811889648
0.07554268836975098
0.050316572189331055
0.046152591705322266
0.04932761192321777
0.08518791198730469
0.052353858947753906
0.06452035903930664
0.05365252494812012
0.07612490653991699
0.04633617401123047
0.07592010498046875
0.04767179489135742
0.0930948257446289
0.05416250228881836
0.07726168632507324
0.059159278869628906
0.046695709228515625
0.07242631912231445
0.05241990089416504
0.050124406814575195
0.05904650688171387
0.0732719898223877
0.1002359390258789
0.06718659400939941
0.0506443977355957
0.05063199996948242
0.08479738235473633
0.04615497589111328
0.054383039474487305
0.08631229400634766
0.0765371322631836
0.07550930976867676
0.11136817932128906
0.04809212684631348
0.0713951587677002
0.04592299461364746
0.049716949462890625
0.05313444137573242
0.08014702796936035
0.08399677276611328
0.08035588264465332
0.08175230026245117
0.050368309020996094
0.141218900680542
0.07607316970825195
0.08019065856933594
0.05085921287536621
0.07933592796325684
0.0506892204284668
0.07993888854980469
0.09593915939331055
0.06385946273803711
0.08487963676452637
0.05376577377319336
0.051013946533203125
0.05954909324645996
0.07538223266601562
0.046463727951049805
0.059023380279541016
0.05800127983093262
0.08087325096130371
0.0791466236114502
0.08047199249267578
0.04618382453918457
0.04940509796142578
0.08584046363830566
0.08029675483703613
0.08070755004882812
0.0463259220123291
0.050153255462646484
0.04986929893493652
0.07597088813781738
0.07543420791625977
0.07590031623840332
0.04594159126281738
0.07589912414550781
0.053647518157958984
0.07473492622375488
0.08355402946472168
0.05138134956359863
0.04839205741882324
0.04984164237976074
0.08006834983825684
0.08301615715026855
0.05351591110229492
0.05111193656921387
0.08028388023376465
0.04855537414550781
0.07601237297058105
0.08361315727233887
0.048490285873413086
0.0823514461517334
0.062366485595703125
0.0510401725769043
0.046370506286621094
0.07751011848449707
0.08737516403198242
0.06221175193786621
0.07570457458496094
0.13575363159179688
0.05450439453125
0.07311153411865234
0.054084062576293945
0.052393198013305664
0.04659438133239746
0.06419086456298828
0.05048060417175293
0.07603120803833008
0.05112338066101074
0.07958149909973145
0.06698226928710938
0.06321406364440918
0.05047917366027832
0.08946371078491211
0.04717206954956055
0.046332359313964844
0.08497738838195801
0.07615351676940918
0.050737857818603516
0.0879204273223877
0.12208247184753418
0.050002098083496094
0.047522783279418945
0.07634639739990234
0.08102941513061523
0.09115242958068848
0.04992389678955078
0.05673336982727051
0.04649806022644043
0.07684564590454102
0.05671977996826172
0.061756134033203125
0.0724031925201416
0.04686379432678223
0.08038806915283203
0.050965070724487305
0.06175494194030762
0.07939028739929199
0.0764150619506836
0.07215189933776855
0.07595181465148926
0.04703402519226074
0.04640841484069824
0.06090497970581055
0.06004977226257324
0.07611584663391113
0.0769948959350586
0.09296464920043945
0.08948993682861328
0.08098673820495605
0.06299805641174316
0.06509113311767578
0.07619357109069824
0.07953643798828125
0.050920963287353516
0.046517133712768555
0.05927681922912598
0.07626819610595703
0.05112886428833008
0.07705974578857422
0.07639431953430176
0.04595541954040527
0.0472254753112793
0.07653975486755371
0.07264280319213867
0.07994246482849121
0.08199930191040039
0.08501935005187988
0.047368526458740234
0.09256124496459961
0.07665205001831055
0.0505070686340332
0.050177574157714844
0.07968354225158691
0.051410675048828125
0.07178592681884766
0.05121111869812012
0.09544897079467773
0.07696366310119629
0.04715752601623535
0.08011078834533691
0.04641842842102051
0.08119320869445801
0.07678794860839844
0.05047011375427246
0.0508418083190918
0.04698967933654785
0.07990217208862305
0.13459396362304688
0.057468414306640625
0.0847320556640625
0.05348062515258789
0.0462186336517334
0.09653019905090332
0.0607304573059082
0.06687164306640625
0.10389924049377441
0.04700469970703125
0.050783634185791016
0.08172154426574707
0.09621453285217285
0.10020971298217773
0.07734489440917969
0.08034420013427734
0.0797719955444336
0.0819692611694336
0.10095548629760742
0.07795405387878418
0.06091666221618652
0.06216621398925781
0.07626056671142578
0.08000755310058594
0.0504608154296875
0.05061674118041992
0.04633069038391113
0.05949211120605469
0.057990312576293945
0.0805959701538086
0.0507504940032959
0.05086398124694824
0.08033132553100586
0.09650945663452148
0.05497264862060547
0.07596397399902344
0.0798635482788086
0.07516074180603027
0.056571006774902344
0.057959556579589844
0.08542656898498535
0.10196924209594727
0.05974459648132324
0.07640218734741211
0.07975077629089355
0.04618263244628906
0.08465313911437988
0.05149197578430176
0.06429862976074219
0.047187089920043945
0.07950615882873535
0.07695960998535156
0.08024263381958008
0.04620671272277832
0.07220840454101562
0.0764772891998291
0.04664421081542969
0.05039691925048828
0.050340890884399414
0.07667398452758789
0.05982661247253418
0.08227348327636719
0.07211899757385254
0.050055503845214844
0.05013895034790039
0.07191753387451172
0.060079097747802734
0.07213068008422852
0.09615969657897949
0.06046271324157715
0.05103111267089844
0.05077862739562988
0.08986759185791016
0.046826839447021484
0.0730445384979248
0.08444666862487793
0.08459877967834473
0.08191514015197754
0.07219624519348145
0.046747684478759766
0.05969715118408203
0.10248613357543945
0.046517133712768555
0.05635333061218262
0.052199363708496094
0.0837240219116211
0.07616186141967773
0.07911014556884766
0.0846712589263916
0.04679083824157715
0.09057497978210449
0.10021352767944336
0.08382701873779297
0.08057188987731934
0.05082130432128906
0.0801076889038086
0.050801992416381836
0.08008098602294922
0.05056595802307129
0.09572219848632812
0.06285214424133301
0.05051231384277344
0.046801090240478516
0.05029153823852539
0.059385061264038086
0.07604289054870605
0.05608963966369629
0.05126619338989258
0.08990168571472168
0.11856770515441895
0.08041858673095703
0.08121681213378906
0.04687809944152832
0.08092784881591797
0.05124855041503906
0.07256650924682617
0.04977989196777344
0.08607935905456543
0.08244109153747559
0.054963111877441406
0.08420062065124512
0.04701685905456543
0.05042600631713867
0.0510556697845459
0.05029416084289551
0.0762021541595459
0.07683539390563965
0.08007097244262695
0.045804738998413086
0.07611966133117676
0.07827258110046387
0.054503679275512695
0.07455134391784668
0.08272242546081543
0.05142521858215332
0.05276942253112793
0.08114886283874512
0.08457446098327637
0.05316042900085449
0.052622318267822266
0.08251309394836426
0.048598527908325195
0.07994580268859863
0.08205771446228027
0.04752683639526367
0.049498796463012695
0.08150482177734375
0.0639946460723877
0.053282737731933594
0.047945261001586914
0.08018136024475098
0.08147811889648438
0.06539440155029297
0.07487273216247559
0.08231210708618164
0.0915224552154541
0.10549402236938477
0.0535731315612793
0.07531476020812988
0.049898386001586914
0.0469355583190918
0.06477808952331543
0.05046486854553223
0.07575607299804688
0.049793243408203125
0.07889533042907715
0.06670999526977539
0.06301593780517578
0.050115346908569336
0.0760507583618164
0.09189462661743164
0.04741501808166504
0.04934406280517578
0.11529159545898438
0.05042433738708496
0.08277106285095215
0.0791175365447998
0.04985380172729492
0.046282291412353516
0.07640528678894043
0.07280874252319336
0.08668780326843262
0.04970884323120117
0.045905351638793945
0.07587122917175293
0.05648374557495117
0.06125450134277344
0.0723874568939209
0.08024001121520996
0.05047106742858887
0.06545090675354004
0.07976055145263672
0.07607102394104004
0.07205033302307129
0.07575273513793945
0.04698753356933594
0.04640603065490723
0.0562443733215332
0.0761270523071289
0.07650876045227051
0.0903928279876709
0.06465554237365723
0.08428549766540527
0.07731461524963379
0.062490224838256836
0.062465667724609375
0.07741832733154297
0.08831310272216797
0.05381011962890625
0.050728797912597656
0.10198378562927246
0.07649827003479004
0.05186104774475098
0.07959508895874023
0.07601523399353027
0.04648470878601074
0.046163082122802734
0.07660651206970215
0.07231950759887695
0.07923173904418945
0.0762627124786377
0.08430290222167969
0.07652401924133301
0.05014514923095703
0.07967877388000488
0.05071663856506348
0.05055499076843262
0.09557175636291504
0.07642602920532227
0.0554652214050293
0.046189308166503906
0.08260178565979004
0.04665493965148926
0.08046507835388184
0.08835172653198242
0.07715630531311035
0.052420616149902344
0.06221914291381836
0.054587602615356445
0.04620695114135742
0.08108329772949219
0.09664630889892578
0.05725455284118652
0.12017416954040527
0.05038094520568848
0.047454833984375
0.05538606643676758
0.061043739318847656
0.09990119934082031
0.04637479782104492
0.050739288330078125
0.08103156089782715
0.09591817855834961
0.09551763534545898
0.07630729675292969
0.08051872253417969
0.08024144172668457
0.0764610767364502
0.050298452377319336
0.05903792381286621
0.06254744529724121
0.06695914268493652
0.07956361770629883
0.07672548294067383
0.08255505561828613
0.05410480499267578
0.05476689338684082
0.05368399620056152
0.05987906455993652
0.0936281681060791
0.05314159393310547
0.0503692626953125
0.0800020694732666
0.09487771987915039
0.05296778678894043
0.07574605941772461
0.08076119422912598
0.08406829833984375
0.057305097579956055
0.0557558536529541
0.08192610740661621
0.0810234546661377
0.05720210075378418
0.06295371055603027
0.07635164260864258
0.07665181159973145
0.05002641677856445
0.0796043872833252
0.04602527618408203
0.05001974105834961
0.08630824089050293
0.05042719841003418
0.04556465148925781
0.05085611343383789
0.0832829475402832
0.07991981506347656
0.07622814178466797
0.04608654975891113
0.07294917106628418
0.07621145248413086
0.0500187873840332
0.07771134376525879
0.09986662864685059
0.08088922500610352
0.07279539108276367
0.04960465431213379
0.04969286918640137
0.0724337100982666
0.05974006652832031
0.07190442085266113
0.0973670482635498
0.05959963798522949
0.050299644470214844
0.08579492568969727
0.04703998565673828
0.04964590072631836
0.07264447212219238
0.07970070838928223
0.07582545280456543
0.07647204399108887
0.06911373138427734
0.054224491119384766
0.05985856056213379
0.06374096870422363
0.04615592956542969
0.09282279014587402
0.07785224914550781
0.04988670349121094
0.05990147590637207
0.05733489990234375
0.07579421997070312
0.07714462280273438
0.07966732978820801
0.08044219017028809
0.046309471130371094
0.09220409393310547
0.07733869552612305
0.08054852485656738
0.05469083786010742
0.12623286247253418
0.05045127868652344
0.05050992965698242
0.0798947811126709
0.050457000732421875
0.09628963470458984
0.062325477600097656
0.049809932708740234
0.04602932929992676
0.05020260810852051
0.059272050857543945
0.07596063613891602
0.07645559310913086
0.04611563682556152
0.05580449104309082
0.05063295364379883
0.08389687538146973
0.08387923240661621
0.07982659339904785
0.049825429916381836
0.08871865272521973
0.05039167404174805
0.07297611236572266
0.0907895565032959
0.08058428764343262
0.050013065338134766
0.07621431350708008
0.04975700378417969
0.05119657516479492
0.05039572715759277
0.07659292221069336
0.07650637626647949
0.045325517654418945
0.07639074325561523
0.07614278793334961
0.05379986763000488
0.05314278602600098
0.04705071449279785
0.050122737884521484
0.08537960052490234
0.05388450622558594
0.08050966262817383
0.05165290832519531
0.07941937446594238
0.04630589485168457
0.07627153396606445
0.0825510025024414
0.04669308662414551
0.04909110069274902
0.08115196228027344
0.06132245063781738
0.05051136016845703
0.07993912696838379
0.08113265037536621
0.06365680694580078
0.07498002052307129
0.08344244956970215
0.058797359466552734
0.12825655937194824
0.05395030975341797
0.07445359230041504
0.04936623573303223
0.04610013961791992
0.05117297172546387
0.07601404190063477
0.050694942474365234
0.07937979698181152
0.06266283988952637
0.0625615119934082
0.050516366958618164
0.07584881782531738
0.09185624122619629
0.04767274856567383
0.045495033264160156
0.08017683029174805
0.07614684104919434
0.05051612854003906
0.08456182479858398
0.08544468879699707
0.04936408996582031
0.04577803611755371
0.07525634765625
0.08630943298339844
0.05209517478942871
0.05672812461853027
0.0456843376159668
0.07635021209716797
0.05778312683105469
0.06296968460083008
0.0754098892211914
0.09136772155761719
0.07970523834228516
0.050719261169433594
0.06571722030639648
0.07896590232849121
0.07578587532043457
0.07708215713500977
0.08281970024108887
0.046468496322631836
0.045996665954589844
0.06633877754211426
0.056598663330078125
0.07702255249023438
0.07571649551391602
0.09007048606872559
0.08626341819763184
0.08049821853637695
0.10104012489318848
0.06305098533630371
0.0755317211151123
0.0789790153503418
0.05105900764465332
0.04602336883544922
0.05648064613342285
0.07631516456604004
0.05066871643066406
0.07881426811218262
0.0817098617553711
0.046094417572021484
0.04577159881591797
0.07597804069519043
0.07237863540649414
0.07983255386352539
0.0767669677734375
0.08546996116638184
0.04537844657897949
0.07578325271606445
0.05020594596862793
0.07904982566833496
0.05025434494018555
0.07172894477844238
0.051148176193237305
0.09574222564697266
0.055890798568725586
0.04604601860046387
0.07951617240905762
0.04617786407470703
0.08027839660644531
0.0827951431274414
0.07707786560058594
0.05211210250854492
0.05427837371826172
0.049634456634521484
0.04787254333496094
0.09722113609313965
0.05836796760559082
0.087615966796875
0.05217599868774414
0.08086013793945312
0.09607577323913574
0.056821584701538086
0.06127476692199707
0.09677910804748535
0.046189308166503906
0.05089282989501953
0.08062243461608887
0.09592986106872559
0.09971189498901367
0.07653069496154785
0.0799856185913086
0.07898736000061035
0.050016164779663086
0.05598592758178711
0.07645034790039062
0.05912590026855469
0.07596135139465332
0.0763094425201416
0.07964611053466797
0.05039834976196289
0.04660511016845703
0.05897927284240723
0.05728292465209961
0.08078455924987793
0.050531625747680664
0.050330162048339844
0.07950782775878906
0.09522032737731934
0.052364349365234375
0.0765681266784668
0.0816354751586914
0.07993149757385254
0.07384419441223145
0.06077003479003906
0.05577254295349121
0.08107924461364746
0.08134198188781738
0.05670428276062012
0.059952497482299805
0.07694292068481445
0.07660055160522461
0.05056047439575195
0.08202624320983887
0.046355485916137695
0.04952430725097656
0.08749961853027344
0.05006217956542969
0.08887743949890137
0.07623791694641113
0.07999324798583984
0.07614827156066895
0.08120965957641602
0.046437740325927734
0.0721733570098877
0.07622385025024414
0.04665231704711914
0.05062747001647949
0.0512239933013916
0.07581019401550293
0.06065702438354492
0.047074079513549805
0.07228517532348633
0.04942750930786133
0.05003213882446289
0.07224369049072266
0.05981755256652832
0.07183718681335449
0.09711432456970215
0.059722900390625
0.05080294609069824
0.050612688064575195
0.08698582649230957
0.04874539375305176
0.04989910125732422
0.0735011100769043
0.08298611640930176
0.08033537864685059
0.07617998123168945
0.06352448463439941
0.0597226619720459
0.06263113021850586
0.045999765396118164
0.0963602066040039
0.07804536819458008
0.04942965507507324
0.05948352813720703
0.04928135871887207
0.0764608383178711
0.07686781883239746
0.11606216430664062
0.04644012451171875
0.09287285804748535
0.0980679988861084
0.07961654663085938
0.050739288330078125
0.050580739974975586
0.04994845390319824
0.09700536727905273
0.06169319152832031
0.08025336265563965
0.04955554008483887
0.04973745346069336
0.058837890625
0.07920479774475098
0.07579708099365234
0.04607892036437988
0.0557858943939209
0.05018973350524902
0.0862274169921875
0.08082056045532227
0.07942557334899902
0.08045125007629395
0.046111106872558594
0.08066892623901367
0.07249689102172852
0.05005669593811035
0.08347249031066895
0.08085060119628906
0.050266265869140625
0.07611727714538574
0.0467679500579834
0.04987955093383789
0.05105304718017578
0.05095934867858887
0.07592296600341797
0.07659602165222168
0.04567742347717285
0.07581138610839844
0.0771629810333252
