1.7212073349587036
1.6304998785226255
1.7574930220729716
1.7513762178188714
1.7170418089791741
1.6928203044188748
1.4464670390235994
1.749059691108497
1.6411373642684104
1.6209099589999554
1.7153118197317592
1.652857869144634
1.706244790320847
1.4407479478952743
1.7075827142380728
1.404116314335204
1.7150286670497996
1.4508087364482778
1.784498786169082
1.6646707775206089
1.8392736626559556
1.7321732928856401
1.732519038405282
1.8509988453993487
1.677279121200322
1.7347095529918926
1.7420081446558842
1.7529766561399291
2.1598714927879556
1.915955607988096
1.768918127729976
1.9286540855626026
2.003186439189243
1.7359317230436813
1.8403523801932762
1.7381988547073968
1.450287863817506
1.7880063267686468
1.733413159421127
1.574315055874025
1.9561332726751175
1.7084402612167873
1.7791921016519732
1.7393870337648167
1.6824518477693513
1.7542462460867643
1.7791693584478006
1.785716352691576
1.749179886934956
1.7271240563789465
1.4343645015763409
1.7054587116006794
1.6908234491362153
1.7203613548541803
1.6943393718655417
1.5585754073181168
1.6014244294230686
1.7736123328025615
1.6904624790299823
1.5402071812011287
1.8095488319283892
1.4570735091334293
1.7868010852890206
1.5985772534092457
1.7441141060751455
1.8507776082692478
1.7412766210737236
1.6910484086503814
1.794848775700011
1.7484658889495202
1.7459663018938512
1.7986659239966956
1.7132836675969814
1.7458963577627264
1.9765328171227148
1.8968868572583788
1.7222317288216316
1.8583292758215781
2.0572099034468216
1.7154722779388474
1.8393404742381405
1.71226199678417
1.73669131035874
1.7374506804091339
1.6913874826986237
1.9297155467332487
1.7114838310460487
1.7155380915181548
1.671720454050396
1.6144030505234421
1.718611091429642
1.7335011308036332
1.7699947565748986
1.6623545547963219
1.750268781305397
1.814749566808133
1.7566151252564044
1.749864359674429
1.7455571617967776
1.444836275188414
1.747962549964256
1.7266723076975234
1.769419937787727
1.7262676631982692
1.5450908002634827
1.7109648749078012
1.4582650469297955
1.6648529690911784
1.7435860314847562
1.6428384795502868
1.807824324536788
1.563288403933165
1.9010380682263928
1.706107270214945
1.843875514922455
1.791126022021108
1.4945791886523097
1.679396364613967
1.7549931010959627
1.7055247701272187
1.7436366548140847
2.2018520482428037
1.9898233218419437
1.7662584039847598
1.9546858563301932
1.987925808641033
1.6938970359886285
1.6869395287744986
2.010606158329106
1.7616054607972094
1.5554147636906088
1.8360149596517044
1.7078095602306402
1.9685419194927958
1.7502008319379854
1.7544789406808516
1.7359350468809676
1.4214883785542052
1.7117148747583848
1.7381239465517884
1.6790180343642223
1.7789818974739788
1.9032690655021784
1.708962225092853
1.5118489706082352
1.7446861830405953
1.6780870653065798
1.673471694226612
1.7232262896740373
1.792661530080012
1.6933025392748204
1.595507702442974
1.732225190725441
1.595008985630606
1.4690047489324378
1.7150073285018257
1.8812500644249526
1.8187483044702828
1.7443821300614448
1.8459680039057342
1.721367823570705
1.7343845698181422
1.7419984812510547
1.742318491411952
1.730310609159572
1.7414069401360592
2.167303956655224
2.0375271349922337
1.8981973883223815
1.858988827485146
2.008522441538528
1.7393481388127017
1.9766350654733669
1.7866661965637314
1.6754084459943839
1.8338033433648864
1.7575901176238078
1.6912588455540565
1.931024355361978
1.7799173246471185
1.5683357014866715
1.7372105922971732
1.7089948631765512
1.5632917908018804
1.704886959177234
1.6689714191845053
1.8303895660703848
1.7322657683800262
1.8015034163677655
1.459132939013972
1.6516940817737813
1.702679635717671
1.7188931059344537
1.7873999712866921
1.7529354470081482
1.7857697264456867
1.7615919711965078
1.527960143254791
1.4580403923927845
1.7487107239429414
1.588890562767219
1.722833973274882
1.596626098745275
1.769790109571949
1.913126505167254
1.680204153764255
1.7397862689691237
1.754159613167163
1.8578397591392755
1.6999790831893757
1.7029209272266708
1.8013772319542225
1.7155028408995443
1.731905136237506
2.3286968043529455
2.030464525870418
1.8304401890553055
1.7391791959537473
1.8954778168376858
2.047584531593929
2.0321860092049047
1.764465350312113
1.698826097009049
1.7306278072336099
1.6697457365184163
1.7337353699256588
1.783886678052944
1.758188074031418
1.7888311154513008
2.172544972561754
1.9435246746867436
1.7824958101330484
1.8794258390521776
1.585864162742915
1.9383049918677273
1.7265362343933246
1.8683339013044007
1.7704316935948756
1.42795672700893
1.8002807133045406
1.582530227820099
1.9357308886564604
1.7403536185321462
1.6580606417019403
1.4985683673413661
1.5648092219275076
1.5757049445627422
1.78320864939278
1.5293089031201619
1.7237131526614673
1.7284694812538188
1.7329234762254224
1.7436122830294796
1.4234457234981623
1.7393472255168376
1.6687611162950942
1.694842852772839
1.655077213439016
1.713598331169552
1.487855895816114
1.7125717724894063
1.7386647155247896
1.4212676723464084
1.732774224261736
1.7458100763261855
1.4474835023820272
1.750986915228149
1.468342710477021
1.6674246165648359
1.8402600447331838
1.6868121018592668
1.7702587502433125
1.718148417105573
1.8673679610285365
1.732799389483419
1.4317529657035877
1.7280608787571428
1.7064743415644934
1.7117831370915502
2.1511413429547295
1.8962750427348545
1.7617991541821825
1.8525924277616745
2.028415795840411
1.691941772035852
1.910640907565875
1.8537511700237093
1.7249719345631354
1.475731059744445
1.820597943556403
1.729931743573505
1.9159900395356453
1.7654248804041255
1.608127453345669
1.7700843542726685
1.743845755755127
