0.4212443855043406
0.41798490088879053
0.4229703145194794
0.41435922110746226
0.41472129151277315
0.40025348424393814
0.37326106806980675
0.415283945989632
0.43662393580787995
0.4236071511473931
0.40343276247538995
0.40454057298073837
0.4216197437047562
0.4089329751290285
0.4279304934648793
0.41772692801734557
0.4056518140686782
0.41122362352814257
0.39829496577861
0.4252489090214232
0.41116447566306447
0.43213140516776527
0.4238432185193578
0.40697354901591143
0.39303511192640006
0.42558359800258144
0.44103331520101163
0.3825133297372066
0.399876036866946
0.36578310264617575
0.4180141903655139
0.4369737855816035
0.5664045351697444
0.45594484770787563
0.4222931766496343
0.4182149663706143
0.40805941813422
0.43803230040372926
0.4048009359099445
0.40037950735604483
0.40570987654046325
0.4136868037146761
0.41181768241279687
0.4373886931989073
0.4296082300462299
0.40677028311550767
0.4824711602109033
0.43284413902887897
0.4253277391628913
0.3770635250837626
0.4045195865046154
0.42812739940262534
0.4102837272376199
0.38927987905815586
0.4544827426878487
0.4059480162008958
0.4127813697628071
0.39735165913978554
0.38092097568450833
0.43756347086091696
0.41365151103944897
0.43645219376378375
0.42668588689850034
0.37502330841717946
0.3903626065229308
0.43893755726287365
0.4090623035417007
0.41669746013729503
0.5431245584806432
0.41902790520080446
0.41677459607655376
0.4178331982267779
0.4240287682314406
0.38671332765228383
0.41271509037506704
0.44071898529773684
0.41626187023199734
0.4441173724902506
0.38430785481514357
0.43071072048517134
0.37645522559809325
0.4326164382507748
0.3833232212941492
0.41300813433794836
0.4442475143969197
0.37782846246658847
0.43181183363857417
0.40570827402190446
0.39096210395232567
0.37210271325961397
0.41647806922605857
0.4165215953003206
0.43721964671045505
0.36800543534384794
0.4055073130145264
0.4138743928156128
0.4067381167012013
0.37833079285600724
0.3948506976260702
0.5536138224313131
0.4313491041497909
0.4436332534494971
0.41551377142053825
0.4170974791107549
0.4157073048578343
0.38752769473660637
0.4517185082728229
0.4020481249395793
0.4174562755520983
0.47525973051717124
0.3833847874440883
0.44976499494933064
0.42369448461904796
0.41819974516750885
0.4573704956208299
0.43660244412057014
0.4323737054765573
0.37812049438227013
0.41253482826978116
0.3814480626067538
0.43626306166845397
0.4447356853971237
0.4253345884255128
0.40481565119509183
0.3969252783367812
0.42546317686440616
0.36707287436428687
0.4324758132498501
0.3823598017931227
0.41796960703753216
0.42993059319688465
0.42112359300063557
0.4119671721147594
0.39389893958500677
0.5617233155054232
0.42531991253986134
0.4489853499359028
0.4254889483326632
0.41553997034222223
0.4475255455224683
0.4049275634152117
0.4732572641441917
0.38575108304575517
0.3938352177873691
0.47906827058971324
0.4295567329888408
0.38432021173156194
0.3938663576889335
0.41829578545644946
0.41504311971232205
0.4159628028020404
0.49457853488320835
0.3646057924196401
0.3724092294441549
0.41347519730611787
0.3808716128595277
0.39021360931684757
0.40864216103725165
0.3923732113383166
0.3999719298216504
0.40077093374406925
0.3850020366568452
0.4177196097081757
0.361072906276796
0.43001069060795216
0.44774324886261274
0.44018843146001996
0.35708098699300506
0.38859017766749093
0.4419717893043281
0.39752071413908313
0.3761298141789109
0.38601822613607484
0.43014864345249015
0.4035464883573162
0.44328941628621926
0.4542130964865986
0.363863209248446
0.3749687240836943
0.4027854747599783
0.4548949969417735
0.4264558117783489
0.42524320979774133
0.4133875142039517
0.41617133269462075
0.41377201166127164
0.37822146590549177
0.41017878612383585
0.42661475238916013
0.3831541244632017
0.4130046876372687
0.41865924689176254
0.4252590573343681
0.3934803292872573
0.36645044225333945
0.4054672210778417
0.46235219370608227
0.40001174734871275
0.392018583268574
0.37148009534667215
0.39507229963455526
0.41276838293997287
0.43714112699876806
0.4294222740089152
0.4143648750039034
0.3800272348396608
0.3902889947216889
