0.5095893368517385
0.5832902718248347
0.4695489366344838
0.48138286920119155
0.5586103857186064
0.7093066042349219
0.6106216234657968
0.5448741299332197
0.47924017959692417
0.5679783208401408
0.5380981879128022
0.5444782635864476
0.5317219740872575
0.6214253667121235
0.5258102822099952
0.6501767807685843
0.723241481674823
0.501367892083141
0.5468707294787796
0.745169312894977
0.5573959836815351
0.46239807583696585
0.6185907617623205
0.7025461424835278
0.6659912907160063
0.6536750468465802
0.6250489962138666
0.7953387889415703
0.6325947312394118
0.6475523698036831
0.6851103294246222
0.5891419951166661
0.5945027205967995
0.7199634402641123
0.6359838597040148
0.5632408886826037
0.6954540006456419
0.5558794123049771
0.6528753271362506
0.676864189126125
0.5800203581959086
