1.4220609283728958
1.438466877302935
1.5086783977600056
1.5186544019188704
1.5063702201721831
1.429333762334401
1.3975511135173406
1.545730866847646
1.514866400804526
1.5622462046805108
1.5274773454358335
1.4881543223002276
1.5141724728194825
1.5180156745555493
1.510797645253007
1.5381844622396517
1.5132061923755673
1.5129929770758832
1.4339585368812338
1.5592285385394362
1.519672084731294
1.569002697859971
1.4155120743388774
1.4111227089272518
1.5081401255548292
1.5147166575157678
1.5345151371932955
1.4089482571406908
1.5264943351193045
1.523319053450356
1.588969003729134
1.5216296850327482
1.52745665401488
1.405638879802976
1.4196057647982947
1.4863931699600477
1.5057250714031858
1.516598742570427
1.4991507260323353
1.5009160120955656
1.4387411619575496
1.5608517680094673
1.540771194320916
1.5440675272494524
1.5171087506719956
1.5168250723919379
1.5017512501555077
1.5140713996174298
1.4955258997377372
1.4953802840550394
1.5204324895657346
1.4914032756663334
1.5585425031077114
1.5089825412570574
1.4676031654018933
1.5874074839264436
1.5874250092741062
1.5538390208005155
1.4764474732028985
1.5055821537672935
1.5257300918674614
1.5114862011409314
1.5047258015617513
1.4267974891098505
1.522732520723992
1.539119921594133
1.5044473846433153
1.4873903564021793
1.476479672431491
1.3911265472532606
1.5577286246120587
1.511027015582419
1.5186401645097074
1.5080375080563546
1.4906024941002878
1.4280535224217927
1.5378264871823921
1.5454248258259506
1.5449562543711823
1.558551910345042
1.5152716112851623
1.5105759328851802
1.5175544740187803
1.5099408679659974
1.5153589755670873
1.502638985966034
1.5179180028348438
1.5145822180054527
1.4730537603653926
1.5317011118158432
1.5842095760971393
1.4968340007960534
1.5149315224806719
1.494757365832967
1.5293025326675644
1.5060892569848803
1.4966626920464539
1.5672041897716729
1.5393956708292453
1.5077958664603546
1.528902957718112
1.5292813709726343
1.5610327213201614
1.5036861202608782
1.5207293848550694
1.4987613603748455
1.5273317382696217
1.4149701535557515
1.5313248204749283
1.4413045087291623
1.4940567536587888
1.4977574945509073
1.513904861238388
1.5188415583873043
1.515826432522813
1.4953419046853802
1.5272441932390042
1.5147935080662243
1.552568703828297
1.5053310206749315
1.511871354270605
1.4084304654934734
1.5351885039563296
1.5401604166322211
1.5412796107544282
1.524418714228594
1.558748901919936
1.5014102261527122
1.4661799397392412
1.4348945980394054
1.5113188123678674
1.4268674351430222
1.5068269559285041
1.5930482067233829
1.5714545254882735
1.4926791029478124
1.508452206334127
1.5066487508417818
1.4886323493717246
1.5062605979044292
1.5057602781275532
1.4072043339488056
1.4754513274629806
1.5088067626207924
1.5253212033619457
1.5307697626487307
1.514780393877513
1.495378961418679
1.4886690115199777
1.506464743846676
1.4956189408266263
1.4933718262747133
1.5083646628875063
1.5115576114590181
1.4003862070491948
1.5268743377740668
1.5237874162659333
1.5055013022451083
1.5027249762337267
1.52149907705628
1.5631974535201405
1.4777445410380703
1.5227404150818014
1.546458072557387
1.5287611896918216
1.5278877367343642
1.4246664863451073
1.4128310305345706
1.4207997109922323
1.4345376864914559
1.5071482996820982
1.522394357362684
1.4345437502488418
1.417852547491083
1.4348665029441632
1.526952122451588
1.498897333017326
1.5148500478397142
1.5235990332309082
1.5001877689733059
1.3987204862960467
1.41778159324507
1.4937086000227735
1.498016605136594
1.543264030906089
1.4648304550514835
1.5043219867058464
1.507361280707001
1.4828759991472065
1.4795178837705736
1.5133215974050194
1.4977311828099453
1.4897167934809583
1.499344477974129
1.412640355743937
1.5573312887463802
1.5428147928481915
1.5208835353398567
1.5071331306890825
1.4387751234339552
1.5559936630032378
1.5115276127230823
1.4052848095838588
1.5121081503622418
1.418608643098926
1.5354342466743476
1.4997311085692895
1.5450370070246935
1.5178651739180538
1.4733450438468074
1.5088031495925565
1.5084120731069914
1.4046362889098498
1.4688085739297572
1.5076870640037343
1.505044909969832
1.4242074629616197
1.4195392284611352
1.5357660942769096
1.5432153090858802
1.5177317389921003
1.522353499709138
1.511841618715422
1.5041812511057773
1.5162086200340898
1.5019117310326293
1.5130913415729483
1.495381547505386
1.541159547029471
1.3991207962007648
1.525257886241074
1.5576871450170997
1.4269085020406904
1.519014832158911
1.4753592959470299
1.523000262104306
1.5521387008750833
1.4269843306456367
1.4293743388615274
1.5364636069609947
1.5193796576459435
1.5154414580527829
1.53385879767913
