1.2842288450703019
1.2964092497483948
1.4085267938792865
1.414675864893858
1.4988643666081618
1.3854293716222545
1.4937233284507374
1.290998724181168
1.4343771049585041
1.3878195826817814
1.3934795682915289
1.4094962295770348
1.2878484605968892
1.40612514236178
1.4338217776223474
1.4039655023968902
1.4134066862734072
1.306884048393941
1.343256263785911
1.3992249673115849
1.4321435705500933
1.3981479358674025
1.3919734867150328
1.40106187020415
1.4086209133058292
1.4325834119174192
1.3971486672346998
1.3070569474721994
1.2752251748895689
1.5362672218762057
1.2815647506638437
1.3087792536578668
1.286002207494791
1.3916209545043712
1.4885626626349295
1.4074570500444004
1.3979236633772754
1.5308340658508028
1.2771373858130382
1.416312452902014
1.44861568435143
1.4046959980910179
1.4687448766488074
1.4085543852051479
1.2856741413820252
1.4067589408196124
1.4060115679210428
1.404620191711674
1.3863242076183826
1.2895550373222073
1.395451780193101
1.3364271782298456
1.4441499280784222
1.5403212071157057
1.4168335562681769
1.3816847403293209
1.4113524314894017
1.410592402288454
1.4117478210961907
1.405630207532612
1.2795765532933872
1.5012260168921956
1.4922527568136479
1.260346899336006
1.2694744711847374
1.3424176948151263
1.4050192953634038
1.4555068168841048
1.5007559261339773
1.4144030384918431
1.5088569846734916
1.2820202652468444
1.3147805437975078
1.4188330265101528
1.4041273374431118
1.5344994341604243
1.3823639085896957
1.4006014287002664
1.3084097152224752
1.417592091346457
1.4044913878315006
1.4936519796527317
1.4040076196974194
1.2924271996461711
1.4110764753866172
1.292236413124032
1.4530733833870204
1.281991808553795
1.530315612613853
1.3994785591005319
1.4168923989859679
1.423633384090593
1.4874566811678314
1.3085917772160849
1.2832953244120815
1.4918467392468289
1.431907425653748
1.4067053372922802
1.4045036919464522
1.2858449531622762
1.3091888819258886
1.4520491057097034
1.4135446271182386
1.4891633126523434
1.4295780925874708
1.5141717089152098
1.3962881927281807
1.4938718800225426
1.4211303937941024
1.3915385431105316
1.3828187076858163
1.487827640919646
1.4935504549865843
1.2918006778617437
1.3926429015675807
1.4279197187772936
1.4257537453668139
1.409122826734691
1.3036047507716546
1.398296667708944
1.403414342097237
1.475595501294651
1.4096095816278686
1.3913208646766122
1.4859142738723634
1.39960723063252
1.4084892839911416
1.328368783877638
1.4820835105530694
1.4612800697039405
1.2967116831537917
1.2871746387649703
1.2802219973460447
1.4607430243218085
1.42944864706875
1.275830371458037
1.3707691737524434
1.3972367563911368
1.3845140484492124
1.410630885240427
1.3951315143904592
1.455042225635213
1.4979739516138184
1.3997800461748633
1.4249692244367342
1.4915105237453776
1.3988369192757735
1.521590995577726
1.3905536823174538
1.3984286973047741
1.2885844249605578
1.3887361042683792
1.489017619773892
1.4129783263348488
1.425657103783361
1.4011446203358855
1.3930122223854529
1.4488671112386737
1.3894902276196623
1.4130120511081317
1.4050700147123343
1.309712948832608
1.5090655295047206
1.490610509603927
1.4018989005799445
1.395311703075994
1.3035591079597475
1.3019923919319385
1.2854693229393483
1.4903105876012128
1.5091358919356885
1.3068130467780128
1.2813180056130005
1.2960099797996376
1.3952088277189494
1.4247858974582854
1.4846529871747154
1.4004829416768099
1.5137965733713066
1.2911385116964977
1.385133804710252
1.2793065491197777
1.4013833872931059
1.3730061714693313
1.4882832248103857
1.3979354682764427
1.285824211549425
1.384815923320506
1.3865465873635576
1.4054243552609473
1.4889982894947624
1.2728611104138314
1.424237458190876
1.286248354090935
1.4242274614407542
1.4456984773499602
1.400630244617537
1.4056154147362645
1.4173234188766215
1.450965770042919
1.4157062147460606
1.2810054178899022
1.4992734915131234
1.4848003061655786
1.2612370349869637
1.2926677840683183
1.2930933851384314
1.4541890908307462
1.4109011450084123
1.401696080729293
1.4881913233590356
1.4049703924143322
1.4607058650651508
1.2872982769740822
1.2846498914974955
1.4149864740888467
1.4102373165544264
1.471237329024596
1.3992083803009048
1.2971794514525283
1.3885907096929198
1.449148481328348
1.4213923018036834
1.4043665122772766
1.4085792655957363
1.2928944915228322
1.4140323531763692
1.2775272030224256
1.4120029727900074
1.4869354048240244
1.4086043703574633
1.3849056062723628
1.3911950766112142
1.4199469896993393
1.5003052634101681
1.4147409755419564
1.380338195493329
1.329806181801727
1.2918794690454956
1.4921313529270233
1.4923423380334402
1.2786229982074249
1.4960353249221967
