1.6098679281324346
1.4682780724977873
1.591939004840364
1.617513247237778
1.546269612466439
1.537304992202822
1.338127205861411
1.5449031545115395
1.4838387187944293
1.5415704743934135
1.5396624764332072
1.5290488750889875
1.4843445424253012
1.3204863186329365
1.6360287320718765
1.4130021446282892
1.6987362423148331
1.3594495718723572
1.699886909095276
1.6174737307402838
1.7549124041199649
1.5445652257119868
1.596640439806625
1.6695828916449311
1.5842981194949808
1.6348755321383397
1.5171906539175841
1.6464229638296504
1.9384403931273995
1.672535142528763
1.6191949483328476
1.7672828573179995
1.824700852923554
1.6368916775201812
1.688958123955476
1.6642629606861852
1.4085478696529035
1.571585767101591
1.60563884309377
1.5343747607946254
1.6976990273722992
1.521235964728358
1.6713803375375702
1.517496897787408
1.7320823318306882
1.603435365512964
1.5854187644336633
1.6326368515329295
1.6995578649155783
1.576250900869175
1.4046973345687714
1.5386338247813733
1.4768303617020089
1.6322622809975025
1.601117675373947
1.4333424628117313
1.4603673158090291
1.5444701006783172
1.5926098352676386
1.40561729335653
1.5950171239039954
1.461054048211021
1.5040405627217277
1.4716544665569486
1.6130042477045208
1.6810975552879979
1.576959633790601
1.5519777292846637
1.5843268076814772
1.556668743638071
1.5707155328694435
1.5717769842913651
1.6529290211147043
1.5940336950839227
1.8572750396442803
1.7436608573200176
1.5394475871239695
1.689822868987995
1.834058722271563
1.6482535606600932
1.7518791321978335
1.6033614434149115
1.632011086753788
1.6069375150458138
1.5607633743482627
1.8275188584052975
1.561679521327147
1.534337851309564
1.6184829806296528
1.4571666994563095
1.6047579142754507
1.6477995282204636
1.5418372087309593
1.558604339513148
1.5108817112477966
1.583375833439061
1.6763427314358663
1.623648548518846
1.5790747130263512
1.3422153944563813
1.5665289670969464
1.6513187011824066
1.6527073869230147
1.5822580473760641
1.4781223763711808
1.5408255010724212
1.3464757981880484
1.4787546987900482
1.5678464373184742
1.453635431236231
1.504109907143764
1.477559198040476
1.6228892728973863
1.525321027118683
1.7922473104230499
1.6662950396544745
1.349235425721887
1.6383332301960185
1.7186302021093285
1.7672976850617599
1.5854268575470893
1.9381340832205858
1.7346803369519095
1.6733768650873593
1.666142786692899
1.808770042074941
1.5953144670351003
1.6620938796063809
1.7688734671042508
1.677217333574705
1.399890187953873
1.7052928795404607
1.5706199812550112
1.7668961944466586
1.6146967527290605
1.7834255768150034
1.6666910592905104
1.3312587986581965
1.5831380376475381
1.5737872125504735
1.6687637574108294
1.6445455921097076
1.6791430402986536
1.5863812089288878
1.4214348599712858
1.6724145715352756
1.4837273528025956
1.5519491886318015
1.6399420418000126
1.5127966421286083
1.6405085184153352
1.4713438270255568
1.5528400784911
1.5274822195559605
1.386361104588168
1.5561648322354005
1.6335801472493139
1.6106348876978565
1.5818000557993777
1.6519568622378142
1.6040011458045405
1.5487140158306558
1.6134055454463374
1.5930502636036263
1.6679593898953085
1.551410820147446
1.9133142972114705
1.794643165372542
1.6827871219135302
1.708138291616655
1.770538395461273
1.5816091482098231
1.857541336745458
1.674575691865099
1.6405780809262427
1.702957520712538
1.5608819740747817
1.5737618348670357
1.779737045101679
1.7039112495738156
1.516360860223764
1.5925978781271588
1.6227995018074481
1.5264027546997232
1.627129943278371
1.5040112946626443
1.5689660322312677
1.6479397420343116
1.642606606493231
1.4769356677458663
1.4920523422224676
1.49086991050219
1.579665363126615
1.6385887870752534
1.5856719691247836
1.6890787628792134
1.4943066753309522
1.5046349148647924
1.3804156760328907
1.5814881812032195
1.5128188107352838
1.5401185772961705
1.4852060321178722
1.6237992606924112
1.7242784074990762
1.5218167123554935
1.5412986306673804
1.5179580883044004
1.7066977896248807
1.7339357367231252
1.575095032048925
1.6197443548117432
1.6285759663823238
1.5579624799708451
2.0922344554684305
1.8092636968416957
1.692987530832301
1.6744307041099724
1.7370953583533668
1.85205380839318
1.7184581620597028
1.5585824214795823
1.527071618164362
1.5896238187270846
1.54754782978804
1.7113352495647731
1.5896727088106322
1.6192945877804747
1.5642601876429847
1.9143165925496526
1.7057173147061873
1.602142215034267
1.6548405631154757
1.3946996718917828
1.672413201356291
1.565067126238801
1.705978861005423
1.6606149766430809
1.407888756033399
1.583689922600541
1.5275532187326746
1.773554814311425
1.581756055193818
1.527979463258228
1.3959255687767502
1.5376080575346895
1.416486400131497
1.6500371123446138
1.4966008193756986
1.5896397472218475
1.4987084691621428
1.6370281025252191
1.5982303191502534
1.2709150089573011
1.5669325343990173
1.5328498883288257
1.5144869531123546
1.5651412352868117
1.5864542990148918
1.4369154442414682
1.5451798920890862
1.5117602848431289
1.3741331778595296
1.6201578669304537
1.5230350005563091
1.368198052766102
1.5818869601652314
1.3732451092784044
1.5529925836914857
1.690437907582512
1.5290705205996729
1.6860984654735272
1.587987943744308
1.6080889237283214
1.5850443106623133
1.4248239480212141
1.729978719971089
1.574590015366004
1.5819222763176533
1.9238008126231028
1.6506417978345815
1.6463874058253969
1.7756551923236936
1.9009910100541885
1.592435681854547
1.686842920636758
1.5571203479352471
1.5285324839182712
1.285071561850511
1.6226339413543451
1.6018986596775833
1.8599190817994742
1.6228786320185271
1.4442048279121693
1.5170660359524104
1.5183185082924733
