0.37793078213845926
0.3232943655502899
0.4799317759507835
0.36561540827277655
0.41516795817248714
0.49752102572888485
0.4472109447625895
0.4548026934885894
0.4541824228933043
0.5209428216324768
0.43707461909741524
0.39786039697216397
0.6102873432738265
0.5541703642236491
0.6017203747955353
0.5908453115912466
0.4307665352384722
0.5712390223815136
0.4824460555235679
0.6838412095621546
0.48452035361436396
0.5725573055526549
0.5363873267791515
0.387716873492477
0.3671757846644425
0.45282033059655075
0.5288671882609701
0.4302554206336985
0.3589997380602352
0.4355088475724068
0.5132417875460145
0.3739088755005787
0.4519246810157892
0.3500654078358382
0.5227839674773559
0.3411396271266363
0.34657519870454584
0.6248881447528394
0.28093593025364183
0.47466638461668864
0.4723059405947486
