0.6547420365292413
0.6788921878029631
0.6067358233322785
0.5819915990075862
0.6580469005960524
0.7635633770612014
0.6392877305010174
0.6930348756296187
0.6859712654203834
0.7126769667848147
0.7164720269937139
0.6037343574700429
0.7150059222617726
0.7548508038722522
0.7134443276121711
0.7806926254618809
0.759030049544243
0.7295631991277962
0.7491027544740745
0.7398375824567589
0.757994418417723
0.6288694764276044
0.7441442852869615
0.7705642781968518
0.7672318442563044
0.806479685994286
0.7835620920898754
0.8687145375564181
0.8013160831773747
0.768950212859325
0.8416937147035422
0.8175230527354431
0.8239185310949548
0.8814201465337003
0.9024620493894548
0.8194777615472622
0.8991142187688177
0.8286818888523887
0.8629476114026053
0.8508564592702669
0.7172740163641812
