1.1777314275181157
1.2020906356489773
1.0610031366953487
0.9976684410322124
1.186442683092902
1.2724720336259632
1.0488074560653644
1.2274780785398887
1.146218262172278
1.226272209265372
1.1741137831473956
1.1522208340204745
1.17397306709439
1.1737797709899946
1.1657464335736902
1.2740245592928894
1.1596469795471627
1.1681059480989593
1.233240765091842
1.1936854422650043
0.9958977733890236
1.2370849365944643
1.1564261293899407
1.2854446701960778
1.260436185465789
1.2518796640012573
1.2474254500913724
1.3496579072381625
1.2672868579896988
1.236325893344257
1.224945286599417
1.3068566376799813
1.2302964813648138
1.5958220360013369
1.3947008437434831
1.2278507891601134
1.4033996377350655
1.3636973921590376
1.2131751991253565
1.3537867086102613
1.2070739952335257
1.2068167612381828
1.2881369651715595
1.1676502773499902
1.2941971023087622
1.1892683329940479
1.203780932478731
1.0770366966286868
1.094532998536587
1.273146051413184
1.1538997692480433
1.2016614088130897
1.1537655589238331
1.234332871951228
1.1807865113329987
1.064228085162252
1.1587090493850232
1.1734148926657568
1.1797141333322192
1.2586388100371522
1.1789138714331382
1.1492552524696071
1.1787751864892606
1.18268277945243
1.205161425189384
0.99523240745919
1.2426146566427128
1.1537590502536115
1.2853707102238172
1.2591797512188276
1.255842173208288
1.2667979659422415
1.367796668542178
1.2558801366458463
1.24860396557145
1.216635536889872
1.3018589607819764
1.2304174108743768
1.5781581871459593
1.3957595587374374
1.2259334574996077
1.4048055085514846
1.4106511087749758
1.2039473602285973
1.3781040699923557
1.214228622327037
1.1113810551210657
1.2879326066461663
1.2461988850084724
1.2938863803221554
1.1470225995910666
1.0623705865254132
1.1881699086429924
1.2127230626022762
1.1423504802843507
1.199237034973771
1.1465602918543742
1.2092841395378113
1.1819904467179294
1.1406256475639254
1.1632617454128855
1.174513077556449
1.1613825638698576
1.1706076056733614
1.275111202393476
1.1926597589102212
1.1761739155628594
1.2469555312585805
1.1901922540626708
0.9980109353256702
1.2233080859286223
1.2604875657126604
1.261424370974833
1.2464601071184678
1.4525517307384184
1.2534378062285434
1.2238258429891895
1.300931998344756
1.2250067300435281
1.592191855942654
1.3886071270481335
1.2335717129815313
1.4139464582060746
1.3576740711100193
1.2150531582755666
1.3561972709309003
1.2093488144581752
1.2134781189101338
1.2925947510708775
1.1652442723055607
1.294265792419257
1.2483559507250968
1.2881945273103452
1.1767343004384119
1.2053045931167432
1.29847301792321
1.2786102772599834
1.1802889606420621
1.2479112601659144
1.120878221641605
1.191307271234296
1.208835434426467
1.218268617909528
1.2793020152415497
1.230184728040172
1.2013454562791317
1.2193425914136702
1.20650947104333
1.2309897088249022
1.0248325230315858
1.251180845290169
1.2627848819834417
1.294814802526935
1.303290435502307
1.2984146935368182
1.2916122591662087
1.2870383801553449
1.3275443366108555
1.244853453587376
1.3246912633654073
1.2555799353166401
1.4771449663813063
1.3259564119187168
1.3859742964010602
1.4310820921608172
1.2323033072711516
1.3893148807607894
1.2309949020941047
1.3209857521679482
1.3132920761058877
1.2514711975102575
1.3465749218171015
1.2107308672869526
1.2332594562256902
1.192356413356461
1.1089445575815364
1.2853860256355814
1.3537230703487804
1.263844829513673
1.2523263207572486
1.1969809461162906
1.2775888790256416
1.2067428569946355
1.1173998820896807
1.196890752014121
1.291505971466627
1.2356174539256006
1.291255809419501
1.2582278561429647
1.2520844214725175
1.2193890681530615
1.2268821684798974
1.0764456484491878
1.2904772116574077
1.2566561518688002
1.2852133990200239
1.3068017782122303
1.4753326863187386
1.2911516022365452
1.3017531485104386
1.2353842421136592
1.3268853655525443
1.2601717158095922
1.5944144943648932
1.4224612486209562
1.2659425501373551
1.4198407661461212
1.4401356455903935
1.215768944961679
1.4424625402774351
1.2278121326760028
1.2329833073061296
1.3091344776252871
1.271389876006633
1.3464276180051067
1.2904492124376665
1.1819115303313261
1.200861490267061
1.2155180405672312
1.271528829807501
1.2484879587319855
1.208254837810827
1.2607986080440847
1.2296930881471462
1.1291813946022513
1.1846668638372817
1.2166607333053359
1.2605372920250564
1.2171503249111104
1.2796464592276258
1.2535090845080001
1.210108081755438
1.1011417739792377
1.3040104785962552
1.3122190059350025
1.285344795865989
1.2744996218889149
1.4765701422112427
1.2933086060206673
1.314318728560629
1.2388120580410245
1.3382931525807127
1.2510225425793977
1.6041766549450516
1.4793676757975767
1.32248755530498
1.3856995730269082
1.4228153380662314
1.227019126642294
1.4474186795845212
1.2314985093623527
1.3320304094010442
1.3045944793843878
1.250030986928111
1.363609684752614
1.1944241062893917
1.1191478379001976
1.2649304431589041
1.3497727067674226
1.1692334323489308
1.2558130356072523
1.2307010560595566
1.278819752488522
1.1892357264624855
1.1057786612943565
1.2019801297791115
1.1803406823317137
1.2788769645168119
1.2593988477126044
1.2867039860350356
1.2411716347843966
1.2067027530362655
1.2324114337100414
1.0974000146893044
1.282039232162326
1.2548475500869756
1.308518916603566
1.327438843665959
1.2907089297325984
1.3098499745019558
1.4868454580475492
1.3003034805146836
1.2993507996728615
1.2370612482759296
1.3298524019125597
1.264128929266318
1.671296410348432
1.4794318685778667
1.280328130209328
1.4291120519757263
1.4386384498630702
1.4391494798426567
1.2328505107877912
1.3173735900022687
1.316055404358246
1.27667386579657
