0.9958365482942452
1.0705521394431967
1.0711197241350414
1.0743975122520095
0.9067344168116682
1.0165416037890134
1.0091755536946054
1.076516672426982
1.001311707032915
1.0033516091806032
0.9994784980448574
1.0661386103588213
0.992460461168048
1.0024720417049768
1.0047557314922455
1.0746101464113522
1.0696417213072023
0.9978831208080737
0.9983685834247672
1.0724080589215155
1.0677870147191
1.0727346564153755
1.0004179167929492
0.9975978391842683
1.0782012350021581
1.0789000704713252
0.9936292991571326
0.911562244015544
0.9029583978169565
1.0017358625886463
0.9988471314788341
1.0738733512180576
0.9194706153753959
1.0227708369319723
1.0071530107700832
1.079886833390203
1.0760123376918418
1.0016318040325962
1.0078262911721718
1.0706231748131991
1.0112285477571104
0.899303496116274
1.0099312461681966
0.9987884361946692
1.0090896054936411
1.0751337978050617
1.0703386699780368
1.0033862040864787
1.072122035609226
1.0686637277180775
1.0008088198227183
1.005425289629808
0.9050157345869593
1.0772490453599406
1.0786649177217142
0.9927008993567341
0.909069588233056
0.8982847494964621
1.002021762245862
0.9981192978445366
1.0704910005092079
1.070169215261792
1.0743468962410103
0.9130607564332811
1.0082820642323294
1.0100516517498426
1.076947883530827
1.0691717366220808
1.0735071437674315
1.001307490188246
1.002730144347535
1.001772007480772
1.0095219185010238
0.8983282731579331
1.0069182047595224
1.0740210054918
1.0696169513275282
1.0004907624999269
1.0726981493095724
1.005042202869935
0.9065388650208783
1.0782096149299478
1.078775019761764
0.9937635756406507
0.9970663886962331
0.9018896695728624
1.0044927199779967
0.9991879969844325
1.0708988769872982
1.0697574285737135
1.0738590610450942
0.9109671512917719
1.0092507426997832
1.0115369805974193
1.0761746732147879
1.0712641709392954
1.0758327821286056
1.0019121408558633
1.0058014327197065
0.9997632385686682
1.067870353356719
1.0124058276133876
1.0071266449379832
0.9987306699944859
1.004378983235978
1.075284717234174
1.0700039534229355
0.9996873334249661
0.9972045469523407
1.0689677123315369
1.0696496648394798
1.0073166040029955
1.00050650428529
1.0788147039929317
0.9962278112780714
0.9128381610708594
0.9007412248411526
1.0049608152750378
1.0682025322172035
1.0722289646352028
0.9137350111772122
1.0045117238741494
1.0086875714591066
1.0708505232821977
1.0722488984858514
0.9996206108318961
1.005250154761059
1.0690142155724185
0.9008989571510484
1.0061401081286019
1.0022279960281864
1.006652624486145
1.0772760889154867
1.0779363869577763
0.9978528027729955
0.9954097954208372
1.0715782236036304
1.069789331273496
1.0758572345226136
1.0048310941137117
0.9021200132920841
1.0795251923379086
1.0799826827102021
0.9017336718132138
0.9114632525761721
0.9039229171047184
1.0719541675700057
1.0711361257148315
1.0005667042218132
1.0737800492006027
0.9995400343659095
1.00880007414159
1.0105666020370176
1.0713427251306293
1.0805786831634077
1.0027938010062074
1.0031169376211448
1.0020741484320612
1.0702035980403737
1.0093806459872543
0.994008837705749
1.0088046505265689
1.0055481857628266
1.0756573013291177
1.0742825764663788
1.001117301321851
1.0048114078056185
1.0007295788252655
1.0794007688780893
1.0681695007652106
1.0722696924686
1.0122137952709276
1.0008168974497538
1.07884629723707
1.0785870085963871
1.0009115196428553
0.9072854619647693
0.9014208681625557
1.0013911645098414
1.0020482212308939
1.0733525234280108
1.071327789432404
1.0751682487222125
0.9949192604371461
0.9993909117845415
1.005797723020755
1.0713232186230706
1.0686238068125005
1.0727375024722432
1.004750430553999
1.002824394131071
0.999828143487562
1.0693076216412924
1.002283342260341
0.9953085305848917
1.011521024313055
1.004505025100581
1.006384216269452
1.0750309867928602
1.004197998674923
1.000151902465139
0.9973304708899636
1.0735531037115318
1.0716239864583903
1.0046002311847142
1.0064276266250267
1.0788560789324577
1.0773166225704007
0.902707539859837
0.9025718313632229
1.0715683703901642
1.068467632255588
1.0745300450737736
1.000402447592507
1.0770599132903986
0.9994121506413062
1.0094630137456102
1.0036856549262518
1.006745809931298
1.070554334788654
1.0817639256354041
1.0070095846598615
1.00393840613824
1.0042562898004677
1.0682057949126331
1.0014202695792178
0.901809780076364
1.0094667678748337
1.0029517097079124
1.0725899601059878
1.0744454287565557
1.0033679677741025
1.0008839662684774
0.9987166729170442
1.0803420298853252
1.0680760592530512
1.0804529145520123
1.0066938341314042
1.0006664516330257
1.0795287571351269
1.0775622688531872
1.0022063208267988
0.9157729758422771
