0.8261703422200527
0.7493144647142895
0.7546076870996896
0.8465234508506049
0.7212344448050975
0.7369223434762013
0.8411500089786429
0.8937890067309425
0.7852846015296739
0.8361581107994059
0.7822167768512164
0.9398724965813259
0.6926698262692899
0.7702426596460707
0.7205929350054101
0.7943230374999862
0.8340257699360771
0.811683069998877
0.7513758035045337
0.7007945386378084
0.7326518316566236
0.9121197043404037
0.7946401403912983
0.8512712894178058
0.7761661135337142
0.6724322592295178
0.9741605158782556
0.9090472086731126
0.8531006706800177
0.6896774367743818
0.7446559330156135
0.8854600213809495
0.9573098763571768
0.8110397771250406
0.852855988470776
0.7988184143295545
0.9185710103914382
0.8735239045594163
0.7917742939379895
0.8625506024679835
0.8599220359967211
0.8049998181802887
0.8391988905979925
0.8278855863805539
0.7980688375000001
0.6531424799806991
0.7721025759838529
0.7894774374999868
0.7379223106573162
0.8455234111682912
0.7261223341618452
0.7061601046253129
0.7313524758457645
0.9076702404433934
0.7890563760423703
0.9182279422358867
0.8306644324929787
0.7028513542038411
0.782442812499874
0.9667485282961829
0.7363240422512736
0.7783429692961492
0.7884290874385094
0.7335102136054249
0.7734428504050737
0.8030855043358589
0.6907727945299105
0.95818304944321
0.8687384457714369
0.8039606874999855
0.8421641431247389
0.945626505888584
0.6770686802532885
0.8872885298688907
0.8490973946709203
0.7875067402765115
0.8142441369145648
0.7138861587840752
0.9965773571669532
0.9067314744657412
0.8034844186360532
0.8353082324757114
0.9639580965394584
0.8262473917181168
0.9167805330601949
0.8613456018372012
0.7984051268919117
0.8781245168156385
0.843707618658203
0.8479051310229673
0.8149152535934059
0.9790162214871382
0.8876471382205422
0.6776509943334537
0.7077349374945873
0.7119639194817321
0.9251527593800792
0.6491920227633634
0.8344874479749262
0.7769725073677645
0.7240456506306561
0.8704150572227324
0.9163431414848165
0.8796298087547375
0.8755546604798756
0.9348293172643073
0.8308452974995839
0.9165596431714007
0.7927635062498286
0.8193551413669642
0.7644963251260313
0.7279871152175423
0.9338022714736273
0.9392356526848743
0.8040637086669662
0.8083487865742174
0.7577999772252333
0.7812650499996489
0.8734212129352573
0.8870553380295833
0.8883260331954772
0.7564104141458193
0.8551058716007915
0.8042238583469727
0.8333366672982548
0.7252838380515529
0.8062000193977851
0.7627657421830012
0.7552641517517236
0.8990565140502736
0.8829487236800568
0.9170291297326443
0.8400809611579378
0.783048749457197
0.8442785543889313
0.7730895495003761
0.8804950911966566
0.7785010278565142
0.8821879269890996
0.9976157657566322
0.8140782242074425
0.9462182305370506
0.8082614726877368
0.9036463691874752
0.8911025109871056
0.9650500566214695
0.7907191032693985
0.8412095579529723
0.8374179999593799
0.8020336671779349
0.8452940931168915
0.7973624412379865
0.8064540895746788
0.83008120673542
0.7615873673176563
0.8536108371727683
0.843661773002433
0.8181381010468766
0.829221762636757
0.9154387249168933
0.7307055379310498
0.8535486737719024
0.8200917285261693
0.7826018845043353
0.8776439720966186
0.7973973717203275
0.6502302702420966
0.8217748862657327
0.8632359537565346
0.9392611625968951
0.9732716193622494
0.722493049963471
0.6739211319681108
0.8507521720273609
0.8586908077479772
0.8537798565354784
0.7076045333286147
0.9019819980969199
0.7949048522195978
0.8909617775037624
0.7861640324471866
0.8646004718607715
0.7174910447172319
0.8285411493533319
0.6770233714702413
0.824003131641323
0.8051429250447721
0.9939304031548262
0.8209833262839006
0.7833469868811058
0.8813469497697367
0.8791776618235321
0.7920214839751457
0.8483268050048862
0.8350051287129742
0.8275163464904696
0.8057004315820427
0.70049592933086
0.938128828899507
0.815535329664613
0.8625724931272842
0.8824467423386032
1.0042467798212114
0.9438494073523708
0.8584840353628032
0.7647205325843116
0.9725195442114135
