0.6865484519319505
0.5032437646300107
0.6771061883415971
0.6067994697832741
0.7462390386098762
0.624731323784283
0.645224029452351
0.8290458502069991
0.4865092361871786
0.6983183423126167
0.6282265887929162
0.5418431366786846
0.7713966710998439
0.5878117768494898
0.6707244240160789
0.47584552435816807
0.6063607788078308
0.6792802794266335
0.7493523513800371
0.5749003744063106
0.628338938814545
0.8452561764892621
0.6949983760113152
0.6312012366299472
0.46831838819699384
0.7470691157362437
0.6311758742329785
0.6311040567869485
0.6621674531143125
0.578457630064078
0.756191847198685
0.8027961199020289
0.8762415517335964
0.6140541154800045
0.5581797343684369
0.6745891552741944
0.624429796134001
0.80223068468816
0.7937194945313295
0.5002431324948061
0.7845022600105511
0.6201809122138306
0.6074678574338791
0.765977915677939
0.6311881822187178
0.7805311904968888
0.7792998488641583
0.8277190347600434
0.614274049640011
0.6899145886038721
0.652357633564122
0.766982234989943
0.5528517048128394
0.6714747146586424
0.6302856003612302
0.8170114008508982
0.5952979379503024
0.8245329196777254
0.6395676421214067
0.7444310790574049
0.8317848112048546
0.5841061916121045
0.8340637751300719
0.8362789020016856
0.6267344681603353
0.6103249014715423
0.7767200835579643
0.6938532386004524
0.8384948126329831
0.690864700989366
0.6081048197468198
0.7999498004006999
0.4850894630099465
0.6262924721171437
0.5422591101692684
0.6126566582188787
0.6729847400171517
0.5762684697685295
0.7551077236502333
0.6464317757248135
0.5770421410646388
0.5952176138605443
0.7487566039903872
0.5962172617661691
0.503207957858093
0.6330220602996188
0.4484566983934485
0.6192283624142599
0.587607915059867
0.6391365000016737
0.6081494897773385
0.6138735919549829
0.8788156903013286
0.4602515281623959
0.6598814090249718
0.767370816833782
0.6677135689169779
0.6212852707088441
0.7540609863250081
0.6066132181435497
0.6813177327672703
0.511464418264953
0.6899476855498456
0.6400215865299786
0.6599844460644838
0.8207904050516792
0.5594511064082106
0.5673260576516019
0.6455320045537902
0.827739723265547
1.0770731082706462
0.7242377208839552
0.780064885664003
0.6275255099066462
0.5807387732316053
0.6638275955196885
0.7736804212758187
0.4742781298717625
0.4907249029133022
0.5965736738626395
0.7347041957199841
0.6461502291048571
0.8805414867914196
0.7996790290425295
1.0606787636459796
0.6595452068512224
0.5787181869488282
0.5082156537316866
0.8041468855916967
0.8323985598959919
0.7099460153253391
0.8282153612898123
0.7450803974386718
0.7884368490781561
0.798234344355351
0.5620697312050962
0.5739009624980963
0.5551641032152422
0.6118223049166691
0.696578207400217
0.6529179243984499
0.9233788518161842
0.8848810786826318
0.4759496877822146
0.7759665228940094
0.9128689395625068
0.597543705348422
0.5526989555825733
0.7177922973412177
0.9228609489505922
0.5887803456556103
0.7102240021698544
0.8654478207092555
0.6293920649534722
0.7142106136742316
0.6494445679133874
0.7510143829355416
1.002071219891385
0.7791660085323155
0.5238182855347553
0.5383284001185165
0.6038339641816397
0.5059174611521342
0.6550677397584537
0.6077629363849325
0.6991451569280571
0.7520358592632278
0.811954881378095
0.7812729829216579
0.5514836765328981
0.6062110786914514
0.6126335874101936
0.6923433430563009
0.8270576603757173
0.6735604301212004
0.6347049821216587
0.7926126298234865
0.7287709856588651
0.768533791179109
0.631864121810316
0.5943470566900217
0.5419682251005928
0.49863374599050747
0.7137314929030841
0.7345492249673079
0.5318104542496457
0.7358925742398075
0.6372945467904498
0.9150239460687377
0.6178822482486633
0.5645715968648496
0.6044496650773453
0.7988249468542944
0.7411425734842507
0.7935920597503872
0.8315445097494976
0.7816311289858381
0.5337684213195987
0.6913587291263089
0.6553032231784278
0.6675834177872951
0.7201537701517485
0.6075008003853047
0.744555136365363
0.6082224437487256
0.4989884231428868
0.6937493947921947
0.6963681902036264
0.49546459082553473
0.6636455651057983
0.5403985185030177
1.003591333189196
0.5979099700993392
0.6066209575132213
0.8811446061949256
0.8019887160585446
0.7210021181840333
0.6721497934801746
0.7566679767307392
0.700063935822806
0.8716893312604073
0.6908956188193699
0.6564916300891067
0.5318339379566502
0.45819011771592094
0.8270944713701719
0.7684357157153442
0.8326169158039193
0.8906344412026803
0.7754762302514817
0.8260486662164548
0.6561896857856343
0.655070612238961
0.6889586446125654
0.7910165260215947
0.6603186130433418
0.6841073421293448
0.7149577858828237
0.5596321912111922
0.8073189605692898
0.4636644437829748
0.7946835722490588
0.7150308215700344
0.5328293145254202
0.6254703400466171
0.6258903953390441
0.47940602447370967
0.7211858377382145
0.5205094301896307
0.507850275418815
0.7207173543019787
0.6923223096810671
0.6203118774062419
0.513094977444569
0.7697578104666837
0.6658951611533442
0.5834916791766178
0.4742629157165818
0.6160240066158077
0.8073081823003336
0.6241472336280707
0.8234029011771186
0.6066789200602739
0.6286463224020984
0.8506204815893809
0.5769095340736031
0.7281439660404823
0.5711407909689895
0.4531631871090874
0.6203542512993273
0.6908760538542107
0.6501987306824869
0.46615085194556216
1.0252416293204967
0.6597624312468143
0.6221092784113444
0.7368077341539778
0.47974077123955833
0.5925317246111695
0.6148737218960187
0.5848221854692379
0.8649134222449169
0.6098437194416042
0.6523192251414998
0.4486304366613346
0.7996987380053815
1.0763016499387612
0.6079232133185407
0.7644374680262794
0.8046843379014684
0.6685675029883672
0.5505521150718702
0.8552622792258486
0.8127454895534668
0.826866080713495
0.6404898378108236
