0.5915449443959513
0.5193616782422832
0.5586785331700302
0.5727638148860437
0.5773310269211692
0.5621945768981116
0.6153954230487604
0.6256710025660556
0.5637674623279382
0.602828383522403
0.5422957389116577
0.5616788853775311
0.5546553936611903
0.6122313958435207
0.5375183834358946
0.5515460284444039
0.5458838875
0.567513433701739
0.5703353228712212
0.547955920652109
0.5733548593446433
0.5521800422227641
0.522079081669112
0.6235679961532617
0.5365112631031026
0.5314981028605115
0.5718958579383218
0.5464995820204599
0.582179650795861
0.5050074573888804
0.5657637179204779
0.6936457143075802
0.5478230508473444
0.5724001050670193
0.5521679200089694
0.5658357989581146
0.5584961698202744
0.669177578452231
0.5630667164594343
0.5194211450584922
0.531720408746068
0.5664623281234109
0.6180932020463705
0.6837820312483409
0.61457606093821
0.5858251911738683
0.614690569752155
0.5872360036383552
0.5821765354764707
0.5846911508204459
0.5564460024667276
0.5655985465436484
0.4869102859481222
0.5798582131570991
0.5495190999999856
0.5685433323305557
0.5214067983757215
0.5626662831537931
0.6790195205098946
0.5534510744400694
0.559801398142042
0.5611720155701542
0.5371464334284791
0.5613597127212715
0.49429253342053875
0.5859208709841415
0.543124881249997
0.5786331283536864
0.6720565929326675
0.5185523489904077
0.5590873927067413
0.5574219896307556
0.5786180062625464
0.5570085539112898
0.5698668755567758
0.5814140419387585
0.5318968647322512
0.6812512375406645
0.5709180470973432
0.5564138874999847
0.5781123700085037
0.6134469348302974
0.5787792472852054
0.5662475380058598
0.5099393997260331
0.6095867383767255
0.5467551162883837
0.5732647291469791
0.5903296983272587
0.5952266129844367
0.5832209546391923
0.555485216891676
0.6850723574509421
0.5926673576744179
0.6957315233391872
0.6809123748622897
0.5722802426322302
0.5953339384658416
0.5396269167513787
0.6064849520504775
0.6052422950698484
0.586449775132755
0.5909065076205569
0.5767472647685982
0.671353473082052
0.6265438065277873
0.6233644951630316
0.58490079739852
0.4993078612137033
0.5589534107095793
0.5352309543863465
0.5308503265608111
0.5348132804935595
0.6331928228250137
0.4885159482418025
0.5299962765269683
0.5512514774376277
0.5818828428698185
0.5833944077348237
0.6815251628453936
0.6329041559531167
0.5593323393641872
0.5712169165222936
0.565669589139915
0.6010672991017484
0.5742119083534546
0.5893807066360025
0.6357561976694639
0.5548193124999862
0.5830498839410361
0.5773281936471649
0.5457914851474157
0.6598395862683059
0.5574285811620602
0.5583167559009506
0.5820402780142613
0.5675610703318343
0.5777803341467408
0.5496088749999857
0.615888369472916
0.6290299863641725
0.5692403006592704
0.5158344526178431
0.5743672348840864
0.5569482437846415
0.6119999394235256
0.5595886896968445
0.5294805625292757
0.5321383346440508
0.6149012668074406
0.6314958745981868
0.557094906249968
0.5825508189242795
0.6721626658429992
0.5642075380637669
0.6142236101504664
0.540107115345904
0.5350764285074585
0.568860737485926
0.5573840380287344
0.5900755294634606
0.5180639981913258
0.6095914322530137
0.5658982590634293
0.5590891077800223
0.5561658948523903
0.5712838424927693
0.5722206958868821
0.6601127031887009
0.6673362998867715
0.6606606492384901
0.604585976820956
0.5672450341915285
0.5597406846902682
0.5543592863290352
0.5654282585122882
0.5217338309172854
0.6063740439462645
0.5587009485998998
0.5603257116027706
0.5828307853976971
0.5732350185155201
0.5681580987592307
0.5867503093291422
0.6146974471257176
0.5390443054141871
0.5559621173468531
0.5832494225797094
0.597293007698259
0.5720593293623863
0.5907896325186074
0.5928119251422606
0.5671283507548157
0.48707001445460135
0.5199181637897484
0.5954807928179207
0.5576678967963511
0.5361545174642153
0.6151461138511469
0.5775930594082068
0.6734743808675668
0.5449730522630561
0.5339280266878991
0.5892135006298016
0.5432146020294866
0.5993680551564493
0.5487050257468115
0.68207890834808
0.5909032597408964
0.5765981185856119
0.6705796268813923
0.588519619033414
0.6297263320934332
0.556769638612234
0.5684322704892429
0.5568073690701049
0.48694191264816533
0.5623365899518861
0.5962590123450285
0.5870762309681107
0.5546817696038779
0.5662412708235521
0.5393791601420718
0.5880481407583643
0.5575419865188386
0.6167118201649331
0.5886760161103674
0.5683977545633768
0.6096824938647063
0.6952069715859001
0.5518332686244205
0.570167090590514
0.5493317919364923
0.674869877374037
0.6609019132430369
0.6165702586823888
0.6921059780631066
0.5732653580631603
0.5547139786840959
0.5968437880491774
0.5207986972189548
0.5811489686865595
0.567307187530966
