0.3104914196567863
0.4374987159565581
0.4064513394370973
0.34623861688980434
0.26691616766467063
0.2738666922781406
0.2344586923076923
0.30095708876735383
0.2214493905670376
0.30514915177065766
0.24417366666666665
0.22000959692898273
0.2259471585244267
0.25205666037735847
0.2852209944751381
0.22268105008347244
0.25561345717570416
0.22639279699478687
0.34984899243379575
0.23117673579801623
0.26008585729847494
0.24973535638673255
0.2500962760069187
0.28780864870395634
0.3219098095580309
0.22664437373737373
0.3092759870658335
0.3367371643570738
0.3289712580174927
0.31154255882352944
0.2651076264367816
0.3446262584053794
0.3641841247877759
0.3035970212314225
0.25976998694516973
0.2756342727272727
0.2555631061359867
0.3292409920948617
0.2814665127020785
0.2987036771879483
0.2975174816819317
0.23146459070095105
0.41540699999999997
0.3118131868131868
0.244358407079646
0.25689606494086137
0.4038679245283019
0.3933358624178047
0.33659524531516183
0.23943314727854856
0.20023923529411763
0.2264344262295082
0.30880767572229406
0.31675076788064943
0.27457865168539325
0.1673521844892381
0.31366888580750407
0.28086587662988965
0.25972972972972974
0.4136940201931519
0.36667829581827566
0.2949292219379597
0.308542838150289
0.25665263241106717
0.3170083384321224
0.25686351985559563
0.2265892840409956
0.23103588907014683
0.32620037667614793
0.2922598884908195
0.3319886326530612
0.3571571431024614
0.3186239117647059
0.32170952100840333
0.27314587049052685
0.41283122191323696
0.32058779982232755
0.3366529285714286
0.35658935658914725
0.23446081944444444
0.24676110722610722
0.25488742870456665
0.31464127367996775
0.317303777819408
0.33779761904761907
0.31562883333333336
0.3344758562854285
0.33371836078746486
0.2417411823149528
0.405740681863231
0.26357578980891716
0.29762083147853735
0.3256448412698413
0.20509998245614036
0.3139800593607306
0.41546568544600937
0.3254947192982456
0.41839130434782607
0.24987902320027294
0.2518322334468407
0.38028541226215645
0.3374427590966123
0.3451544636082929
0.34899049881235156
0.2208778639562158
0.21030640668523676
0.31160533598659407
0.23584016847705608
0.3052450761820068
0.3720496859504132
0.22609575119161104
0.2306756093418259
0.2882146785304248
0.22155178114478113
0.29803502439969015
0.41393083531960995
0.2833744042553191
0.2399119504950495
0.41976669556585045
0.23729099539435808
0.2558315283018868
0.4428211044376435
0.3283874786096257
0.23429877160493826
0.2664375499110496
0.23646940668523675
0.218141375
0.23991568097419821
0.3388060149384886
0.24647889649525057
0.2189313451568895
0.43482664285714284
0.24447923533289387
0.3263532159107918
0.23694744409199048
0.4628252788104089
0.4098926380368098
0.22204533348815605
0.24429479527559053
0.26323086226823983
0.22370179457808323
0.23937538156484459
0.2775509533762058
0.3128979584086799
0.32527880269058296
0.2434549356223176
0.2521378269617706
0.1815331491317671
0.2981811145510836
0.35784218689414504
0.29504504504504503
0.31900925490196075
0.2386475208640157
0.3626690946579194
0.2524770869565217
0.2316246724137931
0.2548838372093023
0.2950734167916042
0.23299420930232556
0.292898740022805
0.30925711441647596
0.305407
0.37883983582089553
0.2967785953307393
0.293039336018412
0.2700122631578947
0.29762552538071063
0.27580068115942025
0.2804418136272545
0.3520711373056995
0.3175910601288475
0.31292724291497975
0.3159913619854722
0.31209790231170764
0.2032097649186257
0.2428733683446273
0.2585438330464716
0.2121632329635499
0.24361655997210602
0.4036665772787318
0.3154553333333333
0.34684191124260355
0.3003772990577632
0.23652086983632112
0.24302338407235827
0.18188718448923813
0.3040935961538461
0.28152078384426044
0.3003207931034483
0.28131332073011733
0.20447320617620346
0.30978260869565216
0.24233001658374792
0.36166294294770207
0.3303430287701549
0.3073640329200513
0.3586293007769145
0.24817123518164436
0.23776168702290076
0.312628352536005
0.3261556192584394
0.21190839421401184
0.37887369109357383
0.31574242039355993
0.28793379416884246
0.312183482664589
0.2689582308715901
0.30343670502700454
0.33833018072289156
0.1861646162479957
0.26198980778722236
0.2508012281137807
0.26149378552700575
0.29766008641975306
0.37744056299629436
0.2636809168657429
0.4804526292026897
0.23745032683982684
0.2873123327993592
0.36310580908326323
0.35523206120092377
0.3322413653250774
0.27123655913978495
0.3360151081081081
0.30870316478719534
0.26373038516405134
0.33771685306828003
0.23781412074303404
0.28218976573787413
0.2977056368202286
0.24291464992993927
0.3965985887850467
0.3036253686087991
0.22273449318364075
0.24932774299065422
0.2544058009592326
0.25976400763358776
0.33378935294117645
0.2357339335161069
0.3571001385006353
0.33956310078192875
0.2408552370583402
0.2585535899025686
0.23802420729628368
0.37568628499418383
0.2051350574081891
0.3137545700325733
0.3622717136273864
0.17492924102838778
0.33205272864321606
0.22568406185567008
0.3365740740740741
0.4033018867924528
0.2503104323873122
0.3096137246439361
0.1908499234303216
0.30183397683397684
0.2631025248661056
0.3306491575817641
0.24788408270676693
0.32356985698569857
0.2781046214913524
0.1928742252769799
0.2875964926531744
0.28084714548802947
0.2749523481363997
0.2778517513812155
0.33030522565422565
0.2217131041292639
0.26698774999999997
0.22209911361804996
0.3693342474513438
0.34130723612750885
0.4037501085043988
0.3543526785714286
0.21051503736377788
0.21572345569620252
0.3045720921114785
0.2551824401671143
0.33342017855570233
0.2588052815764482
0.2288993175416133
0.26166789193662804
0.34170880896686157
0.28552418749999997
0.30131408113391983
0.3413414528710726
0.27960360678642715
0.24138905601317956
0.4093568933901919
0.34229185727355904
0.32713170157696264
0.3273053792181757
0.20962225027891407
0.3547297297297297
0.30869559060402685
