0.12077450449550449
0.11243310116731517
0.13505451020408163
0.12637039375476009
0.1412374020156775
0.1401816824290692
0.14008295625942685
0.10849926827927432
0.1275784350282486
0.1218028774055595
0.13070409982174688
0.13871533069186223
0.14798850574712644
0.13248019947198592
0.13667281153305202
0.13671768394815553
0.12340619298245613
0.13778898180029514
0.12672832079414836
0.12744143264049268
0.12869279310344828
0.11809341161223431
0.1294368947368421
0.13721498371335505
0.1457517619420517
0.12248206888671237
0.12244097183098591
0.13636363636363635
0.1321126489811611
0.1261114836125273
0.12898189343683839
0.12745675354416575
0.13175904021628929
0.13111770967741934
0.1165348028169014
0.11689090208078334
0.12252008416547788
0.13217978173463527
0.1377388535031847
0.11996450368550368
0.11527191503267974
0.11952458240173097
0.1199487247706422
0.14084507042253522
0.13363192182410424
0.12329799256812551
0.12681482179409992
0.12795639320029564
0.1455026455026455
0.11112116534867002
0.1285839219687875
0.12752160355029585
0.12820070818505339
0.13642857142857143
0.14423076923076922
0.12677623756906076
0.1250795215123859
0.14156472986748217
0.13274150117805453
0.1457336523125997
0.13552978043704472
0.11496769865642993
0.13314332247557004
0.13575641915336573
0.12348880332056193
0.1130496562150056
0.12885801168614358
0.12163099670646356
0.13826315789473684
0.1299207217058502
0.1510868317621465
0.14246724890829693
0.127847848758465
0.1224564616248596
0.12139639915713425
0.14061439239646978
0.13182382133995038
0.12270243268242548
0.13353081598062955
0.12950099025748085
0.13314332247557004
0.12420502377807133
0.14377706351665376
0.12779531477927064
0.14311680630105017
0.13805015353121802
0.11929913422818791
0.13303750837240455
0.1237617895839569
0.1203821652989449
0.13801813043478262
0.13293650793650794
0.13750880902043694
0.13183994528043774
0.12553825925925927
0.12974968145800317
0.14059139784946237
0.12820070818505339
0.12751495505617977
0.1407520325203252
0.12843544820295982
0.1212879578134284
0.11835779380214541
0.13014304293381038
0.12751134916559692
0.1327329309694455
0.13488641144299537
0.13360091743119265
0.12154215789473684
0.13138812154696133
0.1346517034120735
0.12639549294911095
0.13582113303628263
0.13147095959595959
0.13462116656644618
0.12734174936525208
0.129294873015873
0.13427899999999998
0.1378526645768025
0.12430725947334617
0.13067375886524824
0.12491092182410422
0.12410372613458528
0.13235701792303636
0.130232488372093
0.14502002002002
0.13198389408327246
0.13100768217054262
0.12680889130434783
0.14412144702842378
0.13406582577847853
0.12215751077726975
0.13428454016620497
0.12612151968503937
0.13097065847833503
0.13513309134906232
0.10993202602791399
0.12596882945736435
0.12960526315789472
0.1343669250645995
0.13572903353454058
0.13706509539842873
0.12173563411832279
0.13263358778625955
0.12771873214285714
0.14291419892110585
0.11897061753396565
0.12553254719309068
0.13616427432216907
0.13588169642857142
0.12745882873453854
0.13717464315701092
0.1239009512195122
0.13568997724230253
0.14532277346084876
0.13425711360083376
0.10912902966694654
0.12292411494252872
0.12565766354044547
0.12834655428854735
0.13558631921824105
0.124642201911589
0.1302417006406523
0.1304241414514145
0.12041336692506459
0.13635005973715653
0.15151515151515152
0.14124431448992852
0.12698801033973411
0.12093475620767494
0.13654480483782297
0.13360091743119265
0.1261077888395688
0.13471628449280995
0.12060844680851063
0.1263946069364162
0.12508126343917006
0.1395592341443957
0.13278443113772456
0.1290983606557377
0.11910785431400282
0.13032440067340068
0.11517415093205051
0.12495310161090457
0.12413942944785275
0.12959242250287026
0.11808232285859097
0.14092754528419738
0.1346324347142108
0.13492473110893033
0.13401960784313727
0.13862862010221466
0.13035524633431084
0.1291822258064516
0.12828947368421054
0.11862366588511136
0.14190821256038647
0.11067949835586408
0.12245770722433459
0.1273627438423645
0.1197755034965035
0.13417080626671762
0.1304630593132154
0.12060212252964427
0.12944726810673443
0.13538286826735885
0.11557484519350811
0.13072191609353506
0.11831506748109365
0.12005819002201026
0.13756106071179344
0.13366495507060333
0.12595329861335053
0.11471017159763314
0.11459833762434171
0.1319893825136612
0.12323503784084584
0.11890334391402149
0.1366810563737938
0.1364560236511456
0.13069259962049337
0.11449065014577259
0.12158540191715166
0.12165991192296799
0.13673020527859236
0.13070206699928724
0.13889603705609882
0.12236484240871236
0.12829502136181575
0.13314646987951806
0.1228885033940693
0.15730067182662538
0.11479184507042253
0.12972929239766082
0.13132262474367737
0.1336206896551724
0.12536458030480657
0.13395598771750256
0.12198106699928724
0.1165557619047619
0.13051470588235295
0.13386990801576873
0.12020476730906494
