0.42908471642952783
0.5684381566072609
0.579749822319655
0.4410214207314067
0.39541505093861384
0.2928174654038849
0.30078488371406464
0.3940982926214587
0.22582806586511078
0.4207622893771539
0.2894304720914017
0.36726952751299496
0.20161891720601535
0.3202673952589304
0.35016525456252257
0.31453482025117385
0.3556726817373488
0.31116527736946475
0.6379413626420388
0.2952697294247489
0.329193573398501
0.2796316695417227
0.3087120412904749
0.34443689590773957
0.4067808778887527
0.26337522619827014
0.3778702285606128
0.4623769565809731
0.35057944532335394
0.28045258843220244
0.3245307071034615
0.45901472578764946
0.49316058919518113
0.3603135590019869
0.317196899074486
0.3425296354233065
0.33243671191389373
0.4022226018541445
0.361667081275413
0.44425463344371385
0.2970303695840869
0.22129887560418565
0.5951602708096014
0.45291573579007444
0.38697834835658873
0.32121081829253084
0.5139923314614183
0.5530250850908507
0.4585109103954088
0.2791875588518046
0.30362704637307303
0.369925485336265
0.38674712046109544
0.4039694490983047
0.517551645164174
0.3442551101901432
0.5785694131871579
0.32923778892104366
0.3156519843997052
0.608328752797051
0.5179392271299955
0.4519835786822527
0.5536809568050941
0.3740919177954728
0.38681950138302446
0.3212273285688532
0.2727515102105291
0.2818046305740268
0.4019933789693324
0.35110780156291843
0.41383965060774586
0.4978335545144423
0.45560485495400416
0.514101595441121
0.3316131184955155
0.5831631856839143
0.4126692237515269
0.4535418192611641
0.42992583420000213
0.29876731625999825
0.28452002198881626
0.27931505284230407
0.4269742552863405
0.40935012542824456
0.5285377830746245
0.3843725183874752
0.39370723576562433
0.3926014374021224
0.3236924374941107
0.5727731658119184
0.49061041149016693
0.40982831700119593
0.4090399609464601
0.2200813443143072
0.5508388018701724
0.6020343796156676
0.4891914951334001
0.6074654355077305
0.40005849601364474
0.293064582632413
0.48019862888942166
0.6467301488800545
0.5053461294479137
0.5229080559985776
0.2780629796401317
0.3668235651227746
0.4536019079085274
0.2471834927303848
0.39279948031569
0.5214406146267282
0.20118919940304486
0.3179914358882533
0.29988206075251345
0.2436634311857684
0.40720332025407346
0.5886690083723052
0.3323139018471763
0.3010514409041193
0.6026955215226091
0.3945675038941086
0.2854636961506098
0.6049600303526572
0.3916672137197992
0.30186340117323496
0.2845579902071964
0.3699808356240347
0.2830226224125899
0.37390113381757184
0.387511307207977
0.3354468726964671
0.2510220087461759
0.6455773702213582
0.2934559388618392
0.41862388082866964
0.3056317989156837
0.7526518382526789
0.5806676248679434
0.3158679408906768
0.30610807798955003
0.31799423297248386
0.3166354946516093
0.3021845652043054
0.2977115068829758
0.391075904089571
0.5042106049604055
0.35010717085776144
0.2976949492176434
0.33176209139218393
0.40123871960788937
0.4202082200219484
0.4024142791247569
0.4274428188950655
0.26056668237871494
0.5331040150400431
0.41776482875552823
0.24672929440092078
0.23702742608463126
0.415484867474627
0.39605343958594375
0.38492967393905647
0.39315211028217145
0.36449816825288056
0.5131015161681063
0.5934751217107577
0.3971233805377322
0.2926529530648642
0.29552311543309073
0.24242864134198255
0.3171035266856067
0.44356138337645895
0.3216816846047812
0.4254564083025457
0.4217373599569266
0.6292315062126261
0.273442563060512
0.3079527333568476
0.28549496035447247
0.25942516943327115
0.2815780198887846
0.5550756336971869
0.5320495967785486
0.5920133050821762
0.39582194476788707
0.31619432253406154
0.3314597760890925
0.3069145261155999
0.3514629390487875
0.41324498741836124
0.653688935109455
0.45680586105918053
0.20431972640602217
0.3437786405513021
0.28170815008643657
0.5337203609861978
0.4363630790036543
0.4519840512819298
0.3547904075877847
0.3536037218762169
0.3333886047571933
0.46878845749393205
0.4639568129202267
0.35206560448177193
0.580451125095274
0.43701924344311793
0.30366342116677214
0.3641494673707474
0.3032583413275387
0.35169562642025165
0.4036984757347374
0.2905880697826757
0.33397404332365493
0.45051658252466803
0.3190633535664438
0.380011038295319
0.609165323307245
0.28750992994265295
0.6920294057479142
0.3267185141517165
0.31903072571326124
0.4198714015021989
0.5678488022147236
0.6012925100369833
0.3052089112729407
0.46945082878686784
0.396026151273562
0.3572027495312875
0.3990557451430564
0.2990711192423428
0.4258613342189843
0.2843277489269679
0.2666728363308957
0.5644541826811821
0.33583940525311595
0.22217072235373764
0.3478853256316371
0.29721835415624215
0.3200222989701219
0.3962890834487999
0.31136990454086516
0.48857432091959474
0.48248974751149465
0.29234294090680835
0.2469606975137
0.3766306493374641
0.5724362052760663
0.2879625475135299
0.5570472812695348
0.6120470848095683
0.2305860950634177
0.5935529354771412
0.23998245389599665
0.444072620186563
0.5185621986186538
0.31174547213100845
0.4145184210758839
0.2228782293333425
0.3624372243109006
0.30959784442711036
0.43084807445723405
0.3460535432032911
0.3973833099963229
0.3133887950896197
0.2638106155495834
0.3802095019664069
0.3652896802832334
0.40136722200040786
0.35596772015038325
0.4739651366726553
0.24061623293691864
0.3165136626674775
0.26374917533307124
0.41487446657151095
0.5928438991434897
0.5639647780533478
0.45533068912690633
0.2956437410059366
0.3162405622983788
0.3756787140776036
0.30369247419107487
0.61611983778484
0.24636314462023579
0.3165212016077884
0.3740158388160891
0.45128709699357406
0.36641737272866304
0.41653334763790795
0.4764639300856685
0.32139520752536693
0.3026856270093309
0.5410111607692255
0.36561408350537505
0.6320451062944488
0.46511649936804855
0.2511248231377587
0.34500113261652526
0.5863054287653175
