0.1270312975197812
0.1359283716088752
0.13008489248793584
0.13555411405902562
0.1292172939941375
0.13133204396378456
0.11926991636998288
0.15258960492798912
0.13420840075790197
0.14329122888869028
0.15360460102942652
0.11999329633518854
0.1367197420917165
0.13124427535351668
0.13211133879097195
0.14475509280389184
0.1311071765393216
0.13036012490157797
0.13878511435309993
0.15407511650976935
0.12247095047473991
0.14516977286632013
0.12574987099831206
0.12481139178916956
0.1275564401739837
0.13131854575607557
0.14346447382589933
0.1286282134679864
0.13658615061049967
0.13609549870444987
0.15639365739820515
0.12422713661896327
0.14295642845712533
0.12074043815625624
0.12943386823943526
0.12824941438118886
0.13140064749711608
0.13514796283450925
0.12305886537328715
0.12465735245301159
0.13637685995559334
0.15693996629318424
0.13282575985501602
0.13232358114297435
0.12039705142686238
0.1303218768553096
0.1238436053733204
0.13509671023243822
0.14544323164020892
0.12482632360295366
0.1466495596024474
0.12126377675140415
0.15269892450983039
0.13607100285628268
0.16741419033459437
0.16053453257071862
0.15615320126391252
0.13692508989657493
0.11465471856625548
0.12693833828082604
0.14597959182397752
0.1297187539205453
0.13087045979503625
0.13026023428758698
0.14173439859105852
0.12921606292042342
0.11613367794925261
0.12173860301978709
0.1646477973619362
0.1288633803949842
0.15352157085864493
0.13118673459959995
0.13632848366648623
0.14743593676141203
0.12188897121811146
0.132611793651697
0.14421230999823206
0.1329220929601921
0.133493790779733
0.1512820374540421
0.11932194678727459
0.13381456703628186
0.14229791489519608
0.1291742779683686
0.13114054305992562
0.1273689490068153
0.13849182739122862
0.13136257777031207
0.15386574973144626
0.1268639408082665
0.1534623559736661
0.1398316960856476
0.13166387256105136
0.12889690153996522
0.1384565760682955
0.12909117387742075
0.14202587998251903
0.14984085288896046
0.13108738636827766
0.14153562436538492
0.13260834625442733
0.1404985835520493
0.15255438011189326
0.12463717777749785
0.13623173587368195
0.12404894297087866
0.13725433831970144
0.12945039567058048
0.12825182308283045
0.14147306154680753
0.1262478868139869
0.12560984501758088
0.13044506013493962
0.13600706577691687
0.1311683650028252
0.12143432523982606
0.13741888806335226
0.13447950278830448
0.1359146546964725
0.13046120655851554
0.13855793080810397
0.1308880106951223
0.12582669383862985
0.1709350171077526
0.1294512620701274
0.13774770277982148
0.16057857610861284
0.12747401480636408
0.1073388762675004
0.14109449311252972
0.1410537477700203
0.13229457881861997
0.1273680871915049
0.15566398204776827
0.17347892420348066
0.12244362010321301
0.1274296959814347
0.1362103217485746
0.12270645673821612
0.12766755615200853
0.12824824521855868
0.12285260386596003
0.15874708747824604
0.13003711581291494
0.12817261465517238
0.14154445507847602
0.13961625284945753
0.1235612805796285
0.11855271357778244
0.12473237192333801
0.1515416700483408
0.1285330916891016
0.13105527841592315
0.13295983374008086
0.11896913669415145
0.13803256232054123
0.12207296584423155
0.12571743233675794
0.1254315544575531
0.13619398655026074
0.1540220396435058
0.15700609922209252
0.12113200676495499
0.13046511288801563
0.1406933141786523
0.14014053202533153
0.1326337229909396
0.1246389367710086
0.1290440678726848
0.142334023021847
0.1312567162060944
0.12511485441789352
0.1361995370199184
0.1271838844714507
0.1383559221832138
0.1487473003631288
0.1414189125272331
0.14092896751353806
0.1363385455029771
0.12558598350017125
0.11893001979852218
0.12634535414465878
0.12381990875048866
0.10880489137324709
0.13260575813185266
0.1065846627416885
0.1351233234850971
0.13111489513674845
0.11377327089143272
0.11460831410238331
0.13427254203092875
0.12321122851613146
0.12150600648718493
0.1245774378775834
0.12731921443396169
0.14291737783589636
0.13247452326070439
0.1183097527445552
0.1280002273548904
0.13759119593336402
0.15607909716353247
0.13017922924711334
0.12178334426229505
0.12887212251839888
0.12669816542220386
0.15130988351816924
0.11081871214855708
0.13289653854799266
0.13385419950102018
0.1578026807582808
0.13077299709215812
0.12807028040098606
0.12166162325872953
0.1104146005623962
0.13588879543043458
0.12969981466291536
0.1305415608081061
0.13231968196166577
0.13449521694977565
0.13267468724770456
0.11824587853764158
0.1378072780630089
0.12954180579899202
0.13263793437946406
0.1340681239665307
0.12733041740121143
0.12869253701659572
0.12099061919318749
0.13046424917016633
0.11921005109112584
0.123344777669806
0.1473698873883645
0.1332678111813413
0.13691628149140722
0.11824347390591226
0.13664991387216208
0.1499181992863905
0.13766160088725382
0.13178354874110845
0.13166039026265974
0.12133557294278402
0.13782435023739514
0.126738446883281
