1.0761715224368265
1.0883909467958914
1.1801751430856358
1.1830948090126543
1.250707942027156
1.1540853321685367
1.24646663348013
1.0830397571973962
1.2045490752849135
1.1561509107450223
1.1618767725076025
1.1782655297278644
1.081142614443043
1.175859218327726
1.2040971109556808
1.1722484809901623
1.1829794368787339
1.100656015733038
1.1355624509204139
1.16789788804029
1.2001136550436122
1.1672920635269768
1.160794540013579
1.1710479015153044
1.1767742351789767
1.2012114756683459
1.1669137928946784
1.0985244742132534
1.067678844238508
1.2883215138791404
1.073590451327694
1.1008548587444085
1.0794061605916039
1.1603605323590425
1.241215964521722
1.176015121472972
1.165697521784355
1.2816693880465069
1.0700181961813873
1.18432134632605
1.2175004544700576
1.1726838070578793
1.2191804483366475
1.1785040617660485
1.07702254788609
1.175414533052622
1.1752234794254677
1.1732574108351799
1.1543244600455669
1.08411601108314
1.1655398661908958
1.1277508683292194
1.2135496818136102
1.2921945921286255
1.1852705811437985
1.1506602350831545
1.1808734335684037
1.1796700051792868
1.1821169417652466
1.1757974578106989
1.0716019869217057
1.2542674432162648
1.2440395003294982
1.0525342610381336
1.062184637773413
1.133705472010408
1.174063669250644
1.2259945021632925
1.2540730782375373
1.1828430424838592
1.261692805569014
1.0750550350062946
1.1074273188531871
1.1873874162301374
1.1737157325999636
1.286320720443862
1.1515348159202627
1.169949258296679
1.1004897487861474
1.186362995000942
1.1736598154543425
1.2471962834502004
1.1720392037131417
1.084682085873716
1.1803779795188485
1.0871341861092758
1.2219699288415657
1.0732647047530923
1.2815213398180731
1.1681230907461013
1.186000108348403
1.1921476188535727
1.2398843188895867
1.1006235665457702
1.075130828594082
1.2432890469391364
1.2015656781722168
1.1758514426369742
1.1727967557762393
1.07763748052546
1.1018286294987039
1.2215572214121826
1.1822579553216512
1.2414292637555038
1.1993723241918135
1.2673401787761063
1.1671701927281806
1.2454847832483489
1.190109036820107
1.1603060791729098
1.1513618496107754
1.2393936364453733
1.2443507217421699
1.082895503258569
1.1649041786760144
1.1972101476127834
1.1947185880064077
1.1782067102538978
1.09496412643303
1.1665574246869863
1.1722130407970675
1.2271627104567968
1.1788275379120217
1.161010055687848
1.236522720543802
1.1676996371365849
1.1770171990342588
1.1215621051502518
1.2345106950190887
1.2136399517098402
1.0894715388238947
1.0810939272803763
1.0729254174002452
1.2296687038470309
1.1979425642726862
1.0689405010238535
1.1451258535841042
1.1656013965614704
1.152708912606332
1.1790789937564168
1.1668392486561936
1.2249395827780698
1.249249771783928
1.1683149423497268
1.1939956241929803
1.2460396394894466
1.1688089635515482
1.2733941510998898
1.1600307303671995
1.1680417499363531
1.0817011702364459
1.157871823393291
1.2406345351967776
1.182793011520034
1.1947771321000888
1.16947501567181
1.1610799124848272
1.2179304198663519
1.157720373899612
1.181261060561671
1.173764056084136
1.1022387790212873
1.2604067312214589
1.242430480090892
1.1705008011598947
1.1636427999407577
1.0949953629933045
1.0959886375459735
1.0785186369089195
1.241125194342786
1.2629820457818424
1.099244827538639
1.073376990706973
1.0885294083710662
1.1638699026562027
1.1942140805325512
1.2363630243494366
1.1687031517935413
1.2653163302102124
1.0833428135716898
1.1529967465676578
1.0706252815840853
1.1720620696936452
1.1421509578470401
1.2399722172390402
1.1665779484685195
1.077933210102247
1.1533508194953694
1.1560783230734533
1.175609087021781
1.2406269539898764
1.0649729430466168
1.1933937439051616
1.0784876611192948
1.1927781688501646
1.2135207054868422
1.1701749038630531
1.174087988422283
1.185622046469047
1.2201207056601666
1.1844505930020062
1.0729648857798102
1.2507123404339868
1.235967763298012
1.053388699432754
1.0856789513281047
1.084882790322606
1.2242864921584466
1.178800680038438
1.1709885618543856
1.2404400935628304
1.1747477217556495
1.213062767422053
1.0808420367919536
1.077608761062713
1.1848232960953193
1.1788067122703225
1.2218904664167116
1.1678900497223925
1.0890092218648162
1.1569418006020107
1.2181289428668094
1.1892621092903142
1.1726470215940468
1.177995599258125
1.0844786090154477
1.183627205705971
1.069611799258807
1.1811287209598464
1.2384873347882106
1.1762970866898415
1.1562750987194927
1.1601646270749348
1.1888518334676248
1.2517983313092083
1.1833375618152087
1.1495752157596866
1.1214921071584776
1.0834299280618889
1.2445289553246257
1.242979957587106
1.0707471248474705
1.2473276756033005
