1.396966212063792
1.299964015689099
1.3982292727277834
1.4053655706157389
1.3246528459993732
1.3170783306584501
1.1547867443229496
1.3300945722650104
1.253128596907837
1.346786504747545
1.3071018097665406
1.2980507944747839
1.2545339741301862
1.1406654507084082
1.4180729309669042
1.2273061546449835
1.4684635337499738
1.1744959312713144
1.488461307582035
1.3887090778998872
1.5031502755796597
1.3195122969893331
1.3652642950080087
1.4233653213857225
1.3736800814065868
1.3988090068858143
1.297650451330751
1.4323749967010653
1.646095544730898
1.418273554293469
1.387623373620204
1.5292311089990753
1.5809675778811094
1.4162156817664657
1.43393512134451
1.4379944152316397
1.2294282908801009
1.3560385655205631
1.3869321456341859
1.3383016962322152
1.4406324237086856
1.2861334828685482
1.47306633753757
1.3048595351500452
1.5059540132466174
1.3734191785011367
1.3911923493393237
1.4363040240164904
1.4854815139786106
1.3427421303248845
1.214512981627595
1.3089207100272748
1.2635918968464677
1.4206124345736324
1.3810334057110254
1.2173944997095787
1.2672872929705299
1.3192478760042952
1.3695557812135846
1.2581238973951603
1.3869573830676507
1.2898076925986128
1.2843537303517856
1.273566593039162
1.3950105153909451
1.425493259259117
1.3408820905988001
1.3231849070986932
1.3681714830167069
1.333725321336235
1.3557178594000558
1.3618130129118573
1.4352584034676454
1.3769801992856032
1.5793456137423858
1.5224478017026652
1.328565147088435
1.4533741547022807
1.5728179935893927
1.413750324548982
1.494254353643055
1.3729435291558247
1.4199393414897816
1.3890028706096953
1.3533228981577865
1.574074525071964
1.347179292584233
1.3260815234670569
1.3918312170926432
1.2888964358289556
1.376077672237234
1.425928294516171
1.3319661769849276
1.318228936004376
1.2922823231199425
1.385073570528263
1.4600462752955154
1.4323268093884112
1.3476551176664058
1.1623496411457492
1.3675860495493777
1.4374118530017292
1.4403428796446731
1.3770561471385343
1.272879549162424
1.3078867824094682
1.178564665385367
1.2509227324854593
1.3475000525548757
1.2786269684263134
1.2679336573820863
1.2742759199088414
1.3735552086034715
1.2882359833476391
1.548075015302988
1.4676858067183964
1.1756781065729507
1.4049202202950284
1.5211881412224986
1.5333604841406316
1.3551977632074665
1.6685592041081143
1.4837877326738347
1.4356435194083468
1.412453296675109
1.5235053234119884
1.3575473420351003
1.4286816158012206
1.5136691700919485
1.445117712873755
1.1942580569852508
1.5108628081118893
1.34451582832159
1.515596737628817
1.3806908415474588
1.6009906325770853
1.4736695868978724
1.1454356653558277
1.3506015967026561
1.3450379850041214
1.438504116326446
1.4110252684226767
1.430873930973895
1.367565400610624
1.2562584205094023
1.446105558659739
1.25915491819495
1.306860418458155
1.4245782647102294
1.3093650795074372
1.4245175274243445
1.285727278005949
1.3255695826639033
1.3505976384875442
1.2066243219794723
1.3210943667181592
1.3775799146911745
1.3882541710561773
1.3470034976598428
1.4035596102423753
1.3844571686878355
1.3284000158306557
1.4077781126105167
1.3710105826697743
1.4451718570989909
1.3240178727790248
1.6147003022876125
1.5172447016044261
1.4318984846389813
1.474773219077795
1.5014980074870428
1.3627991967928192
1.5977741091425526
1.4555998723274404
1.406220033909968
1.4477528943814637
1.331195340684076
1.3411944814597456
1.5118902570961001
1.5032491650295619
1.3300335268904304
1.3805708603756797
1.4014795616190008
1.3242885286669872
1.4007346200928428
1.2589933315604918
1.335598551462037
1.4228484988031636
1.4212753651139205
1.3029661318918895
1.2579469834577082
1.2778264322413206
1.3531313664433648
1.4295259756647938
1.3767405748788146
1.4691561694632234
1.2910325354863352
1.3048507619011214
1.197735813437471
1.3626184517104205
1.3286315345869717
1.3011048561389729
1.3115623703365868
1.4055523447711233
1.4652950663328448
1.3092534088884116
1.3136948768416983
1.2972500293098013
1.467386825769459
1.4897732599727245
1.3460975936063695
1.3885092004344992
1.399479323487725
1.336099097254796
1.7903972680676896
1.5294412802148445
1.507682656672839
1.4373276694779378
1.4875808249132387
1.5921163702098327
1.4665390742998878
1.3436352945445977
1.306318929992319
1.3754314403487062
1.3342884627454792
1.4890813265975835
1.3758206794242884
1.3854620119290817
1.3393027407905596
1.6157186199136981
1.4377301446921753
1.4000665327912762
1.4085886368372356
1.183432770528511
1.4057086499544218
1.3345528864306475
1.4509546625321406
1.445977447231316
1.2248033427366203
1.373714550300668
1.3396520388890603
1.5051557617230933
1.3520713731743317
1.3005843047174848
1.240830625775587
1.3228212690163272
1.2234235141380114
1.441096055070091
1.2757728675813762
1.3746548929504907
1.2624498815332768
1.4293429173400338
1.403890696508744
1.0907448954347636
1.3538552793278045
1.2960198730148904
1.29985374847915
1.3427617402600327
1.3775841305312446
1.2562600607828214
1.334893863486226
1.2923812091413993
1.1824758229149255
1.3962817654610886
1.304204429653915
1.1929563223933817
1.3560619104414746
1.2090739544092493
1.3159398045173385
1.4400561575825122
1.2984903433232828
1.478569914963796
1.3748539909698099
1.4074435454292011
1.380914846376599
1.2366947554939698
1.4917280111103295
1.3541090337882997
1.3515633643510763
1.632345748334243
1.3858327541498714
1.4107718693337197
1.5210117707110193
1.636774171847561
1.368145119354547
1.4401287368635418
1.3439932385094615
1.3030578052755568
1.103117173053147
1.4231099200323836
1.395357031132295
1.6087753221148668
1.4133397078621621
1.230315477967952
1.3130119818983563
1.2986622264132788
