0.3659096738961748
0.36696215141785715
0.37249259817092695
0.38081107571806716
0.38144019663854134
0.3855424968361873
0.3601610550255887
0.35940192821146455
0.3982170785378397
0.3540664069132976
0.3653479668768063
0.3847033352934131
0.3820117046950517
0.38064807374688214
0.39986020847574055
0.3728056131076791
0.3777345200071194
0.39528838845713665
0.424452621167726
0.36326672468487176
0.36698006948395706
0.35730499043888064
0.3678440377043197
0.3838439282124358
0.40908954379039464
0.3598999747968773
0.3898621735019215
0.3682734489488998
0.3904663302877308
0.4153217108674428
0.36213899221241896
0.390672770246463
0.373085856425752
0.37472015322812896
0.3421950589948698
0.3623102178102834
0.36255967043548937
0.42048762634707026
0.36931851956650974
0.3845225465069828
0.4034191066091702
0.3703592228807977
0.3791551303798143
0.3595889756996225
0.3843081275800819
0.36958621521424073
0.3708148456137407
0.3798391031056835
0.38176082761924135
0.34081381034692637
0.3719038106925737
0.35956639752950403
0.42021498017853187
0.4197256933096648
0.42986524131369674
0.3827199096356266
0.3442158325952079
0.3842878409985053
0.3877071891715076
0.38139498942736316
0.36731202188052126
0.3504363029638825
0.38875779175780145
0.38924412404843667
0.3590915277923712
0.3262243635628041
0.33922031358114435
0.4246148468930433
0.3795989962228812
0.42946327214737534
0.37860456883479854
0.3764474003274915
0.3556974244645497
0.38269814988378603
0.3643266836967636
0.4067627471819726
0.39093905007643737
0.3721324398243823
0.4149508646940554
0.34823153624441844
0.376144488482936
0.39032417000197517
0.38371104781207044
0.3716020850001692
0.3725328218193559
0.38182218341393875
0.37072130358767674
0.38659607586106476
0.37247033876598934
0.4188367279086992
0.36685115940948
0.4197262441460228
0.3910644449075721
0.39967427035797487
0.36260119276386527
0.3914037100152423
0.3766900746396608
0.3675085435957843
0.3976867112313709
0.3823257347348811
0.37169960698994475
0.35383429747657913
0.3784615526327413
0.4187483978854092
0.37923546988037976
0.3765416808478793
0.3748572585256369
0.40408188251958654
0.3603157633856904
0.37952631806633597
0.39076500882523113
0.3566699610495524
0.37276946003698586
0.3582772877986615
0.3780952126295959
0.37550157198859635
0.3761860934955813
0.3556334527350564
0.4034491315585309
0.39023486317493655
0.38440094043780737
0.38659233130515325
0.3652663574684927
0.3702310447540937
0.35533587724207305
0.3837370050836939
0.35728028817935953
0.3657964370516834
0.3683603719463019
0.3870202792571664
0.42026998214740596
0.3599154022780978
0.33634766762042223
0.3785609820561212
0.3771981886153013
0.38725224544277637
0.35048940678126494
0.41530250657943213
0.4051820269377389
0.3663695625477613
0.36611164666256535
0.3598013388274067
0.3733819349838948
0.3786176349690882
0.3557089052830782
0.42262683302139187
0.3739297984789219
0.36825061044914187
0.3701219629186351
0.4091610664201073
0.35532678887053337
0.37582488296219463
0.3542396051842872
0.3692592137306986
0.38768755382602993
0.3507457417866606
0.37805498314388963
0.3650063087930892
0.367144606927152
0.36944138861457776
0.38780713670963607
0.4161344768298567
0.434956029979884
0.3575064103332961
0.3765506541557278
0.38181055552147736
0.4030827874126449
0.3976999855148143
0.3655789262407294
0.36325979624533067
0.39442668831566896
0.3907167486055708
0.36528719151326866
0.37476160632964717
0.3723157747021659
0.3885631810613504
0.3659920738706665
0.3699532030402631
0.3978750191369488
0.3690563532786885
0.367716631496397
0.381254538904103
0.3580166664072897
0.3632589487632217
0.36239827141878755
0.34359063227825504
0.366157413516895
0.34513679945063575
0.36751492195720725
0.36631683517966007
0.37801653022097564
0.35852238683385484
0.3720233750342039
0.36512150709676816
0.3994173108447706
0.36893460612360734
0.37685861745652505
0.37835731533738926
0.413399749235684
0.3741581450915171
0.3615316833363779
0.39598375293192334
0.42605456704457406
0.37975917553880684
0.3700616721728019
0.3856594633670072
0.35322300471690815
0.39794435413974677
0.33873063796650704
0.3628201875598779
0.3847408949060923
0.4293141499182619
0.3762397537877719
0.35519345934273105
0.35067403162202604
0.3668338724269088
0.33427048435028217
0.3681728182430426
0.37511001735854155
0.3886295860374812
0.3572044585083551
0.3543505866234352
0.37845962426359303
0.3543373471241017
0.42566055705987954
0.39693219326639717
0.38178739386428384
0.37470724686704027
0.3602258293041274
0.37697664895768423
0.362906140498232
0.3790853471686808
0.33541544957538827
0.35881457893116775
0.39240169750929543
0.3879317686930621
0.34202458533213576
0.3897626621355857
0.4130639850068191
0.3602500286803873
0.38081923074706037
0.3673412002611537
0.36491430090798904
