0.38276891503956245
0.3982008724621706
0.3922724495174409
0.4024121658940258
0.39035688683884984
0.3885627413674796
0.3596336263234765
0.4036410065577909
0.39905789016622817
0.4204495949964496
0.38322623261977257
0.3722030199219716
0.3979979214328594
0.4008048250161429
0.3949128137923328
0.421079199081757
0.3967247108940858
0.39708388616679235
0.3949686068812338
0.4437972163314772
0.37737936928219207
0.42547041817534537
0.377814461401976
0.37238205878768676
0.39192922747208453
0.39888483111432116
0.41817435507039047
0.370584439464398
0.4101655215599824
0.40671467788062043
0.44694827412095683
0.37977643101964664
0.4112091963877612
0.36682075774289025
0.38056502372959233
0.3697659339531232
0.38968146882991916
0.4008240946831031
0.3820632109781402
0.38527548921974875
0.4002535051390045
0.44408905614506056
0.39828055081611097
0.40299694126405095
0.37424727618923714
0.39935254491941047
0.385125634391961
0.3961131419041811
0.37813013534329654
0.3795495467757042
0.4025276052469686
0.375370647484189
0.4422846414724911
0.39145411924705276
0.4283558210785188
0.44429694913971385
0.44519224369271093
0.4107876197400351
0.3597171464656691
0.3898999628850369
0.4086883952463256
0.3941549127973729
0.38877377478599817
0.3881940008959799
0.4059162738279294
0.39754236329281856
0.3599362994820249
0.3706624946311211
0.4378087064527774
0.3788529286539004
0.44220315544315786
0.3953934358569702
0.4019547045690546
0.38974308522885803
0.3742894241914731
0.3899442795700102
0.42061832156997137
0.40324863271156786
0.4031412934866615
0.4402715756170086
0.37264305807761505
0.3926701440089032
0.40117824524308765
0.39401435039411226
0.399127819788193
0.3867839347215247
0.4017681442109041
0.3988393930195212
0.4337547349269516
0.3894090984421669
0.4423428552128741
0.37996830446790253
0.39895771662551005
0.37849420793823013
0.41334678045517514
0.389579305028806
0.37966467682978144
0.42426635410342156
0.3969299900755817
0.3911688823333703
0.38558598023723467
0.4123634167904285
0.4436631368816115
0.38692141437852523
0.40360363635207525
0.3827768694780148
0.4112025136175341
0.37567360926693016
0.3892960965435711
0.4031202189730647
0.3763225764435988
0.38155651415875064
0.39698547544184304
0.4027195540300057
0.3994305515159479
0.37867820890403736
0.4112816263940843
0.39892002453069564
0.4109705060541562
0.38926719088769746
0.3956576568280389
0.3696184538953473
0.3924720174447016
0.39561199910413125
0.39902633610875876
0.4072237497353726
0.4414394747661248
0.3847012192243059
0.3502479732900335
0.39505300664700044
0.39436044238838913
0.3891847590929893
0.39015440637650856
0.45105766967224437
0.4264794550838106
0.3767147827935211
0.39201508058562395
0.3894241745705956
0.37175493357934475
0.3905389484198931
0.38979862958719835
0.36647414857246147
0.4360079138120495
0.39208222999965536
0.38313182201716733
0.4141425314324584
0.39767718063505947
0.37830283685120486
0.37270989685659006
0.38866474384667604
0.3784869611311946
0.3770255020940225
0.39265802477187445
0.395712838491753
0.36136015511155567
0.41118845670876214
0.38239573975955443
0.3888747272164713
0.38600758492937876
0.4056716410192631
0.44613610382688895
0.43899739949960875
0.3812474144610448
0.4020392604643639
0.41213633903471275
0.4106830123249154
0.38660919450644826
0.37393479832070264
0.3817119531322932
0.3952434449941297
0.39031095028450796
0.38047898535239355
0.39510292739169905
0.37921280291865733
0.39618209478882344
0.4101974423733539
0.3803929198103956
0.39766804427101676
0.4082302563409266
0.38425639642428605
0.3584126598745103
0.379652559262769
0.3777712830924864
0.35475997361932243
0.4011946913293289
0.34916600322424085
0.3879810074380914
0.39039260061751546
0.36574421620147013
0.36389932706954264
0.39687508046554476
0.38134631968595184
0.3728587026182734
0.3833148367884815
0.3733840566963179
0.4156831629170135
0.40074580115292135
0.37787548339955823
0.39106229967960127
0.40071157265860735
0.43970140154568704
0.3960599510315401
0.3671934057503153
0.39536258823206416
0.379859098965662
0.41877512148581064
0.3578834711170601
0.4019944418617209
0.4007599107601591
0.433993889288693
0.39314493910232673
0.39182836269975174
0.36594383765791794
0.35196397506683863
0.3914514064573971
0.38916653159145365
0.386613967569004
0.3809572325115481
0.3937156542769098
0.4012177959151486
0.3759333062253737
0.4067117884791913
0.3957384158684468
0.38802469257263206
0.3994599861543084
0.3853363464172449
0.3958088345570456
0.37902142385778154
0.39976468755381583
0.36045393178332374
0.38338661566408017
0.41258335028194737
0.38840198510225443
0.4028334517415755
0.358758347236683
0.40616588988703084
0.43621777995416244
0.3886327935027794
0.39095876230980314
0.39457070305339137
0.3767600680858263
0.39897201262713816
0.3920711285816353
