0.4771507536131985
0.41581426263992394
0.39094255778035913
0.4355283269966821
0.48382836800262163
0.45368582094704313
0.4832947360933114
0.31676606921086625
0.3809702455402829
0.45677074568037535
0.42653733513089204
0.39421501851724594
0.5028809594973438
0.45404782867842486
0.5076926752588201
0.4353268812806945
0.4307689818834245
0.45582833026912284
0.5209430856491021
0.4146095162751249
0.42359702906458074
0.4297989024913591
0.428567383285527
0.363865742554211
0.34944850901720814
0.35416512072015444
0.42315392471559365
0.4554262412909843
0.4097471631927512
0.41969000110537036
0.3869767217101567
0.4401411306413216
0.45945428620900086
0.377320087729804
0.43903907110561696
0.4893682600961281
0.3894324332989028
0.44103267430087423
0.3909857694357467
0.4197079053367941
0.3749558664514461
