0.7602869568237264
0.6242194075016737
0.6142164628010836
0.6695830544714705
0.7974312161720879
0.7053764304641803
0.7723862165547783
0.4505940625900375
0.5464599459892369
0.7109595555088802
0.6472486390032068
0.6252898616638034
0.8038612181759541
0.7559337934881614
0.8174880892773162
0.7058929063027805
0.650680761023225
0.7086984081331847
0.8483169417194887
0.6081784546923721
0.6366160426680341
0.6383743788145132
0.6474267560705967
0.5013351193414243
0.4683676196411497
0.47382486028096754
0.6021826767001837
0.7320830456938304
0.5675960274237103
0.6216060618397913
0.5174824961276454
0.6709815213643573
0.7654874412056909
0.5317914695130653
0.6916297596682153
0.8384163313296485
0.565200247649804
0.668792648274528
0.5918217241752873
0.6210005406915401
0.5244773764378144
