0.24912839414836935
0.23418670302956157
0.25291612607334396
0.25369312799273075
0.26654565946198694
0.2674128765734072
0.2610527071953112
0.23170657229475727
0.2582258348886972
0.2463218333391583
0.2609426066924636
0.2669831334271326
0.2677012020358319
0.2650340483575184
0.2600007738488929
0.2532438558691431
0.25247935894914825
0.26949044438432845
0.26465720341105375
0.24946769606729183
0.2505837363365065
0.24657505935155527
0.2509113436366063
0.2665432296101122
0.2741351502389064
0.24788210403222616
0.2553664891501283
0.2625229076917704
0.2674334799191069
0.26228195025873974
0.2494168320686305
0.25632150559324063
0.26303532013888137
0.25288249475864516
0.22861018517125267
0.23369238976468837
0.24855273023369404
0.27494887384696287
0.2629904579171052
0.25366011217957124
0.2437267639071945
0.25005329308045904
0.2523158913105499
0.2610240044882859
0.2661218201686361
0.250426052688779
0.25126073467255017
0.26415323475646524
0.26726560373020714
0.22745282738903208
0.25179834096846154
0.24855463991492038
0.26381865127239096
0.2753957090417019
0.27910092571303957
0.2542312130442657
0.24435068637565988
0.26730666972974865
0.2668380224695851
0.2672087952037307
0.25169227253568704
0.23043543053943513
0.26716094631078585
0.267674493885114
0.23387740244617708
0.22409473932295187
0.2297149801482076
0.26393316122923033
0.26563922273993085
0.2768539262927213
0.2568489669730216
0.26548193741811743
0.24763633342990718
0.25357780671467545
0.248825930797761
0.27278284565496363
0.2675083357201019
0.2509732748584594
0.26330213857060825
0.2460178325997267
0.2640076204920695
0.2557465960672045
0.25702912148051565
0.25160461846693283
0.2541355263999965
0.2661630688831674
0.25010999603114736
0.26660464522112687
0.2512166531290908
0.26230130677201646
0.25195030941758734
0.27487203722698184
0.26839243257995854
0.2696945593815594
0.2490158370798552
0.25684817972251106
0.26526122833733456
0.25064204212670405
0.2580837210662697
0.26669423856176905
0.25172501897793015
0.23223296804115906
0.23795025722850716
0.26374335591142384
0.2534703698449345
0.26404535985738664
0.26394727634785853
0.2710606082445755
0.24784506453063312
0.2645897977486282
0.2574238077181188
0.24766161420475474
0.2635655349646888
0.25928996588905934
0.2647169781423659
0.25251145540193687
0.2529755543262763
0.24858501318376408
0.2715401825761531
0.25573960471473606
0.26570129893923905
0.2549195210999039
0.24946694828731095
0.25194611387697885
0.2479036425663322
0.2676872542739265
0.24865245615733073
0.25063506158850224
0.25064622668222764
0.26837328686855516
0.27517736940362325
0.2478372771861149
0.24376439793003626
0.2530932734667862
0.2639451459255756
0.2670830250630534
0.22969335559950335
0.24830215106346265
0.27073629620811895
0.26174742939663026
0.2514220666958224
0.260510099016616
0.2511406288637221
0.264549446910211
0.24761983614219812
0.2666286380935138
0.2508628422498253
0.25042733469124906
0.26295513187798414
0.2726725210693125
0.2474853215278141
0.2645324172141003
0.24667984397899861
0.25220310001902
0.2687203044756348
0.2473598024867902
0.2364643002360144
0.24922499443965157
0.2501696012628548
0.26161233029692654
0.26728973206014517
0.26226474949420253
0.27827526259106883
0.24847502380103617
0.25173446857769166
0.26590514784094277
0.27349796958043393
0.27061164355219286
0.24997773311114246
0.2484899624924839
0.2690883928045907
0.26771932476607163
0.24977276620425246
0.2638978442563333
0.2367514106968181
0.2556347863058
0.24979500798354212
0.2634221858817251
0.26938641945489583
0.26162884241803275
0.2493301360211997
0.24044349482703586
0.23236148924163
0.24909250243244108
0.24875528227187482
0.2553365214449943
0.23483290180801242
0.2574233316552885
0.25160839569643345
0.25135271846125457
0.2646070737317145
0.2604248897237959
0.25209393070869757
0.2501925106451598
0.2690977487638242
0.24956200141366852
0.26550088624818924
0.23677245358772692
0.2612533933925712
0.25217874784923394
0.24788404635856998
0.26912155917298847
0.2760831006581258
0.25256491226414834
0.2619325082592106
0.2667222960818556
0.23122317795825326
0.25862917594896695
0.24196471961379076
0.23429497539327102
0.2668193828332921
0.27737828074015597
0.2524877332389455
0.2315860905753277
0.23043945854915776
0.25104167548377637
0.2415876767636974
0.24941350614786384
0.2642796627957045
0.2676258000570421
0.25890500457016274
0.2313424441777247
0.252387516353471
0.2463681235694706
0.2769246700567587
0.2688383583664924
0.26628125402448577
0.2515663380780669
0.24883551053030417
0.25375093272134874
0.24869461063366838
0.257901237566164
0.22665383915441045
0.24869783859244102
0.26779881808887546
0.26702604562154136
0.24384563337875492
0.2675340636915218
0.2610979563015979
0.2331270714558111
0.264782013569118
0.26191578626765377
0.24879409032335698
