0.3527390389410567
0.3614273226321326
0.363996864951805
0.35540141885491305
0.36237803501481897
0.3507098878184678
0.32454617705242983
0.3563924348250145
0.3757067451165303
0.36300909543457205
0.3523321006135499
0.3556710679633746
0.35990001872203226
0.35270291953479094
0.35744209614838873
0.3391508238920624
0.33215294259633804
0.36046902192555536
0.3392982971324112
0.3572658259447015
0.3452207897948741
0.3715459923423032
0.3468423168627342
0.3467555790474697
0.336954779066704
0.36429302405844943
0.36726367808233057
0.32624916245315244
0.33670746894688053
0.32040153487530804
0.36980312233547175
0.3309498182868434
0.5221282158799093
0.37320870403111983
0.3534132638602763
0.35783368001313887
0.33137747053970495
0.369520652630115
0.3520364551344594
0.3309904407267852
0.3638270596131474
0.35373685556504836
0.3646633630063428
0.37540689601853694
0.3630427857676384
0.353782138336094
0.3759763577899385
0.3608965455359635
0.35656649621299297
0.3327137815525275
0.3378276644337563
0.35467881475630153
0.33026801645248394
0.3370946191104242
0.39533030592220847
0.3628764247421892
0.343033932963609
0.316021555296892
0.3233953279328897
0.37723177963606913
0.33923381618426884
0.3572667761537768
0.3321510056494448
0.3250734468224124
0.3461604991742113
0.38222760853398546
0.33712502920743087
0.3517013974527496
0.49446041598362866
0.34173984298475557
0.3714925911376707
0.3517143322819989
0.3467913560277972
0.333145606150648
0.3546528814641775
0.37184558939233203
0.36067944987708356
0.3599169368185378
0.33505612096011234
0.37002585012200223
0.3377239851924252
0.3668643630212782
0.3502347170532667
0.35102786027962396
0.3554838585142993
0.31890777939238624
0.38311619972232785
0.3551518363549186
0.3287573778987884
0.3283265285908429
0.360994874978814
0.35469689339043353
0.36385726250890355
0.32700182768246394
0.33826270007304354
0.36276523968201185
0.3566237690108043
0.3274461148833181
0.3295204060532683
0.4998951528812223
0.3668782073441419
0.3625665329339136
0.3671858390615921
0.35966165713023895
0.3518276007914991
0.33333359841471
0.36189328817073324
0.3323178174975676
0.3535801462992665
0.37753761908356387
0.34718765599574236
0.3782698139267302
0.3705960522703965
0.3646657436332233
0.3716125450248361
0.34626098439511527
0.3469236492993199
0.31028955612465237
0.35479806423479654
0.3354737777557887
0.36732229486184353
0.39861054366757404
0.35715001928380175
0.32853322798383916
0.345349531511962
0.35864005710669156
0.3240982516665163
0.3730724293197829
0.3107113551785553
0.3463752276041636
0.3868474664667352
0.36241933372937596
0.340666184515569
0.3275464338134426
0.5143050540579832
0.3620117186837555
0.3818133604189551
0.3600782721599051
0.3412595591132046
0.38705832172706
0.3474178770304557
0.3874476414326503
0.3305626749214273
0.32856278564001423
0.378038095794823
0.3624394317202816
0.3416633636304327
0.32919984894305004
0.35649958743651305
0.36340106912457776
0.3165529127490174
0.3754409289016071
0.3244119526343901
0.334838399378224
0.35560559534837954
0.3407941655944696
0.3395110656113675
0.35377116762179395
0.32577545922118506
0.32376662496590425
0.35617651658814015
0.33471370534088984
0.35269691935805686
0.3188354439269017
0.35348265350443586
0.37523987532331915
0.36204961948716996
0.32381925338219403
0.3397202419187592
0.34901540369464457
0.3438889202193799
0.3173416521868573
0.33653594559333566
0.35340792898946227
0.3308828046787028
0.39234301401040533
0.3856796638419679
0.32086337004620924
0.3312760763975908
0.371608249859459
0.3697532879856152
0.36499713377365056
0.3389045671911839
0.348619012589398
0.33433948034874883
0.3611883152070179
0.32516680774870566
0.33498339501727403
0.34958004015960914
0.3412303105041785
0.34423904356897106
0.36090067411022697
0.3638108995180332
0.3391485973600728
0.3190559901269956
0.3440568333103459
0.3575578615628826
0.3429938604202499
0.34014901682050663
0.3312208772398734
0.3275232048744315
0.36077535469263955
0.37408624826906084
0.359373926364313
0.35262115097353713
0.33629181710392364
0.324699327011263
