0.31658086658849094
0.3065025611987994
0.32457342533691363
0.32020326200511906
0.2950165049130169
0.29367891804686375
0.2593139214653528
0.2991002101676409
0.2734981004723222
0.3076202183285388
0.2874721257749684
0.2846134663730146
0.27420926621450076
0.25719143550729073
0.31983591229973707
0.2765015626679237
0.3287277400115498
0.2635959465774116
0.3412660262902124
0.30817140833881307
0.33307694747879296
0.2923569027582719
0.3024865558325556
0.31534853224274717
0.3116728051162892
0.30899658162044347
0.2903174717979544
0.32619550232383215
0.3629579568241239
0.3132998632792496
0.3086086235199935
0.3456917779221992
0.35818469445329937
0.31950446214013023
0.31507927929174107
0.32271212562609175
0.27966266121090416
0.30651170074772977
0.31175035742471274
0.3049833782330897
0.31776757446172593
0.2812133179732131
0.3426619243843926
0.29365993873256624
0.338537175878026
0.305069259820553
0.322607521297095
0.3330428749975469
0.3394607781198656
0.296002964363505
0.2715079242304282
0.2878449316051793
0.28310258826940043
0.32299317007386
0.3097246435625878
0.2655856796865337
0.28842699410723277
0.29344401913146495
0.3056673236817745
0.29948703596424225
0.3172363894323747
0.29790680090469
0.2869346396399694
0.28677273885267585
0.31527607592230605
0.31273629640322687
0.29451044537297966
0.291779097900285
0.3093016808882685
0.2979749014133243
0.30665133546225887
0.3101886046761612
0.3254672938080878
0.3111445915020731
0.34715309307483855
0.35012095817872524
0.3002883107578949
0.3267582829612845
0.35219666692447993
0.313357226692801
0.3291183769888523
0.30478965658532153
0.32265613726684284
0.31379779987797646
0.30785453406325614
0.35257700793465774
0.3047156716488925
0.30071784972976134
0.309797098858357
0.30253224350629737
0.3062682612440219
0.3214545201473258
0.3015431315478192
0.2871280125975852
0.28935176552884406
0.3206684274677465
0.3322139263677385
0.3340530066949288
0.2980668812726232
0.2625945289621846
0.31481934536831696
0.3275111639781612
0.3288608569998317
0.3146832766896217
0.2837389964071033
0.28629620813718604
0.27143013322526927
0.2740978965995293
0.3024573992332794
0.2972695969826114
0.2762338544408504
0.28487190872455637
0.30225987643330177
0.28094591832849225
0.34734406577772226
0.34119869850516793
0.2684500189836633
0.31158579111336104
0.3550411509508927
0.3434861806667065
0.3004287430660176
0.37768185938204013
0.33102600145722877
0.3181489515804818
0.3102422281616612
0.3302589033878161
0.298000925508775
0.3175264384282409
0.33799262371806615
0.3221605199380587
0.2639279018588639
0.35366461345654376
0.29818729590702897
0.3388155116800675
0.30529128591422394
0.37977368044910403
0.3437088077674129
0.2559830830180094
0.2983567627977113
0.2984807452324895
0.32002217264785815
0.3130691276308567
0.31640506901357024
0.3080859668253504
0.2919474493425972
0.3235027845147202
0.2774597557056791
0.2824005365450801
0.322499055341644
0.2984686448283909
0.3222329854596897
0.2948014398936441
0.29298419733509706
0.31451181719451965
0.27371478745138983
0.2899663454726432
0.30059958564953776
0.3118321961073726
0.29655319115914675
0.31013570176241817
0.312017641325277
0.2976953439576639
0.3234144950183008
0.3076577132939026
0.3258988911562206
0.29376822924738777
0.35260148760236
0.3318402498938602
0.31622386624992566
0.33334150575390475
0.3312468066820685
0.3068967586314032
0.3571936862444759
0.33003058026679666
0.31031178967098205
0.3178506030629361
0.2946451218147367
0.29477167900202045
0.33126995907179346
0.349268397439689
0.30559368838927425
0.31405284799332817
0.31556285432937126
0.2978426817536525
0.3121255257489993
0.270462087649262
0.2967154655578169
0.3193965674083317
0.320507284726756
0.3001071386313818
0.27334460235852337
0.2867392167559823
0.300169242937541
0.3274773093520146
0.31311258602131603
0.33304094499940995
0.29394847793373696
0.2939152692898118
0.2703154283211998
0.30682766113048554
0.30609921318741806
0.2833916655718642
0.30604936787163267
0.3178102598242656
0.32316654011671864
0.29478803083526994
0.2911031576801518
0.2897502237296107
0.32972702090019607
0.32849926429302073
0.29864636302457015
0.30835417835772727
0.3119521137140917
0.2990003612272792
0.3988992720566259
0.33391981340297056
0.3565196545044249
0.3188221135166706
0.33069409285225837
0.3575425772791192
0.3275241834710458
0.3036509128621556
0.29077865722926255
0.31190184873582516
0.3007683688693454
0.33586876246251995
0.31213529810153445
0.3065534126417131
0.2985636464566698
0.35286247592404285
0.3126737781674389
0.3229073003006228
0.3122510886980128
0.260188612086819
0.30518145192785784
0.2951534656844005
0.3193336862437221
0.3293602900431231
0.2769200903654436
0.31315942865521784
0.30858971778481936
0.32936542939544056
0.29986491048578834
0.2866880127630738
0.2921230992434315
0.29362778184673693
0.2774679041371087
0.33041853085771367
0.27944921617761503
0.31139072152908
0.2748299753317728
0.3267616552609344
0.32573682507058227
0.24457159844967585
0.30573291780346595
0.2817729621281483
0.2916101552665056
0.29923863705429665
0.31334796523935227
0.2857562818122467
0.3021090544304123
0.28784367200465805
0.26290943375088976
0.31324094077752607
0.2910188790525211
0.2720958084492574
0.3024063977208658
0.2805534466546504
0.2878847794596757
0.317855569395628
0.28489051492026474
0.3403519985370565
0.31218085663265316
0.32532367503765214
0.316076925879864
0.27787543186259467
0.33135265923327856
0.3040558058159932
0.2994682163011382
0.359876421368017
0.3009706810635837
0.312167692736759
0.337000274032685
0.3669952676792391
0.3060409948386367
0.319951210706599
0.30446840585705115
0.2892955198618033
0.24695095774434112
0.3296888114793112
0.3187226063649584
0.3621724366548737
0.3220193573029946
0.2708603095143011
0.29913137385296745
0.29052398385164185
