0.36269504808898506
0.34122982590341944
0.34334172738605473
0.3582141030172544
0.34438506175074324
0.3229153717647255
0.3496128087486947
0.3626849839236176
0.3482124721267786
0.33275410418300777
0.35603922824605894
0.36105983704654665
0.32472270631538697
0.3283002530585007
0.3406282374116905
0.34350887199230784
0.3498241680098233
0.2954934134323944
0.3449175463975118
0.3752855442815876
0.35513857560654327
0.38092687805882847
0.3497351749800236
0.34527487471115614
0.3303990805947477
0.32501675048841167
0.35301232188158904
0.3595255230866884
