0.2261511732867073
0.22476158643491712
0.2439995935981349
0.2458105355203784
0.2645474763068606
0.24956343837988107
0.26325809790192023
0.2242622645572428
0.24816693167217035
0.24415841671488195
0.2448954202481265
0.2450565811721346
0.22809763905207509
0.24454468797462972
0.24554189502890367
0.24432779393730797
0.24556316615818272
0.22396897326135073
0.22516767515188352
0.24482096426653782
0.24238903132287293
0.24932459242082244
0.24338138860066466
0.24376559344179433
0.24525027517822587
0.24436459752261075
0.24692595072213575
0.22088524338833546
0.2333014876548251
0.2600439165520717
0.22460255707578228
0.22426121023399037
0.22569024141798683
0.24528871842188957
0.2683631697544061
0.24512285896486202
0.24195070393378948
0.259321985359684
0.22499635347566876
0.24881050404049687
0.24649038149375982
0.25287963849210165
0.26401050144954663
0.24744688307471752
0.2277039507643563
0.246869049467349
0.24670664185924043
0.2445425326802591
0.2448384922080765
0.22512153200437227
0.24126017552331716
0.22551708322158623
0.2448964464940743
0.26191162577151245
0.2426525567222325
0.2470699189815585
0.24599689624601936
0.25294061914335475
0.24549100727414092
0.24558664870642816
0.2242705413336966
0.2599949945186581
0.2610384871219365
0.22060974512946885
0.22642113444407988
0.22363418435812943
0.2447166708048959
0.24710595491220994
0.26879793313865513
0.24212168658913713
0.26094370147719126
0.22620373054095272
0.22461066015820852
0.2461418455027858
0.24686856080137745
0.259107791231205
0.2532568784415168
0.24615970177404478
0.22436750592546892
0.24633032681656156
0.24884776483287993
0.26278180693505304
0.24524286938143933
0.22142223335251116
0.24854632288212966
0.2243642370117744
0.24587579506948332
0.22575210950223884
0.263599536883787
0.24646802420870773
0.24293138602073874
0.24437058983545362
0.26938417842664697
0.22593443623650397
0.23317276816359098
0.26212427629872626
0.25341668421224556
0.24580121060004106
0.24330783177310245
0.22704748525008836
0.2269859827470433
0.24744072109773035
0.2474913363187601
0.262103178785787
0.25281473067670873
0.2657340343999669
0.24998706298449055
0.26224413339593033
0.24168333145006646
0.24336035348884633
0.2430438168923669
0.25912948620690973
0.2653568140965721
0.2194688223452831
0.24624228696236236
0.24328414939840493
0.2449338614735886
0.24656865838324163
0.225667898378857
0.25288319933494585
0.249948072395508
0.26059396578502164
0.24589183941321635
0.2456692353626383
0.2633890314029726
0.24567528144189124
0.2501253543705424
0.2246876685090305
0.2628159979842748
0.26298601930033955
0.22353041567598325
0.23149385442745396
0.22491339631037569
0.24616496978153277
0.24567488396790405
0.2262484185872105
0.23922401943266336
0.24862307264903766
0.24846859156704465
0.24948788918966935
0.24692729405828232
0.24262562467875864
0.26127245953591294
0.24492279888765106
0.24825610224409786
0.2626409662454142
0.24543531633752327
0.2587627973142957
0.24334408400349614
0.24891021771848812
0.2295224954767429
0.24524224639996445
0.26276328823968137
0.2528891122431769
0.24530713228808793
0.248417825070005
0.24386087863454767
0.24392943522860017
0.24542369873783668
0.24434548696427938
0.24266780617799624
0.22753916442504468
0.26100717684676245
0.2614703478340717
0.24436003555504893
0.2430142103213177
0.2246001159943887
0.2256044965430735
0.23106396936834128
0.2613505892981981
0.2667174104761336
0.23129344709200397
0.2306397202270508
0.2274702140551285
0.24655367827690106
0.24534063510902443
0.2605470974426559
0.24495273097970835
0.25850625437297753
0.22755585156816954
0.24466611488788786
0.2235788622018998
0.24771245385556812
0.24604629156059565
0.26455641287424747
0.24565319025510984
0.22600745560157787
0.24868366453519436
0.24387231412080762
0.2454569593482226
0.2622617456026486
0.22727564656455593
0.24646409153452853
0.22660538105895423
0.24585447233209276
0.24048494798829284
0.24263124116552645
0.24744975304037603
0.24441708678520688
0.2435215022802127
0.24881361218287013
0.22453564215929583
0.2681498741464916
0.2597899127469424
0.22633579127208947
0.2233001517691859
0.22508839505339276
0.24820964790060251
0.25281054401656994
0.24645843628147937
0.2682204608955585
0.24533134195511774
0.2622715834873927
0.22774219752628433
0.22426423016492963
0.24561369440085346
0.24765926335931693
0.2625731630292386
0.24444485662235999
0.22465630151526728
0.243439140176344
0.24672538558374743
0.2442638991873214
0.2485631055793113
0.2470040473176187
0.22579232258560986
0.24597546261548472
0.22773055406683693
0.24493997506348664
0.26154622001299366
0.24513205561522228
0.246116973463347
0.25274421521189416
0.25171311171011945
0.262781169788614
0.24880535052348257
0.2541650777109008
0.22441378942771198
0.22335622629542096
0.2607925930033499
0.25826674514331005
0.22584798578959994
0.26104472347641144
