1.3054462975197811
1.3197367189062446
1.388126375396032
1.3920911761147148
1.3845184434194249
1.3183265122104575
1.2846006017203206
1.419646810235417
1.3874863918916247
1.426071662865637
1.4240278778182964
1.3750228010142134
1.389427182576136
1.3978256468990642
1.385929019255717
1.407250125856668
1.3908623554470427
1.3871783067197598
1.3095070809406169
1.4073100330694612
1.407885263922533
1.4402978469588947
1.2922068680250711
1.2965311678359077
1.386638175794569
1.3875572437669255
1.4006374568648041
1.2930887390471755
1.396552252305415
1.3966868740360256
1.4408338119156743
1.4061174300982597
1.3965249371769315
1.2942734527770243
1.3026482640785366
1.3783668100233015
1.384385051784509
1.3881409205809883
1.387622332104887
1.3794612740216392
1.3087591860946821
1.4164428331572758
1.419671869065489
1.4124446760334852
1.4101583408532392
1.3988658328992656
1.3860357235999214
1.4005248105165187
1.3877364773341234
1.377882250023366
1.4033717717751553
1.3771555639715676
1.4121328867739815
1.3952939081910571
1.3279382347220363
1.4468643343802834
1.441387039520774
1.4297105170282611
1.3740382787091345
1.3820547698977497
1.4006256498158298
1.3953136527177048
1.3833130681293322
1.3035112958916164
1.397717803462386
1.4131394501802816
1.414137724579722
1.3794943142702043
1.328774123582705
1.268644389872631
1.4071484946116595
1.3844733810752645
1.394854206883934
1.399608896700032
1.378507933980235
1.3010502790345362
1.4077142786688268
1.4200333698778678
1.4175413827138468
1.42477804722273
1.407784013189751
1.398449146919321
1.392378666857469
1.3857611688072797
1.390374211401634
1.3816635632612015
1.391145617817045
1.386933765164797
1.3309865391729532
1.413895389493398
1.4374915435752276
1.3850776024489695
1.388552047835097
1.3802734197585886
1.3956247176612158
1.3874818282179033
1.385818941127428
1.435683317812408
1.4188280901250203
1.389066584023828
1.4189023381145378
1.4016278991251023
1.420326263401018
1.387872471895145
1.3986506205712472
1.380533748292615
1.3957235232103573
1.3019292285830084
1.4120616848084468
1.308144815340191
1.389116984424331
1.3813848747264341
1.3939485918476011
1.3914333064267674
1.3916374725543126
1.3830690509760828
1.3946381394002507
1.3878560261301658
1.419992838002528
1.3843144465076787
1.3885212861513405
1.2956310552350239
1.4182920426758392
1.4322275678666723
1.418442521912647
1.400927885196931
1.4188083706712895
1.3863864063788964
1.3639147601771695
1.3152979952222343
1.3928992185556721
1.2977911928842167
1.3888669126642248
1.442684709931307
1.4505412027720306
1.3773665524382264
1.3882081390952072
1.3922279771158064
1.3810500233882368
1.3826406082305651
1.3838904424409948
1.3070065755765532
1.3330877490498099
1.390181710192502
1.4100639850858367
1.4005550764260672
1.3955352797040925
1.385665259256052
1.3753289724061615
1.3957323719233379
1.3861343435097597
1.3801004392666747
1.383598819666451
1.3860586367749157
1.2929466781348424
1.3927239255451873
1.404311436297834
1.3879167450515346
1.387096183769037
1.3909210137594954
1.4194821623428924
1.3298826551344196
1.4044212114206291
1.4345663618600888
1.3995359114528403
1.4027233959262373
1.2990320671641722
1.2983577166039602
1.3035390921207355
1.3116986026040167
1.390057583575989
1.4068880037456564
1.3126177679815638
1.2992654273232032
1.3080515524429555
1.3994428117147575
1.3963512490519778
1.396062546224216
1.3891043721778389
1.3809149629180255
1.300124908282626
1.2960380090119155
1.3777125308256808
1.403081999551244
1.4182851378077965
1.3615680514460073
1.3855421137763904
1.3909848909127844
1.379761642984456
1.36862492126673
1.3907015295742264
1.3825209859299323
1.3814714646322608
1.3811074963973609
1.3005127969195875
1.4226861808067308
1.4180583445195332
1.4129618422967938
1.3852592591537993
1.306125504062902
1.4110734656113109
1.3836866919336805
1.2895544287515763
1.3919638384947302
1.3003297223823624
1.4030866557655297
1.3951330383610778
1.4252542857809256
1.3970904816958691
1.33145798791162
1.3835153903602138
1.3891042265987446
1.2929867147795
1.3709330298581193
1.3865663916664743
1.3830123198497808
1.295903827684658
1.299747838915487
1.4144180471384549
1.4178118618600133
1.4038258242880937
1.3901874450417346
1.3878158271513052
1.3843191163850466
1.3940332717656787
1.3858020193624685
1.395811339635866
1.38119154655022
1.413017395237582
1.2900690507093888
1.4080441342267478
1.4444620396032528
1.3029607318855698
1.391891043687802
1.3726855774131828
1.3979649574101227
1.4068251061932975
1.3020300224656756
1.3036252728790396
1.413782202903019
1.409782013573705
1.3919047629366705
1.411822080698907
