0.6665081225360219
0.6314178170035287
0.6006241203325144
0.7395577080468765
0.6717264511843896
0.7442656478227198
0.6024753402196646
0.7016144229851525
0.7344179950055404
0.6498963607782333
0.6765764287828787
0.6426637307013928
0.6087939471797541
0.6431892392584115
0.571450219238413
0.6807113852161729
0.655103079060955
0.646475748790271
0.7258459013564037
0.7480078506949888
0.6883275203631305
0.6588286771188845
0.8207961871005469
0.7627798448039427
0.683807429423771
0.7612070085359273
0.6942424321021454
0.7145898982980388
