0.8220639511738616
0.7621907108062048
0.8387786186773001
0.8347747879885079
0.8884832562140075
0.8895420299014186
0.8767585063966555
0.75471279628825
0.8446133481954734
0.8171089882178746
0.8705358372708453
0.887744078497057
0.8951150477498246
0.879855424377108
0.8539836270789392
0.8404985094651056
0.8304501614070684
0.8921658371208456
0.8569320121303624
0.8270093890244989
0.8300423402592199
0.8152413821349405
0.8311737799047914
0.8859040487967716
0.9065514281207259
0.8206642121519483
0.8356066802720874
0.8773185426562681
0.8844190551861568
0.851786730029497
0.8278935559368374
0.8407268134547472
0.875396426016188
0.8361918037108387
0.7536627641453222
0.7640550768610781
0.8220297943332938
0.8994928080040923
0.8791337820762485
0.8306089867178648
0.7830876734353039
0.8231137988980259
0.8279104464743108
0.8771888540469944
0.882768070304699
0.8262743006211584
0.8301944352933243
0.8751985611611196
0.8926529005821074
0.747883320601213
0.832401871996947
0.82523458610203
0.8561972357832159
0.9031057037976896
0.9155095437337715
0.8361106981327303
0.8152637465192467
0.8902147665746859
0.883630605693125
0.8926871278875252
0.8366350845510826
0.7563103082189854
0.8845336190059365
0.8872330960283821
0.7686477590175138
0.7424013786235073
0.7637592077755471
0.8522216403505973
0.8847668665324933
0.9018571144771869
0.856904986273817
0.8871429141375449
0.8236067700652319
0.8320392288692608
0.8218570370560879
0.9005589024436679
0.8843839170977721
0.8269875866336711
0.8585754793688194
0.8214277789642411
0.8782269673685039
0.8374958873523746
0.8525870436116896
0.8315097183925989
0.8463772888326649
0.8856782360263142
0.8230829179683349
0.8833532958005927
0.828152331591914
0.8481586793353577
0.8387437023134355
0.8998234395333289
0.8897905029329968
0.8887666837425989
0.8248876400856363
0.843247635578144
0.8855009512983251
0.8298440174918422
0.8442884933684944
0.8884697779365462
0.8321602048057545
0.7639503490829123
0.7735096224903873
0.8572897393004862
0.8350594831558509
0.8780397955352184
0.8792218560192341
0.8926258036451143
0.8199885901138978
0.8782679932873116
0.8475361856199646
0.8227278238969404
0.8790565950725986
0.8677213459195328
0.8805915028872573
0.8330331103976351
0.8352113073827112
0.8296200663675282
0.8963060704814598
0.8375473354924136
0.880033803552237
0.8362935121672345
0.8248717613007565
0.835112199224701
0.8256675576908038
0.8931873213606658
0.8282860845279558
0.8316265197661518
0.8289616237992378
0.8939842998353016
0.9011568673054727
0.8203668412696824
0.8199823815664438
0.8334157995319975
0.8767115132772856
0.8856512285895067
0.7516033278568717
0.7990844729796386
0.8894199608372906
0.8744896908346041
0.8362221948537507
0.8737418590882263
0.8267035435631707
0.878984390003628
0.8234911408558246
0.8712338434965354
0.8243783597213885
0.8277069795860761
0.8780553993221565
0.8973093278529107
0.8230557734457328
0.8818566060486875
0.819167776738485
0.8377592654731136
0.8954471839662128
0.827155637678114
0.7646312994588745
0.8236329024425215
0.8272715871915947
0.8703664553385234
0.8863547084199647
0.8508119882118219
0.9049052135921551
0.8269329781309777
0.8270449719874245
0.8840743339136659
0.9089656361305649
0.8966196483779398
0.8277392728397147
0.8208896489578797
0.8905654607053881
0.8859432366881065
0.826765997265829
0.8790141105880649
0.7725523473510829
0.8386736010509064
0.8261535045681531
0.8811622816158634
0.8887548748379355
0.8708806356557377
0.821400778803361
0.7861547260850481
0.7602945550797723
0.824666469895861
0.8234712793903753
0.8586121932918256
0.767098610245523
0.8700402922924634
0.8358930296099617
0.8355687448322244
0.8799866964830368
0.8745720963130093
0.8341266990713541
0.8295731258064485
0.8853007606855432
0.8215546289938083
0.8868230285350258
0.7662399061232068
0.8473911994087164
0.8323811317575811
0.8189358949549022
0.8891124343566762
0.9006625592767096
0.8288266629472689
0.8717112681067314
0.8850896278548209
0.7582743768403517
0.8474318581977963
0.8061625624154815
0.7672873124006286
0.8866778445221319
0.9053021327254982
0.8320970575904354
0.7584468109731406
0.7560819731778943
0.8330680357762958
0.8085572577455361
0.8214366324007014
0.881035201670637
0.8875834552508175
0.8664532728974413
0.7578190244487438
0.829101169933919
0.8171100707696407
0.9063566714918165
0.8863260396125285
0.8864559717648748
0.8279576552977097
0.8262913147321704
0.8392270861655889
0.822549343439541
0.8629863851013682
0.7486345791538913
0.826933904319385
0.8846441160137045
0.8845693326223931
0.814436078152586
0.8857999595222453
0.8467752754827395
0.7627099505306698
0.878093438902942
0.8745083136653995
0.8210307117245155
