1.096876241757325
1.1395157806097957
1.1742757079135695
1.133162078819713
1.025859357131423
1.0276325191517375
0.8905415260076286
1.0558129571463883
0.9537238109075485
1.0570473737902986
1.0023782382166035
0.9750330747805781
0.9580247138846345
0.8975592536560908
1.0872132610635625
0.9173791173892697
1.0922109326155502
0.8939434032314867
1.1775982477380542
1.0292959275883566
1.1253416236286098
1.0095444336040527
1.0361975683095395
1.1076273796560263
1.094367888349718
1.0342084024328062
1.0497344153180421
1.1390656298361916
1.2815733787794432
1.131045424205558
1.061130387959527
1.2077585612238413
1.2545056887707753
1.1044738578683708
1.0922255502283909
1.0929930257976381
0.9447458303488397
1.094900476436171
1.0686392829787559
1.047648589866466
1.1310047971998882
0.9817268139950349
1.2223471687687852
1.051880317025572
1.0984637322870257
1.0457148412032573
1.1686905142923032
1.182820701942489
1.1655053532414348
1.0164059829852812
0.8930290790490916
0.9856078959972439
1.0288420890010692
1.1137068315913357
1.0601796242038273
0.8786253974461797
1.0241135551312681
1.0378050393060594
1.0425616743905761
1.0855983648521017
1.1403097281884458
1.0064284238496741
1.042499535696124
0.9781518024484346
1.1046003284411705
1.085679445514035
1.0052008725321964
0.996421164805464
1.0985344428492716
1.054158971460773
1.0969382358224768
1.1201206209378978
1.1260167311455873
1.0993461164495242
1.1895851032636144
1.257186678381922
1.0707528134020794
1.1617072202082834
1.253076082066014
1.0479322178300465
1.1119780626024134
1.0438701075415657
1.111682689688865
1.101832857560374
1.0968995443169884
1.212214929202649
1.0946587313204592
1.0800154503635002
1.0393085543982838
1.1050871634050625
1.0523878679657508
1.1045492124409155
1.076498961508337
0.9766828539671003
1.0508136090485558
1.178397733620939
1.1439073130863542
1.2008764481724663
1.0272191773934212
0.9082218073303472
1.138021354584414
1.1421485337781543
1.1497834107089708
1.1177204726191483
0.9491884657461847
0.9721885165529236
0.9641478014819588
0.9641335010243746
1.0714344872230432
1.0729996329734872
0.968331829644332
0.9577248474278813
1.0847913471260755
0.9748478165896445
1.1781633271712462
1.2184759716148863
0.9401197766907307
1.047878070543554
1.2498958270639295
1.1100014383858021
1.0357525042452427
1.383885085604172
1.1772784492246178
1.060493376988124
1.0868186882663942
1.1323237870541836
1.00677517101755
1.0597617526799687
1.204042396996765
1.073230373633078
0.9083205046181368
1.2567811183416588
1.01784130242711
1.1915555415430419
1.033391776047322
1.32075553933687
1.214748903878384
0.8759352994684387
1.0242250345718005
1.0365920823166526
1.0482134938256897
1.050501339463214
1.103175528187912
1.087589467032256
1.0139334524071675
1.0678167278277237
0.9812877206668915
0.9521451285344912
1.1008340239959815
1.0909562892690345
1.0982947997482082
1.034117442924543
1.0037028080231643
1.1014804949701076
0.9308750305549535
0.999335321290114
1.060139027113029
1.083674218961372
1.0133855162717817
1.1035407971394318
1.0931226758770987
1.0620140079153277
1.1604493249619747
1.0764165675994786
1.1105057973642252
1.0315071469158281
1.2407991714483746
1.1606584957297492
1.1077446932212942
1.1847413193834573
1.1862174518465995
1.0852297927283934
1.227843144159654
1.1309666580130864
1.0156778288898847
1.0838729418664337
1.0259211367792151
0.9903278271007128
1.1235129765257348
1.2280462443377664
1.0534274301118818
1.1212473591819225
1.0945300200557109
0.9874073602025505
1.044786017304308
0.9284948133716364
1.0715393526540955
1.09012927647699
1.104382717039719
1.0021149225300388
0.9425520566698169
1.0367393030771819
1.0204296964886808
1.1575817421905585
1.1026447104555313
1.1339577110676529
1.0824197083646994
0.9870087690958761
0.9146584563370561
1.0849003078840143
1.0612866627002373
0.973567543440696
1.0949265380431525
1.1088585087004095
1.1356691685014964
1.054373490575877
1.0255024231181213
1.0448627786765043
1.1717995574630429
1.0473067229847588
1.0361290430329626
1.0483839827082742
1.062423090165467
1.0596660177632002
1.4029648844308804
1.1570609736000166
1.291691831698571
1.0638566962108302
1.1410822786961068
1.2679384323715268
1.193618186110683
1.0910991395323608
1.0201487123079875
1.1100162066608394
1.0641067632024959
1.1055249714300328
1.111572222166768
1.0364707025589681
1.0488915829855792
1.241372419413032
1.0858713922900392
1.1708005374236756
1.114636613305657
0.909438779811168
1.0749911193697343
1.02428948398271
1.1007305373729406
1.143508605968599
0.9265700181811957
1.1260257859508422
1.081011300070073
1.1179366705082188
1.0363669585092206
0.9907115181957693
1.0465455408831406
0.9650534804347148
1.0022502130950643
1.1638537984369546
0.9173646266133982
1.1064580293898183
0.9652605902511745
1.1339307179292764
1.1745868576883343
0.8712019936272315
1.074618619379051
0.9506898752517023
1.0413940557067565
1.031862890022901
1.1033113913310335
0.9520184965568242
1.0763028173316718
1.0186743017637816
0.8711184916790466
1.0817064768530837
1.026779931217381
0.9420212397058105
1.0538007563257097
0.9943623577280052
0.9888287855620804
1.0993160787912561
0.9769244625560813
1.188240755442973
1.1139611843869122
1.1802102595181196
1.1239395660454425
0.9123406076380072
1.0719311701121268
1.0742005905833325
1.0334160343092296
1.2782576170116835
1.0726352023360943
1.0419937887001505
1.137282198904812
1.2731497330972696
1.0659803096772735
1.1285576333389067
1.0985581815515888
1.02870018806692
0.8702510313371171
1.1925288747283451
1.1215120013849948
1.2387676223190036
1.1185141573056216
0.9223903392071072
1.0902897747329618
1.0497759856898607
