0.7523664706845121
0.758632261587933
0.8394709683682147
0.8280131809815128
0.8827282726895556
0.8144565082693973
0.8842065368576352
0.7561940106636114
0.8457524189480947
0.8141907676254756
0.8173172031180963
0.8269999654672503
0.7602579226061368
0.8296559130276482
0.8459398888111737
0.8220461548681698
0.8325707208606744
0.7719258772229071
0.7835159739982186
0.8214306269349652
0.8347271654958819
0.8230125424017862
0.818471483200975
0.8282580760022704
0.8237904050820787
0.8379079928378792
0.8253073990872547
0.7616423440708437
0.7501640995150112
0.902377924951309
0.7514080283192482
0.7652398497183717
0.7598288926830539
0.8179285775982063
0.8812211898080307
0.8250298464507715
0.816734194520496
0.8941759828060697
0.7530423395640906
0.8269862468591701
0.8470793077095399
0.8210831393963861
0.861332510919685
0.8318407371266271
0.7504148999593052
0.8251196354583499
0.8272493857304328
0.8239675819116138
0.8119532397315212
0.7668119005853018
0.8259122770866275
0.775680194562107
0.8471638558475573
0.9035908361159923
0.8291733900743867
0.8140220965569122
0.8313107251002101
0.8289354141529754
0.835324953558848
0.8313577300176964
0.7504127279741271
0.8892994269044093
0.8791667242281497
0.7415265773275774
0.7484429852414094
0.7785138447863311
0.8259993301742834
0.8577379921983975
0.8903051475330082
0.8279715372099934
0.8921896863665966
0.7561765965409479
0.7708107596493108
0.8307012669950072
0.8280014469273896
0.9004455053556817
0.8152410372823996
0.8251559475339896
0.7650750086477627
0.8310551121184111
0.8262936182185391
0.8877753569149736
0.8209359379194597
0.7578705878470375
0.8301850062883498
0.7696681849956141
0.8493611462389647
0.7482339371737355
0.8955835787259168
0.8214296719553291
0.832220891623943
0.832920748478705
0.8796527103318148
0.7649489405916264
0.7514174310250437
0.877413754238799
0.8422058491599834
0.8273001426972632
0.8223606332072686
0.7524988497154663
0.7679833050406141
0.8516010735160087
0.8287722904744756
0.8797784362903935
0.8416530885132771
0.8963439688316389
0.8299030963640902
0.8791940045274003
0.8337590905140724
0.8180131838359676
0.8126434925052246
0.8759608003255949
0.8753764278934257
0.7523370532165861
0.8342871977717421
0.838556789148351
0.8360086645615794
0.8282288892037766
0.7594295658620176
0.8191117402556629
0.8240913151978553
0.8698501918769819
0.8290755940926229
0.8220517918888678
0.8706951469576563
0.8190094445845526
0.8254102596895982
0.7800643376655813
0.876964085373622
0.8662595038785189
0.7622851920923597
0.7627341177018129
0.7537863889169247
0.8533270700244056
0.8357369509520878
0.7534207687751935
0.803709646118695
0.8190492589620694
0.8119239129316438
0.8261219309421681
0.8330405613910338
0.8548492199604634
0.8797281665724014
0.8210870558743169
0.835893411121475
0.8911362827209994
0.8270826588788734
0.8939096976386001
0.8207135573825821
0.8252630854944922
0.7598275662217754
0.8182687881962926
0.8767849292899311
0.8334452465007577
0.8366586793169557
0.8208490891796029
0.8156007166399108
0.8480084444438881
0.8145707720696042
0.8264165680949926
0.8244481935292755
0.7677327102653606
0.8855681724776822
0.8784951219933064
0.8224480028997484
0.8179357874294335
0.7597527016308804
0.7704893012291271
0.7579665743327446
0.873821024137685
0.8968756382755366
0.7658595368118252
0.7514344357293776
0.7608524184712473
0.8193692510771153
0.8376097725633395
0.875021660873603
0.8200224163636967
0.8887371924607292
0.7569986142866134
0.8107401407134527
0.7470975706492743
0.8315357644489804
0.8104446244343559
0.8767420783341386
0.820648895002567
0.7539125992624115
0.8136049944471382
0.8189561043763086
0.8313334705542257
0.8768281349753942
0.7474438020544509
0.8361120148097236
0.7547110586730876
0.8333819140627242
0.8408392652909495
0.8260560889135921
0.8237242889552157
0.828795533604226
0.8494700952990731
0.8299928095247856
0.7508303144495382
0.8811115659004466
0.8726537101787397
0.7418110074995387
0.7613941447031982
0.7561090158980015
0.855322851390026
0.8237884801393219
0.8254542054275628
0.8792151275965944
0.8292731782430942
0.865958993138636
0.7611060576674622
0.757149858792226
0.8345489360735495
0.8264709389987464
0.8635577827768186
0.8214617025471467
0.7583336925815592
0.8146652639373688
0.8477763175872508
0.8289002845916812
0.822235548064104
0.8294531342786183
0.7550857744781867
0.8329830129713922
0.7496542845749301
0.8298573531592789
0.8754513872508503
0.8217094086744337
0.826405519148266
0.8187505153923501
0.8328352918069545
0.8818714372507649
0.8288451260006126
0.8145256889452747
0.7739997550062422
0.7544268000965182
0.8818548872527224
0.8740404570082183
0.7503800689839177
0.8788332405260652
