0.36138482210053874
0.3066684646532379
0.34282436847647224
0.35203966192990854
0.3339431894667524
0.32876582687359696
0.30026943369993636
0.3298558683790344
0.3072744203405109
0.3565496220196409
0.3233207715499369
0.3300234778515954
0.3070775553602078
0.2896891932787323
0.37699226658842444
0.33888466730579725
0.4017136754398461
0.3117372062366998
0.39286545530425837
0.37311919179034025
0.39577866633013487
0.3348090772173201
0.3512174923026206
0.35034163095206994
0.3474580787916872
0.37268022869543244
0.30557462825220877
0.3674446654791178
0.3991144207619504
0.33025816538202857
0.35619706152274566
0.3887133028184617
0.40107686398299935
0.3659930366369484
0.3580365632832211
0.3824749530703653
0.33336932421285304
0.33077568434130933
0.3621727702766772
0.3535963126785179
0.34424261551795643
0.31537842329408383
0.37205636876878506
0.3150671302123852
0.42910532520737943
0.353934976262396
0.33982258976400137
0.36448483952468425
0.39402630792627297
0.34208903570673255
0.33697644375497393
0.33417346976773576
0.29503441327877505
0.37195606371068624
0.36060097251843404
0.32580841295694163
0.3150960693237641
0.32205536267616963
0.3578319446608463
0.3160909446589498
0.3387476323701702
0.3556858019117145
0.2990728975458349
0.33603437003736747
0.3527081900090481
0.3543969256584394
0.3437277884912009
0.3403852757353172
0.3374502661731238
0.3270152829699536
0.3300658031694157
0.32807967783543635
0.37250901938088155
0.3427527954411209
0.40248503277308745
0.37487835646868517
0.3251650135797519
0.35557719163685464
0.38253252547686684
0.37858759838560213
0.3907979553763061
0.3540988788369991
0.3720414160088972
0.34964527974096604
0.33410192526936944
0.4073413958693154
0.32529907503503075
0.3212970895760354
0.37256737208333096
0.3138816815418316
0.35392827815683364
0.3720445809623781
0.3258541202384955
0.3366990715109599
0.3019497496878252
0.3280482481749296
0.38352879378810856
0.35748514382464036
0.34245635419314824
0.30057617388350655
0.33273594232225756
0.3698219746815421
0.36974514710067796
0.3437299738067968
0.3428458017899688
0.33688210986768685
0.29672906549536465
0.30329333254731844
0.3313056110410364
0.315485147023074
0.3073522784527209
0.34158443808605543
0.32215766859565065
0.3184122354448633
0.410651202771556
0.36966133629527625
0.3009319724354116
0.3730823200485043
0.39524533149807917
0.43782664299144414
0.3450371759433559
0.3875762811665284
0.3596462706149922
0.3863689053831857
0.3459621383553446
0.3819001803689469
0.3537499960175501
0.3849622717057706
0.36610788205827643
0.39186767713782733
0.30392435946124746
0.38707067548451607
0.34836206709421613
0.37595762563225
0.3615605319553313
0.4329302605264608
0.37985626584157417
0.2980765659802826
0.34504643929620993
0.3384774200484128
0.3995116992476063
0.37624215789836934
0.3561474748117063
0.339807708623576
0.3328412497165845
0.399361792205406
0.3041498937051208
0.33572817940272415
0.37765290944489793
0.30811410237488956
0.3782497547031631
0.32964338802258225
0.3400552871591485
0.35334660031218823
0.3225845435984318
0.3328268488763209
0.33083618990372676
0.35371700216976776
0.34550750696945626
0.3362230571166266
0.34898176146062265
0.3217232079153278
0.34672568914107926
0.34475417226873917
0.382582661345813
0.32661108375793346
0.38968594606766405
0.370903614570329
0.3528838795940398
0.3631930820777576
0.3546721917177519
0.33741874981341363
0.41272328217418186
0.3839849557013787
0.3874680639712588
0.37152247352180634
0.33249350373274367
0.3531645941371629
0.3906517165536288
0.3894958670590346
0.35250729677854853
0.33952164793931905
0.3592689209979477
0.3654216903662294
0.37676263323194964
0.31172382888239836
0.3127943565002492
0.3737246926327297
0.36917812393627064
0.3649882017999213
0.3130788504936134
0.30195669438152983
0.35309967990493274
0.3610349992428564
0.34730168168537623
0.3917098781476015
0.2987904075877847
0.35337273391423174
0.32108336931415526
0.3373881553480093
0.34966624344179786
0.3267753492266841
0.33058804694957866
0.3582322883068496
0.3584906743326539
0.3171900079112879
0.3216603922465312
0.3065422736494998
0.35905037674015117
0.426258306736763
0.3392554352457403
0.3626989545944934
0.36604550463846136
0.3271221313434473
0.4423852214345858
0.37942585673427365
0.3763554024958815
0.3865806693710035
0.37935094589674745
0.3908784232882636
0.339257624909759
0.32397397420728336
0.3239121531682025
0.3391172985527314
0.3304035984153004
0.4167945862659814
0.33897156909848813
0.3637727818159341
0.33181801724770493
0.3901790825928033
0.3537120423600997
0.33931814863862886
0.336592244696858
0.2913556866275273
0.3364186763790801
0.3349998830234772
0.3665475297393527
0.3748354530274227
0.3350226846650888
0.33404184745020693
0.3460995992881444
0.38783673344987857
0.342929568606652
0.32768731089948555
0.3150458558889567
0.3645698230265258
0.29314704306249106
0.36669828480956823
0.3470867855850105
0.33952150074660226
0.3046927283955044
0.37235664385520206
0.34628497089588145
0.26507816123991934
0.34000489473511497
0.3348399518213808
0.31456007887277954
0.34376036515679526
0.34766223374926947
0.3483210138500573
0.3277329603459732
0.3155696802724292
0.3224308664020667
0.35922618419990937
0.3209327857293516
0.3112554915694109
0.3410652049444941
0.3082437320737794
0.33223188143281657
0.362851228791256
0.3298253489380314
0.38402270799162924
0.3377701482594032
0.34157635101372075
0.3445868874740138
0.34601217027422926
0.4213239144159242
0.33474469847185406
0.34334979414211525
0.39134973845598103
0.324585220759646
0.3782106711585372
0.401195306968184
0.4174867241304081
0.3455723221772735
0.3528245522049869
0.3223329286805162
0.3142127812804929
0.27304857532393756
0.3482881813381533
0.35422014411143565
0.42239122074204083
0.3662087780874459
0.31741948892819316
0.3105600450032322
0.306196595085834
