0.40263650434559206
0.3990158437240396
0.4057257850072171
0.39954573790638626
0.39711781349858877
0.3928962373605611
0.3627347238544424
0.406255626749727
0.42729233992408566
0.4129554387564682
0.3978756813120091
0.4068978021249926
0.40698743083249433
0.40548025895701156
0.4224416420821853
0.4114204230829296
0.37483530818730115
0.3942631982778161
0.37510241328074134
0.3996295219791697
0.3915989192004794
0.4312804481307282
0.3907567917932999
0.38607114764839
0.376157323488339
0.40876580880332636
0.43203141957929536
0.37430728749999914
0.39061243843850824
0.3527022564172827
0.39719326429358487
0.37821874037137215
0.5749804504195088
0.4415011328544408
0.39815697794650495
0.4101081544091042
0.3961562580075575
0.43362869239362645
0.39420986924327783
0.3849103971617249
0.4000542558831863
0.39441278641737876
0.40212009125332726
0.42540058968413275
0.4187047302538423
0.3935533500696855
0.4266636133933285
0.41836261862696067
0.40626539832102554
0.3684720945160771
0.37460906395815435
0.40420599193888784
0.3941345787974748
0.3813030127947775
0.457213016795301
0.40133484069069175
0.3839500825771784
0.37866633666190946
0.36184976546115516
0.43344327664041266
0.3842481137494761
0.41844228584206894
0.38728774673297317
0.3662657516199848
0.3862822551157848
0.4181421495482994
0.38215784396873126
0.3973122682869832
0.546665777113837
0.3959928041513292
0.4120650657242382
0.4093337157185271
0.40228582029088855
0.3780690328940141
0.40108907747184125
0.4167082746609527
0.4075439954297374
0.43052272709147754
0.377348009233
0.4271628926552652
0.37398357473898675
0.41754924236741287
0.3741357305087021
0.3960668139550067
0.4256265576301024
0.35594364571266174
0.43314650801608423
0.39584772788607303
0.37859677412533604
0.3627467597009659
0.4116129177809719
0.40245736860664527
0.42595377905453113
0.3566187034919961
0.39512939375208017
0.4000768193640237
0.39904556156020343
0.35601752255832264
0.3818504397144873
0.5543118938928049
0.42643954428699976
0.42072663364191365
0.4071304473171188
0.41207007267631957
0.39897959447866055
0.37553772491624704
0.4156040269836684
0.38694973867839866
0.41418123593586803
0.43815065757599475
0.3803393238199272
0.42024769246884497
0.41893280806804906
0.4032035844731505
0.43983147703192077
0.4147646271631665
0.4039620112746962
0.372135132348966
0.388763709789643
0.3732414411122688
0.417910695566759
0.4320911249999222
0.41167114931399035
0.38407411768508337
0.39185567499997204
0.4213863109903419
0.35720254839118437
0.42687729400865776
0.36742968687884975
0.38414762230510147
0.42660294770668855
0.40249475392955886
0.3904827508303558
0.3627674671145479
0.5641489676144619
0.4127572194210053
0.43344287605727483
0.3995437270208725
0.39394794748507933
0.4325611830445922
0.39397771249998037
0.45001335363354367
0.3743508275893335
0.37769961836290866
0.4263266623459484
0.40009518679792666
0.378367488805603
0.3915599374999996
0.40306949615362886
0.40662752894682996
0.35761466128750863
0.43879913000730786
0.35932109530186396
0.35993669374366033
0.39907862408093436
0.37957205116322124
0.37820911923451694
0.39573292935009186
0.3754524611168373
0.3694939252716144
0.3965244087717671
0.37483748749996154
0.4044638143593384
0.3594606222076981
0.40238418831492995
0.43265117080411863
0.42603106974357063
0.3504433848131685
0.37869474296795325
0.40500108639309407
0.39155014999992166
0.36785026766195605
0.3685175648597635
0.40860907162054305
0.37636742458410016
0.43905280440635275
0.4319558605763741
0.3528676550911426
0.36006599667225014
0.39534490911650827
0.43247679374362746
0.40332138860337796
0.3879979043823679
0.3966593361292955
0.40187701180285523
0.4058081379770611
0.3529400540456282
0.3961427062609631
0.39884187848654895
0.37722414324688147
0.39586688448358553
0.4030681489838127
0.42250999207121015
0.38447606757016817
0.355205581908286
0.40100336942443027
0.4052271933862862
0.3871279212128814
0.3801292158483712
0.366941131339251
0.3713575611242541
0.4115732217794313
0.4199044099090349
0.41322004636080034
0.3977109215745086
0.37158721950811613
0.37748580473764914
