1.1311197061240053
1.1075909837051843
1.0286841836440634
0.9438169919776929
1.0966141138245873
1.150606011279588
0.9457785984611514
1.1620225915400841
1.167321398795293
1.1624254831371412
1.1602555255970974
1.1516302975163637
1.1719269806549182
1.1343030916933932
1.1660964536039278
1.2104738863695814
1.198546434245002
1.1992292233049378
1.0447159734506806
1.2176614061522517
1.0073678726573745
1.182859439791505
1.0878043285784502
1.1952157149875429
1.268416954020362
1.2317779840075436
1.225297216094874
1.2480574141034613
1.2472869253626757
1.1885001071472538
1.2852989585345553
1.2762807121056563
1.2759918426253356
1.679668088317921
1.454914504449848
1.287510086115625
1.359592677688148
1.430202579721783
1.2919490381452885
1.3712903053648584
1.3032430126382673
1.221381061690765
1.2866743150935283
1.122183664099942
1.4084865438149925
1.1310814222307424
1.1103434593959218
1.0344267758223902
1.0144567354055685
1.1773368701964573
1.0150391552535798
1.1573603566928017
1.1685697976471339
1.1714293304728
1.188202454921894
0.9534307662926611
1.1608634446924382
1.1730474955294243
1.1691291789820237
1.206385979953098
1.0639902852026033
1.1978122165720282
1.208639702225652
1.0332546767145803
1.221413250826708
1.006557687843796
1.188753898576608
1.0812891525057373
1.1952689236593808
1.2684474208716972
1.2332223756341678
1.2326404623201164
1.2626813582868037
1.2490071323750778
1.1939359321570244
1.2848462441723074
1.271322610541661
1.2722129122769983
1.6621829054844515
1.462528889941677
1.2861438207156626
1.3613360242818797
1.4654103029995058
1.2892236864332118
1.3900821307975075
1.3010335320522641
1.201560486017566
1.2900232841112653
1.1786194845474793
1.4086756169686834
1.1087762225463993
1.0295609233304985
1.0971838878044184
1.1368286834813892
1.0126173327993147
1.1444275656192142
1.167096353161597
1.1483135328790413
1.1615817461249869
0.9677564942630452
1.1571000639244309
1.173544454392642
1.1313306299723935
1.1650036587315262
1.2091943461438035
1.0678303191793963
1.2054809933771566
1.0416265381758831
1.2146477596701422
1.0072300925123467
1.1808755346800137
1.2687252355015903
1.232882026394381
1.2268263233495302
1.3223389973337365
1.1914030930790236
1.2863254303154594
1.269757910703456
1.2718439576914053
1.6640100106740903
1.4570040943046112
1.2939426112225214
1.36317346030835
1.421928011497661
1.2913039539824038
1.3728001817548314
1.2982434450076952
1.2176863378739475
1.2849731950727001
1.1180954982102906
1.4088986844779623
1.154193307849123
1.1466813410341326
1.0961423575798075
1.0908200649452544
1.1808242808870397
1.091416127845615
1.194274630884876
1.1876431194772838
0.974877385343526
1.174378560362727
1.1940897769768086
1.1961848922439529
1.2331160130179262
1.1191537897286365
1.2353447116092746
1.2418450221662314
1.0512653091396984
1.2390408968927793
1.0307545874648771
1.1966724011642786
1.1627079912871543
1.2127495890309579
1.3037322106953972
1.2653821130281377
1.2654251012894862
1.2771887221617255
1.233856680626292
1.3096933881909236
1.2983795564233453
1.313213568889088
1.532728398772099
1.3714370703565109
1.364708492692075
1.5002471565866338
1.3130280427867804
1.4046596816299068
1.3208958476338442
1.346263683013413
1.3166688897684276
1.1905199516536407
1.4263327169491207
1.1446349537217155
1.1239196717170754
1.099502246187268
1.016753129900495
1.1461045067546656
1.1918332071394113
1.0919290807089816
1.1765811757961764
1.1917795239199669
1.1872811859185557
1.1912642845410863
0.9766248601056515
1.1736508804151904
1.2268402440781045
1.2061886173743175
1.231211478556141
1.128804892004051
1.2435044056928541
1.0579180563703314
1.236314395494769
1.0812248230666328
1.198685936611113
1.1608789489486497
1.2997547319320433
1.2706173028178975
1.3509035526950417
1.2780278505129627
1.2295334360972743
1.3041766631978677
1.29417040878008
1.3009294902077093
1.7007251243337214
1.4908287571907113
1.3176895929777206
1.3789333412713458
1.4988871486659199
1.3147268333712367
1.4482194507283135
1.3283020629126177
1.280491374740106
1.3093416662863038
1.1931999371543496
1.4234476986848454
1.141332981943073
1.099506917837013
1.0983507597841833
1.1389710961952653
1.1735624953285229
1.0892225818748609
1.169809754533808
1.259821897075919
1.1879673898276544
0.9794683323957142
1.17342689253955
1.192855869595732
1.2133043648065258
1.199250795474987
1.238349456614554
1.1270211253848876
1.2503674761392065
1.0874764224405282
1.2142475020379804
1.3054063010484316
1.2641245411865731
1.270453266937205
1.3665330845322914
1.2825919441162061
1.2265548152477588
1.3126417715891514
1.307180231498235
1.3167817364383108
1.7147415207634267
1.5396122355943413
1.3771270875550705
1.3687656662316254
1.5071588941660847
1.3149715472553405
1.4527225583178212
1.329180056501663
1.3573089406602665
1.3210636373368287
1.187415952422283
1.4252605854557547
1.1418467199150415
1.023981259445384
1.1457495285186425
1.1866324322618071
1.0266469644639544
1.1765229523822538
1.2247846057176086
1.1872041282878993
1.1890092891812654
0.9790371955794974
1.1793729851173438
1.1824153811189957
1.2126952945335745
1.211946145099155
1.2360789245112653
1.1290578066831123
1.0647405896461648
1.2409421698278167
1.0862896016493397
1.1960867711252172
1.1680557523052093
1.2091970144142963
1.3327023898646064
1.2685458911554244
1.270108699215712
1.3648643934785563
1.2876499876515237
1.2296222326586634
1.3095760380364934
1.2982259026808505
1.3051738019258532
1.7660407098079993
1.539584153774892
1.322628723867556
1.384882108550673
1.5053044140125325
1.4486407642052876
1.337970438117305
1.355096646901974
1.313023472878449
1.1947357920190684
