0.12958979876829688
0.1388122909599201
0.14074190159064912
0.14605834471049478
0.13413575039954348
0.15971230160838962
0.15151575062219919
0.1468777677144423
0.13817289441529562
0.14170904022489483
0.1351789486252069
0.13080904892867168
0.12401689216838295
0.13981893037827686
0.14487460260351753
0.1480441608436598
0.13618441791806782
0.13230946997336995
0.1318133048558953
0.1412176623429094
0.133603430132629
0.14130689959263126
0.13623762754076937
0.1315567534647266
0.15389075674225394
0.1557248347970223
0.12570450115141396
0.1426806897849008
0.1283372476767467
0.13841606542382603
0.1343258192273767
0.1449043758714936
0.15458668617108381
0.16956189482729092
0.1484075234849233
0.15285832270530736
0.14617358835333144
0.1388948487715793
0.148630576657085
0.13814801491158737
0.15421355311110277
0.1241137662370737
0.1547760660107622
0.1336978210596132
0.15175219057081765
0.14884197983623254
0.137132403667411
0.14087405720805485
0.14087200500464855
0.13506069625903894
0.13784188953243365
0.14419709108105544
0.13256595623847195
0.15272767757258707
0.15547538150378992
0.12400675397076244
0.13849018308689462
0.12098773417751295
0.13879846743405316
0.13331754191551495
0.1384750729732207
0.13965328377193517
0.14565615093763426
0.14447978294146152
0.1467270838244812
0.15278853174177298
0.14802097255624636
0.13665499160313047
0.14229990022924277
0.13875197422506846
0.14021081752860182
0.13880768092486248
0.15128104575532625
0.12231044984905874
0.1497812343589071
0.1475761841641938
0.13665162184115387
0.1366091444648537
0.14154380107874284
0.1448381390128198
0.13467716940788318
0.1540313923914983
0.1554020817018618
0.12565072102504055
0.13075893689927173
0.12633576557953174
0.14273911359777186
0.13498015459252108
0.13899623869035277
0.1386680185984528
0.14492517953521533
0.1410730891491152
0.14810964863491202
0.15541601166098348
0.14670277739441923
0.14000457164767754
0.14570396905402982
0.1399686415884707
0.1454004939061061
0.13553911639510902
0.13355949658221936
0.15584724709435602
0.15008683404161155
0.1336688237225663
0.14437474661405367
0.14954025145927413
0.13743611711359843
0.13538322702939143
0.12995756071783676
0.1356668731210055
0.1365551666382083
0.1469038390282432
0.1361452673117228
0.15550807375120787
0.12946391304491411
0.14480930008794168
0.12461541020943247
0.14369650477206275
0.13419859334572756
0.14325169304167495
0.14618032935768874
0.14087931695506217
0.15125139252301453
0.13997332500789497
0.14036924229469006
0.13616955618531915
0.14495140470597911
0.13600669957570274
0.12711901286062008
0.14918078923721662
0.14041982693356425
0.14908452129915375
0.1528897054937185
0.15017979640158122
0.13252886841998857
0.1276917508449456
0.14050830664298153
0.13749251412900565
0.14724797090788166
0.14376737692993297
0.12835919509352503
0.15704084416531333
0.1582816961538531
0.1277367949011416
0.1428061106193246
0.13083989882287325
0.1404846451939138
0.14029516344349394
0.14040910327380135
0.14584072576462692
0.13496896144705406
0.14752993601182895
0.15350587917221514
0.14059632836314953
0.15404966009319376
0.14183654746499802
0.14136577760327362
0.13985337721473487
0.13749710005647678
0.1514755369300827
0.1273391003609001
0.15275755854214326
0.1454457632132185
0.14701853838440526
0.14803249426998286
0.13874141538432508
0.1439902447906599
0.1361832008765111
0.15289905254975178
0.13467482725762728
0.14137737663372568
0.1553342661692975
0.13764500633696788
0.15563563496645133
0.15594474064600675
0.13765983392855205
0.13627953579157312
0.12633246825241545
0.13871572459660741
0.14012035238623446
0.14418789490630385
0.14155949712730145
0.14780786979419708
0.1273886928155338
0.13292195502194373
0.14661550487072625
0.1393271098757833
0.13649553224626884
0.14131777269316637
0.1446688032834888
0.141088891034133
0.13664779778579775
0.13640492389155257
0.14015119681732918
0.12972467838982601
0.1575707832506576
0.14432425532374188
0.14866999996786046
0.14939297316772496
0.14365611517698523
0.13629455211945082
0.1310322721559446
0.14370643566855468
0.1405352317280423
0.1451258779935871
0.14632339638346759
0.15575992218310133
0.15372181054653833
0.12877111855764872
0.12885001839342305
0.13933770939155227
0.13484321215125766
0.14546242919086086
0.13992169211072752
0.15079381988562207
0.1348336234384534
0.14871304068227106
0.1427624010152596
0.14744723414656427
0.13937423718193281
0.15562564046084046
0.14861056205922119
0.14257185484894744
0.14310865998689493
0.13428230944124792
0.13842065421379024
0.12845295915612778
0.15349243783510824
0.14134483319893926
0.14209650872737456
0.14837793162940235
0.14228452671285638
0.13737692214045272
0.13264128977416856
0.154432445986632
0.134535126449721
0.15403660506236
0.14635879887826486
0.1371924407525756
0.15660300873542388
0.15400162317898364
0.13987805082287685
0.14991813905350715
