0.07150334156567312
0.07177647933247754
0.09921184444444445
0.07660600883157484
0.0879050279329609
0.07826512382397573
0.09420313520574788
0.07219183111359821
0.08887719228486647
0.07599269644268776
0.07645382951251647
0.07905850105580695
0.08096367692307693
0.0858119317616241
0.08960073333333334
0.07565425015290521
0.08468265423728814
0.08430837137367915
0.07404790994152047
0.0783838451009355
0.07346399145463275
0.08168229361702128
0.07942077308982483
0.0875756191780822
0.0747466531120332
0.07806984625648629
0.08602927961985217
0.06817728718737977
0.07508028544257499
0.08938004402054293
0.07208450464695232
0.072433835605793
0.08173227167769093
0.07885044498269897
0.09357311320754719
0.07757990000000001
0.07209040884955753
0.08084725536992841
0.07807027257844475
0.07373565396825398
0.07986679083039436
0.07358806276803119
0.07804900181488204
0.08732113592630503
0.06734344552845528
0.07826254563106796
0.08215678053097346
0.07813393386454184
0.07367516699029127
0.0898314163265306
0.0882900019845645
0.06717043069562018
0.08347167614631634
0.08811369509043929
0.07673257412935323
0.08050186327683617
0.08432041455301456
0.08121662023583112
0.09025724468339308
0.08884415194660734
0.0720826353982301
0.09628998426848454
0.08750720461095102
0.07321613191489362
0.07687576612073
0.06691904036697248
0.0809840172106825
0.09108719695431472
0.09822006472491909
0.07675342794411179
0.09485074626865672
0.0791479883161512
0.07643202538975502
0.0775541280398926
0.08479216609796368
0.08774900398406375
0.08186975131396958
0.0831082071748879
0.07246483494570582
0.07906972558139536
0.08185239335989376
0.09981012658227849
0.0738944881100557
0.07368880359281438
0.08278392892561984
0.09218901089670828
0.07994921818181819
0.06681487339508145
0.08344009042954033
0.07818512151898735
0.08142736553704769
0.0772730433408578
0.09199346405228759
0.07212712530779754
0.07075312927400468
0.08509615384615386
0.08528116762928141
0.08169613741285825
0.07572484680851065
0.07045229154228856
0.07638283300970874
0.08423020991735537
0.0786666974238876
0.09086165772212285
0.08623302123039808
0.09717928902627512
0.0938474
0.08629032258064517
0.0805239011820331
0.07904615243664719
0.07747539347471452
0.0859619686800895
0.08060186728909638
0.06556837777777778
0.10350233975903615
0.08270640184842884
0.08042729847715736
0.08126058463444859
0.06742022962962962
0.075498698846297
0.0792642908988129
0.0859704641350211
0.08219909398907105
0.08549773707865169
0.0792591267000716
0.07432024552845529
0.07736880530182051
0.08025784890829694
0.09199029126213593
0.09151917404129795
0.07722358969072166
0.08533961960784314
0.0768285403794038
0.08015315667655787
0.07713082042755345
0.07967550696071675
0.07572795882162513
0.07622588119233499
0.07503744909983634
0.07681015961192958
0.09962753986013986
0.0869549
0.0839307411907655
0.07741767322404372
0.08085819829372334
0.10670381020848312
0.0874777099304238
0.08762208865514652
0.08401273634821933
0.08496476842105263
0.07972181693121694
0.0816234338743825
0.08631840796019902
0.08637619629629631
0.08151359821709492
0.07598616735147141
0.07414723069562018
0.08111656039374639
0.07528442395964692
0.0754164661747752
0.07853168960261296
0.07558541132075472
0.08438841201716739
0.08773979340875554
0.07788670405965203
0.07599107805334582
0.06795838523489933
0.08587831929824562
0.07924979778699862
0.08070224719101125
0.10192307692307694
0.07492706532438478
0.07231749565780946
0.0755406
0.07830092456077448
0.08367068151986183
0.08697026022304834
0.07521487081712062
0.08563829787234044
0.07333471312634492
0.07271399300184163
0.06713572725015518
0.09242417680377614
0.08168690464396286
0.08682294700058242
0.07817076134453782
0.07266758986975398
0.07741767322404372
0.0843955499692686
0.08896652232583654
0.08640065146579806
0.07268742842949943
0.0817674
0.07357974919852035
0.07752835186587345
0.07242899695817491
0.08448601471861472
0.07698141580212986
0.07576379314697927
0.08175794932073244
0.07888404779161949
0.0716208752293578
0.08507194244604317
0.08317219992703394
0.07296625112053301
0.07898277081850534
0.07043043628922238
0.08835520929390465
0.07297014521018017
0.08272076787564768
0.09074139142656361
0.08611470538922156
0.09149831649831651
0.0827109187250996
0.07861668695652174
0.08653115404530745
0.07765917001127397
0.0795719617448099
0.07844508595041323
0.07071299288601456
0.07613103636363637
0.08053663076923077
0.07276205240641712
0.07563696521739131
0.08358773563672262
0.06899342244830982
0.08483736770721206
0.07249677365467151
0.08155363718887262
0.08586350974930364
0.07152241432664758
0.09725984712990937
0.08046025324604475
0.08000730637799884
0.0854514752932812
0.0778495039127646
0.08233254186450492
0.06970607749725577
0.0687578131147541
0.0917832167832168
0.0794633368756642
0.07277348648031945
0.08404645476772617
