0.26604477611940297
0.22725366876310274
0.2848378440944882
0.2071136254212807
0.24226023667621774
0.30833333333333335
0.3005387931034482
0.21934386268823203
0.21446212952799124
0.3354924454392837
0.2492073008260059
0.2106306
0.41288281386138614
0.2902284207658902
0.35687260110058083
0.44860353157564337
0.23145296428960263
0.33830669944683467
0.33656401981981976
0.4938591385331781
0.32954545454545453
0.43392703582089553
0.33699712643678165
0.20772002811101167
0.21829451295137217
0.3213972267875976
0.30059307819804504
0.27112794421768704
0.17971779519959574
0.3143928129458388
0.36662255440414504
0.24718445157232707
0.3424460552912223
0.20403855757987766
0.3427710063884595
0.2299970777327935
0.22045454545454546
0.4706173780487805
0.1765331411028549
0.3273089263249349
0.24393046155878467
