0.4190668440349782
0.35807000162916985
0.34894250076408784
0.43699883558792924
0.3469257446106766
0.36407773063036397
0.34115400627040027
0.41540824279835387
0.45587959238401715
0.3305561513178644
0.44481610086455325
0.3377782839558127
0.3709339998708844
0.2931330888888889
0.35751282156133823
0.32536144059795435
0.3677571888321337
0.2221914523064581
0.4411213043771044
0.3616893611814346
0.3354531747457979
0.4272439634000852
0.4507892541472507
0.43826645454545454
0.36499132643678156
0.40540541935889374
0.3878299844892812
0.3954282090909091
