0.7535024095765394
0.665985891366281
0.7157037538969121
0.6821034553310763
0.709101357443831
0.608144477502443
0.6079592269983765
0.673309741597379
0.6752839340018115
0.7082079083152707
0.5909025919330527
0.5696397658729166
0.6925930398911533
0.6530278143718911
0.6746450780237753
0.5760883485439774
0.6468577621498501
0.6992886778425809
0.5994314803798563
0.779486499143017
0.6153163546380563
0.6510608329764822
0.6245587626281626
0.7248624536947235
0.6731674049571506
0.7165046312126842
0.7265455950186992
0.6142056559897362
0.6677781501386398
0.5877202336357994
0.6508468840044026
0.63923389593486
0.7513326297718552
0.7196365410466545
0.6590084164608395
0.6926820127371316
0.5495785979962614
0.7386406556135207
0.6524558981794197
0.6376007826038832
0.7163358156610451
0.6245397013565522
0.6582306024648691
0.6741435918573909
0.7192335514163684
0.6747720046256094
0.7764404284459562
0.707405025581197
0.6742740349830096
0.5522570934817983
0.6784468401991586
0.6643589731075398
0.6310250417367236
0.573030935948252
0.7759924171246858
0.7106987928203032
0.7047758268597226
0.5561747692433143
0.601811442554622
0.7815317544669365
0.5840972805377506
0.67478201034263
0.6433879906266452
0.6099076624522956
0.5225298134356782
0.7140526725365031
0.6724464278277463
0.7492166891022249
0.6054878173774266
0.6569347376510504
0.7680212658414376
0.6464652583115142
0.7205571389625156
0.6514743028108186
0.6650807088365862
0.6940795869960246
0.5972846116977596
0.6861494470220221
0.5752400583247907
0.7432433638291055
0.5785605914193102
0.7283500050161532
0.6480223918212871
0.7458207754548537
0.6628812812933012
0.6033922061486283
0.7148214128973536
0.6071311108923052
0.6269486621806758
0.6289578366988587
0.6973907171653637
0.6649451386672295
0.7093092975343167
0.6233006250436899
0.6627281132524419
0.7228660484100593
0.6392912274044116
0.6259358819744556
0.6302839114863554
0.6584278788143451
0.6886508896099554
0.6414130625100998
0.7330300927540899
0.6898569638690168
0.6126641725975893
0.653221845382765
0.6017892601197217
0.6444086142424874
0.6554843583470731
0.7446167566931342
0.5298870544708114
0.6914800516849331
0.748697288149967
0.7201203578309212
0.7485392842957783
0.7017087946497609
0.621342492975473
0.5261445528178007
0.6693109930295247
0.6657495872231959
0.7307936671305871
0.7017145412087662
0.6387077323227902
0.6241819005532502
0.6159602653442415
0.6815935642065252
0.6070074680386505
0.760248136774167
0.5297949490811824
0.7108482027161587
0.7373683282300045
0.6083532001827667
0.6898070387447292
0.6246182247650851
0.7357503648736673
0.7027219872928067
0.8069850923116189
0.6956510322714529
0.6921410096608372
0.73688468097128
0.6392971189192039
0.7715062430609618
0.6381575196775593
0.6261168040103824
0.5890244037640309
0.6713089021132512
0.5992282732786256
0.5387574559336114
0.6747900701601759
0.7121432926513127
0.5649744426924558
0.770094846673565
0.6081617659405385
0.5788669705057835
0.6336255230240709
0.5318872946461587
0.5997505536091202
0.66167011752383
0.5242073675852399
0.60175082612402
0.6748133119419544
0.6610836164771766
0.6532768257782776
0.6020134045362046
0.6706551893816076
0.6712016487950737
0.699245366666619
0.6322060230085311
0.687826248724231
0.6326747187499437
0.6079306262187995
0.5665131044653307
0.5734787075019305
0.7555594189357507
0.63937585249721
0.7644408543893759
0.7667001156286068
0.5902400405091783
0.6460888697998795
0.5867800800201863
0.70294654610241
0.7219286907971205
0.6807105109559198
0.6452251987940731
0.552009609770034
0.7000778239342496
0.6141279169245791
0.6566637761345882
0.6499579790848984
0.5971400185657469
0.6086766630266212
0.6370634258946464
0.7224438328581817
0.5959960221198022
0.5795496168421184
0.6062375824395804
0.6925055105198238
0.7036704686644767
0.689809866822712
0.5443884481828383
0.6469740378789932
0.7086176866870442
0.6683333765200506
0.6879390224792945
0.6174251938600649
0.6956247562695435
0.6047125376354476
