0.34581672528448787
0.33069892569395476
0.3339843630021006
0.3379089670130921
0.33528699458651334
0.30899574925510725
0.3397617936567861
0.3451557812781149
0.3217422388202621
0.3235181561564252
0.3347290152777592
0.3565016862522279
0.3099215634748447
0.3235020844870721
0.3305427317823756
0.3375571153439994
0.33804777230283467
0.2998163124215641
0.32109232154902695
0.3676531121296889
0.34751555313922633
0.36785592562167463
0.32728322801823423
0.3248067591267405
0.3163619957671615
0.30578356799941103
0.3386551381615386
0.34568645334642867
