0.6763535354669727
0.6655580196082966
0.6094637833209394
0.7231499519175858
0.623773453622042
0.5079344562858378
0.6337735184861704
0.6797661329975456
0.7911840607553008
0.6841162630540121
0.6441132286857791
0.5377532390544801
0.7658115350369862
0.5925708722284314
0.6592626644165438
0.5239086253194063
0.6749527964129614
0.7402655135176479
0.6109011685688245
0.6263750356000937
0.8193404901748047
0.6859726393460501
0.622028101356159
0.4957788157167295
0.5991837561521289
0.7425129276662262
0.6209196835029964
0.9241499508378859
0.6594830668008251
0.5778156932928165
0.7294664365348871
0.7687180663699078
0.8419606954460537
0.5506643613030866
0.620510302284137
0.5515127264402636
0.6670550072741286
0.6827122404825037
0.9227645301444756
0.6232918310899108
0.5372968882039719
0.7499930906998376
0.7767163703435406
0.6168740357723187
0.5171150480996719
0.7655161646918037
0.6175322408902901
0.7386271934306671
0.7606450508060014
0.7545196394860482
0.7703284353580196
0.9154743503032587
0.7894245356448966
0.6827600738266906
0.6522276740435
0.7383705777478682
0.54474451815626
0.6518135357892901
0.6432507773377544
0.7947244882864736
0.7046495637806219
0.7314549238322589
1.1070830601632111
0.992710329612301
0.9238414240011258
0.8453157754733003
0.7800893665995573
0.995200090793032
0.6755048660071878
0.8474041439443107
0.785019437401689
0.5117122591704926
0.6405431785868587
0.5390065281089212
0.5366459224459559
0.9236897350652925
0.6661526527466893
0.6048253836528825
0.7416969250654428
0.6254944501898333
0.6023996436486206
0.7476665849519358
0.5144658973419938
0.6447306158917433
0.9185677797483119
0.488466439115453
0.6221315985623859
0.6333725084708928
0.6352885032609338
0.6084818040223796
0.836614484068597
0.6412340275092322
0.5063214834446934
0.8762561491452877
0.7457255334999744
0.6627643780115879
0.6186207847310733
0.7079344976775541
0.7409453007088587
0.8134595378231766
0.6676198595015456
0.52646913289933
0.6761112669172736
0.641520681341328
0.658992673115691
0.5404967814312476
0.7631961793527567
0.5796457293113441
0.5992912095695451
0.6352969097889916
1.1033806361506735
0.9925491491464542
0.7079769279712286
0.757550004655623
0.6369696648424986
0.6099347047814978
0.6514012122396978
0.7044758203821014
0.5827431340066551
0.49844288046069835
0.6408462564923303
0.7905925682864788
0.49703004952890645
0.6425610398214163
0.5161091348328098
0.6162496662513245
0.7082769186594738
0.623739833053524
0.6870596441187647
0.8364470290375479
0.7662588852613621
0.9802961393815879
0.8635412801993843
0.5947129821705072
0.5235759344554827
0.7626132957273111
0.8032946844949056
0.6933206521112563
0.7944264237148055
0.7273057452399287
0.7568534369902502
0.7548174727706894
0.5892009806233156
0.5737286547752339
0.5725344054303423
0.8441571420932945
0.816857415629872
0.6764262009083495
0.6351808369195066
0.8378251807910243
0.7460329267491157
0.609105621981084
0.5505697559699864
0.6960967366828477
0.8620809758962451
0.5857942186354456
0.7034162281817812
1.1303576583260024
0.8427565851864951
0.7079685922071182
0.627700536752143
0.6745761394130547
0.5393026217555857
0.8063890970108093
0.5469262785321756
0.823776622721615
0.5425961814389623
0.6440373126248129
0.6331348570827386
0.8776416333126786
0.7389129191673506
0.7722502385806149
0.7629470812179553
0.5830000712169495
0.6096659704241625
0.6261096553343907
0.665754303920598
0.9960472244767558
0.6564645009188292
0.8704367137332025
0.6320460075507733
0.7542852566717801
0.715949634359681
0.7315705103455757
0.8700918999662707
0.6106062819834944
0.5431959141973847
0.5166874237545149
0.7140953096079621
0.7120223162583029
0.5344278923486571
0.8643783944809658
0.8638116517062062
0.8340414079348324
0.5826578711670753
0.8249750229029656
0.764912140756675
0.7159898868350767
0.7509486423873223
0.9891959843861347
0.7465617669234911
0.5504256460718339
0.6861647174626284
0.6397090276700694
0.7078800382151331
0.8013170456995484
0.9182818422009665
0.5164302857028517
0.6933302644000134
0.6722425156079757
0.5147857815843702
0.9843589270729344
0.6533800190703607
0.6969553285443959
0.5915475944601711
0.9492505067093312
0.6122817488756436
0.8357842794130295
0.7816331409154456
0.712448482205194
0.6892282641775835
0.734262590218105
0.6756242415549003
0.5357196993754169
0.8784087079727244
0.8573168491599923
0.5397902096928486
1.002316252692572
0.7360785036957987
0.8225304551088831
0.8461071861778995
0.7345999604584753
0.7740902946832192
0.861224019927421
0.642355729587682
0.8775656409978103
0.7676966507344963
0.8715790238206774
0.689691519249861
0.5872874371523652
0.7669889318887733
0.5123287063509111
0.7861669446728418
0.7029104674670773
0.5416107450622212
0.6093854331636801
0.6233045891092531
0.49928472437267996
0.706706126183213
0.5383418718997804
0.5266265464335005
0.6942525342785987
0.6753866876447674
0.8104216943738358
0.5384761478635114
0.7669333816819927
0.675674099467139
0.5835445966604763
0.4943014590140793
0.6084270623121909
0.7809254874244081
0.6196680331667854
1.097727361610885
0.6264848989665731
0.6317049920065958
1.1095558079429266
0.7272386299852416
0.5633560381651057
0.4809439139816353
0.6317356217624188
0.8854339474131083
0.6579946011832524
0.9495297114775626
0.8713967567108029
0.7025549367929202
0.5198851605511104
0.5806895402885464
0.6220498037646516
0.5886542565532523
1.1406876333456768
0.611671991328481
0.8587637391602274
0.4877229356441116
0.775875944575213
0.9990583611817598
0.610656610289341
0.739943731113175
0.7603404111158988
0.675023570865638
0.5757751233855063
1.1210522495845332
0.7925168481101148
0.6839291443429684
0.9898456621052032
0.6377775806983487
