0.3927226461165709
0.3659890261202523
0.46665795840867064
0.44046894738959846
0.450425194133947
0.496901282161106
0.4423649740566851
0.5054187282662024
0.5433043184080684
0.49707947835564925
0.48469259441533413
0.44357649621520495
0.530617664240798
0.553680575887536
0.5799198958866538
0.42983664137229743
0.5006057787378018
0.5569344571409978
0.4525861910260815
0.5310238635242881
0.45792316929068216
0.4609077364184306
0.5147729515773876
0.4722218474609409
0.4352156812397972
0.4318041702589767
0.5682560443997358
0.438354835558887
0.49259464200429864
0.4176695455949669
0.47797842614236274
0.4126785391196586
0.36992600631485545
0.42910194810207175
0.47725509535905963
0.35192573633744517
0.40237484253652644
0.48223441874592715
0.35305704734970766
0.45277777399414487
0.5391612883590235
