0.29279121172303835
0.30530561128931744
0.3081661710585176
0.28207544837074106
0.2811449908595442
0.30722172393930225
0.30395443124420146
0.29992298922852967
0.30106250037221816
0.2931971055204503
0.29610206683727236
0.2962719895122322
0.30619282393082986
0.3157877464068448
0.27718394104124233
0.3059939574954637
0.3372403638097769
0.3148499823790849
0.2771159312202715
0.30214045372716014
0.29848661594973414
0.30542662344682037
0.28936736255715767
0.2915788794387792
0.34543623068397683
0.2714281965681039
0.2961732082280495
0.27680741455165436
0.30400649776300187
0.29714405678299605
0.30492235771958476
0.31268141433777963
0.3078653959752892
0.2926488629279956
0.28961981096186695
0.31503740096590377
0.3073440265408609
0.3061611828774593
0.3032969061678209
0.2973037843530677
0.2927985907950953
0.302253996004502
0.2928437142939876
0.30377504291590696
0.2745415005325857
0.3197407080256244
0.27570518068021166
0.3072388151780475
0.33730162340501524
0.3107870999275234
0.28235857034582235
0.26869064893818834
0.2973973289351523
0.29977458921283934
0.2999910460631185
0.28722290614995666
0.29639836544273657
0.33685101771906584
0.3408866404302444
0.2762226979192876
0.3039725740953449
0.3005463454072937
0.29565913212867556
0.3037217057573931
0.3097727220134953
0.30818474830346404
0.2871514889392739
0.28071047477901245
0.3122499249815467
0.3010757664151388
0.30010128472384034
0.3007453225018281
0.3064319409905282
0.29143003807780987
0.2906740929142111
0.29645759876043337
0.2997651618786361
0.27425814161540557
0.3168276620534329
0.27692998475443736
0.31274482540911896
0.2886529309401866
0.27241338947297494
0.29446070666538604
0.2974832082073552
0.3002916283347354
0.2803861898536576
0.2919501665959083
0.33597746066359413
0.3449663096063322
0.27563095046271097
0.2907985195609494
0.28042075990063914
0.3037472991595263
0.3064897758242613
0.31119846446073285
0.29137182508064835
0.27742930958379547
0.3095083401684314
0.30872457920545154
0.3021288969828621
0.3027769235911814
0.29982094609850973
0.28997266901968916
0.29629556596563367
0.2961507373854084
0.2748718054679611
0.27501893771513897
0.30710032478894017
0.33916438201864485
0.31207815019815643
0.2859734038727378
0.2712819866396918
0.2985709972271646
0.2995987325197483
0.2993841878453276
0.2871626441040879
0.29000171260794044
0.3356821205851499
0.34144641782005314
0.27619281105651106
0.30119899048273413
0.2771456292442211
0.30136950212886593
0.2976587958224383
0.31620467936747515
0.31423334209410003
0.29852410256208434
0.27887992022898134
0.31719765773583164
0.3147166897394532
0.31300392973192814
0.3044990829327364
0.3047171639356686
0.303345492442354
0.30071042058773967
0.30070952234992593
0.3011032787689373
0.27725318267227866
0.3276305731903808
0.2859092911365505
0.32274602367781324
0.3407760700830227
0.3088739169812884
0.2761655135907686
0.31165180849921337
0.3003915687747257
0.3085606400843287
0.29591262928480105
0.2905655902339259
0.34742314855234624
0.3506379132375023
0.2799549096918104
0.29335382167357726
0.2910079322464876
0.30678885505354453
0.3005449437889529
0.3128730009618164
0.32065833709563246
0.3140329660561802
0.28166243898426757
0.2821074452079217
0.30855158607661237
0.31015244766196165
0.31938462714659566
0.3021837257548602
0.3028463682671206
0.2967518152512398
0.30811008085443353
0.2784526670763759
0.2910445437174014
0.30517339310598474
0.34509044743987793
0.32359009696143465
0.28327782349629865
0.27792135955786484
0.31372240319811706
0.3063621164546573
0.30348454043146145
0.3012270043532619
0.343132392715788
0.35505785501247455
0.2828427567543368
0.29166596927420235
0.31320280882872953
0.3032610471493207
0.31277899539223436
0.3143380809107968
0.28651877728748065
0.28990671844633864
0.31673080307126844
0.3152709006422897
0.30543232022582084
0.3044475354896905
0.3251755525255887
0.2982660219259057
0.3033381643471544
0.29671246012736
0.28126309880202927
0.3299852077479286
0.28836192694713175
0.31805487109645203
0.34360785799701266
0.3153522771671417
0.28710851821526634
0.27853529633146273
0.3032269233927453
0.3022043767359197
0.30834430315029776
0.2877832383507815
0.283038257162984
0.34402715053484995
0.34725751434745217
0.2758358087628866
0.30158974951474105
0.3089295565173329
0.30067531530658476
0.31866058931113245
0.3145140648308763
0.2857062569153661
0.28370038894439054
0.30702290101368274
0.3284306931374084
0.30240704787341377
0.33384852136162424
0.3010592429774464
0.29622989421182033
0.3035926930133605
0.29275765310339813
0.277616146154289
0.32079155803956577
0.29706669469418223
0.3032864815269779
0.328596168909666
0.2803547809601465
0.27111511552992523
0.31296052864948837
0.30029406572052697
0.33940480261778794
0.34677666518537154
0.2805964105614836
0.3176494898543775
0.30033735894482627
