0.9253405029632569
0.802301510901538
0.8485862204346533
0.8421988105712641
0.8023100695279575
0.7993282785808946
0.860237305914973
0.9067549006686464
0.8235217897998532
0.921482283686127
0.8128725192697752
0.7422137009672012
0.8225033984691588
0.8018000309584856
0.8195547528195273
0.6880637475349409
0.9232965824667954
0.7353047990588628
0.8331342698097169
0.9116256694115706
0.8798685168147096
0.7675410278293442
0.8241345014354933
0.7917229616277217
0.8661829805548957
0.7093465953093017
0.8708595313078082
0.901373320956228
0.8039412039017324
0.7700332413041902
0.9928977242022875
0.9166828987037208
0.8059532108355916
0.847849557098815
0.8402093340686221
0.8377751493070773
0.7823552838652896
0.8489909991055815
0.8402593446849416
0.8906203785265957
0.7663450448095757
0.8389140053721988
0.8161388751180078
0.8219812246322814
0.680192324678292
0.9310074694314516
0.7296944714995846
0.8327537891100075
0.9036023046309685
0.8721619587256781
0.7965515095107302
0.8115110573521092
0.8087261850383254
0.7904850784615285
0.8856424354155619
0.6825591250247163
0.8631371859331491
0.8718811436486136
0.900739426174976
0.7515287853103847
0.7657909689988178
0.9834576773342819
0.9017748522827307
0.7950000564632755
0.853488539451595
0.8420074113661601
0.7970522727801098
0.7877027623591262
0.8519704889851571
0.8928406440224872
0.8305263975975494
0.9035656625719506
0.8219764600050021
0.737704593058834
0.8311635000377977
0.8113819391302881
0.8185896408784015
0.6776824102385853
0.9270964201356922
0.7340209389516578
0.8260643898345995
0.9114631498559771
0.881482467279761
0.7827092556917083
0.8057228684125298
0.8337981569792073
0.7948704648075571
0.869879430289533
0.9014983438312152
0.7991706153587129
0.7725945490249563
0.9899562769640962
0.9371829494134101
0.8328947940468128
0.8798309484857967
0.8889315239841107
0.818539400992197
0.8828030237748455
0.9220484969865861
0.8839445020785287
0.9003992095477398
0.7791055816452852
0.8506503284713738
0.8657655416090113
0.8680425993615628
0.7114231100951951
0.9491743869032574
0.7426655032533896
0.8727032603316809
0.9248405528212426
0.8910087249600667
0.8177102068652554
0.838229559747597
0.8319307536720519
0.8865914351244957
0.7179639573428038
0.8803706758240175
0.9326701289060166
0.7585492506462155
0.9898149265557631
0.9163836665412496
0.8184740345863182
0.8963462911686015
0.8721903060297427
0.8149549448265425
0.8799572886607732
0.9313028085571322
0.8741081993950085
0.9125992379419778
0.8412799526118919
0.7752399075898033
0.8616278080533639
0.8364819682618145
0.8744118573167405
0.6986943438368426
0.9334222552247394
0.7612174534731251
0.8852917616104796
0.9250561220271167
0.8936018681600603
0.8141636689231495
0.8760726057808275
0.8360618477712597
0.8232600651494542
0.9025561301807534
0.7329163930158049
0.8853772280133521
0.8768110109682289
0.9444000770392669
0.7744985777671317
0.8095205569952416
0.8319998016584296
0.8914427313423736
0.8828562777816928
0.8000516000037647
0.870297540856491
0.9294391141457036
0.9006684832398008
0.8438740395190178
0.7777352003172642
0.8538433132665451
0.8532760865904998
0.8472361236239981
0.7205704703706137
0.9417348852220443
0.9327850431515092
0.8969424995576146
0.8121033876616264
0.8286123799518104
0.832459421310856
0.8337803625276461
0.880740501894204
0.7233535723542426
0.8799595266677007
0.7714860897886932
0.8046330301215907
0.9686701081470525
0.9455490252972681
0.8204394618514633
0.8933610753142597
0.8785106786175417
0.851978671832966
0.8206930127295133
0.8707372000232079
0.917073306341027
0.8906240575283557
0.9096720283135022
0.8433505382333423
0.8613089189463012
0.8325600325589481
0.8545275292752333
0.7054912011409333
0.9257506180802733
0.7667362184671013
0.8837648651225757
0.944140392981609
0.9109503670557002
0.8657702431490173
0.8443087483030957
0.829902813514417
0.899553846050004
0.7216181658624969
0.9171584897698382
0.8914284616079313
0.9479568830569292
0.7887106629448283
0.817285952613816
