0.35716568669048987
0.4060912298138989
0.32884017998338116
0.3433154341043889
0.3833286431573294
0.5114349906480616
0.4156524769834071
0.38872190278141927
0.3523731225086538
0.41532764381247766
0.40228510745325796
0.38573451052824526
0.3983639481745151
0.47883588529218785
0.3946273049110832
0.49043470311523263
0.5527639656095331
0.39046554560546864
0.42298674197642705
0.554131647675868
0.427462601049629
0.3572619761322851
0.45113492352464113
0.5481834103401899
0.4863789674861554
0.5050773664204331
0.47407294415187096
0.6070266632489942
0.4867228072083933
0.483251291331504
0.5331694220640822
0.4730999239260547
0.47897802584587723
0.5495287933989064
0.5102110545467349
0.46112672511493297
0.5461211097072298
0.4620480505786829
0.5695396692694281
0.5336277241981959
0.4393449872800449
