0.7859402071775292
0.6608113942951863
0.7093039164507966
0.7106672196195094
0.6620843911237484
0.6294202341058401
0.7147770029684392
0.7481595363194918
0.6812306540276024
0.7470639215639819
0.6638451207043726
0.610482534734128
0.6770145044833993
0.6639161636648128
0.6926647323531816
0.5600888159406412
0.7787948972263486
0.5990199739186907
0.6838347673099952
0.7729093852466278
0.7375945190095536
0.6168846593910751
0.6637804134531802
0.6517776075791972
0.7014011781494167
0.5704304719113208
0.7219333441720128
0.7630987191203618
0.6760202856213848
0.6392652746737418
0.865845761372061
0.7872697450468056
0.6616395101855705
0.7090373347186385
0.7092572010688092
0.6856469110912791
0.6165768598553433
0.7018835906111385
0.6976658411741158
0.7256912384215588
0.6123358427759844
0.6908697608176801
0.6755045038698767
0.694902226338534
0.562747530833411
0.7865654220242726
0.5949871999118506
0.6816567850013141
0.7657917024554346
0.7316975701460348
0.64786194634702
0.6608885314452596
0.6526888826288958
0.6495347771869631
0.7231989578738656
0.5435861371818719
0.761248863406766
0.7232326469328244
0.7617763471088748
0.6326113732482685
0.6378335561833846
0.8597390097121147
0.7721114131214534
0.6513659063842758
0.7135701352021778
0.7105296161916071
0.6543075516203072
0.6193809432351991
0.7055073603132327
0.741085931741987
0.6912265911469804
0.7391606148166773
0.6688573752883296
0.6044971273732671
0.684915317807374
0.6718361114593651
0.6916882137928498
0.5588285117722206
0.7821208210019146
0.5982353557959077
0.6753789204450175
0.771352430472094
0.7400406996356698
0.6334388835375624
0.6540759405325359
0.6745868203101043
0.6528624791574082
0.7209426947228303
0.7627197811427171
0.6702971022868608
0.6416127930567779
0.8632253250846984
0.8102672502070716
0.6964038708454999
0.7485906183256468
0.7576008875945326
0.6527435924222673
0.7353492950462914
0.7748915995952068
0.7371204578355689
0.73367652178795
0.6262888375842071
0.7093558068218282
0.7248141322973131
0.719687381045474
0.5986178158308144
0.8080940488369839
0.6060190560253212
0.7303740179633788
0.7890966428633868
0.7555006448731737
0.6653577840852422
0.6967122631783379
0.6997128291816079
0.7320376586806103
0.5832918536219012
0.7818567695589083
0.794448721052882
0.6410695530169719
0.8628002363315717
0.7937360308739986
0.6826951448632568
0.7639466241573992
0.7474658955946318
0.6484719397361854
0.7304514803850014
0.7744136027394258
0.7287422612628542
0.7444180678032
0.6946693343699875
0.6246107451123449
0.71530730031534
0.7015025677773372
0.7253495557345611
0.5862607486711064
0.7886693115628112
0.6198781633241341
0.7389653359961298
0.790469685032707
0.756902224844513
0.6642604504796698
0.7272586875996516
0.6831729568420748
0.691565209768999
0.7431910721039746
0.5935947659942957
0.786969363092825
0.7321045825680459
0.8045622196598466
0.6532084647136516
0.6786453324768644
0.6991125622770753
0.7687580839889583
0.7361349307359741
0.6387562708066807
0.7263120213996358
0.7720974836326643
0.7456545228542697
0.6994850328257949
0.6243211195030779
0.7149326131530522
0.7180038760617639
0.7025720501263405
0.6111405932370799
0.8048213501794352
0.7986288610013923
0.7499653299563069
0.6633526141270276
0.6942650415186247
0.6854965031003045
0.7034820223467737
0.7306467784823317
0.5911877422112384
0.7801324125752389
0.654803909330927
0.6791637969809472
0.839225055868719
0.8070962405065747
0.6839005565908038
0.7611583558531843
0.749958178280512
0.7132696036506576
0.6552057425061186
0.7242156760678697
0.7650442565227485
0.738726554788033
0.7404308071761356
0.6982272484158953
0.7177177534194518
0.6994774121824736
0.7256115318807644
0.5959872731828714
0.7829237087232741
0.6262032247846998
0.7404760326236225
0.7906231803815045
0.7638292008339675
0.7224343647235258
0.6916010762314191
0.6986817615523344
0.7431809662076224
0.585397837578792
0.8118198034279913
0.7445427694652416
0.8107668937421211
0.6665941853557538
0.6884186969737986
