0.46854889568894575
0.5405340318753923
0.4102549956465241
0.4366781293993416
0.5163090953066424
0.6501506050545345
0.5193556772306438
0.5459759281639489
0.4137308319210754
0.5439799098641742
0.4897441803840106
0.4551547691866624
0.48830873143005427
0.5821048262568818
0.475579069556954
0.6464735388847261
0.46233685296488425
0.47597558243918187
0.8080299323780874
0.48545281268960166
0.4272341976314479
0.5593901276057003
0.679079830882478
0.6364880122156219
0.4831310294769312
0.6083796640012572
0.571758776069306
0.7651637723408017
0.6016731568768211
0.5876488505427004
0.5291183308472045
0.6628041322290398
0.5387537619403536
0.7285338423141058
0.6212946945722122
0.5335985114544295
0.690362239327022
0.5736041273210144
0.5093547325674448
0.6087449789168177
0.49829823234692766
0.7469291239007689
0.6313901523373349
0.5734245532120592
0.4632122130023051
0.48725059944924215
0.5429887395969858
0.43564635910624516
0.46606830086216844
0.61840530364932
0.5622231616861139
0.5046174187633387
0.4258335129820261
0.5861847238030798
0.4976675402719055
0.5435561277154435
0.4647149995523717
0.4872881885759412
0.49790264585062854
0.6219609010995467
0.71798900350861
0.4455710419432912
0.4922936089075273
0.72727677945243
0.5036636976352046
0.4262396581741566
0.5677423160854373
0.6754313070483633
0.6363626417083198
0.48109158774723465
0.6146522418581737
0.6023959659422415
0.7629758395386885
0.5830084491458463
0.6069854684616235
0.5156976379761057
0.6552173560388934
0.5393406749746454
0.7017150372209218
0.6222228479598111
0.5306324496667096
0.6924603734163494
0.5708783173594948
0.49468120246360153
0.6462118930085583
0.5101222294211709
0.5943078666426688
0.6307125055184835
0.6046720393708886
0.46268906980121566
0.4511632245910665
0.4123805102311352
0.5190494497519792
0.5547413066159593
0.5437558818953979
0.5320985498934344
0.41430843647140697
0.5479797917117242
0.502372612323025
0.6658908949212192
0.4724828221597356
0.48901659593017843
0.5623202969643495
0.4835705686363243
0.6483670163469647
0.7398695762497317
0.48840451901113524
0.8305769087801944
0.4801031952391413
0.4306732304403263
0.5372673598139726
0.4831824097238026
0.6237344605735863
0.5700360711903242
0.7889125638863606
0.6150816418449818
0.5271978734326045
0.6538769031066606
0.5306098082404003
0.724270248182154
0.6112025064947738
0.5271687129815312
0.7070849363710505
0.5646981830233766
0.5124650543794627
0.6124955582237179
0.5025022049831434
0.7581073301777392
0.6387908177625226
0.5699480794389821
0.46328090311280007
0.5806224055355924
0.6459654744994423
0.5006236223402043
0.5474777821259021
0.6590916896458536
0.6662218844028406
0.46616059508697555
0.5764413748057285
0.6331498021077537
0.5161484850663355
0.5425171064521904
0.5575886332764123
0.6526843681827262
0.7051593396104201
0.4960380106997023
0.5546057493084069
0.764029283159221
0.5436997801411055
0.47170913172723794
0.5808062939705207
0.7534884648055278
0.6498602397128648
0.5338949598800773
0.650249801970553
0.6392207198945985
0.6305909552005527
0.7007211647872874
0.5588597294494451
0.689422438238073
0.5758798708005111
0.6716802835725895
0.5786617292796609
0.6766281535439173
0.6003867883378795
0.5381748728753026
0.6628731155471509
0.535240443293841
0.708535838029425
0.6690558933679805
0.6119857388972821
0.5462542473984968
0.5206326172869526
0.5893598423260763
0.5255946444548918
0.5192598212631283
0.6414734374002873
0.7474960236198085
0.6422386118970927
0.5847411568345573
0.49347123778295743
0.6245770260844652
0.5093455663836071
0.6273317199275185
0.5252728518420039
0.6430399974723159
0.5545984304269062
0.6722547795533835
0.7496101573347308
0.607498434211371
0.7842148977269962
0.5373247838645128
0.45991968992799753
0.6442852116574077
0.7437449065857812
0.5050091571774135
0.6633010919834875
0.8228784689274344
0.6371704052958188
0.6593688852309929
0.5440837720602889
0.6934138260217017
0.5845924887044036
0.7240743400740974
0.6625704280556142
0.5771752095697424
0.7150074477604709
0.6152004791983012
0.5112020659684555
0.6693217600294659
0.5293160016218719
0.693004873074751
0.6630757051561925
0.6439904952016795
0.5463139637994991
0.6501728978876246
0.5086662473124581
0.5394978539034244
0.5289770557956576
0.6161747418954131
0.6176298729234047
0.5140154521899121
0.4846075478222146
0.5468818266701002
0.6461317430730577
0.5054848938873651
0.5553271329849514
0.624322056233037
0.5554590649792149
0.6527012142708535
0.7421470205421151
0.5387578418651019
0.4992977279207789
0.6646086202727606
0.5481922198551662
0.6291976476600606
0.6109662906195652
0.8082309458735011
0.6401940914007841
0.6800419240209065
0.5487634970055414
0.7105564647171997
0.5681246307557504
0.7384458006940393
0.6745704846794164
0.5574149598851326
0.6757632046058555
0.5862739381591253
0.5294098038076486
0.6768882850178976
0.535199647259503
0.7252931868920096
0.6545051592777845
0.6099727078742886
0.5739732216208822
0.4944928564088375
0.5350484345852804
0.6083580083762955
0.7416317214235668
0.6159458767933751
0.5903980626342795
0.4845619247464252
0.6265798614516153
0.48120521642044906
0.6082477756584921
0.5329292118712488
0.4975436526287435
0.6541079809892907
0.5925450830067219
0.6643741575900992
0.7219411522350795
0.7629485387505512
0.5458072715478793
0.4933562719120444
0.630878744767368
0.7400712964542147
0.6724378633491281
0.5249264994036639
0.6374338628953742
0.668293886342924
0.8250566671654878
0.6510073662495022
0.6554662374706383
0.546243122581352
0.6978029373050953
0.5905668368875652
0.751702039894907
0.6746774262701741
0.5999788258012325
0.7294179350761074
0.6121101345354037
0.6639087331030689
0.5364814721611817
0.7017678892896798
0.6739115029724904
0.6523953212545375
