0.5869580469797475
0.5539989297835295
0.5693908580484779
0.5827546559808412
0.6074860981324393
0.5378712913997121
0.6472332447129409
0.6130390909809754
0.6165109216217465
0.5948131036634821
0.5603479925737674
0.582190465192917
0.5287627036267021
0.6012784113166936
0.5356037020354213
0.5903585461190048
0.5879244411578128
0.49414012526571527
0.5871385597059192
0.640265102488847
0.6368706746505256
0.537068035616079
0.5400247232448101
0.5189191007932412
0.5706792452223622
0.5128190087489719
0.5993949800600293
0.5836656130509544
