0.6345001865881981
0.5777087700380683
0.6064872934632068
0.5938782717666382
0.5851917075053372
0.5551523727035136
0.5296947747707087
0.6026767663992582
0.6205740972375857
0.6204409171354986
0.5577548790071359
0.5622822370973228
0.6080087726263996
0.5972535950000396
0.6409296373196471
0.6138876232913341
0.5726275866441136
0.5776532614759944
0.5380068785130213
0.6313649218493327
0.5726207707903143
0.6252439684749688
0.5789659961870361
0.594520869975676
0.5672209264946357
0.6138206402578504
0.6670997337118112
0.5571759951482527
0.5985998451140442
0.506210169936265
0.5525072395289179
0.5985477541848251
0.7344171790176695
0.6810936539194989
0.5918725690557183
0.6160926434987044
0.5835856200980578
0.6682189859903804
0.5735390897748613
0.5882231867757624
0.5850654026187639
0.5663917268542579
0.5709537226079868
0.6175050389070661
0.6393320130048481
0.5778994583278527
0.6829337502443056
0.6407129968186007
0.60897245882873
0.5079448803949963
0.5714957364869241
0.6068608595120556
0.6117086647687777
0.5396380734015553
0.6878371206710949
0.5876153364206069
0.594173760933964
0.5746231682034464
0.5328229200424837
0.667578312988847
0.5603924076799234
0.6387569070562442
0.6091222044358875
0.5374168520482088
0.5147668574189284
0.6048635036923575
0.5884888971549341
0.6216754156239028
0.6667771811388465
0.6075764485342452
0.6188616207807929
0.6100414658639746
0.6355828931900666
0.566854266458954
0.5913839517441193
0.616369880800372
0.5708196603257562
0.6661984711029272
0.5334754265713398
0.6515196240318544
0.5178987186344085
0.6346851033456333
0.5224765080126597
0.6170343601268554
0.6570994920545168
0.5285371247528585
0.6285430985542668
0.5553746610500773
0.5704992664552088
0.5289933702265699
0.613468014105609
0.5963285632001604
0.6533206149212804
0.5149424661373977
0.6062281839192294
0.5945710318173024
0.5707352508636323
0.5202686003318595
0.5790302604809576
0.6963904400685799
0.637480835631744
0.6257257214845238
0.6044606958574342
0.6147123107123211
0.576217305183635
0.5626170434283423
0.6080926182648927
0.5930898381092347
0.618894989599814
0.6868833145282223
0.4992627243149188
0.6155785452224161
0.631703068014497
0.5987765616168503
0.6919355791978703
0.6624787035062936
0.6090573370629038
0.5503576821432301
0.5681612235241938
0.5545117412147252
0.637641967730457
0.5997591627480565
0.6060310227296775
0.5894277526564637
0.5642026895854358
0.637408818647145
0.51545432471115
0.6520873095473897
0.544184539018545
0.5934262962205229
0.615098147698094
0.5643909092433201
0.6059136403786418
0.5426548380804065
0.7199033864680056
0.6211397317517984
0.6747162363173297
0.5964700808720504
0.6146438829984128
0.6372666841601531
0.5775434380719705
0.6991533281530143
0.5592812286335974
0.5706127955475595
0.6104086610172241
0.586964933364138
0.531034173842732
0.5660968563680828
0.5985851711983351
0.6032235665955076
0.546783241665354
0.7132549530657076
0.5178846739532701
0.49339256917196
0.5750079184680756
0.5093348539682447
0.5387811043877492
0.5787955931797045
0.5349621216805178
0.5590625660228086
0.5753601000371067
0.5597255619729562
0.6008394079913695
0.5246592330624315
0.6089825347204638
0.6375714757968556
0.6553210254317074
0.5052569633953191
0.5692005041070942
0.6170044053022565
0.5640019775867802
0.541079385727987
0.5136268254471034
0.6512639114463246
0.5741844763185104
0.6467908934407985
0.6533929238848255
0.5053203590761712
0.5257581963127781
0.5133621263184395
0.6635168613579099
0.6041574859928018
0.6095520768405283
0.587858951619899
0.5950214800644916
0.6008927659952844
0.5144300175264853
0.6154083155667034
0.6002182424055045
0.5281615963774038
0.581773338180016
0.5770073086520006
0.6437486459674991
0.5525733324986013
0.5113209924863735
0.5866933308444578
0.6345266086655881
0.5921511943670982
0.5740328942585549
0.5015846808527656
0.5682156143795736
0.6154355301739168
0.6070449729536705
0.6245715081820726
0.5729995248296433
0.5592430583525058
0.5679955055841478
