0.3897786096297213
0.40495534087612234
0.40656415584117167
0.4182872509688271
0.42127598898645896
0.3814328638449654
0.4137250292766809
0.3981180139561745
0.4407225182901183
0.38482641827317515
0.3918190550943188
0.41137476178275656
0.3926137834384191
0.40595493299479185
0.4398991553612677
0.40506925475452266
0.41525851958510024
0.4158110013185549
0.46310849581425995
0.39865615822859973
0.44068295757071785
0.39672086025978487
0.3894066417706078
0.39931089861624397
0.41105058929085203
0.44041028520811576
0.39469552696840104
0.41890767591393124
0.3778852819257868
0.4677661623415887
0.3863447124999916
0.42030046071415594
0.3901687179974724
0.3890678208121248
0.40738670093517115
0.40908982326978627
0.3981533562127446
0.4624984295688735
0.37974161930586103
0.4208455493474718
0.4601297427910027
0.4063513364051954
0.38538663120120875
0.408721985805309
0.39232806859744995
0.4080952857332534
0.4064656705207726
0.4054448157352099
0.3833710439889975
0.39316347945159286
0.39232456389797854
0.4558002601630887
0.4539038179290427
0.4730597776284821
0.4209617642406936
0.376352656969359
0.4127553867629995
0.4123595992470259
0.412189475533918
0.40479479656815653
0.3838597995813356
0.422730738210158
0.41308251662224715
0.3596203220423479
0.37037628074507717
0.46333329702480547
0.40543475184520433
0.4667400145061463
0.42179846753802186
0.41791989312478395
0.4325264547224616
0.3857298109617081
0.42708811092728566
0.4233143959877101
0.4036397778578248
0.4658476848462333
0.37695735157391086
0.39953309887981736
0.4198330020735034
0.42149258461496486
0.4046198002608234
0.4126345948190793
0.4054361446021215
0.3996362917732827
0.41268481406798213
0.39609420017348484
0.46568714741559375
0.387819540443122
0.4613873567620413
0.39900863431870276
0.4201969620294154
0.42936503665951664
0.4062863043075951
0.4201208848579993
0.38874567528760096
0.41300553944315144
0.43827756641909904
0.40741513993448264
0.4057293851458313
0.3919864322488649
0.42010731794134104
0.46364233750902994
0.41650522364353276
0.4086217019364787
0.4351959262289105
0.43875404881789154
0.39222384091022566
0.41532372099592
0.4256557884601221
0.38892985881019193
0.3783105572010714
0.4078270567423988
0.41593773528874917
0.40030321558114784
0.38594313057393376
0.4337527124272547
0.43145222840902486
0.410514779019355
0.41472761888784854
0.3980109884136269
0.4037356542467583
0.39253536516563103
0.4109556316796446
0.38750569208172014
0.40663228400115564
0.3998596301605686
0.4104178111850305
0.44339022825628005
0.39957040760881235
0.3736502346225511
0.4043606843546107
0.39099008781195504
0.3838191216148051
0.47523778099573233
0.43665951233101713
0.37782120236527544
0.3969704174009784
0.39655624527600414
0.3808650803651162
0.4131945709055461
0.38974582515590633
0.4668971856154445
0.42087266430463627
0.3995225375
0.4303946308506101
0.4087267600016358
0.3965471937499983
0.4497348000694528
0.3868118928346352
0.3965635374614317
0.393755499605837
0.3849665814293344
0.40925088043875807
0.4144206514370797
0.4311374443332914
0.40148388124995127
0.3916467653575982
0.4602208532637448
0.3870412016746411
0.4164199020682406
0.40593606667566556
0.42090479830491095
0.43465540973497796
0.41098817389620257
0.4020873499999927
0.39419185776403803
0.41457446615773796
0.40941608289737913
0.3899459112122214
0.4118699760745496
0.43161217261191837
0.417397482521733
0.3859946756487845
0.40378408903526125
0.3936507909771197
0.42966324298002423
0.40367868749999275
0.400794514450098
0.44034602066550094
0.398088662276632
0.38205467856605735
0.384405670819337
0.398846981115708
0.3652928313645277
0.40824279047716355
0.3970823351054573
0.3915649162457537
0.3808173839320534
0.3817346645670778
0.404515629375142
0.40921203124956046
0.375357497226307
0.4293175655957378
0.39193220882821866
0.4300620425391797
0.4578114115163474
0.3993230817150255
0.4068946513128075
0.42174708910524483
0.4627296430320895
0.4191683956126437
0.38572833749999214
0.4222933032403251
0.4045410612914313
0.36077761317646634
0.39899167101066474
0.40111736430452316
0.4655807118788068
0.4142181124729833
0.4009705995052507
0.40742819144405107
0.4044574288412686
0.37301324498777594
0.3916140464452636
0.38903467741534775
0.4169031651029679
0.41255100104816256
0.38823023954060015
0.39862448859927163
0.4061080013003007
0.38576562347978605
0.460676124737358
0.42736921789631527
0.40557360370063306
0.4094197649166841
0.40115285250017657
0.4160129758084595
0.38122415848255475
0.4140626307752107
0.4067293435747977
0.41160566753135647
0.37738624228154116
0.38824800768436685
0.42426878241381716
0.4235152443889099
0.41814658658588055
0.37434256903371366
0.4470712205562202
0.39992614749878364
0.41216718816177605
0.4146308980997171
0.38254448945922387
0.41842871780136603
