0.4749957602569615
0.44796147724478125
0.45690503908271063
0.4713797845980693
0.4606112582206077
0.4261856208283583
0.4978772815973983
0.49096116811418034
0.48581467569918807
0.46029598360106216
0.46262165591973314
0.468398287152265
0.42964869041162257
0.4626101623501053
0.44133247750326077
0.4591604900917938
0.4709767357917175
0.38445868249533816
0.4701796950847914
0.5042436725072101
0.4961496768922589
0.46257207320503246
0.44698630946942786
0.43219992283476716
0.44837571994516273
0.4206818459341226
0.4748061129335439
0.4722410809483769
