0.5142779472766861
0.4517576184643594
0.49442670911158926
0.5049927002378394
0.5102822255510228
0.4979569097132853
0.5413688516969585
0.540609100954219
0.49841788822162814
0.5177997154213004
0.4819886515541434
0.4847853094940484
0.4911854898660959
0.5348645131899596
0.4764043714404452
0.4880843136549436
0.4745133399999879
0.5013362695889858
0.5025665691176784
0.4724903713734531
0.5063321977924153
0.48403893466172576
0.4556776718108354
0.542478198087125
0.46209881289494525
0.4693527993782194
0.5018236483928191
0.4785498762175336
0.5091122123012866
0.4460100898882759
0.4974871187598717
0.6071398838381042
0.4757465364358155
0.501968327946726
0.48385609806692464
0.4913986332740768
0.49072472259116545
0.5930379161062027
0.49369811867573477
0.4570232109988325
0.46749901663287513
0.49499471382268156
0.5447432881236276
0.6023865275008622
0.5387882632346398
0.5162154043111924
0.5334885507506859
0.5178496477007959
0.5072912700691331
0.5092662466243516
0.4921009474117153
0.4980625683422995
0.4304021159491809
0.5132837243445563
0.4776528999999874
0.49683517584333675
0.4554473355413484
0.49926929722054225
0.6031506594446953
0.4871715069129479
0.4947161748282122
0.4858535575485876
0.46959747851534767
0.4931366902533978
0.43469474610701003
0.5081371083450399
0.47032725999998876
0.5038994607156226
0.5880348418395284
0.460211419152492
0.49074708975210646
0.4948254032348357
0.5102622811056332
0.48969689829078217
0.4999500145488087
0.5072143205584696
0.46608800852367194
0.5986526959216076
0.5024061165290319
0.48246823999998734
0.5063939340544565
0.5317191268743644
0.5034818233825072
0.4925111010486996
0.450395496925904
0.5340167954688934
0.4732825422052726
0.5042115807139828
0.5097492102918207
0.5271119169062783
0.5139622770139385
0.481219987870662
0.608107212789322
0.5125824526090889
0.6090348574610017
0.5986008375126554
0.5054973300822295
0.5169738135514923
0.46083750521450084
0.5314383738097139
0.5199096282476261
0.5146530996342074
0.5186092648686162
0.5085905772427455
0.5846933271009369
0.5463397310057396
0.5452421791843176
0.5161790551909979
0.4401394533198227
0.48776271408389105
0.47128456032691557
0.45431449013009884
0.46669623299622137
0.551601051432335
0.4333551766513171
0.45489475539765045
0.48320734334456583
0.5126322173248385
0.5189102308048253
0.5993903994586665
0.5534682572296866
0.49295348811678125
0.5042488681361561
0.48757855165356795
0.5277724906866816
0.5086061229556832
0.5207888092422553
0.5508748827954002
0.48170856176865795
0.5187168382810822
0.5067623988251216
0.4730680444558839
0.5751741677772564
0.4938355740250078
0.49406308656412223
0.5130395629331378
0.4981691178455366
0.5110042215480732
0.4776528999999879
0.5349599916729153
0.5449386586976059
0.5067392525514398
0.45642154780430855
0.5050779872283236
0.4900085984636968
0.5257753803270746
0.4957641635830196
0.4541753532158703
0.4573108802618347
0.5386335965623363
0.5526418595908601
0.4842308499999218
0.5162129912944611
0.5848268468432468
0.4929995494563645
0.5324568304132931
0.46556642718916125
0.47213384537820935
0.5019288623246985
0.4949565492588269
0.5190164212748164
0.4595344891329207
0.5318100356386821
0.4904770086742205
0.4927292880867183
0.48085844680527134
0.49847032903018934
0.5015870443507413
0.5752718096575059
0.5899871849449662
0.5784679153494618
0.5347447421365036
0.5013818021916052
0.49261001749864225
0.4868823340516117
0.4984871453017322
0.45567293696609956
0.5391855865981732
0.492744224483827
0.4953482676882953
0.5159650671572666
0.5028784580399395
0.4976854760910226
0.5105952342706865
0.5335718485794172
0.47126505899457133
0.4903253950294885
0.5076379801461904
0.5287062684655632
0.5040150281877107
0.5173277413249682
0.5253548628074143
0.49746033919682603
0.4304728025852109
0.45997375861358486
0.5163429858827006
0.4942100231052078
0.45624145623179824
0.5335038130083425
0.5032657730765686
0.586231745818537
0.4763357625275759
0.46638656529261446
0.5213807187605471
0.48137465373961225
0.5227251798652814
0.4769810277507849
0.6042195986736383
0.5093542512046539
0.5041158844408616
0.5931356860491618
0.5195242712517054
0.5487117176111109
0.4882904065996019
0.4953776641224279
0.49142901089286944
0.43034479698634803
0.49805046052082164
0.5278741633883189
0.5188701854511776
0.48082339174565847
0.4907157892548433
0.4600883840017845
0.513831385982833
0.4950836723988088
0.5384210327583359
0.5191156861190479
0.4953984175601307
0.5313844000414851
0.6103929073353188
0.48313615040573826
0.5019340257352949
0.4836125197374685
0.5950742162047584
0.5785135522996177
0.5366397133932953
0.6082759447908728
0.5052259521185117
0.478329074180765
0.5163684568415448
0.4623934900240501
0.5138336148616113
0.49014016380355774
