0.5307685522332657
0.4715344316396692
0.5161642594461248
0.5359979640842716
0.4707696239364992
0.5343775903798995
0.5137909767335338
0.5551240215388836
0.5660628405378728
0.5335243263355655
0.5494344915286007
0.4859678797185104
0.5075124108648623
0.4903751012992452
0.4854335866072589
0.4903331582083307
0.48880729830503494
0.5323905008549461
0.5181823036825386
0.5012170206503813
0.5280060863588867
0.4980697497436367
0.4718125106390764
0.49474002343444523
0.5411273579304872
0.4918423360370931
0.6170890751416614
0.5237134915033066
0.45479024095028764
0.5082947486231583
0.6302841194993994
0.5021132395922202
0.5411345584341446
0.4870359598733471
0.5018040885150767
0.5058848134062182
0.6170143485052942
0.48376630861840536
0.47973980805391603
0.520017357721238
0.554262440787701
0.5348715419290833
0.6215531235655251
0.5553660102397077
0.5354814873596159
0.5569286192083553
0.5324176571567927
0.5346071986532324
0.5377937700916716
0.5234535681614766
0.5326008045956951
0.49299272310364795
0.44015502855324984
0.52239603865204
0.4860727384508962
0.5084081169429949
0.47571705510179835
0.53451956228591
0.4969277314096778
0.6260033541611681
0.4975208553784135
0.5168112208979627
0.5169353516502925
0.4766608324747892
0.516627353012444
0.4482094500641351
0.5363794398799826
0.49652841841265827
0.4858746104654389
0.5243370068005307
0.6212875165841208
0.48377200697397127
0.5225586592834538
0.5227118267683687
0.5049320297013278
0.5100970553788633
0.5343929158104006
0.4822861805618995
0.6215118661990299
0.5207212219707475
0.497040564566101
0.5296899198777187
0.5572362521929078
0.5253612346494679
0.521815464265731
0.4569388033021892
0.5473052974182724
0.5009124747039485
0.5237814987150821
0.5437626199822417
0.5375732323032403
0.5424662410831139
0.470171140615565
0.5132342965521007
0.5092151718847223
0.6283746509379885
0.5192192276767188
0.543692038888429
0.6312911371406732
0.5355190247155062
0.6217644903199991
0.526259638612654
0.546781613201774
0.5477711592039242
0.5517166840751018
0.5352984211958238
0.5368934601677976
0.6161884648375758
0.5686391910772564
0.5465196149888937
0.4494965368641416
0.5007432678035935
0.49915180937570164
0.484696620757611
0.48112407937961194
0.5688370801825386
0.44041484751476095
0.5216370629929317
0.4856222340308845
0.4968232059003437
0.5383986989086712
0.5268573737395523
0.6213820453559397
0.5696198792757742
0.5227260243215176
0.5307764381430058
0.5143968114932538
0.5438415600759138
0.5255019147261754
0.5278406830655121
0.4955131576014613
0.5191038009074838
0.534331350154463
0.515740112135926
0.503141844299498
0.4943340080096211
0.5188679573459885
0.5451573980463459
0.5212416211716326
0.5344485838634234
0.48881265417070546
0.551797296297288
0.5540094232467969
0.5685231057922745
0.5256775501954183
0.4844011413426895
0.5413755645496032
0.5181482324410573
0.5543526696660385
0.5187267843401256
0.48481542641071523
0.48426276164639365
0.5690000551143675
0.49410042485537886
0.531662141482261
0.5163711449753897
0.4864341015069262
0.4822843855041838
0.5227611666294891
0.5509446061307565
0.5049019439640892
0.5441367141135455
0.49424590131371515
0.5096411349489735
0.4811494903456778
0.520055814878625
0.5179255534650088
0.6094253372049532
0.5178063979831259
0.5677746840628215
0.6171332918497783
0.6137162043546678
0.5443519279356126
0.5190293595485526
0.51527286557817
0.5185019610801732
0.5326469605900401
0.47520401009744584
0.5497953703459904
0.5180353655685133
0.5178877364741576
0.5315856516470183
0.5392840802880232
0.5581909394660504
0.5294553397286186
0.5345058092651901
0.48448236215452145
0.5169536806636275
0.5344770825751752
0.5372705356342009
0.5152867626901169
0.5337303426982958
0.5393547454262966
0.5103855612190781
0.43668387498108174
0.48889713305887833
0.5576669219117021
0.5287568318515059
0.5232057980448039
0.6186216116135643
0.4814036693956434
0.5358510022919165
0.5117229707323101
0.5366580676615195
0.542557979862873
0.4984610604058463
0.6309415288737688
0.5442018127640406
0.5407993511666931
0.5314250037150818
0.5652241783695431
0.521014749030583
0.5085981368847747
0.5186289791227505
0.44008804059325185
0.5259113017971699
0.5404097022023013
0.5058995754603571
0.48995654996707627
0.5520953339671466
0.5244485959223674
0.5549404964341575
0.5431237861701613
0.5346802017240063
0.5199869690527927
0.5470839155822818
0.6310547041742728
0.4964391142730461
0.5305095619403694
0.5276290687977917
0.4914387402668514
0.6216169741817805
0.6097720030069376
0.5339613007166825
0.5569028668786464
0.6270518535419102
0.5409653367916601
0.5064488781202858
0.5002479735950182
0.5436765010877078
0.47144411933174085
0.5223337239200505
0.52151572668016
