0.5063128379380495
0.5659295058087949
0.4473609575136033
0.4642793626902172
0.5434275907144595
0.66723944087395
0.5340629293310937
0.5783001995474072
0.46694321495218094
0.5769675660739862
0.5323587396197654
0.5017703897204258
0.5340597395833026
0.6139855613262402
0.5224085501340723
0.6757536660832326
0.5172386442113834
0.5287591206006496
0.7996615530107422
0.5377295628141892
0.4684671089616748
0.5939899392331476
0.6975331211629745
0.6619076776396425
0.536394101433111
0.6475987960175501
0.6132479570211983
0.7848296965651081
0.642633625592698
0.6212906814023541
0.5874006094361887
0.6998177665112173
0.5942971434434644
0.8025826547998909
0.6851817159049606
0.5920473215051993
0.7294303031543192
0.6396564625613366
0.5721220640790872
0.6621583260773971
0.5647433026068354
0.7812011120542752
0.6751431556384865
0.604340908760128
0.5411870113552988
0.52223165717365
0.568711594945827
0.4700724221600496
0.49283677968080797
0.6426957417191864
0.5743069465679992
0.5423236164959795
0.4773945402526572
0.6173686035804576
0.5447543283328977
0.5571513271973662
0.5118214760489191
0.5331396157264665
0.5415930107514537
0.6544231072140357
0.7267669452421777
0.5024833883955382
0.5439344779415392
0.7288740079153279
0.5540145305008704
0.4673883163214934
0.602158555056501
0.6934744411446632
0.6620157085095402
0.5346212588690729
0.6531739364454624
0.6400545582360776
0.782651860921766
0.6270701360218063
0.6386845501505558
0.5760841829685566
0.6928245325312382
0.5940528155221044
0.7764085697742273
0.6871298109570949
0.5891531180185139
0.7318719531413204
0.6377087236381068
0.5591075445601942
0.6973789591211373
0.5744411472026447
0.6475157629214106
0.6750455155116417
0.6344771157738308
0.5407068909586559
0.48966436969685806
0.4494274639706224
0.5458195723167932
0.583378807581864
0.5580956911854228
0.5657076177825014
0.4673378080547351
0.5803849995745668
0.543512518573921
0.6640001268548442
0.5172253269796456
0.5349743080914336
0.5968255136548831
0.5289614517578736
0.6774194889888075
0.7460812226685115
0.5401988211202764
0.8184355611561948
0.532461897888237
0.47127589696922817
0.5747999750562482
0.536513091536605
0.6611226779001924
0.6118262308391513
0.8073789029811523
0.6453422349264036
0.5864463874178861
0.6912917619776872
0.5866714323463305
0.7961702963080911
0.6766280872872087
0.5866651080148755
0.7446107536900715
0.6303006825009971
0.5745331385381357
0.6655270471250392
0.5673874975856814
0.7898234665925972
0.6811587270332267
0.6008507809300532
0.5412947196307465
0.6061487899050061
0.6609446005578532
0.5296828381113605
0.5692206680598252
0.6781014763796014
0.6699954185956507
0.5166264853159589
0.6095742830975976
0.6373064493398891
0.5577484472008287
0.5839068554886386
0.5974899576805978
0.6855543906120146
0.7189162381821739
0.5499874739309101
0.6035865384584203
0.7632593178464481
0.5911975668320242
0.5104491646642249
0.6150722634009014
0.767668182392613
0.6762849687391315
0.5847619690064844
0.687226932916981
0.6779068443470646
0.6724052752220304
0.7240275713470802
0.6173030443172915
0.7270115401820041
0.632901826650901
0.7362528822195071
0.6375939410897675
0.720090724212853
0.6696940656727519
0.6008153847952884
0.714521481089935
0.5998475626980011
0.7549766907096753
0.7128290840331909
0.6430843380480971
0.6152241647290264
0.5532919422465311
0.610646418061181
0.5518027291333987
0.5407220270431023
0.6568606858353989
0.7553792724739951
0.6496108576100079
0.6142278873498022
0.5395935824679625
0.6505506368165616
0.5527420276763455
0.6328803160031514
0.5656285216130696
0.6738199666428171
0.594905447543112
0.7019492345416076
0.7584012515057303
0.6491306238611545
0.7815387618004288
0.5856017592398174
0.5025029112837512
0.6693656326469494
0.7590799231308787
0.5593851173859521
0.6992305429110355
0.8419000924890233
0.6780410176296118
0.6876706728404418
0.6039807918951104
0.7297535777316486
0.6381272915224792
0.802959631862189
0.7267960204807898
0.6337563021207856
0.754157701854262
0.6819735337227097
0.5781485398128864
0.7219534419573873
0.5960797995902133
0.7388469871858175
0.706583486281752
0.670714903091963
0.6147298958882946
0.6632611560106524
0.5372084419975311
0.5638957371783897
0.5596501657453801
0.6400585998938061
0.6280393281754824
0.5527445845591743
0.5362931215900908
0.5841706616762072
0.6491912200813811
0.548376644000368
0.5946934201122512
0.6577604652297124
0.5964390025608942
0.6865754406045304
0.7518508301489928
0.5915638615170432
0.5372299072964126
0.6893548938617335
0.5974350883693389
0.6690830758263505
0.6546513596143735
0.8309338198727826
0.6816997143695402
0.7048111580139661
0.6095178827075463
0.7463199855880737
0.6266430102366936
0.8177847830724159
0.7401096795963655
0.6193466743977092
0.720190975786329
0.6588364876254593
0.5936051797159617
0.7294591690377376
0.6011861630849801
0.7713384922931874
0.7012278776496279
0.6406206292308217
0.6387205131474016
0.5305290915233281
0.5554270171749525
0.6285194676918694
0.7496405167576874
0.6244930987895377
0.619042076642815
0.5334149943492958
0.6523062318133694
0.5282670299503278
0.616803932730301
0.5732015606468083
0.5436890405607562
0.6828774305793177
0.6280849390872149
0.6961452549843975
0.7351501497071842
0.7648436202384954
0.5934532449098854
0.5316834174340983
0.6572310278836188
0.7573942956642383
0.6951507094395815
0.5790762748781452
0.6768212317110913
0.7034957507642772
0.8452954865638546
0.6920887058996773
0.684500664138168
0.6065544403581742
0.7339026861925932
0.6439406104156398
0.8313940628015695
0.7403593338629909
0.6539904922103257
0.7675214785659782
0.6806360624001906
0.7175978337191933
0.6040703853557607
0.7508031754751195
0.7166073501484077
0.6781591399525774
