0.14814723616573666
0.16077265946233885
0.16014738326177186
0.14736323881446783
0.1627724086199205
0.15772836345870786
0.15893171919512672
0.15461819371300012
0.14535394965269022
0.1573858914414103
0.16626462413810766
0.15055067484277734
0.15928500502291276
0.17395617381841477
0.15380880046072665
0.1617169212610135
0.14313718943326137
0.15687692945912546
0.1533684074426617
0.15866373768295092
0.15555529841818955
0.14634505304064815
0.17064395530215917
0.17584856651354536
0.15281849109796034
0.1499412995324505
0.1401842433108779
0.15508509975429843
0.15138971228138798
0.15665177561410454
0.16144498235151802
0.15957426465263488
0.1608047631947392
0.15259712848403362
0.16256555859550623
0.1577285157427939
0.15847971717694753
0.15584943261431491
0.14664592194046014
0.15329911440796035
0.1682512967005991
0.15139510753304705
0.14460068527609737
0.17141060823026136
0.14921395249226885
0.16917565452308853
0.15397611376911405
0.15971240197991488
0.1476255950926832
0.15995941415851314
0.15609794382328226
0.15648040118551929
0.1484784661430393
0.17059820063856493
0.1755971411942105
0.14786428862053236
0.1445205289095686
0.14010015653510008
0.15438876122436682
0.15185446499453603
0.15772549786943632
0.1610704502397156
0.16027329689206526
0.15016550752255067
0.14847801314726605
0.15797383494148198
0.15720254375585987
0.1576684761896607
0.15198641037865318
0.14461888438886705
0.150891074359067
0.15948182680800946
0.15501673027442664
0.15721858530431887
0.14374700435417873
0.16291827182348878
0.15059271837144397
0.15909087290402898
0.17276032369342287
0.15498773646751474
0.15240542838102208
0.142336535486075
0.16074026829671248
0.1546737418882726
0.15610175662066744
0.15747883889052283
0.14838045169867148
0.17053395891810827
0.17519112416614696
0.14693558701716425
0.15554934691711322
0.13772901573424162
0.15207872770818193
0.1505347560039493
0.15669370058588372
0.16113543728405755
0.15938592893945708
0.16515073190508264
0.1652716124767936
0.1570702572740498
0.1472966588727381
0.14572063337791866
0.15316557118918744
0.15251616796753664
0.15801562466677405
0.158309159898706
0.1508982378888582
0.16067842668118382
0.1686397784935233
0.15568781712921537
0.1520744405021224
0.1431722708095301
0.16042341216408124
0.15745730548212453
0.1591647644033288
0.15362785046718744
0.14539887648284675
0.17610084847875399
0.14829987859281152
0.147497360619267
0.135300171446685
0.15583585715092269
0.1625213079112327
0.16369241451175143
0.16116775735493474
0.1457027289063092
0.14894060679156768
0.16487944966814932
0.16002601400352245
0.15553969640469695
0.15799114805889172
0.1489581156628214
0.15943138368100512
0.15717427055159874
0.15402103366709957
0.16061826553254083
0.14701812369960437
0.17035428540400105
0.15409497590819413
0.1638044088427299
0.17297603015402682
0.15476887403754294
0.15890866861515918
0.14656307246726785
0.15725848183302363
0.15623854688861244
0.1644253945414004
0.14579686972696998
0.18034990953945904
0.17883653968738933
0.14968695494586737
0.14955103142685786
0.14341313632766592
0.1550404500894545
0.15726481595217195
0.16333158027654654
0.16517581272402637
0.16407847525654032
0.1532098504072126
0.1502236620743627
0.15907899310756593
0.16061056190180908
0.156639941671769
0.16635108626222925
0.1482898531684206
0.15218570583901725
0.15141716948713912
0.15818657301147906
0.15238168409039687
0.14795694046807656
0.16382718616166742
0.15649267808908968
0.15882306193078194
0.1704306465156781
0.15396584581855005
0.16239968745495154
0.14929369006236257
0.16636474381525454
0.159750141115767
0.15398662469883545
0.17638322304350462
0.15332109829372043
0.14878999679085766
0.1427390476278036
0.15897186522597861
0.15201671723584076
0.1627384006918464
0.1626403624242601
0.16528060721516094
0.14595318285655434
0.1511395579934915
0.16291270369470126
0.16341303616288294
0.15713624897340817
0.15399170379126187
0.1507352877260732
0.1577495846296419
0.15745895162258253
0.15404410120446793
0.1463986056736995
0.17414998854644542
0.1743145269913
0.17121573051148253
0.15927581066084018
0.1432288654133192
0.16056551802467775
0.16003067149159764
0.1431810462962445
0.17429890267812273
0.1770040860600774
0.15027942646579806
0.15041934222190964
0.14569660084868935
0.15648185470841208
0.15558850031889565
0.1544222288388251
0.15944198445981822
0.16217447385877704
0.1611333790254223
0.17296070393561955
0.15976245414562731
0.15727928541511033
0.16006365183101806
0.1571075834995333
0.1681234052095411
0.15702183327169505
0.1573829721486676
0.16404980639053007
0.15942252184186975
0.1649879124410476
0.17007160685311812
0.15774458920593898
0.16211358271468634
0.15084282396157256
0.16114771160495125
0.1580606147246248
0.15893378496231736
0.16770809154209743
0.15057465974434625
0.17411826736574104
0.1763897010937352
0.15442060648905157
0.1642291029338866
