1.0191564450492254
0.9770725361572716
0.9769320245866091
1.051193489535782
0.9502504267884473
0.9575488376879427
1.0233139581201367
1.0919050298165611
1.015824351531363
1.0443072941065141
0.9994952571539093
1.1423042490732656
0.91662318257913
0.9784173530812688
0.9301270256795825
0.9814641581673185
1.018710716057277
1.0301139764286098
0.9623050703285194
0.9144115954059595
0.9444016616888148
1.1217279908325133
1.001771925865692
1.0440230852861327
0.9718808312772289
0.9025273633782227
1.1611056455503193
1.0791300284907144
1.0319616958573785
0.8896401067624135
0.9898721073346335
1.0612135613399079
1.1462121686176627
1.0127059658932578
1.0538021840707164
1.0056235158580336
1.0933325331656407
1.073271255645372
0.9798213951813467
1.0604331823558995
1.0822279560765902
1.0263969187784332
1.0702104220645257
1.0282467003121263
1.0059692451563524
0.8837361969842339
0.9912544576448407
0.9990447958027473
0.9535448284203702
1.0204275146990245
0.9524834886490614
0.9011024472078977
0.9378853863670646
1.119920450075278
1.0011023981760603
1.1003107313172806
1.0227490862993363
0.8820591225877891
0.9935987057802349
1.1648085155031214
0.9450974367894998
0.960231454077402
0.9712601580375175
0.9727703132186222
0.9952525688226419
0.9974642191428033
0.8928312031633263
1.1470270476264735
1.0408423822709552
1.0093920454545326
1.0378934475281585
1.107818865704003
0.9034639223166485
1.1031528373319486
1.076372620516659
1.0008815492034053
1.0096774685487409
0.9224257781111769
1.1772079245301943
1.1069425370744028
1.0088204808130827
1.0220273642423787
1.1652800322560917
1.0151594518629046
1.1238267846082266
1.0797299311175736
0.98595545247535
1.0512152620715476
1.0447102508474253
1.0567682150652598
1.0239325766256142
1.1446327625298016
1.0634474261756353
0.9044567904480322
0.9323606257696371
0.9191229950948729
1.0960424508164066
0.8916155686831639
1.050089760639962
0.9671358131433683
0.9367115174501853
1.0707563465457142
1.100203809545429
1.1029772975509657
1.0466628243734104
1.132491477520036
1.0329329696428515
1.1320391141060988
1.0178327037013282
1.0267686815434864
0.9684870157628931
0.9483987998514908
1.1158622949058596
1.143190192827275
0.9871511927138319
1.0110526778587845
0.9385232504912873
0.9722757443887651
1.1282575329868676
1.1024004084703565
1.0694623040387177
0.9770240249825204
1.0506050576749333
0.983065550909862
1.0338996976117554
0.9129580800586257
0.9977300366546135
1.0057727511798389
0.9755026368227881
1.0855621529909243
1.0688864795082627
1.1086872450563465
1.048115242251935
0.9982398220243627
1.0142533708465526
1.0105042761928373
1.090322661497381
1.011786034371867
1.0610218521799386
1.1677368920111886
1.0282040334960216
1.1407912211616877
1.0146603103077223
1.0982713464539335
1.0770945371239258
1.137385437353882
0.9994151131590555
1.001444729506031
1.0407795992524473
1.026646487103901
1.0587516628875293
1.0063707965426025
1.0174764629368902
1.0357353865496999
0.9495013190689304
1.0457703997234151
1.0224985048845059
1.0275932042047216
0.99011863196908
1.105076091404013
0.9753642694967738
1.0621644895649234
0.9942156611103591
0.9699102671405787
1.0780542966936286
0.9998393858861354
0.8474517786767354
1.0385338555424397
1.0509393038222337
1.1015689895284595
1.1800891563435763
0.9447851092518402
0.8721137430421583
1.038432078667866
1.0703497539833717
1.065404174484013
0.9135016780185252
1.0991255344201933
1.0144234442634934
1.0902026525602386
0.9685123634128342
1.0538945744006432
0.9356625453042061
1.032183771119351
0.8771537462483492
1.0499855017017177
1.0177877341796768
1.1725046715673926
1.0020649910482835
0.9930161426506916
1.0702061790477417
1.0545276434190514
0.9789842451806052
1.0460168195321085
1.010120491270258
1.019300695322785
1.0403090445948597
0.9284897591983301
1.1491672355732518
0.9871491947799316
1.0440389097934797
1.0824144085264518
1.1895052524127916
1.1591028100731215
1.0708664760850284
0.9666747037970165
1.155318000012855
