0.5218814162169175
0.47220199809616786
0.5354716706468634
0.4640807899593833
0.4965219093138954
0.5910469230988878
0.5712316155009921
0.46837356015407705
0.49304615457074646
0.6221215476017399
0.5210325769699307
0.446047099243041
0.7205145486897437
0.5590368531956674
0.6663633232922803
0.7152681929323377
0.5071637720785347
0.6373088336531535
0.6176867751421533
0.8099009310284898
0.6074937247672274
0.7306231025075667
0.6273798776717994
0.4743636301904872
0.47904752247809906
0.5961968932376212
0.6126680125348558
0.5270995033605627
0.46425139434325485
0.5853649239142377
0.6700747474046383
0.5075571667637341
0.5819632358815109
0.46153225542598875
0.6167573406586228
0.4498500646763959
0.47170873474107156
0.7735810300906488
0.4019315993017757
0.607147842027326
0.5291348708818443
