1.3739402208535743
1.289227327998895
1.3140314385527367
1.3234637284957214
1.242359470060995
1.2005318929139221
1.316717009509548
1.377998076573753
1.3137829931524834
1.3639756652263295
1.2888344039128445
1.2542669020205588
1.3063209441346184
1.2841110945598935
1.2468707108135857
1.170992133723197
1.3764152361341815
1.1580955079787068
1.2486198310752372
1.4316510753253597
1.2089257779717073
1.233792898753478
1.2889618444745463
1.285287771896341
1.3238108682148764
1.1547551317450575
1.2717503073787646
1.4014140654917842
