1.3531906771529423
1.2750498034740347
1.284279766621583
1.3355986547329097
1.2886259688934862
1.2056375387191567
1.312523391600173
1.3553328005974687
1.3002030663027702
1.2472428180476427
1.3262291043387027
1.3505027809899741
1.2122791967011863
1.2332580331863838
1.2720682792272189
1.2863466502036927
1.3085968415679676
1.1081113863890242
1.287042502357724
1.4053560890250847
1.3326233874479618
1.2690652439438779
1.3098448352789016
1.2139650884550142
1.2354940658272668
1.271547680294313
1.3545129317129891
1.316375745853247
