0.8681141998033512
0.8803726438433882
0.9518234922919848
0.9515137531314508
1.0025515174461503
0.9227412927148189
0.9992099385095223
0.8750807902136246
0.9747210456113231
0.9244822388082634
0.9302739767236763
0.9470348298786938
0.8744367682891968
0.9455932942936722
0.974372444289014
0.9405314595834345
0.9525521874840607
0.894427983072135
0.9278686380549166
0.9365708087689949
0.9680837395371311
0.9364361911865513
0.9296155933121254
0.9410339328264588
0.9449275570521243
0.9698395394192723
0.9366789185546573
0.8899920009543076
0.8601325135874474
1.0403758058820751
0.8656161519915442
0.8929304638309503
0.8728101136884168
0.9291001102137136
0.9938692664085143
0.9445731929015432
0.9334713801914345
1.0325047102422111
0.8628990065497366
0.9523302397500861
0.9863852245886854
0.940671616024741
0.9696160200244879
0.9484537383269492
0.868370954390155
0.9440701252856318
0.9444353909298923
0.9418946299586858
0.9223247124727514
0.8786769848440731
0.9356279521886905
0.9190745584285938
0.9829494355487982
1.0440679771415453
0.9537076060194205
0.9196357298369883
0.9503944356474058
0.9487476080701196
0.9524860624343028
0.9459647080887854
0.8636274205500242
1.007308869540334
0.9958262438453481
0.8447216227402612
0.8548948043620889
0.9249932492056897
0.9431080431378844
0.9964821874424803
1.007390230341097
0.9512830464758749
1.0145286264645366
0.8680898047657447
0.9000740939088663
0.9559418059501219
0.9433041277568156
1.0381420067272997
0.9207057232508298
0.9392970878930915
0.8925697823498193
0.955133898655427
0.9428282430771845
1.0007405872476685
0.9400707877288639
0.8769369721012608
0.9496794836510798
0.8820319590945199
0.9908664742961113
0.8645376009523896
1.032727067022293
0.9367676223916709
0.9551078177108383
0.9606618536165523
0.9923119566113421
0.8926553558754554
0.8669663327760828
0.9947313546314442
0.9712239306906854
0.9449975479816681
0.9410898196060267
0.8694300078886441
0.8944683770715194
0.9910653371146618
0.9509712835250637
0.9936952148586642
0.969166555796156
1.0205086486370025
0.9380521927281804
0.9970976864741554
0.9590876798461117
0.929073615235288
0.9199049915357347
0.9909596319711003
0.995150988497755
0.8739903286553944
0.9371654557844481
0.9665005764482731
0.9636834306460015
0.9472905937731048
0.8863235020944058
0.9348181816650287
0.9410117394968978
0.9787299196189425
0.9480454941961747
0.9306992466990838
0.987131167215241
0.9357920436406499
0.9455451140773758
0.9147554264228654
0.9869378794851081
0.96599983371574
0.8822313944939978
0.8750132157957824
0.8656288374544456
0.9985943833722534
0.9664364814766222
0.8620506305896704
0.9194825334157648
0.9339660367318039
0.9209037767634513
0.9475271022724066
0.9385469829219277
0.9948369399209269
1.000525591954037
0.93684983852459
0.9630220239492266
1.0005687552335156
0.938781007827323
1.0251973066220534
0.929507778416945
0.9376548025679319
0.874817915512334
0.9270075425182027
0.9922514506196631
0.9526076967052192
0.9638971604168165
0.9378054110077343
0.9291476025842014
0.9869937284940299
0.9259505201795615
0.9495100700152104
0.942458097455938
0.8947646092099664
1.011747932938197
0.9942504505778572
0.939102701739845
0.9319738968055213
0.8864316180268614
0.8899848831600086
0.8715679508784907
0.9919398010843588
1.0168281996279962
0.8916766082992655
0.8654359758009459
0.8810488369424947
0.932530977593456
0.9636422636068172
0.9880730615241577
0.9369233619102728
1.0168360870491182
0.8755471154468819
0.9208596884250636
0.8619440140483933
0.9427407520941846
0.911295744224749
0.9916612096676947
0.9352204286605962
0.870042208655069
0.9218857156702327
0.9256100587833487
0.9457938187826149
0.9922556184849904
0.8570847756794024
0.9625500296194472
0.870726968147655
0.9613288762595751
0.9813429336237243
0.9397195631085694
0.9425605621083015
0.9539206740614726
0.989275641277414
0.9531949712579517
0.8649243536697184
1.00215118935485
0.9871352204304453
0.8455403638785444
0.8786901185878911
0.8766721955067805
0.9943838934861473
0.9467002150684637
0.940281042979478
0.9926888637666252
0.9445250510969669
0.9654196697789555
0.874385796609825
0.8705676306279303
0.9546601181017916
0.9473761079862187
0.9725436038088272
0.93657171914388
0.8808389922771039
0.9252928915111014
0.9871094044052708
0.9571319167769452
0.9409275309108168
0.947411932920514
0.8760627265080634
0.9532220582355726
0.8616963954951886
0.9502544691296854
0.9900392647523968
0.9439898030222198
0.9276445911666226
0.9291341775386553
0.9577566772359103
1.0032913992082484
0.9519341480884606
0.9188122360260443
0.9131780325152286
0.8749803870782824
0.996926557722228
0.9936175771407725
0.862871251487516
0.998620026284404
