0.474521964633695
0.4469895989211224
0.4553965492594665
0.4688726503208091
0.5035193590393615
0.4379672109391679
0.4994053679709729
0.4822836022609057
0.47614633498939674
0.470061320503174
0.45022312849223733
0.4774335062611721
0.42151193117800406
0.4687118378950825
0.4323262557200873
0.4809255031906089
0.46508992840959906
0.413461325685745
0.458555097392179
0.5141322949656304
0.4957435319538304
0.4525631473758121
0.4410885004697972
0.4319117046035754
0.454433360242661
0.4157427402509164
0.4787192194378868
0.47043364488562167
