0.4230009739045947
0.36662854502583386
0.40996752992598695
0.407938396789994
0.38129357207891645
0.3650032586817957
0.3457982524261408
0.3754050146897638
0.3287850744941689
0.4241640414232438
0.35410875612228354
0.3732942461227656
0.3263887022018199
0.33255838259136594
0.4381410363303704
0.40154538934141637
0.4706349262108007
0.36290476557916673
0.4828353248484434
0.42786695972852123
0.4497603038636844
0.3723855926543654
0.3952000114903682
0.38691428211172607
0.4013778631085242
0.421549155324647
0.3367808074052985
0.4315665736900891
0.4316343207920485
0.34713376008993313
0.40216428627243117
0.4496863287374966
0.465777121930565
0.4205856006623634
0.3939463743065673
0.44231021431143036
0.3953213827431207
0.37450813179433706
0.4182149076274052
0.4220480720847316
0.3683373517577211
0.3369286745182597
0.4496991445817491
0.35966244830662564
0.5149718773366252
0.40013210057123083
0.3999737370445261
0.438224530774066
0.4687748646054589
0.3797226743352927
0.39789559336154473
0.3793885060138499
0.32557648179661564
0.435735266787446
0.42963464263415335
0.3769547054433178
0.3794190215736932
0.35580450631068095
0.40805717046841966
0.39505622520050865
0.39589371309674004
0.43730375833499396
0.3429805515039375
0.3940095904848856
0.4041400247587951
0.3891580487423203
0.38147425838724264
0.3804521071513629
0.383915921629354
0.3647240198318148
0.3745219164049774
0.3790659809625676
0.43812741468397054
0.40121521316168146
0.4463632566603437
0.44246095725936035
0.3704041387596582
0.4038561923724091
0.42678270272857466
0.4329901228924129
0.43736261389305386
0.3966977334809629
0.43786874745012216
0.401785093609086
0.39316602546201407
0.46510681702431217
0.3660273266164731
0.36318476479883577
0.4295745013484398
0.3801035271863801
0.4149451039019172
0.4334659483469637
0.37105994141969023
0.36693755613673285
0.3467954165976932
0.38813915876345906
0.45663167704987595
0.43310099125923096
0.3908177186990158
0.34555599659078917
0.3870068985580132
0.451055427264683
0.43857580660640016
0.4062730429019761
0.3952282057468426
0.38294304213635044
0.35416897195419883
0.325030387836996
0.3744321301230868
0.37787682394993083
0.3238321482622347
0.3969402694367755
0.3417523872072016
0.34317083279462424
0.4775936144370544
0.4457481757496545
0.3494928774766468
0.4254137781476228
0.4831128888742653
0.5250477898161494
0.3844360844331687
0.437594999803579
0.39837573844415897
0.442798626456408
0.37403534457005394
0.4206443278882406
0.3965293488358912
0.44856855799343853
0.40423212278801357
0.454957695318122
0.3378855835043025
0.4753183490162478
0.3927388144209913
0.42377423577806184
0.4095400337920278
0.5523710288407354
0.4623553926771687
0.34402059427508347
0.3862555523299822
0.37801685120347545
0.46701588096925983
0.4299761974868235
0.3910265650237956
0.38629053003863856
0.4096056931587112
0.46973290894019026
0.3306600329150269
0.37533823640316394
0.44354312255660877
0.3469793888564521
0.44448902794163414
0.38965053223521573
0.3781276778204349
0.43237667425696974
0.38755409034889365
0.3637997372978839
0.34851101802141926
0.40807319146882687
0.3947770295581271
0.36906141464690256
0.3994305477128195
0.3584206209025276
0.4067394185764837
0.41098734147928545
0.44723930494801245
0.3590382892012567
0.41349917142097103
0.39395086169801324
0.3866600385115718
0.41374034948027283
0.3779586182042429
0.38592441983791953
0.47307115506726305
0.46952950672180227
0.446224864627198
0.41363985801827574
0.3667208830535169
0.3965446915441539
0.4325381263722694
0.47082503016939026
0.43109889641782284
0.4034684919089786
0.41419477107679137
0.4304531408640295
0.4361799498479245
0.3392579293315027
0.33885403572337097
0.43613806474283745
0.4507548818820596
0.45086534788506716
0.3351018523827559
0.3315944618621499
0.39840276099828076
0.4287554680168271
0.4037453947934137
0.464931807370656
0.32808561138167713
0.4167073123180214
0.3780507620724989
0.38967275945978225
0.4211277899920594
0.3644689211748464
0.40437308976211644
0.416335291034698
0.3890431268469663
0.35489396456963457
0.35297340891438495
0.3358573288416905
0.40294727377225303
0.499609314371662
0.38051403107542797
0.4238254743356305
0.41705031873889054
0.3674039763734598
0.5066595910657365
0.4099331415071437
0.4642475790283752
0.44527256547481775
0.42421339957906623
0.43769152052611493
0.38208566537882294
0.38231933319602385
0.3592316960864683
0.3921731317245841
0.3763473709980486
0.49497759368468647
0.3858077190516319
0.4120907772487119
0.3780488161065444
0.41321613219344444
0.37905663301259424
0.40076962593666665
0.36528749359395957
0.31470084556733435
0.3617358463782189
0.3712869407593328
0.4062153369167214
0.4362233722030046
0.39581340873676363
0.3866773626038819
0.4148045369017598
0.4295038933272992
0.3780900766893448
0.37081350846255146
0.3904394394048073
0.4238725979324016
0.346532835436853
0.44360844721435244
0.39415736795687645
0.40360300165882557
0.3234699435745496
0.4398101137117973
0.40950171376956485
0.29704963156284936
0.3915272756574898
0.3674632770143679
0.351029368535005
0.3876513271713455
0.4037721116858512
0.417632117093494
0.3726938461133654
0.34816369295514804
0.37386602765350785
0.4127683166044327
0.3602804068674921
0.37011701376682865
0.3849947774972565
0.3722152210130709
0.3624244529058338
0.4021408061510535
0.36395635821661315
0.45082659086318355
0.4010671755914623
0.4039165138865485
0.40157041385564884
0.4099600178503684
0.49488407831360115
0.3777917740732843
0.3836476757174569
0.4439014913752468
0.33613789947727063
0.4340111781521153
0.45987975698896777
0.4780246188211393
0.3922754251891569
0.39527634790786104
0.3690788556437252
0.34404063421716585
0.3075151050083783
0.41138853270744885
0.40732718586412325
0.508036046098897
0.4329675927432217
0.35404945013562683
0.3438536626710115
0.35589741557570587
