0.49232965253229316
0.47122619060521653
0.4841426408340552
0.47419890466052095
0.4715447635102945
0.45188644706379666
0.42540563697010747
0.4777482194595074
0.4979406562844486
0.48921840647676174
0.45487346798597206
0.45712112768626656
0.48374942001197074
0.47170651508603223
0.49893020808313526
0.4831138264420084
0.4613104049271567
0.4667001695107599
0.4448656033567472
0.4939542466307264
0.4649832407054811
0.4965022596034998
0.4755508110752506
0.4694893226691663
0.451097050115812
0.48832927875433785
0.516388788037945
0.4407342182075553
0.46611730628264547
0.4125921250762056
0.4628452067533153
0.4908317751160107
0.6224087497857195
0.5309944497784168
0.47881964078499567
0.4841741920799777
0.46656815212216596
0.5147611955992797
0.4610469871982501
0.4629940671626174
0.4654950518998968
0.4645884447612034
0.46486302914452693
0.497427475101627
0.49951615769910274
0.4638133415196227
0.5492920235553708
0.5021337582921196
0.48654264571817085
0.4206906435208406
0.460178303165385
0.48770521943910206
0.47742537308133925
0.4393992771726224
0.5322675353489308
0.46650378960746625
0.4732455001531928
0.45644216216100586
0.43155495713716674
0.5142350849035604
0.4625651432529405
0.503887098194604
0.48749799274429617
0.42915448962752256
0.43183069015493003
0.49424620607270164
0.4688711680794452
0.4850234452994977
0.584342099366711
0.4818774196452848
0.4841369376446335
0.48190262077251017
0.494546809884316
0.4467603072545072
0.47227137749808445
0.4992692837986153
0.46778113359658363
0.5181444053611428
0.43403037873387573
0.5043136883340658
0.42360305661019837
0.499972659949061
0.4297076502003193
0.4810168762675841
0.5151981736161187
0.4280646832286785
0.49738892194380513
0.45559706969796204
0.45080782478662007
0.424399598915266
0.4821413841859088
0.47645725126693395
0.5092533027807302
0.41698444560836456
0.4724142699827608
0.47410660581617603
0.4614038280886783
0.4256433953479581
0.4562438852443661
0.6012060283104022
0.500059681310442
0.5043307427945061
0.47849607956617035
0.4829690896446104
0.4692106382997679
0.445890810967185
0.5038432116035129
0.46572869599613115
0.48460251356800355
0.5458009251875217
0.42201076640103186
0.5050361783736925
0.49303067908419773
0.4783920173172894
0.5355588568131767
0.511894530582478
0.49126824933867286
0.4355328903025901
0.4644102933545854
0.43913595547607764
0.5033893636891217
0.4964101778474347
0.48556673319356775
0.46635301834888254
0.4526844154196661
0.49611172412531923
0.4165333578132413
0.50567964534903
0.43630138086826353
0.4764551700985291
0.4916531113639545
0.4688793650815305
0.476615994869387
0.44348423908347334
0.6144500058262841
0.49059318561050713
0.5242289787297119
0.4824826591791257
0.48190794122761915
0.51077259173503
0.462466188300798
0.5485559521471326
0.4435944649083693
0.4527610770407659
0.522848400732217
0.4820261331139398
0.43322486576861874
0.4512765239153167
0.47839224737041136
0.47776993534005063
0.4595696157564783
0.5674706742773749
0.4156987529308501
0.4127370093534233
0.46731943769343715
0.4236926932291001
0.4397361076738149
0.46535997175140265
0.4399028481190504
0.4530021418887032
0.4589673225084151
0.4432432117622156
0.47875954246924035
0.4156016818720078
0.4896679719787894
0.5110193245073604
0.5118992961172492
0.4064729791271098
0.44879361981402544
0.500315994636971
0.45301446862164885
0.4311130046952696
0.42855442590641774
0.5038537327837683
0.4604258176777143
0.5111232420044124
0.5206063722860076
0.41101559252435443
0.425231881493389
0.4396443586127987
0.524435618413819
0.4856897031831666
0.4866794988120037
0.47154466000926754
0.4757880484845778
0.4761455964392759
0.42362431644582305
0.4785886292714584
0.4844825823946083
0.4314899484346024
0.4692609044848512
0.47144193414517527
0.4980889202120785
0.4465113303577054
0.4147406256643509
0.46587592433338043
0.5197436653592509
0.4640582296881746
0.4526900202652344
0.41484829051537
0.45278673788289475
0.4803240986846209
0.49377574231706894
0.49447201873330104
0.4672430916124834
0.4397658426772758
0.4495244983425085
