0.3263532100175357
0.32161417445833457
0.33000520270982786
0.3370256313506219
0.34086878129749504
0.34404052120852424
0.32501332520584314
0.3162980520134637
0.3504109701903979
0.31742192889180204
0.3297913288469767
0.3435858828562345
0.34068981300404744
0.3410982983505907
0.35038526331883074
0.33009027827542536
0.33498499263691855
0.3515652829808259
0.36972457700432115
0.32377097457600945
0.32644336073365743
0.3201409957840594
0.327024367751924
0.3430335976251249
0.36119949926801137
0.3216922548978539
0.3441676026616524
0.3314323594389476
0.34845960930749365
0.36293190962545463
0.3228885745663253
0.34432412986587235
0.335456078699848
0.33203018105012905
0.3026697019926312
0.31772402217044204
0.323683605251724
0.37096953940418553
0.3320923928595957
0.3403857645485418
0.3487013976039365
0.32980286474444254
0.33636162255550295
0.3245156754366887
0.34370422272089207
0.3288835020795493
0.3294884602488366
0.340863251941236
0.34072538261919294
0.3021209928788145
0.3301459650422394
0.3209885138276014
0.3664138313972441
0.3700156985536772
0.3769181617545033
0.3384207308455045
0.3096953775102912
0.3429750550608056
0.34637652266360397
0.3404302133623884
0.3260769961710569
0.30899167434383323
0.3470854447955498
0.34744718778350303
0.31471619354542785
0.29100534361275254
0.29932955413410534
0.37030500546620077
0.3397555629566346
0.377904589157005
0.3331462717675058
0.3370134978438719
0.31805742196015047
0.3387931908666022
0.32510999684843067
0.3601064669678162
0.34884014363673255
0.3308467709268684
0.36198603508228494
0.3123092230601406
0.33762546733940074
0.34435533536145496
0.337634010142554
0.32999064541999257
0.3293097637974224
0.3414421237426445
0.33009471561022063
0.34547368114228216
0.3310404583018647
0.3660838110546194
0.32550739781797955
0.37033039739523144
0.3484225408688397
0.35539010769324175
0.3234431112395656
0.3446659711802115
0.33736433017329404
0.32688400396018347
0.34957934746847197
0.3415766181243316
0.3300061749041922
0.3113123944072709
0.3297055030323629
0.365139084550014
0.33574124098538116
0.33796029684865936
0.3365031668643581
0.35853732932088256
0.3220886883287415
0.3403198076105255
0.34374576331183676
0.31891753642174436
0.334853193054474
0.3243755794853598
0.33895550448121675
0.3329560815485746
0.3332936915502574
0.31743063955129236
0.357680108856986
0.34427915402860126
0.34404006703048323
0.34149292551469557
0.3256060927492569
0.32855181195249705
0.3175716439780664
0.3422509520109686
0.31887232566702517
0.32534729639341375
0.3278386149328113
0.3447942792103167
0.3706365622904914
0.3217330357386191
0.303157582922276
0.3353604597704374
0.33861128219842584
0.3457772058606667
0.3094847127434365
0.35676431090538224
0.3597220465190937
0.33018414865500706
0.3252557348874026
0.32501514553469646
0.33187090416727205
0.33952620332605277
0.3180776530694515
0.3668985068631444
0.3325306532811345
0.3276806885894783
0.3328366874999811
0.3621414471365091
0.31781445706679157
0.337022944337515
0.3173192782784593
0.32752297234621675
0.34552766326109113
0.31376682611592044
0.33023116468789204
0.3254822212499894
0.3268399254767239
0.3330298515749641
0.3461525838025854
0.36367371945034954
0.38199526942725426
0.3191822950193448
0.33436644759354006
0.3415864112647639
0.35617572692312005
0.35306300083201714
0.325545933749971
0.3243513791253073
0.3510309838013477
0.34851347888537076
0.32540635263939033
0.3364467391428825
0.3248936108138585
0.3428375311717353
0.3260274016934746
0.3324045712072017
0.35395566555031643
0.33267341250000004
0.32789742394852217
0.3307232481174712
0.3146583662215827
0.3239890924274349
0.32341681491378393
0.313529656183433
0.3205021910803981
0.31366912051239904
0.3263099323436265
0.3253850605849414
0.3389506329598494
0.32391521431619186
0.330154344105565
0.3250053899999955
0.35551693050199906
0.3288154846630455
0.3374584308585108
0.3303183716510142
0.36181927827657295
0.3319466218728251
0.32315962718759816
0.35241244213493794
0.37529924994524116
0.33675585062643715
0.33339599999999536
0.3445601393811931
0.3110270574702654
0.34971612562737037
0.30619028240158186
0.3178214435679275
0.3436751757155079
0.37745576648234214
0.33363467846562744
0.3125827190632613
0.30920321333032885
0.3260370198939521
0.3024023698570355
0.32821897273002
0.33653121794526475
0.3466911473995078
0.32364100991542194
0.3119703214544569
0.3356926920251512
0.3175942782700092
0.37443969931983634
0.3535237332145329
0.341339902063164
0.3328082593334961
0.32141348005553216
0.33353996442910655
0.32391030006820776
0.33294760991211436
0.2977418611252032
0.32022595788258634
0.34998223690504066
0.3464229644508311
0.30802628677166927
0.34776595770711405
0.3616981270198494
0.316209042938862
0.34136809953088354
0.3309576084744461
0.32575654817247174
