0.30921588577783277
0.3183219245256734
0.32765937350470303
0.3346932305812963
0.3427655933918754
0.31258059830697926
0.3382350175660086
0.31421952837370476
0.348154390974071
0.3146167309639051
0.3188123130565913
0.33054573706965396
0.3109169900630515
0.3272938397968751
0.3476603732167607
0.3267624328527136
0.3328759917510602
0.324835320791133
0.353213817488556
0.32291457493715986
0.34813065454243075
0.32175339615587095
0.3173648650623647
0.32330741916974637
0.33035123357451124
0.3479670511248695
0.3205381961810406
0.3266933255483588
0.3020798891554721
0.37065969740495325
0.30715554749999496
0.32752899642849365
0.3094499507984835
0.31716157248727495
0.3344320205611027
0.3291747739618718
0.3226128937276468
0.36749905774132413
0.30319369158351667
0.3362282096084831
0.3597987256746017
0.32753168184311726
0.3212319787207253
0.32895407148318545
0.31074556115847
0.32857805143995206
0.3276002823124636
0.32698776944112595
0.31374350639339854
0.31124680767095575
0.3192386952618641
0.3488288760978533
0.35606317075742566
0.37383586657708934
0.33629793854441614
0.30953247418161545
0.33137411205779976
0.3311366395482156
0.3310345653203508
0.32659775794089396
0.3056645997488014
0.3436384429260948
0.33784950997334834
0.2911209132254088
0.29757448844704637
0.35334869821488335
0.3269817311071226
0.3637648887036878
0.34307908052281316
0.33447281587487043
0.34951587283347696
0.3068482398589971
0.3316015865563714
0.3377095175926261
0.32590474671469494
0.36950861090774
0.30989529094434654
0.3234407393278904
0.3272485212441021
0.33661643076897896
0.3264927601564941
0.3375807568914476
0.3269825667612729
0.3151304950639696
0.33133176844078926
0.3130052401040909
0.3631331684493563
0.30804044426587324
0.3668324140572248
0.3231260605912217
0.3358390572176493
0.34133990199571
0.3337717825845571
0.3274212509147996
0.30859612517256063
0.3378033236658909
0.34668741985145946
0.32816996396068965
0.3271585110874988
0.310540579349319
0.32741311076480467
0.361906282505418
0.33362401418611964
0.33517302116188724
0.3448384357373463
0.35325242929073497
0.31905518454613546
0.33919423259755205
0.3391143530760733
0.31707879528611516
0.31070721432064285
0.3346962340454393
0.3395626411732495
0.31553064934868874
0.31528675834436026
0.3439725074563529
0.342592217045415
0.33002974741161306
0.3241852913327091
0.3225274730481762
0.325962272548055
0.32552121909937864
0.33029425900778675
0.3162242952490321
0.3339793704006934
0.3236366580963412
0.32997156671101835
0.3413828569537681
0.32974224456528745
0.3141901407735307
0.31796513061276643
0.3099427726871731
0.3056401929688831
0.3688635485974394
0.34571658739861033
0.30204144141916534
0.31981009044058706
0.3216546271656025
0.31223992821906976
0.33163762254332774
0.31756837509354385
0.36385919136926675
0.3425235985827818
0.3234344025
0.3419576585103661
0.3352360560009815
0.321649196249999
0.3598408800416717
0.3158080157007811
0.32172130777280916
0.3116020197635022
0.31470082885760065
0.3355505282632549
0.3323732708622478
0.34240334659997484
0.3246112087499708
0.3187089392145589
0.3598533919582469
0.3159456010047847
0.33357282124094434
0.32728252000539937
0.3278915989829466
0.3507932458409868
0.3365929043377216
0.32497328999999564
0.32023599465842284
0.3240933996946428
0.32099836973842755
0.30931626672733287
0.33712198564472984
0.34896730356715105
0.32578720951303985
0.3069455253892707
0.31761917342115675
0.31991135458627185
0.34151882578801457
0.3322072124999957
0.3241975886700588
0.3542076123993006
0.31420191736597924
0.31295368713963445
0.30599212249160224
0.3230290686694248
0.3028965788187167
0.3349456742862982
0.3219702810632744
0.31028766974745225
0.31221131035923205
0.3127616787402467
0.32643025762508526
0.33552721874973634
0.30056321833578425
0.3413114193574427
0.3105080452969312
0.3417581055235078
0.3584077269098085
0.32331472902901537
0.3278576707876845
0.33676913346314696
0.36135866581925374
0.3352219173675862
0.30678572249999536
0.3433759819441951
0.3327246367748588
0.29181528790587985
0.3147437226063989
0.3160723300720756
0.36306930712728414
0.33225174748379
0.32430323970315045
0.3344569148664307
0.3263953373047612
0.31386958027463785
0.3103171478671582
0.3087695264492087
0.33386277906178075
0.33125148062889753
0.32293814372436014
0.32289557315956297
0.31901352078018047
0.31518025408787165
0.36012655484241485
0.34014241073778917
0.32706504222037985
0.3293727389500105
0.31611561947003075
0.33332866548507567
0.3040832150895329
0.3321584584651265
0.33403760614487865
0.33068428051881393
0.31015262536892474
0.3166696846106202
0.3382821494482903
0.344109146633346
0.33460883195152835
0.3083264214202282
0.3435914523337321
0.315379596469195
0.33730031289706564
0.3387785388598303
0.3048754136755344
0.34105723068081967
