0.47604775651838815
0.45462826558605945
0.4690536775108257
0.46123710685957947
0.45614172024788313
0.44544885604084183
0.41619508578166353
0.4698484401245905
0.48977550988612867
0.4798981581347024
0.4500110219680138
0.459183703187489
0.47094614624874165
0.46868538843551744
0.49412746312327804
0.47759563462439447
0.4343459622809518
0.4518597974167242
0.42457211992111205
0.47153728296875463
0.44786337880071914
0.4957576721960924
0.4466001876899499
0.45119972147258514
0.4363289852325086
0.4736137132049896
0.5085121293689432
0.43355393124999875
0.4580116576577624
0.4011463846259241
0.4446268964403774
0.43942111055705824
0.6299126756292632
0.5183561992816614
0.4577004669197574
0.47708073161365644
0.4561528870113363
0.5109080385904398
0.4517798038649168
0.4494585957425875
0.4605463838247795
0.4477236796260683
0.456377636879991
0.4869378845261993
0.4899755953807636
0.45224852510452834
0.5004604200899928
0.4894624279404411
0.4698630974815383
0.4131731417741157
0.43400659593723157
0.4667739879083318
0.46329486819621224
0.43241951919216637
0.5346565251929516
0.46246726103603764
0.44801812386576767
0.44009250499286423
0.4148676481917328
0.510629914960619
0.43683717062421423
0.4881284287631035
0.4530246200994599
0.42149162742997726
0.4282603826736773
0.47605022432244926
0.4453297659530969
0.4680614024304748
0.5874406656707556
0.46172170622699393
0.4800160985863574
0.47446557357779073
0.47552173043633295
0.43919654934102126
0.46209861620776194
0.47825991199142925
0.4601529931446062
0.5062490906372165
0.42794051384950005
0.5012093389828979
0.4214403621084801
0.4867888635511193
0.42166859576305316
0.46619322093251014
0.4989048364451536
0.40891546856899263
0.4985567620241264
0.4469690918291096
0.4399881611880041
0.41621313955144895
0.477884376671458
0.46415105290996794
0.49939566858179674
0.4070210552379942
0.4633335906281204
0.4620337290460356
0.45467284234030525
0.40611928383748397
0.44486865957173105
0.6018168408392074
0.49576381643049977
0.4842874504628705
0.47116067097567826
0.4785701090144795
0.4545738917179909
0.4353995873743707
0.4722430404755027
0.452517608017598
0.48173685390380205
0.5133304863639923
0.4193459857298909
0.4792085387032675
0.48886421210207365
0.46527037670972593
0.5202122155478812
0.49278644074474987
0.46640801691204437
0.43029569852344907
0.44361056468446447
0.4319551616684033
0.48733104335013866
0.48534618749988334
0.4736112239709856
0.4482041765276251
0.4482485124999581
0.492544466485513
0.4078968225867766
0.5007809410129866
0.42323753031827466
0.4468609334576522
0.4887414215600329
0.4525791308943384
0.4578171262455337
0.4162442006718218
0.6165724514216928
0.47960082913150803
0.5106293140859124
0.4597805905313088
0.4630149212276191
0.49767877456688836
0.4528850687499706
0.5282175304503156
0.4336192413840003
0.438642427544363
0.4766994935189227
0.45624728019689004
0.4280162332084046
0.4492584062499995
0.46506924423044327
0.470406293420245
0.40851499193126295
0.5186636950109619
0.411074642952796
0.4018235406154906
0.4547224361214016
0.422555576744832
0.42923217885177556
0.45406439402513776
0.42509719167525595
0.42633388790742166
0.4552516131576506
0.4343492312499424
0.4671607215390078
0.41419093331154716
0.46549478247239495
0.4978137562061781
0.49951160461535604
0.4006650772197528
0.4401351144519299
0.4679666295896411
0.4477902249998825
0.42386840149293414
0.41324134728964523
0.4850066074308146
0.43664413687615033
0.5074162066095292
0.5011312908645612
0.40139448263671396
0.41219199500837533
0.4331338636747625
0.5048196906154412
0.465447082905067
0.45408985657355194
0.4569075041939433
0.4632805177042829
0.46917720696559173
0.40150308106844235
0.4663070593914447
0.4601813177298235
0.42630121487032224
0.45426532672537834
0.4577997234757192
0.49568348810681534
0.4386326013552524
0.40490137286242905
0.4619700541366454
0.4697592900794294
0.4527848818193222
0.4422868237725569
0.41087669700887647
0.4320363416863813
0.47927833266914704
0.4786936148635524
0.4802950695412005
0.45267088236176295
0.43238082926217425
0.4383217071064738
