0.47293446130347255
0.5189893514915299
0.5211736247480216
0.4181822042784172
0.4832427081930294
0.471545486300323
0.4982240515944795
0.47580269638534844
0.4663140296461323
0.47363427803317765
0.5229310414437567
0.47042682369013206
0.4985889956777742
0.559374649772627
0.4799604106230435
0.4755003894954827
0.44160145037615567
0.49454732839212984
0.4913901978408128
0.49535930032564846
0.4513939626261913
0.4612018433932705
0.5655307510526232
0.5798937670566585
0.46844139031369186
0.447862456246272
0.4364290145166905
0.46635748614441297
0.4738115281401908
0.4943936608926515
0.5206656701356004
0.5217304345796536
0.4467408463100263
0.41984886655024917
0.48213622493389446
0.47097313197254786
0.4977258619985337
0.47497211456766136
0.4660392568182481
0.47261403790270173
0.4760072625513771
0.4815611783343129
0.4742061051845123
0.5239973339132709
0.4699830431638357
0.559453780042586
0.47875656964158064
0.4752278224486685
0.44417041835646837
0.49759107764404154
0.4923219852331042
0.4948152217757265
0.45993885382149485
0.5652415466720662
0.5784919433762006
0.46655427889157763
0.4440116160668699
0.4359462253703619
0.46627818992154607
0.47439223553723275
0.49774307692473807
0.5202523761329688
0.522260655177867
0.4446567956220397
0.4203385810086033
0.4831176931879461
0.47079046240125555
0.49914784524000266
0.4743023722132573
0.4649298255227592
0.4703446461609452
0.47458044570592484
0.4834338146159579
0.4696954699022715
0.4738475041328617
0.520472371653174
0.470425219155641
0.4987028183204552
0.5599979351027073
0.47946325232448117
0.4742515287103243
0.44182516483676193
0.49825239679534045
0.4907323473129905
0.49478986584741647
0.4516316210054967
0.46110668194668464
0.5642931773687939
0.5780780274308945
0.46553770343346373
0.4496769485535992
0.4344718262277316
0.4656581469670508
0.47417934102559595
0.495893436814632
0.520347748248584
0.5204365822347646
0.4482832427157368
0.48357780736339245
0.4724653717875317
0.472892086766451
0.46614935759958764
0.47333956607368277
0.4836961169390831
0.46882211766879617
0.518004465611868
0.470478330934559
0.4979333494453106
0.5579428960093016
0.4788809643328709
0.47128957038208524
0.4427511200005892
0.4986986201331868
0.4915245023111967
0.49491089520510234
0.45237450662158535
0.4605430853696531
0.5787519485560136
0.4656364724550779
0.4481734724564471
0.43277351118834045
0.4660413149871959
0.5125253151158218
0.5324392850943436
0.5362207518337175
0.4530234286704302
0.4344964985144924
0.49929876886112223
0.4880758783261299
0.5105020408783555
0.484909789559652
0.4787034269767842
0.48634037570030125
0.49062946168224686
0.49920758607469967
0.4838612491410998
0.48637903305159497
0.538364899251703
0.4876006748640959
0.5205129671360257
0.5679579825966228
0.49319860067073545
0.48221864799296005
0.46008688891845634
0.5132685460788355
0.5064491119342973
0.5121454541650293
0.4714940645212732
0.5806572025255422
0.592880086721713
0.4737808978415261
0.4545160359938013
0.44976115770654634
0.4789965563866164
0.48989207717856653
0.5077835499439748
0.5288267092533356
0.5352454090041352
0.4658192116164924
0.4300263546632731
0.4938245850005925
0.4833008062797831
0.5132767487879571
0.49163862164427397
0.48426149188305606
0.48137917948392506
0.48207316887055107
0.4970699064466913
0.4743595980477815
0.48306454381812625
0.5271055251001208
0.48628733489146625
0.5108722439498696
0.5685728644353352
0.4903872551255903
0.48358651171920664
0.4564780617956242
0.5095942057259033
0.46427336946004016
0.47693311928593685
0.5753471526002564
0.47574069951249237
0.4529780005550367
0.4485986128210702
0.47840640399207524
0.4868083604518023
0.5136028098806961
0.5321202492144365
0.5400562315260491
0.4529463806153989
0.437855661545361
0.5008544053254481
0.49318948822566766
0.5142087597655087
0.4808301070552206
0.4809319093453808
0.48540313464822826
0.5010914805592809
0.48048352585242554
0.4871909136990019
0.5404804280938537
0.5294454752475076
0.568771632864884
0.48119112971004824
0.46132922451722486
0.5163962616214041
0.5136815962294925
0.4660236531506853
0.5801168836132633
0.5909403971319411
0.4726512289902156
0.4517048890992493
0.4563870686206686
0.47994797214763696
0.49056162084688126
0.505142308868993
0.5252519599746134
0.4723382786188749
0.4309542374697086
0.496952313800897
0.4822846768406456
0.5166873151547761
0.48615159023669047
0.4921703343508767
0.4859339182277293
0.49612610235927634
0.47130296931310695
0.5204708216871768
0.487984959608598
0.5068405722022059
0.5692649651951354
0.48733740964509
0.48198565116875863
0.4571200870768093
0.5050136318804864
0.5056270022792977
0.5006265259561896
0.4658580663433376
0.47599771639500366
0.572761890871956
0.5896898793251588
0.4737193625683025
0.455653175642318
