0.6915860116909952
0.5857689141344163
0.7217335407702418
0.6269488866752344
0.7351305733155138
0.6132495667178174
0.6338894947393492
0.8092808256777918
0.5138804931918036
0.6941512186966358
0.6345004571372076
0.5477957289562934
0.738515724256903
0.599450967673976
0.6532265867107159
0.5184299097321161
0.604180327383261
0.666658439038715
0.8108511885737739
0.5841491052939821
0.616907598926325
0.8019781655791962
0.6778885117849036
0.62568435387038
0.5055245338671042
0.7179193021043647
0.6371861935723874
0.9455097163358033
0.6485626973271409
0.5666094384791055
0.7193853323558363
0.7838169089819002
0.8657631536899733
0.6165109458411194
0.5465098819932982
0.6664394708035403
0.9124893241319149
0.768395586226393
0.777779136785472
0.5328450131515287
0.761277957629606
0.5958769779170622
0.6619043971383716
0.768735101282654
0.8233217330080076
0.7478667851743809
0.795287159848674
0.8262453936709344
0.9344059958550902
0.6659046869334007
0.6349503900633343
0.747570894823857
0.5723075820546438
0.6595039964477072
0.6762504519026045
0.8017147619386521
0.6777399985962536
0.780902851644047
0.630933618113978
0.7972084306633316
1.1492872476949005
0.6265839033765312
1.0601177400078523
0.8082598212984651
0.9260040503631384
0.8371184575069511
0.7614925142450399
0.666658720808316
1.0128136017592462
0.6818921155826687
0.8621078191900947
0.8290387027004726
0.5308726402438679
0.6827780656220346
0.5284966033535701
0.9740905264797717
0.6822983245592523
0.6276521953046655
0.7516193965556188
0.603424306940354
0.5652611120875864
0.5815131142030869
0.7624288231059839
0.6134682119392812
0.5648281774431749
0.9187748592356699
0.4997473012351474
0.6370846815006427
0.5673585208332028
0.694666052903145
0.664614669487515
0.6197432846987507
0.8553035508446176
0.48112901482544657
0.9358368446572423
0.8080888390680816
0.6877399998023984
0.6810710874331232
0.74842313180902
0.8119157540474218
0.7009792265846557
0.597897147002704
0.7093792561227054
0.6877179478846965
0.6406782208463653
0.7805449801427706
0.6117792849695798
0.5841927198113901
0.6577716972141323
1.1487347201145242
0.9713866711487411
0.6933215264982953
0.7584330746734484
0.6093955672137054
0.607956279401514
0.7160146272537737
0.7759453342580428
0.47503465408293416
0.5624946967101998
0.5984732415880246
0.6952875074791641
0.6855765029816352
0.8429709053705942
0.7460425052332152
0.970081757971791
0.8718838230458228
0.5717873584461654
0.5229988350983329
0.7784203118320878
0.7912899225827839
0.6792992305513929
0.8604007429327072
0.7126940667940215
0.7750610729896186
0.7403619242567028
0.6616196821136936
0.6222808614212864
0.5781555042774517
0.8067200781742796
0.6734578430012523
0.6162256048659847
0.8525988193300152
0.8267883121762202
0.5375365484297089
0.7815233561303702
0.8483918348893742
0.6102980375438024
0.5489419685467906
0.7049587305030568
0.896244491299571
0.5865131540651684
0.7116479821638515
1.1089591891510961
0.8827308921357856
0.7192339142622566
0.6084577824640016
0.7070381281105936
0.95631027653693
0.7686585241707546
0.5537142884287257
0.5557679242753345
0.8334891908614346
0.5655009144329378
0.7008123075080862
0.6337662203848424
0.8666642442238681
0.7234132171263046
0.7515211976901494
0.7517252833184601
0.6030224523756711
0.6078601061459198
0.6381439585281024
0.6761491964053334
1.0574915565103191
0.6228515498869468
0.8526349523315389
0.7426558533963823
0.6901527036199946
0.7149420788097239
0.9054205913464792
0.6483126555020129
0.6070610465852887
0.5248964110427554
0.6978755358953825
0.703588827929005
0.5321618317240006
0.7230928137658816
0.8737981338490155
0.9347021544995023
0.8482690480505976
0.5559744192591016
0.8325054494831683
0.7436629707484029
0.7621179630339513
0.7822721851658632
1.0001516856140422
0.7639993105421139
0.5390042161086878
0.6832015524449813
0.6732902445356972
0.6850569573596458
0.7073890355424186
0.8594753865089471
0.7484850916149307
0.9098415950902273
0.5254260280928519
0.6840251514679386
0.6869226097245158
0.5307310411310688
0.618140237158042
0.5759680403601319
0.963875639196462
0.5876469997244755
0.623848911158263
0.88792724544857
0.7568375158217979
0.7835786840655837
0.6647834071169084
0.7223094513507768
0.6948274820267515
0.8983502021784242
0.9504024034944891
0.8501736757618948
0.5739100324021129
0.5247612939442741
0.9806270926578347
0.7506532486930344
0.7959917235723301
0.8629359491894054
0.7230350652636973
0.755237823945149
0.9211577676775249
0.642584419229852
0.8517548880926282
0.7698279993420518
0.8638814464174455
0.6570092179828375
0.7058263086325292
0.5665673233866315
0.8121884321439451
0.5298867974515726
0.7625551765370743
0.6833424069568792
0.5547051538034523
0.6702344573729452
0.6058923960764688
0.5589319645161569
0.7680387554901438
0.504329056497105
0.5883878469576159
0.6820368087159228
0.6921187530916546
0.8616707043227709
0.5399237295685846
0.7852888833343553
0.6485543156112986
0.5937726242787478
0.4858153509612283
0.6388286287604942
0.7715781568185541
0.6359716982155258
1.1030689470544075
0.6013137103814616
0.6347845463332483
1.1301447827937945
0.6026989066733616
0.7246445346243829
0.6046076084679192
0.4598081861977848
0.6197869162669771
0.8624217802397661
0.6438885089028936
0.5640313317189549
1.002474503196147
0.9001093578557333
0.6056137706025394
0.6799577025664725
0.5374674740624041
0.5717666432995623
0.6851811361136448
0.576810149421885
1.1142494426967582
0.6039868309942596
0.8747409830544397
0.48822699201817427
0.7860243435476203
1.033737836497919
0.6080865761944377
0.7382399077423885
0.8101001723474155
0.6802633412283461
0.6362291388331986
1.1454943314198354
0.759655234523696
1.0036017006532874
0.7018485882762325
