0.7530718346730122
0.7330512689769533
0.7033177312257374
0.8411042575307772
0.9180226836153623
1.2376395761716568
0.7092717071965541
0.7811669139550401
0.8061615504357809
0.7939055494905876
0.9936971329630537
0.8211083000684868
0.6859400730453739
0.790692328625752
0.6467214845097731
0.8959949191530436
0.7523834822280316
0.9087550428687725
0.784844813192089
1.1041264751463362
1.1028659410410773
0.7277831543720226
0.9316897674321336
1.1159703218483346
0.81168735551635
0.8626832321137754
0.8097098098056372
0.811307318439196
