0.2762458629096223
0.26610620890846376
0.281293059666713
0.28376849356132516
0.2932687491816325
0.2949606492109284
0.2835245863753912
0.262129768863933
0.2917775688561522
0.2710665352121956
0.2844893836685379
0.2943689391630478
0.2945115889518537
0.29163374230900685
0.29384475629790885
0.2816767397548863
0.28195127017864235
0.2989969661485546
0.3034594463614223
0.2760299072737042
0.27788361106088405
0.27198231579288246
0.2783810355985228
0.29376315531774594
0.3063700519492171
0.27379080271605477
0.28726779196318863
0.2866321429360958
0.29599829538072836
0.29926047849777826
0.2757473349373669
0.28836486462835653
0.28812545526316663
0.28172068656556126
0.25555986575895895
0.26466367771842186
0.27499321598412996
0.30951767998943835
0.28730320641639434
0.28450339546622583
0.28292630556889775
0.2780656713270117
0.2820857544874302
0.28337841934652025
0.2934489179973561
0.27826873576135464
0.2793350765081219
0.29060922980480075
0.29403575867204484
0.25414791279702265
0.28008339941910115
0.27437646500662
0.3017674764753571
0.3097951334179206
0.3154970508988558
0.2846867220211148
0.2671121668086519
0.29459797900997975
0.2948484942991744
0.29390485847995296
0.27903118979004304
0.2590396283375858
0.2953799313724439
0.2959802930181879
0.2641785607913691
0.24786422141065262
0.25602041881769194
0.3027882386210131
0.29200596935292805
0.31322689783537305
0.2863841654129327
0.2912015484879825
0.2726830589277833
0.28404624284493324
0.2756243139404852
0.3045729375217722
0.29616885045002955
0.27932758509260613
0.30017682024549686
0.2695647678875805
0.2897039448987544
0.2877332419724872
0.2876148547888632
0.2798324862078497
0.28248825553866347
0.2929753049518303
0.27819569221176993
0.29439171035985023
0.27963430572395287
0.30000575569256055
0.27918710077774417
0.30928554002444036
0.29705528632539124
0.3001020536720326
0.2754525545955912
0.2890285549997275
0.2910368776738688
0.27804958001312075
0.29152963549231914
0.29359637737866395
0.27996983058310726
0.26149148370522113
0.2721459445798468
0.30139109531677044
0.283226050424348
0.2898227643030847
0.2893791824072139
0.30234258107876805
0.27384068057619226
0.2909695088757075
0.2894568346695167
0.27290865644286877
0.28857614243994084
0.2814195396104078
0.29079753600201924
0.28152103480219515
0.282114225533329
0.2735932197307754
0.3026785982295521
0.2877079803118299
0.29305879199133955
0.2861569756736382
0.2764424368764712
0.27988152675610545
0.2728685200612584
0.29485457521058517
0.27399921021686957
0.2776889502701567
0.2782296975062706
0.29620085693187476
0.3096951025299905
0.27375035959862537
0.2649154252934559
0.28271961579927024
0.2898609010147225
0.2949929417862125
0.25832831685164465
0.28983558506151963
0.3022542805430351
0.2854838742059241
0.2785201118941973
0.2829221064005036
0.2797487053240278
0.2907424395528836
0.27266937427024235
0.3050009799021077
0.2795915514754738
0.2779939585923051
0.2874348673644224
0.3049612075676197
0.2724594759869826
0.2901486952339112
0.27145079321097804
0.27993081485619054
0.29667652414699736
0.27139055438971904
0.2706155887461245
0.2761531917384993
0.2775145239941234
0.28598722180268793
0.29530881412519944
0.2994117080525275
0.315745501784483
0.2738732413018898
0.28098157794113693
0.29272185870628964
0.3045084664569024
0.30058666339719603
0.2770041983179294
0.2750768147167193
0.2984275512483732
0.296328270817461
0.2767444053515479
0.2893113003842915
0.26970893985001715
0.2872604760903244
0.27691172970391875
0.28785458955320015
0.2994302855577347
0.28592371963114754
0.27681566290322307
0.27514991300516284
0.26248093391935967
0.2756631117786418
0.27515701083784083
0.2745362782106338
0.26656886321995704
0.27688698136427886
0.27899148234901805
0.27849501857275083
0.29067430134453703
0.282574852610158
0.28039581673020114
0.27711871516128755
0.29946805303804147
0.27729305997484954
0.2913049768892527
0.27097800666178135
0.29786214441081066
0.2809195578921679
0.2741299130118595
0.29878162653430623
0.3117721618297878
0.2824529708817911
0.28642705362134413
0.2943126572821876
0.26038228752086084
0.29211379111254215
0.26365621893716784
0.26535558814515847
0.29421731757166336
0.3137064509035259
0.2816505028020465
0.26114274975748336
0.2590926795230656
0.2782991244391035
0.2623674654823904
0.27699108842081627
0.2897549420419176
0.29580589316993383
0.2808231258733518
0.26073140690182867
0.282011731598521
0.2711675853465991
0.3125098606476202
0.2987019887517746
0.29308314864911816
0.28043696008184016
0.27478612830568233
0.28303230863336754
0.2752029167197385
0.28750773631259363
0.25225456968920634
0.27436046920908397
0.2967538670917598
0.29507791660153315
0.26616772412396283
0.2959507721677689
0.29764146103496447
0.2636876621442695
0.2914238008950007
0.28584854668782134
0.27571476343571855
