0.880183381033557
0.870932475248613
0.9303920737230157
0.9413885515087881
1.0142643671854021
0.9664869093813011
1.0059684210225988
0.8676234413870281
0.9576822012566053
0.93034522078696
0.9352805363928679
0.9364789745311738
0.8936103116292186
0.933387945152847
0.9402164113038021
0.9314582857798105
0.9401240245896603
0.8662451441887038
0.8737478967240575
0.9348760686864871
0.9184289036503259
0.9650573253586743
0.9253282751039464
0.9282779667156802
0.9375649418125549
0.931818671401047
0.9492733800342311
0.8449187981692543
0.9280224741484806
0.984310874348123
0.8698869473931651
0.8676279365887829
0.8775975938188497
0.9380166487641541
1.0399722323249716
0.9368504169086039
0.9154413123609564
0.9790916764631279
0.8727972932939081
0.9612516580779911
0.9460761333312747
0.9883721929362983
1.0102152002262574
0.9528077793517502
0.8903371405970635
0.9485241938599965
0.9476269162297444
0.9330079575762293
0.9347686988629047
0.8741918712827926
0.9116091988213793
0.8757497848436995
0.9356215612055581
0.9967019668143897
0.9203413864400904
0.9499699581283345
0.9429983089997964
0.9891419952526423
0.9399084220506246
0.9404787414688831
0.8676734201007501
0.9843137722324103
0.9908521619848601
0.8433220880971681
0.8822389518234243
0.8631851547859568
0.9343045966617193
0.9507142611744621
1.0430919382922208
0.9168032452582529
0.9905699501464492
0.8808977935261681
0.8701479927399497
0.9436424332585669
0.9488318703948002
0.9779923703025123
0.9912814920536341
0.9440259550257695
0.8683380506910167
0.9449711466619053
0.9618865747601467
1.0030601474995098
0.9374749905481696
0.8487611844259226
0.9599213205916082
0.8692555044069106
0.9419828156147372
0.8772996954146914
1.0077321549599867
0.9458470052732413
0.9224238099257367
0.9318206771573506
1.0467037354182314
0.8787681713532547
0.9269582891512733
0.9979759445556111
0.9925093122544599
0.9415687724485051
0.9246618997639453
0.8861087441216503
0.885981134171227
0.9526195125523622
0.9526920181928715
0.9981098422729668
0.9885416150461722
1.0226163859534114
0.9700530865632703
0.9988318570481376
0.9140604240091111
0.9251702019464347
0.922985159924099
0.9780519065546406
1.0193121828956757
0.8353517574341623
0.9455476721185603
0.9248364722678628
0.9357260240371218
0.9466643503946797
0.8767671144128385
0.9884869145589863
0.9690987155366635
0.9878155082875264
0.9421969148494933
0.9408699660880004
1.0061296915769635
0.9403780117806299
0.9701903341513218
0.8708435638177412
1.0029157147171717
1.00402675600423
0.8629840563965894
0.9164601256881616
0.8721851154205713
0.9439203583852926
0.9405091988540057
0.8812208337700089
0.9149616894949758
0.9601206977170289
0.9590342318326706
0.9659139641031255
0.9499298718104601
0.92064861690601
0.9922416702961228
0.9355089579759615
0.9578948148794011
1.002449480217451
0.9394047903420799
0.9756863672693592
0.9252982427065561
0.9624511356671137
0.9030502182702487
0.9378388823747335
1.0022942267388375
0.9890443100162409
0.9382662246928288
0.9587409655786748
0.9282737542634424
0.9290626710665605
0.9387467070122276
0.9315649162463755
0.9205287216439089
0.8896310395631908
0.9904949128839957
0.9937423090561328
0.9317795372269763
0.9227171010970393
0.8696741916404436
0.8772233921585015
0.9133042337787988
0.9926087975685118
1.029398121122942
0.9146282408669018
0.910145796544996
0.8891692365579994
0.9464235468250914
0.938592295084918
0.9875506620092799
0.9356036099036327
0.973881614766152
0.8896351110795275
0.9335737465383876
0.8628266588341013
0.9548212531706338
0.9432022058632072
1.0142724166378678
0.9404140950980912
0.8792807035281263
0.9605813956262501
0.928838006042016
0.9396199729084285
0.9989545255160286
0.8877362546413012
0.945991372134952
0.8833103094024812
0.9417253846837552
0.9056857293009128
0.9205684941853483
0.9523345448311796
0.932058787765521
0.9263736604071671
0.9615175406377825
0.8694187703586082
1.0381454439502318
0.9823219040237604
0.8814838299625266
0.8615327342145015
0.8730471020840098
0.957942119779917
0.987882138453808
0.9459990689182266
1.0388859960383217
0.9386467228145574
0.9992628573682522
0.8913239034478526
0.8679424909546032
0.9405489033411805
0.9537635543007448
1.000705465992296
0.9323716006228956
0.8701799335725443
0.9255566314786569
0.9476747244044699
0.9308945970776861
0.959692873634332
0.949677760004921
0.8776715230682709
0.9428800349464321
0.8907598925243733
0.9358204164798571
0.9941587767413531
0.9366232762122746
0.9444149872380232
0.9877966182338677
0.9809010259902249
1.0023721545571067
0.9614131989143011
0.9973581914947912
0.86851523797033
0.8614196616416041
0.9894164874882003
0.9719908408066222
0.8782226141440147
0.9907289400697776
