0.8800123467289717
0.8060050350473632
0.902080369880005
0.7745263606698041
0.7894998658748379
0.8875150876630614
1.2045452223281754
0.8724045418689914
0.8234051648716134
1.3222007440094965
0.7424004588795469
0.8196581969755414
0.7958338354167372
1.1904740878126239
0.8971212101295702
0.8703467481476841
1.3141569935528936
0.7839006605952592
0.7781571774982031
0.7861552876042361
0.954709818899097
1.1642150925124042
5.478267226776293
0.890401130798595
0.8174144370329863
0.9463237307268709
0.7459767482802016
1.0734697299655682
1.2964975720539342
0.9015466155762499
0.7688632991895753
0.9189003854432122
5.164979720780068
0.8984924089388997
0.8485901827952941
0.9594659390293212
0.928031717184811
0.8346363807947005
1.1948870381592898
0.9037789140444534
0.8863005724247208
0.8795287345000213
0.8534865413545383
0.9288065626839497
1.184824013000992
0.7262962536945785
0.8193860296628163
1.194509403182568
0.8062335263699437
0.8766668227252938
0.7860519574693114
0.94940877088459
0.7651786854679578
1.1564119927584187
0.8409959481481885
0.8805013832602399
0.7599456971031661
1.1652282922105517
0.9993522614479633
5.168463743693578
1.0920585782682468
0.8918228442568104
0.8183497767684791
0.8516638587666198
0.9941906748273956
0.9030460622649592
1.2200057543106848
1.1996506605668336
0.7277195776448412
0.9195033359092581
1.3133529260556667
0.8802724426369216
0.843415942411112
0.8756157038661598
0.7668732975385324
1.3266617775901766
0.9464154125032276
0.8405255070300164
0.8701908908324311
0.9908170313849091
0.8753836670652595
0.9572760893478391
0.9165730231863163
1.1645749318942973
0.8752181754771468
0.871925099653969
0.8921777036861871
1.2052969621638383
0.9216738279169859
0.7285907044374393
5.322674697517412
1.1590778670296165
0.7686704331780013
1.224932986796536
0.7080612334116727
0.904765268651714
0.7687303461145116
0.945780937569166
0.9598104858058223
0.9379323357407148
0.9031674758923989
0.9305634865000605
1.3353332519210994
0.8974063929393057
0.791240700104141
0.8792739376256682
1.1802523622749457
0.8074727524388016
0.8191248158381672
0.9934671492716656
0.8324274305756391
0.8885324816367094
0.8720924737472187
1.1655792795296964
0.9493874097498822
1.2042775487565802
1.2166348998281118
0.8072513187138726
5.325330554691868
0.9175884169593196
0.8373504895116337
0.8962302072481387
0.7706647041484407
0.8611477044724477
1.1749210483257413
1.1585355647276192
0.947351863545782
0.9443440660304168
0.8505022647953264
1.172194719930442
1.1986895077599122
0.8196199031551301
0.8812111407921093
0.8784532648274105
0.9174586138084956
0.7959740251127437
1.1260204017674784
0.9430396222039483
0.7862238933080622
1.344363207536021
0.7510157196876869
0.8733343863065601
1.0017602823490692
0.8656361506739539
1.2099231423835084
0.9208530700525168
1.0114650274046777
0.8963378611293644
0.9011517295225424
0.8674491262818094
0.8309082716189001
0.8956456454128572
0.808473353472375
0.9095400800341572
0.9089320721149923
0.8233556189607166
0.8978137681780417
1.1919284902739193
0.8938250099938502
0.8707159874567107
1.2205562530661036
0.834327284977909
0.771580716962905
0.8648785716492491
0.9130429943753844
1.104804274055875
0.7372490474118301
5.163624858981968
0.8728580302109911
1.1803149377709885
1.2229845900710723
1.3378583177844208
1.0091103103067927
0.8020710269090416
0.7561028997058735
0.9153852619771696
5.4764667519632235
0.9363231912006313
0.8998195970411382
0.7674663496429163
0.947627021598287
0.8425702986035483
0.909597477545271
0.9374363572594211
0.8668380135047865
0.927457284467371
0.7758401824325033
0.8670213025747538
0.7480393521366682
0.8783187668529941
0.849124251711217
1.3318937123931849
0.8412399407432869
1.1638343772339401
0.8668600506528745
0.9225837730452495
0.8400868151939753
0.8800499355947031
0.9290271946529591
1.0174739459959867
0.872744353190687
0.8946939864811819
0.7392860525851024
1.0010026043753957
0.8686902479615906
1.1776327123184696
0.9197801846301342
1.3273463190030652
1.3199951509823704
0.9032571709211188
0.8104504189195402
0.83042041375985
1.3307888545562139
