0.6027813883740042
0.5520028787781477
0.5271273186807658
0.6612660127874079
0.5735685125089629
0.6330025893248437
0.5263138012275862
0.6256892547512227
0.6709832311389399
0.5537117887654244
0.6230010005526587
0.5460998604465537
0.5459530123440668
0.5318351542146025
0.5113438707119602
0.5688744666193317
0.5724059997702242
0.5002444288632559
0.657410174417176
0.6277155010259138
0.5791727634543717
0.5961570530316779
0.7224071505181031
0.6773510653671306
0.5931321560143148
0.6639766815758057
0.6080573759201356
0.6235794127181731
