0.25601141313313114
0.24687756639110345
0.24533712134206342
0.24664538386517737
0.26979509344238545
0.272454791020148
0.2641983361107765
0.243746540435713
0.268198112235834
0.2353392049766834
0.24047214904108932
0.24278687498366255
0.2734927731676801
0.24259017305068592
0.2510424113038023
0.23630722155962705
0.24884227640564108
0.24756104620599484
0.25066645812756644
0.2408948308726024
0.2223391571308829
0.27248970833739783
0.2317914349995857
0.23823606064914413
0.24202490743199787
0.237702862653827
0.2585687570141679
0.2193213783924171
0.3053834821952984
0.24047375035692706
0.2459640493847162
0.24385475184840855
0.25780945310928877
0.24423538232816813
0.297932137985349
0.2425246311943183
0.2187628875821954
0.23159764305024005
0.25143972439895595
0.2652783383501001
0.2527304436871581
0.29233561983688316
0.26152191528977836
0.2626568090344525
0.2643823601092587
0.25449097055902575
0.25526265074301885
0.23891961494674738
0.23876945614445816
0.2578747925655915
0.22187345681476422
0.24972085514182257
0.24382082241112227
0.2523221218531494
0.22565246106695627
0.25689644238983583
0.2515613152368028
0.2963748039251416
0.25101578405779323
0.2509804923031436
0.24374972098570588
0.24343805120461798
0.24621239253241062
0.21988417320355125
0.26036945158945146
0.2370484863718022
0.24143771832344052
0.2621773170120257
0.3030433946029004
0.22212325723430087
0.24907741283301638
0.26000210280451863
0.2480883179069876
0.24930560241852096
0.25759705586535614
0.23345622915282527
0.29879421404533557
0.2520694438150072
0.24457815138203357
0.25128385762536054
0.2693918576286728
0.2636930588919149
0.2415697425953364
0.22552584310855742
0.2678258329883025
0.2539488233626428
0.24867245197837362
0.2511183840125835
0.2613493365726469
0.2517806002099503
0.22974693801304297
0.2373633814462898
0.30398664858349755
0.25486353934231093
0.3024648016972753
0.25230286763253423
0.3014840698098664
0.2490070884825873
0.22954109125330704
0.26148632621120255
0.2639003768896736
0.26114385965980025
0.25883200280310925
0.254907695582448
0.2979243098592001
0.28212179553610084
0.2826990865632704
0.25367056672555705
0.22099635308712548
0.2314728101335694
0.22861458569897677
0.23274989313182176
0.2717129831624312
0.20863623362463857
0.2623315034438615
0.23270775877433245
0.24262055195590365
0.25391600095230066
0.2508452413969655
0.29326918549311376
0.27549481163615475
0.24251713577396397
0.24985078370195246
0.24993753912170846
0.2579550315912798
0.2446552312928251
0.2757740792806736
0.25042352763558284
0.26019726811523003
0.26110640202192914
0.24126362340689872
0.29821799123438014
0.25029537558317305
0.2506973969609604
0.24599095046581446
0.260551222467459
0.23803172898995806
0.26521461822802966
0.26361882430402916
0.27125828965109544
0.26505307460766303
0.23034068833458157
0.24606913080645082
0.24111364650055175
0.2649740141481398
0.2660368274496582
0.24932092316940455
0.23109583383585058
0.23372938685579303
0.2712902935618506
0.2824004540979131
0.24524603974946896
0.2571449730074943
0.29848836557179664
0.24562630964301244
0.26373215158644847
0.23247682456156543
0.23625259694959472
0.24343714585207638
0.2363119446069936
0.22661084575931445
0.2672085301292286
0.24451851803421032
0.2492022205170281
0.23758523896682723
0.22771039169133048
0.2439829567411148
0.2592121290006068
0.2924521756875126
0.24505261779323093
0.29093658266140365
0.29192358314878103
0.28632275182691447
0.2667275222722852
0.25240677163685216
0.24687684430771606
0.24268077353344347
0.2402642402538274
0.2284408852828693
0.266248016705104
0.23716257211060565
0.23678285622702488
0.26685730037225225
0.2506365649963343
0.2693393939238317
0.24634153567432182
0.2556076991865924
0.2661860841508404
0.2374332131717026
0.25017416819092986
0.2538405190013706
0.2640717525396582
0.2534602292778093
0.2600282304875615
0.24737750691198676
0.20915241371155935
0.2292024719218976
0.25775226588923544
0.23695467054279787
0.23383846725890967
0.2677506754056196
0.24529717402833295
0.29246199071282175
0.23582427542106071
0.257938823299898
0.240566235993861
0.24841531763653377
0.2682343237630191
0.29158074354388536
0.25387651229350433
0.2956323066497061
0.24797871083850961
0.25633356443895916
0.27195518290146686
0.24681909965025542
0.250059369360598
0.2594717414484338
0.25266487816864314
0.2384166088873585
0.24566924480940766
0.23060990420592972
0.2546161090198547
0.23450401953757924
0.2645344015846427
0.257926760992088
0.252423875546118
0.2516645925352373
0.26701368123351826
0.24319766098937412
0.24881456663391194
0.23970142520940937
0.25852346457941305
0.2947052696250299
0.28761555729508176
0.2568513582542273
0.2672029577340575
0.3050692522938649
0.24357301404058257
0.23607103869078444
0.24660929468100748
0.2239036994676212
0.25459499406415165
0.2446059921130888
