0.2579675584594726
0.230863622841793
0.26049627143157805
0.25633545689950926
0.26496533882822154
0.2569711642029326
0.2804975133107612
0.2733916119644872
0.2537867275129819
0.26421646778551716
0.23675413708016635
0.25498234588691515
0.26298860407930297
0.2699679708523923
0.25303372203339336
0.25932207782418837
0.24083178157894738
0.2564638598055715
0.2556856395624097
0.24659497279175074
0.2593850225439794
0.23725473492257632
0.2374887099815936
0.2806882009685869
0.2522404534873965
0.23332915060205994
0.2512343919475483
0.2454139556454569
0.2561705791311093
0.22591082806342408
0.25635810231108513
0.31136437727859007
0.24047664863614465
0.26187058719824513
0.2503662167176014
0.25686814870054653
0.24537390980758428
0.2949168840603317
0.2544273870746814
0.2249405355597121
0.23976296859302365
0.24531982249248196
0.2687758484120464
0.31180609839519374
0.27239211105035177
0.2584536316034699
0.27550288382054433
0.2534303401240682
0.27223719037049493
0.2583246210052689
0.2517393296810906
0.25453234494642096
0.22037471024345168
0.26031793600632974
0.25619652307691665
0.25494669945200876
0.23196106953740597
0.25884046835377555
0.29996514386250744
0.259747526970706
0.26156564680980565
0.25248751197445113
0.23739262405000808
0.2512897975268262
0.23298862328269157
0.26118535233984735
0.261134939023371
0.25325676420495025
0.3034964974437587
0.22526146559831256
0.2799167726509053
0.2575926940814033
0.2607102657379564
0.24463640013262697
0.24907913479157257
0.2660324006263231
0.23347608104449652
0.3001505359036504
0.26410762233113017
0.2528255383089702
0.25559970697446344
0.2718183995693733
0.2798969861245202
0.2551492390710624
0.24850918966171937
0.2754765124048952
0.23629052386866273
0.2533182230010984
0.2610121912017521
0.25913304857403907
0.27496035858360235
0.24529501703122106
0.308376063024943
0.2605045377473777
0.30998921037297206
0.30845662879951036
0.2619453408114572
0.26856300025132696
0.24298142017913962
0.27734019549126915
0.27324840231903996
0.2713063827684496
0.26977095594948863
0.26263305808439386
0.301522229257406
0.2766323200645734
0.2778034693596085
0.25916589976121784
0.21789448334644126
0.24497837283838886
0.2495917571550866
0.23773735889929365
0.2395690398628989
0.27807307277071314
0.2175524879872032
0.23849328880584397
0.25028379314688215
0.2698786857199193
0.2635984898187513
0.30219807263263476
0.2769881355063497
0.2486145459063416
0.2529279453714106
0.26036641668093924
0.2735492967583998
0.26811820551444826
0.27045694251592806
0.2898968175688573
0.24888631956521123
0.270967907074569
0.256358188110692
0.23929229522046402
0.3045327754298041
0.24922114858296288
0.24419445946331342
0.259733166514102
0.24928428471431208
0.27307034385849976
0.23868581578946732
0.27385736317659315
0.29257301195885865
0.25636269254890137
0.2254718065499176
0.25332352084754983
0.2509243202534915
0.2936263006713384
0.24160011423935632
0.2360930399780536
0.2387919445839588
0.27523637651759264
0.2837447165250848
0.2510961967883989
0.25772190542976103
0.3116962241765404
0.264035122848026
0.28422609638787444
0.23611893130962655
0.23544997282323823
0.2537454795756128
0.24063099315902764
0.26384826282342727
0.22995059704560714
0.26610845510345554
0.2581485959921104
0.24310937710119854
0.2496938027300946
0.2746110007038571
0.2627023755598618
0.29589832493599244
0.2918449073988861
0.2963696099113831
0.26791486839341166
0.2535675395814952
0.24932206792038003
0.2562285300942284
0.2531042654402719
0.2321085076457976
0.27585954494939235
0.24654173896522494
0.24284057127700548
0.2520946186868909
0.2762768890372008
0.25584018056700764
0.2608509260793709
0.27229546961552
0.233975042743083
0.25390955069557725
0.2672239088209077
0.27715176952294585
0.26628755704733253
0.26228558830892357
0.26871519974144004
0.25861262926997997
0.22162352183645365
0.22391099677205192
0.2571358180923206
0.2570311425375087
0.23622278356668813
0.2704768103808224
0.2596726079033738
0.293181840136945
0.24210410185919723
0.23274590525936917
0.2567245028710405
0.23565432263007535
0.2677341331014748
0.24767520345301483
0.3101417696891665
0.2547310408621552
0.2654521473977954
0.3019975514681042
0.2608511100995746
0.28115161704421315
0.2502218675225971
0.25527105869998473
0.25598648971421784
0.21442996214153295
0.24274067489766407
0.26791016202412077
0.2635588865894239
0.2422452393685378
0.25416805609650583
0.235755842363725
0.25747591242239015
0.25076157367601687
0.26982551158355944
0.2671979182941485
0.2495883240297334
0.27505331179627057
0.3188859290047106
0.2428547234615145
0.29229769089884555
0.2470141660562814
0.3057466074878761
0.29021022224487375
0.2732649425561575
0.30816944217159303
0.25442067773351873
0.24304611536985396
0.27024730897423754
0.2269726236005812
0.25782120903517114
0.24651153745130727
