0.5917710168920958
0.6351201193088045
0.6378741409754244
0.6418894870447355
0.5463407204622048
0.6098889421683097
0.6083203596178424
0.6400434232414216
0.5977380475177876
0.6006101600743339
0.5956511259902415
0.6279956233524722
0.5874196283089235
0.5988195382435514
0.6045506458950385
0.646141678199285
0.6324027086694504
0.5933778244062387
0.5908628510600606
0.6363874604077512
0.6308712208163838
0.6366023177568595
0.5943965992388505
0.592595017745754
0.6512263377253801
0.6532384873432204
0.5878166789885578
0.5529080558981239
0.5416080636077695
0.5980748766078579
0.5951305766831584
0.6412320444556594
0.5616589857099517
0.6173763364026443
0.605706237646181
0.6435154480117268
0.6394230493674232
0.5981904495028245
0.6059220914636765
0.6333372204720021
0.6097177911663948
0.5406955171013311
0.613351701638719
0.5943571522727202
0.6098357593953395
0.6466851718765663
0.6331744091237173
0.5998700752981292
0.6361508768591635
0.6318554992118051
0.5991737132328216
0.6005859943724717
0.5464464415796707
0.6499590836276826
0.6529107335189812
0.5864959842280806
0.5498356625489361
0.5358888250659545
0.5985044416891763
0.5946022521307909
0.6349957693512501
0.6366644925212882
0.6417882550227373
0.5539073964644461
0.6000040072525377
0.6094581458769461
0.6399219679350164
0.6335206745594706
0.6362540536167348
0.5977296138284495
0.5996721658700956
0.5984040932969177
0.6076798209860319
0.5393930170260789
0.6095462066837123
0.6454104320362317
0.6323531687101022
0.5966476456673762
0.6369777778735044
0.604323707327172
0.5483343105840215
0.6511031379058726
0.6529883859240979
0.5879857907687795
0.5903608643489882
0.5400933233976933
0.6013116879383852
0.5956913489554909
0.6355379730669286
0.6362323249082709
0.6412034641097324
0.5514241398538849
0.6011550345862434
0.6111390393447589
0.6390397801788328
0.6358094169065861
0.639192445977641
0.5984692344953773
0.6033924511009836
0.5960859915882035
0.630125512658938
0.6110728506290741
0.6098252420862412
0.59424735309895
0.6041969146485398
0.6468448295022078
0.6327394426020257
0.5954215315272398
0.5895540516511605
0.6324763675911137
0.6332017687033501
0.6029342608474665
0.5958930215998962
0.6530661281284662
0.5907668035336856
0.5544797067571033
0.5386286389309692
0.6020053245391468
0.6311174617191514
0.6405213519057252
0.5561292405605823
0.5970740381946577
0.6093510865801849
0.636708179232013
0.6357924398288458
0.5969966699396545
0.6040354798772393
0.6330854653653692
0.5436207997418605
0.6102416547279327
0.6001780459439785
0.6093003425432636
0.6502474482925988
0.6437274279722973
0.5939349979673141
0.5890415841437509
0.6374126218195526
0.6348021357643241
0.6418705314701977
0.6015482307806153
0.544203205761837
0.653992284880875
0.6557548391046146
0.5432848961758554
0.5535879351040353
0.5441708031377818
0.6355105450847627
0.6370954837528957
0.6029882056464235
0.6425976432918357
0.5946411596409102
0.6017134277444592
0.6102251772464028
0.63757495302369
0.6460871236703658
0.6013894025202132
0.6009548407595313
0.6000612207093161
0.6342208513051913
0.6080126676248727
0.5899924319806602
0.6126092247343948
0.6039654257892191
0.6421497837373189
0.6469362989478828
0.5999473213549789
0.6024038478693017
0.5952082615687594
0.646059501528821
0.6326547910041052
0.6370458448855199
0.6097139811929403
0.5980324359743637
0.6527506251742525
0.6540334033455224
0.5973232535714251
0.548596609180068
0.540836535382668
0.5988671207478956
0.6006753274579799
0.6403558405068152
0.6393480853247565
0.6446463782594963
0.5882648399404402
0.5913674585615417
0.6060162606012744
0.6352435994916684
0.6343118338084874
0.6361301598454512
0.6031805965545082
0.6010457092553702
0.5987434567024474
0.6334764971366442
0.6000758273778248
0.5919903726451933
0.6167286135843937
0.6033394695560008
0.6093730952607976
0.6476458662031703
0.6041041343622152
0.5966495103163911
0.5916160085267704
0.6399414172490618
0.637141102687773
0.6053834069948356
0.6040132773464393
0.6533003931590329
0.652370161689599
0.5426711156631913
0.5431041178162664
0.6341479767353846
0.631528032338144
0.6409536170682977
0.6025084922366114
0.6463803876901169
0.5951168446472936
0.6022698683543356
0.6027874659822455
0.6055797045959781
0.6368635480435867
0.6472128020443667
0.6070237820042064
0.6019182859606905
0.6025869873949508
0.6314820123604773
0.5979687296346264
0.5443490621290126
0.6123245386822188
0.6008157048902163
0.6377725128045681
0.6470151248050223
0.6023938527079686
0.5973803845143562
0.5927011816112149
0.6468826069861466
0.6325557149096989
0.6465058291040245
0.6030192600995432
0.5978722272097134
0.653355759884289
0.6525280717849897
0.5987825099921559
0.5586796881186628
