0.7428995641417916
0.7862567429960676
0.6640904614557969
0.650303964241586
0.7663968165674833
0.8747059720138308
0.7105306172436894
0.805485690914364
0.7109464313461594
0.8041274843990072
0.7607203699793049
0.733863087819365
0.7621652484078942
0.8108794682908067
0.7517160191696961
0.8847838124633299
0.7490407945373636
0.7590523837442885
0.940409307135357
0.7735410572972122
0.6569936477881483
0.8196229518406141
0.8562939901231649
0.8780248843660974
0.795649245583389
0.8617593280025144
0.837599798878833
0.9786413276728058
0.8639186507965676
0.8375545104239225
0.8195198475351172
0.9143099492945513
0.824509921962242
1.092218330252315
0.9426998863819935
0.8232312819278054
0.9668158066808559
0.9029424707687728
0.8066376869945959
0.9102623901451146
0.8010423409825153
0.9337970389262509
0.8937963474554186
0.8020215202172221
0.818464057026134
0.7564203107145033
0.7886181221331221
0.6836805099539625
0.7014389273057321
0.8611397665115204
0.7711216819119928
0.7745748043591815
0.719967179103409
0.8328632747666536
0.7723983174141218
0.7296654469202487
0.7427434985469153
0.7616653907846009
0.7685102499732257
0.866181498657778
0.8793742334323144
0.7367561189743018
0.7728591430874989
0.87955355890486
0.7875131537843412
0.6561018139650912
0.8269191006951265
0.8522684247808878
0.8779455118016315
0.7941803870664457
0.8666042548833953
0.8613252652178166
0.9838811090890096
0.8507825232916926
0.852699260622669
0.8097149389980993
0.9077667278880636
0.8241304696150622
1.0690972408586352
0.9449913985117095
0.8207949254430797
0.9687045306164824
0.9177392727705932
0.7954429308105228
0.9413643759631076
0.8091257685285629
0.8191730282133276
0.8940186814625765
0.8477668975337236
0.8181258413388972
0.721857699182133
0.6658146081098634
0.7685004291406696
0.8027551331863088
0.7572470917539718
0.7879920500546577
0.7113163908860385
0.800307409510405
0.7701380059623983
0.8212109653181257
0.7475620551633047
0.7630214639479252
0.7959348169470599
0.757264594062772
0.8858813195156348
0.8960197613677625
0.7693736931946844
0.9560625591550094
0.7690299198900474
0.6594521438317992
0.8031971400101108
0.7957520060771317
0.8731019558179944
0.836678928807794
1.0283256839462473
0.8580171649685026
0.8183489787204925
0.9064641236736388
0.8177360224912268
1.0858025222326413
0.9358437481674132
0.8218040926297293
0.9796749455255152
0.8947393263355621
0.8087504550792718
0.9132968254713771
0.8030197748830601
0.9410972894634598
0.8987880798862291
0.7986368017665595
0.818601437247124
0.8288832950361994
0.8745544583685609
0.7549495050077664
0.7877116008879408
0.8913144735495622
0.873738411662824
0.7546090753575729
0.8329757008120767
0.7990410026616784
0.7828262573592059
0.8060953061519693
0.8174438819965435
0.8940942265615308
0.8929633073200137
0.7849608399975027
0.8250009723010244
0.9099725259321383
0.8202259892281996
0.6941429011356354
0.838054425673202
0.9371916535374358
0.8914290221392975
0.8417415051675872
0.902909242495323
0.894939904027898
0.8911999935837457
0.932712902319802
0.846225206025327
0.9382676269005944
0.8592866233214523
1.0049828431742347
0.886675734022842
0.9561134499449774
0.9464979227522179
0.831971193736768
0.9565187818064298
0.8315224159218944
0.9585713898539272
0.9274257291956514
0.8555896731711489
0.8823340761923425
0.7834527345739052
0.8250517309841989
0.7737285185816809
0.7366954302542832
0.8711821689182219
0.9576088696695234
0.8564979491827867
0.8366261934114193
0.773834836677026
0.8677202286395186
0.7852087681373086
0.7952039803955776
0.7892720375910647
0.8894932415923358
0.8211202725161273
0.9078463253271587
0.9271726440302416
0.863616825959897
0.9259903635408763
0.815034183113641
0.7074859082599626
0.8844037566481486
0.9297539641149586
0.8199991204968614
0.913464471396118
1.0589743291592166
0.8961381337273929
0.9018786480601384
0.8343624442984787
0.9402594504795458
0.8629757344261024
1.0934725277841815
0.9802002579957021
0.8630315543648606
0.9887592901397759
0.9569248463702434
0.8128203952476565
0.9797294542188293
0.8288124400908472
0.9184978602540976
0.9215406518760338
0.8793122597532043
0.8817634416176899
0.8764601776087226
0.7614834380211426
0.7835411623523034
0.7882840608298938
0.8587231101644526
0.838120031875412
0.7840221897828742
0.7948886297173295
0.8116611915970203
0.8094089912434277
0.7749096876077854
0.8150996003711845
0.8693615651061387
0.8165556630647484
0.8952199117309481
0.9213942543038467
0.8153498166979901
0.7373022760364205
0.9024167682905035
0.8524403933097864
0.8874124560065488
0.875570352136963
1.0535592128728075
0.8992965648678451
0.9161998631742214
0.83954886412936
0.9554285556461093
0.854435634256992
1.1068511155581193
1.0085382730860333
0.8743719045030897
0.9563509706152201
0.9377592093419385
0.8260440170641161
0.9861612185912071
0.8332555015285049
0.9730437821474679
0.917834718910914
0.8534730125946519
0.902157987014203
0.763949879086189
0.7496548802202845
0.8471507993612866
0.952260060659986
0.8087436054386022
0.840706035178469
0.7818342872032882
0.8691526930262534
0.7643721329810196
0.7819118367698661
0.7960281501020403
0.771077404267388
0.8907792404036516
0.849796048366385
0.9031810766633198
0.9072105796345495
0.9120577917868168
0.8221550836362992
0.7327516864149555
0.8741524475179294
0.9286234383509658
0.9070059042130494
0.8469841463483115
0.8943112819148291
0.916968066549288
1.0653759706045138
0.9081951133829429
0.899074348948688
0.8370733308112959
0.9442974233017392
0.8682006483709733
1.1384886479682303
1.0086096602326562
0.8805786662961161
1.0004495931509443
0.9560546534963628
0.9759032886714302
0.8360530730777282
0.9555547809546564
0.9301626772308331
0.8857191243158502
