1.2272560283701466
1.3190560995487994
1.3200283973113769
1.3226711278871885
1.1132073885213853
1.242138037436584
1.2380628667517632
1.3232691920238464
1.2314853653959044
1.2332233446088852
1.230047030519989
1.3150682110175287
1.2244801376612549
1.2323359054133762
1.2349105272198824
1.3238404927554972
1.3179215378209637
1.2286810165055966
1.2282950044773988
1.3203008945626955
1.3166113125636458
1.3205179076469025
1.2302031082061875
1.2283426740285726
1.3269072019324242
1.3277596570714676
1.2251638193257057
1.1172631359823029
1.1101362148104208
1.2317816504462877
1.2296012099102067
1.3222446867229436
1.1234050541151859
1.2471245025666473
1.2363980647965869
1.3258222786980332
1.3228619311877767
1.2317585143920042
1.236788668452005
1.3186458925246
1.239438721670154
1.1080806273334698
1.239698548493778
1.2293785061655147
1.2383987425956555
1.3242381918716726
1.3184629372699477
1.2330556208677717
1.320098737019404
1.31729573866199
1.2315928382195644
1.2342541434080219
1.1123744776883975
1.326114293586891
1.3275601422406025
1.2243694457353873
1.115248709753762
1.1063695810147198
1.2320319915452251
1.229105211954966
1.3189944425924165
1.3192507307612182
1.3226205118761896
1.1182622273327523
1.2355370339292993
1.2387853623441578
1.3234544337491676
1.317966036950908
1.3208170852878995
1.2314811485512354
1.2326781136412914
1.2318820270646156
1.23807591449702
1.1072673908354864
1.2372406540506893
1.3233631107549577
1.3178967678412896
1.2308022926668074
1.3205935191231624
1.2349970282667606
1.1136080101564445
1.326880591941442
1.3276346063619062
1.2252732355125204
1.2275184104353636
1.1092231656358547
1.2339692819735948
1.229911835731089
1.3193339317603814
1.3189367955139244
1.3222303965499802
1.1165946106093572
1.2363091299964526
1.2399482501348995
1.322847281652102
1.3195844396962944
1.322714502558713
1.2319683790517761
1.2351438291350991
1.230298117181385
1.316466554843094
1.2403661264639625
1.237414632990552
1.2293221732719806
1.234633720280124
1.3243535659926389
1.318186837361974
1.230094049594293
1.2273857863889606
1.317602948063547
1.3181252745955774
1.2357868672133643
1.230621507542619
1.3276738840285824
1.227200606522457
1.1182940072247054
1.1082827721533188
1.2343767387723057
1.3168806315383896
1.3212448202940328
1.1191548157287519
1.2329193714857392
1.2380765573745995
1.319602306449102
1.3200725592001372
1.2304544729008617
1.2350289473498395
1.3177784741275516
1.1096096785109895
1.2370254677462842
1.232553509500088
1.2370463978788884
1.3261999065308931
1.3249000504719626
1.2288051508783262
1.2263602937463565
1.3201422672567034
1.3185951995778291
1.3233962501288563
1.2341976047520096
1.1103658080865013
1.328260667389173
1.3289300511312547
1.1099430599505709
1.117383610064095
1.1112591593368046
1.3198547200561934
1.3198419337956397
1.2324254035225124
1.3225394354232602
1.2298253070931824
1.2362233940069098
1.2392345953301094
1.3200651008212372
1.3268111224992953
1.233139251133157
1.2331921790004552
1.2324473793933597
1.3186570118464847
1.2380884898998454
1.2258975268480397
1.2389496314468833
1.235160449328718
1.3233660965988887
1.3238753629701603
1.2319404809996704
1.2344016658701347
1.2305618548048225
1.3262152598212498
1.3172484481336315
1.32039630745568
1.2399303929336989
1.2313115577184677
1.3276108049120983
1.3278018551345743
1.2311815732142841
1.1140468832774018
1.109174567926945
1.2318073624418946
1.232587942479942
1.3217652218407092
1.320500916047391
1.3237457189259803
1.2259208402036832
1.228932320532656
1.2357979266606962
1.3194725091844524
1.317889861858372
1.3204012911974843
1.2345653644156265
1.233068624379378
1.230994935919393
1.3180229351048074
1.2325556279746266
1.2270468584537442
1.241337665552626
1.2344823799392906
1.2369303819499253
1.3244269599472227
1.2345200329280153
1.2306333288116673
1.2279642375766744
1.3217619061680312
1.3200972689011385
1.235040967341066
1.2356121326491234
1.327753137755987
1.3267508517076
1.1102765488457162
1.1103169451356782
1.3193211793789281
1.31711582421233
1.3225034268039613
1.2322233468554065
1.3251250535677286
1.2298802864824765
1.236693973961389
1.2339346939586875
1.2361628311146435
1.3194930544052237
1.3276851633287938
1.2366557378309824
1.2338437745592925
1.2341698917489716
1.316973400546436
1.2315973171982655
1.1102471555704352
1.2392095186079715
1.2330747810765104
1.3207381082541358
1.3239764955795335
1.2336774470640435
1.2311820792628279
1.2289286318613257
1.3268916666891992
1.3171769583539503
1.3268529145520123
1.2354967320905879
1.231196282618941
1.3281033185386357
1.326913152372841
1.2321937879114384
1.1208114099508042
