0.4262006660655389
0.3766507837751757
0.39154993989356973
0.38379979443100043
0.4155186473014939
0.40341334926601935
0.4130682763895223
0.43693142483838815
0.3840484076208825
0.42364077787656895
0.3897691041901839
0.3614515692001707
0.3905193792016468
0.3694227907494468
0.39112011755797965
0.2937529441280222
0.4510743202267256
0.3416686897951323
0.3889818813677476
0.4101896269574977
0.39220433967694623
0.40819724143671793
0.3857753126958783
0.36374400404413376
0.4325596814216713
0.32500537533590657
0.3810386459454691
0.3963260555429886
