0.6351564875989062
0.6700839130025602
0.6379088178839847
0.6638720296418967
0.6345922170971245
0.6440947747927449
0.5824727388317011
0.6594057903075207
0.6571128105219534
0.702526951175895
0.6002641584892036
0.5894401658864692
0.6530902358823115
0.6562213767675835
0.6464639165033038
0.7073032608622872
0.648756221679659
0.65180062450789
0.6667885297030846
0.770375582548847
0.5929909902713484
0.7085702466210178
0.6287493549915604
0.6112569589458479
0.6377822008699187
0.656592728780378
0.7029079547150824
0.608176032374897
0.6829307530524985
0.6732702863150423
0.7679331992717278
0.6006316249999852
0.685845024867708
0.5970631866319037
0.6305890303163474
0.5808126998568415
0.6327901624250479
0.6616553071302929
0.609829845992119
0.6232867622650581
0.6818842997779668
0.7661124708711258
0.6445017138972587
0.6616179057148719
0.5830279111627481
0.6516093842765481
0.6192180268666021
0.6416893883357704
0.5988412218790885
0.6082586021417525
0.6579256969220488
0.597054263027432
0.7634946225491521
0.6316537155801148
0.7492912614836432
0.7572181173990478
0.7627479883015448
0.6736665453732856
0.5553041408995615
0.6346916914041304
0.6765646257865544
0.6391449507050888
0.6308643365559213
0.6513011714379351
0.6704797587095894
0.6460803146021172
0.5410644293502236
0.582676754936334
0.7750848937117677
0.6372952518871505
0.7660373792245165
0.6486076656719926
0.6610662866451884
0.6245036274690321
0.593299548320628
0.6575302882308417
0.7057651828783498
0.6581011075999843
0.6591873803997004
0.750877683812396
0.5798908206657357
0.6332786517362193
0.6602847551988721
0.644061435090712
0.6557027152996282
0.626253394636901
0.6626083906874864
0.6568128888515605
0.7625947419232247
0.6230679459541314
0.7569971847161904
0.6054243999391907
0.6562425196069184
0.6039986777403121
0.6922828803414777
0.630785942736737
0.604169135011933
0.707789251502611
0.6412189223627155
0.6343210153572354
0.6096665350397976
0.6862162137928001
0.7627719005594664
0.6231858888874894
0.6635375339939605
0.6157503328319216
0.6862716915985073
0.6174012320842458
0.6237727766163381
0.6901887108472959
0.5930532765520349
0.6118876089262884
0.6477659918675633
0.665091368735145
0.6558418250141261
0.6029566630800577
0.6870944403167615
0.6565244980685068
0.6795732734823626
0.6316786155171159
0.6470927766604743
0.6040803412453958
0.6291334691931494
0.6301136820299912
0.647256310350637
0.6723282574888512
0.7574383350885189
0.6178442720792404
0.5346250590405544
0.6638057988959821
0.6410572185479297
0.6572311125448498
0.6316139551212876
0.7783199102388415
0.70568237369279
0.6006707564052107
0.6371484799071736
0.6277182754095397
0.5848470247269373
0.6361411854827226
0.633390391941665
0.5890264262698633
0.767686233339132
0.6362385776698747
0.607759625
0.6917542115201247
0.6488059019284471
0.6004716249999844
0.5906780621537715
0.6236618596166902
0.6007224789701185
0.6000150395574655
0.6414951689960673
0.6486141976021386
0.5826319430127421
0.687899087777013
0.6089108124999656
0.6285871616837899
0.6210787449321425
0.6735762174093445
0.7701101982175291
0.7777709679797912
0.6056600338247751
0.6466678558120726
0.6867476576226241
0.6809398142768553
0.6493873918711495
0.6145553749997515
0.6332800408559615
0.6663344568703511
0.631387315470306
0.6021550683423952
0.6654334827649618
0.6287122151500464
0.6709679563895343
0.6814135556400068
0.60034075
0.6484875972949267
0.6816927275148856
0.6196483440018916
0.5704565506055143
0.6317267707232941
0.6034132692426395
0.5328278158585379
0.6533669549104711
0.5329233137084426
0.6274238463411482
0.631098951208218
0.5688663544571637
0.5699287300449906
0.6492632626408318
0.6106725624999038
0.5876789158106146
0.6169259375250259
0.6118282703122234
0.6911676854324094
0.652246034025041
0.5915487637227761
0.6361401329134482
0.6846198662389636
0.7569075233984024
0.6508961462355668
0.60072
0.6443606125919946
0.6299162069144153
0.703216084257513
0.5459202873467904
0.6517167352931549
0.6565050400582925
0.7629971436288026
0.6428940584174555
0.63613199272223
0.5953421519500498
0.5354926919311521
0.6364948003447285
0.6321224100597151
0.6511385612002012
0.6332898464679184
0.6347402356922746
0.6536940653976276
0.5912293926882081
0.6768730540856789
0.6477090289949603
0.6282246369322854
0.6545925883365906
0.6199331737354199
0.6434626850829788
0.6049530959659376
0.6523212458508317
0.5817133378929054
0.6095895244964737
0.6704593954480467
0.6521847742365013
0.6651534527889306
0.5533923104279066
0.6710358289027952
0.7495909964319526
0.6533429694712342
0.6589177437055423
0.6374686179799655
0.590216959364126
0.6544196112216779
0.6316143123384831
