0.5443091480510369
0.5506139586354297
0.6111193175745638
0.5964321251003093
0.63457184810855
0.5831124688156796
0.6369498418870277
0.5482350436798397
0.6159243892745043
0.5825220956887167
0.5857144073341702
0.59576926561808
0.5535520764522908
0.5993899889935945
0.6162152221445071
0.5903291334614421
0.6021434714660013
0.5656978445620041
0.5758221611327214
0.5901035476636703
0.6026972499894009
0.5921566700613607
0.5872925364995215
0.5982441073134251
0.5919437269552263
0.6065360565888059
0.5950725247472337
0.553109870811898
0.5426177688639504
0.6544322169542437
0.5434337289830986
0.5573154548049135
0.5532328457798669
0.5866681554528776
0.6338744916948231
0.5935879178793431
0.5845080529275757
0.6450113050017737
0.5459231499324398
0.5949951402832064
0.6159640778281676
0.5890709483632477
0.6117680826075252
0.6017904136875278
0.5417633064633702
0.5937752276913596
0.5964612972348576
0.5926048010351198
0.5799534921587057
0.5613728743462348
0.5960003630844225
0.5670038846614813
0.6165636095827454
0.6554642211289122
0.5976104149500088
0.5829975913107459
0.6008317271792123
0.5980130170438085
0.6056940742279041
0.6015249802957832
0.5424381616024457
0.6423408532284784
0.6309534677439997
0.5337139390297051
0.5411531518300852
0.5698016219816129
0.5950437040615238
0.6282256774775854
0.643622299636568
0.5964115412020093
0.6450255072621189
0.5492113663003981
0.5634575347049899
0.5992556567149919
0.5975898420842416
0.6522667916391194
0.5844119446129669
0.5945037771304023
0.5571550422114349
0.5998260157728963
0.5954620458413811
0.6413196607124418
0.588967521935182
0.5501254740745825
0.5994865104205813
0.5645659579808582
0.6182576916935102
0.5395068333730328
0.6467893059301367
0.5900742036008988
0.6013286009863784
0.6014349832416848
0.6320803480535702
0.5569807299213119
0.5432529352070443
0.6288560619311068
0.6118641016784522
0.5964462480419572
0.590653697037056
0.5442913770786504
0.5606230526134296
0.621109189218488
0.5974856186778882
0.632044387393554
0.6114473201176196
0.6495124386925354
0.6007850963640903
0.6308069077532067
0.6027377335400772
0.5867807198983457
0.5811866344301838
0.627526795851322
0.6261766946490108
0.5434318786134115
0.6065484748801759
0.6078472179838408
0.6049735072011734
0.5973127727229837
0.5507889415233933
0.5873724972337053
0.5928900138976858
0.6214174010391276
0.5982935503767759
0.5917409829001038
0.621303593629095
0.5871018510886177
0.5939381747327155
0.5732576589381951
0.6293912698396414
0.6186193858844187
0.5550450477624629
0.5566534062172189
0.5464898089711252
0.6222527495496282
0.604230868156024
0.5465308983410102
0.5780663259503558
0.587413899132403
0.5801187770887632
0.5945700394581581
0.604748295656768
0.6247465771033207
0.6310039867425107
0.5896219520491803
0.6049198108777212
0.6456653984650684
0.5970547031546483
0.6457128531607639
0.5901906054323278
0.5948761381260712
0.5529443114976635
0.5874045073212044
0.6284018447128167
0.6032599316859429
0.6057787076336836
0.5891794845155274
0.5836684067392851
0.6170717530715663
0.5828009183495538
0.5946655775485321
0.5931422349010773
0.5602585404540398
0.6369093741944204
0.6303150924802715
0.5910499034796988
0.5862668842941973
0.5511889566644375
0.5644855468431622
0.551015888302316
0.6246356308792581
0.6507217921216905
0.5582913175724515
0.5434934208233505
0.553371847042676
0.5880303260143688
0.6070379556376055
0.6267316980483243
0.5882426264804282
0.6402569492996351
0.5492029161618055
0.5786030825708586
0.5384163031135821
0.6022144468495199
0.5795894108120649
0.6284310707627933
0.5892913751946439
0.5460215978152334
0.5821398906220017
0.5884878400862041
0.6015182023150596
0.6284567994705083
0.5395556346872366
0.6052683005240094
0.5469503657014477
0.6019326214721348
0.6086614934278317
0.5956007481591086
0.5921968626412343
0.5970941611966516
0.6186250309163207
0.5987371877807313
0.5427897823394464
0.6325504148213099
0.6238211673111731
0.5339626719453291
0.5544053119629847
0.5478984210821761
0.6254202527177267
0.5916880151693478
0.5947466865526554
0.6314638978003893
0.5990505075844117
0.6183158954955383
0.5546498174853337
0.5501087283574434
0.604385758080022
0.5950403347146427
0.6142109201689343
0.5901433719686342
0.550163462993847
0.5830163548464599
0.6167567791257124
0.5967700920783122
0.5905160573808743
0.5988694679410073
0.5466698919708024
0.6025778655009941
0.5417388808113117
0.5989831013291179
0.6270033172150365
0.5894021250068119
0.5977750115953959
0.5877200658560708
0.6017401355752401
0.633364505149805
0.5974417122738647
0.5837627092116325
0.565685680362993
0.5459772591129117
0.6342524896503248
0.6246780765618847
0.5425041956239633
0.6301255912071689
