0.6233972975197812
0.644992655211977
0.6486709872152674
0.6514079463010503
0.6421184434194249
0.6473700694623657
0.5922426556743011
0.6609004624093302
0.6435502216788587
0.6651259354960949
0.6814909239387523
0.632157568851133
0.6482363179758098
0.6644070184446119
0.6425652552107731
0.6730395995408784
0.651973466558154
0.6439964885379417
0.6251924559406169
0.6605449496291533
0.6506603297907967
0.6923696445935859
0.5981998650518303
0.6103469438826457
0.6457199114151543
0.6437959417777754
0.6606933227865919
0.6040782716193716
0.6565183540003302
0.6587196908090431
0.6815689839770032
0.6455965351965223
0.6558808693803213
0.6086702682276683
0.6187147220938038
0.6405710800752344
0.6422120710840089
0.6439507797359177
0.6532786950113504
0.6342651955902665
0.6206775122337708
0.6796631721403269
0.6639313953515263
0.6460537709239963
0.657199099473929
0.6674097889432217
0.6482278418265224
0.6727117433658837
0.6557047102924292
0.6341127796183816
0.6751584041659008
0.6349002753376485
0.6715668490381324
0.6642570732660912
0.6455542171473437
0.6957730452807573
0.6837124813812392
0.678175724981865
0.6370157292383569
0.6371712015146733
0.665938374474349
0.662798315294392
0.6404532689474803
0.6162983574956459
0.6613396551828544
0.6505508374401403
0.6735505632893996
0.6424532775531415
0.6420672684230568
0.5958777293678318
0.6610895133784154
0.6392252290161303
0.6574951564388299
0.6743170679062578
0.6383559582963445
0.6101305004229038
0.6742755207619839
0.6619345182357386
0.6567332893477533
0.6993805576829812
0.6530778622463547
0.6702425634913982
0.6527003826751632
0.6427100505964172
0.6496078797433427
0.6380764475950229
0.6497695574965925
0.6425049525592823
0.6489901299612615
0.65666518979597
0.6770716502072173
0.6490703249101007
0.6458555917488105
0.639747103969115
0.6527928592541362
0.6488064678884593
0.6508040552524693
0.6832967853242939
0.6629003957774977
0.651268964976209
0.669359369221116
0.6660125554916447
0.6880981466901426
0.651107766012792
0.6645937343437023
0.6379174300188455
0.6541927081010136
0.6199142107491675
0.6528568142936264
0.6177878885109226
0.659623313538255
0.6403922276676106
0.6583439853216893
0.6498483391065062
0.6521065801058
0.6455467693361541
0.6518573907371491
0.6444071526466303
0.6575590213085838
0.6422931699119339
0.6476240169705865
0.6099820422209687
0.6642453915130484
0.6919203993273465
0.6609217817551667
0.6673901188960918
0.6861290743248756
0.6492039583419451
0.6209045085462283
0.6373708306652723
0.6575869934017583
0.6036721632594637
0.6514110343041923
0.6831934378148455
0.7134339308055035
0.6345989535954106
0.6489865822089796
0.6589122991497045
0.6451306418310859
0.6380529793645857
0.6411028064936564
0.635743865899134
0.6521742514317934
0.6531157048510295
0.6520640451716738
0.6627593105481097
0.6613093790224956
0.6512361935121076
0.632522332381569
0.6667323719233381
0.6521241912254958
0.6401978706218563
0.6388986055336888
0.6423944340294034
0.6089029676671364
0.6478680335349721
0.6403287100956752
0.6501160577663113
0.6499766185516459
0.6471267840371221
0.6849422850422788
0.6437471166728813
0.6411984160763032
0.6932871525577633
0.6617222913811556
0.6692588289971033
0.6077226559541146
0.6133403582079704
0.6199581760702788
0.6296663138339632
0.6538377040579166
0.6468329938228341
0.6316848394101352
0.6123244116163967
0.6214455136080039
0.6626029123015136
0.6726343481039556
0.6624275729894467
0.6418701988527005
0.6379002570356724
0.6256945064441495
0.605266663879172
0.6347424078028338
0.6530864359307806
0.6593848846334986
0.6165514401503264
0.6455994582845508
0.6557499915839256
0.6457500150774792
0.623264096524462
0.6515504066202866
0.6429074593598841
0.6454071461023987
0.6388298052897166
0.6181959397767304
0.6606268245269799
0.659155482234058
0.6611019318490329
0.6432904917249094
0.6148630348780114
0.6707654265429411
0.6371941546202476
0.5985008575031525
0.6550555544710617
0.6142122033818419
0.6655300946795569
0.6345700192527975
0.6736532245032203
0.6628799553800795
0.6498525470974799
0.6384519690369364
0.6509820546530434
0.6064409991689899
0.634767521330008
0.6458338232640031
0.6396001576876187
0.6011159431292757
0.6123737085373907
0.6553760471384549
0.6583729106405011
0.6428937700385458
0.6450002792663336
0.6460898485036184
0.6429933053836362
0.6571480258640394
0.6476174039778533
0.6629301422551365
0.6413924739072525
0.6490585413049978
0.6033314338401965
0.647658363554201
0.7083202001168967
0.6150205089238394
0.6507513968178182
0.6346926927407844
0.6617227490396863
0.6637320131002044
0.6129274510371039
0.6150029970169706
0.653558682210045
0.6550086352745847
0.6529256036290054
0.6508092989301174
