1.0659337043762207
1.0938596725463867
0.9125478267669678
1.4845402240753174
1.0567221641540527
0.8974025249481201
1.1300139427185059
1.1308674812316895
1.106860876083374
1.1926207542419434
1.1970727443695068
1.0616211891174316
0.8674561977386475
1.071484088897705
1.329627513885498
1.4815542697906494
0.9965550899505615
1.266294240951538
1.1344146728515625
1.2453649044036865
1.1486756801605225
1.3299012184143066
0.9776749610900879
1.0212244987487793
1.5552494525909424
1.358269453048706
1.2219536304473877
1.2553105354309082
1.0976293087005615
1.29557204246521
1.1511554718017578
1.255866289138794
0.8892827033996582
1.3045430183410645
1.1424312591552734
1.0213167667388916
1.1013309955596924
1.1434147357940674
1.1722784042358398
1.2308135032653809
1.1258790493011475
1.0943305492401123
1.2856814861297607
1.1963536739349365
1.124427080154419
1.189371109008789
1.2428791522979736
1.0867159366607666
1.0911622047424316
1.2076311111450195
1.1236073970794678
1.1048150062561035
1.1700546741485596
1.3892509937286377
1.2814116477966309
1.2392983436584473
1.1230556964874268
1.1063053607940674
1.3088459968566895
1.0891194343566895
1.1469707489013672
1.1405386924743652
1.2358202934265137
1.1403214931488037
1.254791498184204
1.113623857498169
1.1351726055145264
1.1790273189544678
1.1512579917907715
1.054429054260254
1.490966558456421
1.2288436889648438
1.279331922531128
1.0440590381622314
1.163151741027832
1.158083438873291
1.1499733924865723
1.0064458847045898
1.0543770790100098
1.2983314990997314
1.0754051208496094
1.2018187046051025
0.7900538444519043
0.9889063835144043
1.0713913440704346
1.0468952655792236
1.1140978336334229
0.7744240760803223
1.4707906246185303
0.9503207206726074
1.0449774265289307
1.1231141090393066
1.1722543239593506
1.2315993309020996
1.1939961910247803
1.3355917930603027
1.1853785514831543
0.8676247596740723
1.5107736587524414
1.1490607261657715
1.1490590572357178
1.1369612216949463
1.2271790504455566
1.4773616790771484
0.9093327522277832
1.0016365051269531
1.1406495571136475
1.0153241157531738
1.3005716800689697
1.0466949939727783
1.1763441562652588
1.4232559204101562
0.8948898315429688
1.5854947566986084
1.2268481254577637
1.414508581161499
1.4846453666687012
1.0045578479766846
1.1575334072113037
1.5118274688720703
1.1805305480957031
1.6164116859436035
1.2322707176208496
0.8212261199951172
0.7941956520080566
0.9617881774902344
1.4266245365142822
1.167863368988037
1.3435378074645996
1.2492561340332031
1.1056981086730957
1.1739447116851807
1.3107948303222656
1.1665773391723633
1.6701838970184326
1.1247141361236572
1.1108455657958984
1.504669189453125
1.2172646522521973
1.5826611518859863
1.3118724822998047
1.4029436111450195
1.3662934303283691
1.480475902557373
1.3103890419006348
1.1408779621124268
1.2726359367370605
1.393423318862915
1.4830567836761475
1.785963535308838
1.3157079219818115
1.1040863990783691
1.033400535583496
1.0289533138275146
1.2164742946624756
1.1762068271636963
1.2043542861938477
1.3694040775299072
1.253704309463501
1.1031527519226074
1.206176996231079
1.0955836772918701
1.0439338684082031
1.1547627449035645
1.3713538646697998
1.3422467708587646
1.1558830738067627
0.8936121463775635
1.4267325401306152
1.4230270385742188
1.2675375938415527
1.4962115287780762
1.5008933544158936
1.0847573280334473
0.9657466411590576
1.2079033851623535
1.0674102306365967
1.1594974994659424
1.1495916843414307
1.2911794185638428
1.0957927703857422
0.8756914138793945
1.0503580570220947
1.1236999034881592
1.2092597484588623
1.2022185325622559
1.1564373970031738
1.519435167312622
0.90976881980896
0.9762203693389893
1.4080195426940918
1.1448004245758057
1.1172583103179932
1.1619868278503418
1.1385645866394043
1.3567171096801758
1.308603048324585
1.1888024806976318
1.2132396697998047
1.4035661220550537
1.3018717765808105
1.3566443920135498
1.2212345600128174
0.883211612701416
1.498415470123291
1.4549596309661865
1.5006043910980225
1.6148509979248047
1.1709568500518799
1.140571117401123
1.1684927940368652
1.1895601749420166
1.0550010204315186
1.3380424976348877
1.334658145904541
1.349008560180664
1.4663479328155518
1.3854584693908691
1.2994680404663086
1.1808791160583496
1.2459042072296143
1.008763074874878
1.431488037109375
1.183872938156128
1.3466060161590576
1.000887155532837
1.249154806137085
0.8603024482727051
1.1011128425598145
1.4486582279205322
1.5205411911010742
1.4198524951934814
0.9147627353668213
1.4655883312225342
1.432892084121704
1.0435264110565186
1.31943678855896
1.1596157550811768
0.9370439052581787
0.846904993057251
1.126051664352417
1.162907361984253
1.4188029766082764
1.068387508392334
1.4210400581359863
1.1477468013763428
0.995854377746582
1.094641923904419
1.518775463104248
0.8116300106048584
1.1127066612243652
1.2999463081359863
1.0331699848175049
1.2051889896392822
1.0782291889190674
1.1781983375549316
1.4003021717071533
1.1721653938293457
1.3964791297912598
0.9514904022216797
1.289853572845459
0.9654812812805176
1.3070106506347656
1.0871813297271729
1.4358227252960205
1.3713257312774658
1.1901006698608398
1.0755314826965332
1.2801072597503662
1.127079725265503
0.8850457668304443
1.1671123504638672
0.8997571468353271
1.1333985328674316
1.3700332641601562
1.2175259590148926
1.2361817359924316
1.5880348682403564
1.2402210235595703
1.1028432846069336
0.9438331127166748
1.1412990093231201
1.0145676136016846
1.0810213088989258
1.0700547695159912
1.3322110176086426
1.271843671798706
1.1214075088500977
0.926938533782959
1.0610966682434082
1.6538300514221191
1.741988182067871
1.826719045639038
1.0869648456573486
1.2942523956298828
1.176060676574707
1.0719099044799805
0.8456673622131348
1.1017959117889404
1.0083181858062744
1.1551172733306885
1.076422929763794
1.421196699142456
0.9692461490631104
1.4114995002746582
1.2238197326660156
0.9415264129638672
1.0122179985046387
1.267195463180542
1.1950881481170654
1.0546841621398926
1.2265102863311768
1.1812381744384766
1.319507122039795
0.9799716472625732
0.8984520435333252
0.8728795051574707
1.2650740146636963
1.0574085712432861
1.2668437957763672
1.0059239864349365
1.5541212558746338
1.4421570301055908
1.0255718231201172
0.9333996772766113
1.1785240173339844
1.0322413444519043
1.1157927513122559
1.0253238677978516
1.1686317920684814
1.1558198928833008
1.1217715740203857
1.2616641521453857
1.1734344959259033
1.5077896118164062
1.344928503036499
1.711632490158081
1.4011528491973877
0.9140429496765137
1.4366357326507568
1.6251742839813232
1.1495404243469238
1.1023294925689697
1.3476388454437256
1.1314902305603027
1.1755871772766113
1.0556190013885498
1.3572001457214355
1.295649528503418
1.718998670578003
1.230757474899292
1.1841065883636475
1.5448834896087646
1.266831874847412
0.8985738754272461
0.8148136138916016
1.316920280456543
1.1623857021331787
1.2306334972381592
1.2731268405914307
1.0486478805541992
0.9942626953125
1.0806238651275635
1.7017898559570312
1.2268402576446533
1.0789070129394531
1.2708144187927246
1.1387441158294678
1.2281684875488281
1.1575305461883545
1.171452283859253
1.1564569473266602
1.1659729480743408
1.5269057750701904
1.1600079536437988
1.186237096786499
1.349714756011963
1.1501445770263672
1.304605484008789
1.1858251094818115
1.2932820320129395
1.1532199382781982
1.1636545658111572
1.1671998500823975
1.1234276294708252
1.221647024154663
1.3132553100585938
1.2504737377166748
1.1743345260620117
1.1660327911376953
1.1751456260681152
1.1119160652160645
1.198862075805664
1.1809139251708984
1.2060036659240723
1.1034715175628662
1.1260085105895996
1.187755823135376
1.1911664009094238
1.2035682201385498
1.2541427612304688
1.3491084575653076
1.1668860912322998
1.0802216529846191
1.284308910369873
1.149839162826538
1.5577538013458252
1.254507064819336
1.2137565612792969
1.0893714427947998
1.1546096801757812
1.1684226989746094
1.11594557762146
1.1471290588378906
1.213632583618164
1.162992238998413
1.088857650756836
1.2997241020202637
1.215336799621582
1.2474360466003418
1.113832712173462
1.2641222476959229
1.285048246383667
1.2297210693359375
1.1485767364501953
1.2701003551483154
1.0513479709625244
1.1325962543487549
1.1331522464752197
1.249147653579712
1.1196258068084717
1.083085298538208
1.1049487590789795
1.156078577041626
1.1160833835601807
1.1104395389556885
1.1588151454925537
1.14357328414917
1.2029621601104736
1.1776759624481201
1.156855583190918
1.1901323795318604
1.1802785396575928
1.3041541576385498
1.1143693923950195
1.5285227298736572
1.1151466369628906
1.2650704383850098
1.1864252090454102
1.3140299320220947
1.1850614547729492
1.0493829250335693
1.202366828918457
1.1300482749938965
1.1914725303649902
1.053218126296997
1.122323989868164
1.19337797164917
1.1684393882751465
1.0839943885803223
1.0339171886444092
1.495394229888916
1.1299302577972412
1.131809949874878
1.1071102619171143
1.0709407329559326
1.0997579097747803
1.1445915699005127
1.127037525177002
1.2409076690673828
1.1299192905426025
1.1766488552093506
1.2682931423187256
1.0833024978637695
1.1260907649993896
1.1321454048156738
1.0696203708648682
1.2377715110778809
1.1484477519989014
1.1637308597564697
1.19309401512146
1.2843594551086426
1.259685754776001
1.2977221012115479
1.3190662860870361
1.2957565784454346
1.3844668865203857
1.3053252696990967
1.3735198974609375
1.301483392715454
1.340423345565796
1.3365263938903809
1.1970162391662598
1.2867460250854492
1.1224303245544434
1.1601474285125732
1.3548901081085205
1.1526451110839844
1.1476190090179443
1.1321122646331787
1.0545539855957031
1.1491780281066895
1.0620243549346924
1.1727449893951416
1.1533384323120117
1.1842739582061768
1.3906209468841553
1.3239965438842773
1.4220199584960938
1.5470516681671143
1.1505417823791504
1.1203038692474365
1.3928139209747314
1.3055238723754883
1.1230924129486084
1.4164280891418457
1.269127368927002
1.2116525173187256
1.11905837059021
1.1315035820007324
1.165384292602539
1.232093095779419
1.0232994556427002
1.293400764465332
1.3387451171875
1.1331889629364014
1.1436874866485596
1.2955129146575928
1.1124460697174072
1.3612580299377441
1.185333251953125
1.2761056423187256
1.2192540168762207
1.319746494293213
1.3734545707702637
1.2316837310791016
1.2542593479156494
1.0950884819030762
1.1451902389526367
1.1305208206176758
1.145414113998413
1.076996088027954
1.2707297801971436
1.2805538177490234
1.1381034851074219
1.104706048965454
1.0885119438171387
1.0297737121582031
1.1322262287139893
1.349496603012085
1.1301236152648926
1.1077988147735596
1.2678303718566895
1.1836578845977783
1.1032941341400146
1.1342754364013672
1.1285264492034912
1.1499180793762207
1.1181292533874512
1.1695454120635986
1.2956938743591309
1.0332129001617432
1.0913605690002441
1.1176207065582275
1.2009508609771729
1.4871742725372314
1.1707565784454346
1.1849901676177979
1.1704978942871094
1.2662639617919922
1.1764123439788818
1.388247013092041
1.1020667552947998
1.6231722831726074
1.2507939338684082
1.289313554763794
1.1969635486602783
1.163966178894043
1.1740336418151855
1.2157115936279297
1.1129343509674072
1.1752164363861084
1.498993158340454
1.126680850982666
1.1058156490325928
1.2996389865875244
1.1105282306671143
1.0934102535247803
0.9788987636566162
1.2685225009918213
1.0957534313201904
1.3416390419006348
1.1751291751861572
0.9982132911682129
1.1146228313446045
0.9540622234344482
1.0279357433319092
1.3048057556152344
1.1042871475219727
1.1265687942504883
1.100893497467041
0.9919354915618896
1.0604314804077148
1.1732165813446045
1.0864486694335938
1.1290924549102783
1.0058913230895996
1.6190221309661865
1.0933492183685303
0.9597771167755127
1.0561013221740723
1.154836654663086
1.1012978553771973
1.1226248741149902
1.1484756469726562
1.292280673980713
1.0696487426757812
1.0773725509643555
1.130875587463379
1.093754768371582
1.4451959133148193
0.9946572780609131
1.2412984371185303
1.0298004150390625
1.060624599456787
1.0691301822662354
1.6302175521850586
1.0861833095550537
1.1089272499084473
1.0866258144378662
1.1255102157592773
1.1067073345184326
1.00624418258667
1.0309762954711914
1.086672306060791
1.1182568073272705
1.1201591491699219
1.1234512329101562
1.0844223499298096
1.1236798763275146
0.9984345436096191
1.2218191623687744
1.5686120986938477
1.1686654090881348
1.041694164276123
1.346949577331543
1.1768834590911865
1.0924286842346191
1.2536039352416992
1.0829744338989258
1.3766279220581055
1.2250349521636963
1.1329188346862793
1.1665186882019043
1.217581033706665
1.2826271057128906
1.078735113143921
1.251035213470459
1.192140817642212
1.189011812210083
1.106886625289917
1.1116015911102295
1.0901710987091064
1.3140957355499268
1.102083444595337
0.956840991973877
1.2251603603363037
1.055964469909668
1.4712409973144531
1.088834524154663
1.0665547847747803
1.4608252048492432
1.2047760486602783
1.0729196071624756
1.2524898052215576
1.2761902809143066
1.1062397956848145
1.1403214931488037
1.1072382926940918
1.1090834140777588
1.135810375213623
1.1033802032470703
1.0705246925354004
1.0767593383789062
0.9521245956420898
1.0404376983642578
0.9969348907470703
1.0904133319854736
1.2513527870178223
1.0988569259643555
1.0675907135009766
1.0375313758850098
1.0933122634887695
1.1159372329711914
1.0871427059173584
1.2191555500030518
1.2111716270446777
1.1730577945709229
1.1444978713989258
1.1175239086151123
1.1098766326904297
1.235508918762207
1.6485226154327393
1.1112897396087646
1.0879054069519043
1.0750925540924072
1.2768433094024658
1.1282706260681152
1.088925838470459
1.7124617099761963
1.2144622802734375
1.095501184463501
1.1854698657989502
1.0453081130981445
1.20172119140625
1.1218321323394775
1.0630459785461426
0.9516537189483643
1.173062801361084
1.2822883129119873
1.124316930770874
1.0942738056182861
1.1468806266784668
1.0419197082519531
1.108173131942749
1.150733470916748
1.0767674446105957
1.1488077640533447
1.242189884185791
1.089735984802246
0.9868042469024658
1.2461936473846436
0.9997224807739258
1.0492162704467773
1.0993821620941162
1.0923128128051758
1.0269968509674072
1.068692684173584
1.1513001918792725
1.0980124473571777
1.0993235111236572
1.6985807418823242
1.1336236000061035
1.0991950035095215
1.2253458499908447
1.052785873413086
1.0927209854125977
1.6967852115631104
1.4564847946166992
1.7110059261322021
1.245560884475708
1.152047872543335
1.0151488780975342
1.1909575462341309
1.168682336807251
1.0930404663085938
0.9724760055541992
1.08074951171875
1.1364047527313232
1.13289475440979
1.2489080429077148
1.2735705375671387
1.0271904468536377
1.043917179107666
1.0736229419708252
1.1856684684753418
1.2120137214660645
1.0899848937988281
1.120790958404541
1.1299984455108643
1.0927433967590332
1.2602448463439941
1.1300733089447021
1.309422254562378
1.1200106143951416
1.034529209136963
1.1113147735595703
1.0226609706878662
1.1076197624206543
1.0936477184295654
1.1212921142578125
1.1945083141326904
1.1343114376068115
1.0673789978027344
0.9939937591552734
1.0737800598144531
1.0996499061584473
1.100569725036621
1.2848317623138428
1.051624059677124
1.0644476413726807
1.0751633644104004
1.1123981475830078
1.127070426940918
1.0556442737579346
1.1074318885803223
1.0996429920196533
1.1167709827423096
1.0783472061157227
1.0963988304138184
1.1254301071166992
1.1239945888519287
1.0682506561279297
1.0539426803588867
1.089118242263794
1.155078411102295
1.4508118629455566
1.1382198333740234
1.2461204528808594
1.2663519382476807
1.273535966873169
1.3509697914123535
1.3359696865081787
1.4765434265136719
1.468843698501587
1.1877377033233643
1.1100883483886719
1.3287041187286377
1.1544203758239746
1.1202373504638672
1.1585052013397217
1.165794849395752
1.222259283065796
1.179112434387207
1.152055025100708
1.1356351375579834
1.4486675262451172
1.0900936126708984
1.148463249206543
1.0643997192382812
1.2559607028961182
1.0690643787384033
1.111992359161377
1.056586742401123
1.2389130592346191
1.1176245212554932
1.2388348579406738
1.0615956783294678
1.1480286121368408
1.0034496784210205
0.9759526252746582
1.0512008666992188
1.08902907371521
1.1160969734191895
1.2409613132476807
1.1788403987884521
1.084038257598877
1.1028556823730469
1.0703465938568115
1.0866045951843262
0.98634934425354
1.0285072326660156
1.1443703174591064
1.0627572536468506
0.9522004127502441
1.725111722946167
1.1316676139831543
1.0967156887054443
1.0776288509368896
1.1352574825286865
1.0911376476287842
1.1488111019134521
1.345149040222168
1.0483765602111816
1.134617567062378
0.9728202819824219
1.1239910125732422
1.4525773525238037
1.1117570400238037
1.1931266784667969
1.0298657417297363
1.0853898525238037
1.0849006175994873
1.7541322708129883
1.0159118175506592
1.084392786026001
1.1422362327575684
1.1369540691375732
1.0909574031829834
1.085334062576294
1.1081933975219727
1.1815640926361084
1.0852181911468506
1.1322886943817139
0.9674057960510254
0.9997339248657227
1.1032075881958008
1.0848703384399414
1.060760736465454
1.1917541027069092
1.2505979537963867
1.074725866317749
1.0820050239562988
1.1872427463531494
1.024724006652832
1.1649885177612305
1.2884459495544434
1.118159532546997
1.1546568870544434
1.0828588008880615
1.1468923091888428
1.1539111137390137
1.1140215396881104
1.1325132846832275
1.1505060195922852
0.9750657081604004
1.102452278137207
1.4786477088928223
1.1421842575073242
1.1191325187683105
1.2643725872039795
1.0564758777618408
1.445329189300537
1.0502138137817383
1.2204794883728027
1.6005187034606934
1.3467249870300293
1.300257682800293
1.202439546585083
1.3233342170715332
1.3537235260009766
1.2536470890045166
1.213895559310913
1.2439112663269043
1.079693078994751
0.9370031356811523
1.1514904499053955
1.123685598373413
1.1886792182922363
1.119361162185669
1.4377551078796387
1.0351269245147705
1.047196865081787
1.2817888259887695
1.153364658355713
1.1808631420135498
1.1071937084197998
1.163970947265625
1.1651432514190674
1.188901424407959
1.1654925346374512
1.2266297340393066
1.258554458618164
1.1908700466156006
1.0589337348937988
1.1067473888397217
1.1447055339813232
1.2481529712677002
1.731640338897705
1.1330726146697998
1.1743252277374268
1.1687023639678955
1.2477517127990723
1.0716581344604492
1.0822806358337402
1.2022626399993896
1.1225388050079346
0.9648764133453369
1.0922157764434814
1.317276954650879
1.153562307357788
1.3404934406280518
1.1559689044952393
1.0911099910736084
1.0892283916473389
1.1103520393371582
1.190387487411499
1.087017297744751
1.0811469554901123
1.238826036453247
1.1218461990356445
1.091599941253662
1.1436614990234375
1.1416082382202148
1.1975338459014893
1.0957810878753662
1.1704092025756836
1.2866942882537842
1.0927631855010986
1.1320874691009521
1.1355016231536865
1.098926305770874
1.1485459804534912
1.1112136840820312
1.1497814655303955
1.0964269638061523
1.1002187728881836
1.7215006351470947
1.1730170249938965
1.2674167156219482
1.1064095497131348
1.8053598403930664
1.412642002105713
1.7423393726348877
1.2923505306243896
1.102369785308838
1.1059424877166748
1.045337200164795
1.1066792011260986
1.2060511112213135
1.1953909397125244
1.2119026184082031
1.1937651634216309
1.1312711238861084
1.244309902191162
1.154792308807373
1.0903527736663818
1.1077611446380615
1.2840216159820557
0.9989688396453857
1.1593546867370605
1.2973575592041016
1.122840404510498
1.1171584129333496
1.1097705364227295
1.1541368961334229
1.0808067321777344
1.2019598484039307
1.3419899940490723
1.1233563423156738
1.0711147785186768
1.0289044380187988
1.086080551147461
1.1506173610687256
1.1175706386566162
1.0939879417419434
1.2369840145111084
1.1282310485839844
1.0877604484558105
1.0139727592468262
1.0872347354888916
1.0820949077606201
1.3305811882019043
1.0421032905578613
1.1225495338439941
1.135798692703247
1.2577710151672363
1.0631790161132812
1.1226208209991455
0.9463739395141602
1.112952470779419
1.1084740161895752
1.7398011684417725
1.1073129177093506
1.2512738704681396
1.1288549900054932
0.9551651477813721
1.0990893840789795
1.0485212802886963
1.1428625583648682
1.4501912593841553
1.1067595481872559
1.1494064331054688
1.243462085723877
1.1136760711669922
1.1308729648590088
1.0917024612426758
1.1973040103912354
1.1342921257019043
1.125427484512329
1.3017287254333496
1.1393256187438965
1.072012186050415
1.1270363330841064
1.0819511413574219
1.1796796321868896
1.090963363647461
1.1619024276733398
1.1529695987701416
1.4508872032165527
1.117983102798462
1.0817103385925293
1.2681641578674316
1.0739774703979492
1.0911860466003418
1.072629451751709
1.2684731483459473
1.0421152114868164
1.3589038848876953
1.073192834854126
1.1050598621368408
0.9435751438140869
1.1104776859283447
1.198575735092163
1.1109442710876465
1.1439802646636963
1.2614552974700928
1.2536959648132324
1.140322208404541
1.1402273178100586
1.0300097465515137
1.015984296798706
1.0593674182891846
1.2217793464660645
0.9825849533081055
1.1753499507904053
1.1316311359405518
1.2053217887878418
1.7732124328613281
1.1647226810455322
1.260613203048706
1.1483802795410156
1.3042924404144287
1.2610294818878174
1.3734183311462402
1.1637868881225586
1.5264601707458496
1.0866289138793945
1.1825952529907227
1.1755192279815674
1.0679776668548584
1.0379297733306885
1.478389024734497
1.2002410888671875
1.3409416675567627
1.1153976917266846
1.0759639739990234
1.0976874828338623
1.7543869018554688
1.106233835220337
1.1277861595153809
1.122281789779663
1.160743236541748
1.0734460353851318
1.0217068195343018
1.0712361335754395
1.2695682048797607
0.991081953048706
0.9892966747283936
1.1984169483184814
1.0416202545166016
1.0652618408203125
1.2812902927398682
1.0459296703338623
1.2578330039978027
1.2044365406036377
1.0889031887054443
1.1191561222076416
1.1915631294250488
1.111501932144165
1.1723897457122803
1.3181264400482178
1.163240909576416
1.1835718154907227
1.14664626121521
1.1645781993865967
1.1310575008392334
1.0166027545928955
1.0964322090148926
1.1549997329711914
1.122579574584961
1.1526434421539307
1.4883904457092285
1.1857433319091797
1.1356675624847412
1.2359251976013184
1.042163372039795
1.4919066429138184
1.1344077587127686
1.0997447967529297
1.484783411026001
1.0986618995666504
1.1231937408447266
1.2971405982971191
1.3144335746765137
1.1542508602142334
1.1423263549804688
0.9775607585906982
1.0494508743286133
1.0547492504119873
1.1485977172851562
1.133803129196167
1.0372629165649414
1.1220297813415527
1.06148099899292
1.1066510677337646
1.1019871234893799
1.4635121822357178
1.1136982440948486
1.061788558959961
1.2348251342773438
1.1223602294921875
1.1452274322509766
1.1791315078735352
1.1416022777557373
1.0696473121643066
1.1189041137695312
1.2090322971343994
1.2664480209350586
1.292283535003662
1.128303050994873
1.1842741966247559
1.179699182510376
1.2622790336608887
1.701678991317749
1.1410632133483887
1.1395673751831055
1.1788625717163086
1.2603135108947754
1.053022861480713
1.1049280166625977
1.1547324657440186
1.3040337562561035
1.1117687225341797
1.2416985034942627
1.1429567337036133
1.0283331871032715
1.2145545482635498
1.2743849754333496
1.0917768478393555
1.0493640899658203
1.2438108921051025
1.1400203704833984
1.226243257522583
1.141669750213623
1.2121009826660156
1.2154505252838135
1.2494256496429443
1.1133537292480469
1.1718311309814453
1.3663396835327148
1.1542367935180664
1.1024236679077148
1.0902431011199951
1.139070749282837
1.138139009475708
1.109978437423706
1.2214510440826416
1.1593067646026611
1.1974809169769287
1.781813144683838
1.1574110984802246
1.206756353378296
1.1941030025482178
1.112969160079956
3.3517236709594727
2.768094301223755
2.6939923763275146
1.4503366947174072
1.1475121974945068
1.1192355155944824
1.3621537685394287
1.2319655418395996
1.106356143951416
1.2029492855072021
1.1737456321716309
1.238206148147583
1.3502671718597412
1.4437596797943115
1.2064554691314697
1.291327714920044
1.1721680164337158
1.3372223377227783
1.2539865970611572
1.211390733718872
1.304809331893921
1.2221181392669678
1.1863253116607666
1.1784937381744385
1.179091453552246
1.342632532119751
1.0878441333770752
1.3735203742980957
1.0496826171875
1.1533613204956055
1.204704999923706
1.3556852340698242
1.5493650436401367
1.1776819229125977
1.2410976886749268
1.2186298370361328
1.2166130542755127
1.1598236560821533
1.2119317054748535
1.2831368446350098
1.6282298564910889
1.382457971572876
1.2939958572387695
1.1386816501617432
1.3081424236297607
1.0313827991485596
1.155930995941162
1.0875515937805176
1.2693042755126953
1.1310431957244873
1.8338751792907715
1.1331918239593506
1.1300733089447021
1.0771009922027588
1.082369327545166
1.150237798690796
1.1046879291534424
1.1805346012115479
1.4919207096099854
1.153799057006836
1.1983928680419922
1.193969488143921
1.1390964984893799
1.1571407318115234
1.1364820003509521
1.1694002151489258
