0.2934218785647787
0.26483946270491926
0.3142307695006456
0.27120604761423545
0.29039026183570027
0.34258964105199874
0.325046904118432
0.28610822203430686
0.30008568186250284
0.3581519007706608
0.3058732517031121
0.26628707909164917
0.4115204873385836
0.3381965272220888
0.3913471870702717
0.39897404625829047
0.30064343506255964
0.3741252408263164
0.34918219431472797
0.4567938064076452
0.3453561060843092
0.4068153743523636
0.36325815205673395
0.2802696137397753
0.27743069661262115
0.3355277704550673
0.3607735524833909
0.30398920865852547
0.2751877570522292
0.32813293834041424
0.37683805336224996
0.28853031885861924
0.32393407882483516
0.26781714044728444
0.35426416367957975
0.2553574554254403
0.26968684532564946
0.4318033336697542
0.22946356627984693
0.3439395493728432
0.31702675581118545
