0.4363672312660543
0.4294336876068508
0.4384704580497207
0.4301979485655024
0.44595471826523353
0.3937474864109923
0.40173353508696874
0.4220530740092414
0.4151541475572343
0.4288878639125342
0.3880499478359193
0.3920396079925247
0.40920021375050586
0.3909054215362991
0.36765650292203744
0.32068423766932086
0.4077012960034213
0.4558736217182827
0.4002606648763401
0.4464516938411153
0.38348682286370267
0.4047107973651164
0.4008301119014365
0.44993277291470607
0.4183903587935376
0.4220743885940969
0.4238063723068026
0.39263851094820557
0.39542666599123105
0.3854109323106583
0.45038550301843394
0.4016932388559369
0.5399862531594234
0.395613670745114
0.42135157573843185
0.4111752899487706
0.34056336376741914
0.4168696603114857
0.4158595525820453
0.38394884542205443
0.4643610788953595
0.412907564007856
0.441021151544973
0.42370550563505416
0.41512342562541
0.4105334342252096
0.447516792767955
0.40519930821103434
0.40202273943199873
0.3943426072423899
0.4190379221312641
0.39397454189163117
0.3427468059071978
0.3935860885614989
0.4363824835814625
0.4650644118396439
0.4353580206658184
0.31000292263134455
0.39075759812137045
0.4639833207322147
0.37370280256475125
0.3834647658294526
0.373941044027171
0.3818782552025901
0.3733921205709827
0.46684297284405135
0.3944267602620558
0.46118882130024147
0.4681302257771253
0.3874626068181799
0.473312300307972
0.40133297599730156
0.3908321612886737
0.41202878044314534
0.41984406474837577
0.43363168564511556
0.3961126500873413
0.35980359127253914
0.4091098758160929
0.4379111023481861
0.3987572461422817
0.43570061694152495
0.4754188653115532
0.443371578016285
0.3780339808491287
0.402339220405206
0.4368251978713025
0.4178763685171165
0.3855419973149622
0.41940903409355074
0.4200867719828011
0.43432153658544476
0.4106374983477967
0.40443882562875344
0.3689784280970714
0.44380458926423094
0.4314636267204662
0.40395486349803433
0.3804735094900998
0.47093898291490144
0.3893491098647188
0.39451619035395014
0.47108693176700983
0.42177406690987257
0.4036808371847337
0.4248282021089588
0.38580979379505154
0.3925176331267126
0.37847148230589955
0.4234075090514463
0.38997090595359873
0.4345606717725954
0.46234385058035904
0.4716652043430857
0.40312163452837657
0.37430768627003796
0.366934635461017
0.3094963175562617
0.4511222032357014
0.4330730992912968
0.4440016803303485
0.47091150485327776
0.39640607011035695
0.36710939951869637
0.396913084581883
0.37595140779141
0.40737648023492284
0.4328906870264182
0.31836073907414286
0.4549475861027605
0.4792223303279673
0.4287706695847815
0.41157319082279675
0.40724841217726526
0.5220969639218676
0.4164864242589515
0.4728463338942995
0.43797817548961915
0.41212423635705764
0.4822078807887238
0.40276290002972803
0.4501243845866221
0.3982748235884118
0.39466265570748527
0.4102472664509418
0.4602981556442769
0.40482152144761413
0.33078423080728603
0.422093463815467
0.4401420651844481
0.37813837732786626
0.42153727615596764
0.4040967007586599
0.424634549815362
0.40505621923307544
0.3869641783468535
0.4066073074852532
0.4236999821251304
0.34976074018608494
0.39315357367823944
0.4209739037341692
0.42168067468473847
0.399784062374101
0.38370306381414543
0.4195118378216419
0.40278569365719846
0.37077618987843336
0.4311147002825855
0.43665190687768285
0.39811709056001954
0.4097584168901627
0.3425246215768152
0.3883486538777655
0.4293452815111625
0.40194020719596446
0.4720914555701922
0.4505793091272859
0.4154032553046467
0.43140868279134953
0.45838094945030083
0.396993587054298
0.4629249050123766
0.3929203392956309
0.404070506690445
0.3048681137396822
0.435057734078787
0.4214568821210431
0.3942519288063877
0.4024839364660074
0.404454659942982
0.38946515475675736
0.4275217976578959
0.409274813340811
0.39169178988949005
0.3932448134855192
0.3700635066348663
0.42171361252089223
0.4107622564165998
0.44535557228136124
0.387111206489717
0.4065404404716574
0.43214413810258645
0.4535645187074655
0.42650237957548437
0.40775091665407515
0.43195477034397733
0.3871499598612482
