0.0704874990046418
0.07688634495194598
0.07582758491364736
0.08166109417935162
0.08121301665118626
0.1146639825663413
0.0941113100253104
0.08967628587289865
0.08100815539270119
0.08428584297103839
0.07753681193694517
0.0707565211707994
0.06470006361815712
0.0833801466471416
0.08445332266357451
0.07787034870110422
0.07669312639022657
0.0749552564990709
0.07906454716478975
0.08114465296555463
0.07268022584358426
0.08173719363868016
0.08198285670419506
0.07484420251084181
0.083415543719797
0.08356448439779839
0.06796964973284124
0.0893458850586554
0.07478953887105308
0.08176909342370646
0.07618251745682561
0.08059551041131684
0.10413114938659208
0.12580261924027086
0.09076849160994381
0.09675193481350244
0.08883882669699093
0.08160387258874947
0.09229340192937627
0.07896041889878905
0.09884590699033399
0.06468122703255834
0.09134152137747412
0.07668856067557919
0.09212040977533735
0.07889901958506282
0.07794486537415099
0.08487994469756249
0.08055249545143525
0.07437029340995722
0.07779085278198555
0.09074427664945806
0.07599926261204593
0.08203759765154175
0.08326156815745447
0.06645064509211565
0.0848594839399171
0.06657970949746883
0.08213808722021129
0.07451920040561023
0.07672032607056725
0.07441906438883786
0.08145999729292136
0.09274253697337626
0.09987869342739211
0.09551571289931027
0.09147773518642012
0.07435599415742933
0.08460024251228221
0.08129769529758761
0.08315556229551892
0.08164374254321459
0.09566054289768314
0.06296963653676368
0.08606837072361931
0.07707756576630743
0.07692672835176959
0.07953692139802376
0.08129505147142194
0.08543494252228293
0.07850285902611065
0.08366081113827788
0.08340310785021814
0.06806706115317257
0.07590935975398369
0.07301040247480524
0.0867767468208962
0.07666088356297815
0.07732284547976168
0.0734371745981713
0.0806059122431777
0.0889092479866311
0.10155288783410976
0.09844165814309142
0.08998834651063801
0.07840094203884437
0.08844338237647728
0.08249312981467227
0.08877826487608942
0.0778851651339707
0.0737987408592352
0.10091212929430445
0.08639347675796229
0.07666689547381046
0.08370368808629747
0.07942588193731201
0.07780363886160577
0.07844803266806144
0.07686258317581979
0.07465725790045312
0.07589953453861634
0.09389060346227712
0.08028761736921644
0.08345813669735082
0.07265798030052839
0.09163541927474007
0.0711099685438863
0.08755863489969258
0.07370880006693309
0.07654656822668766
0.0925011419211469
0.09119142041958278
0.09147076668404248
0.07622774666942538
0.08106631757591645
0.07670546774783199
0.08637173940908838
0.07418205701218597
0.06651589963060568
0.08295359653019732
0.08137234610727481
0.0853633936858595
0.08182576466982724
0.0902715806298598
0.07429269368334047
0.07188338379487735
0.07743393505612603
0.07471691554283787
0.08592890742272835
0.08784113527347712
0.06946062357467651
0.08484304682633403
0.08440400597166339
0.0693314567637862
0.08831126787004878
0.07524873825100542
0.08073956016601767
0.07661854131770655
0.07370105513340416
0.07912343176902582
0.0788481170871634
0.09943836867931516
0.09620297312064814
0.07668628572853609
0.09586263336715883
0.0819810230977511
0.08309668190508508
0.08085053380087555
0.07648148099768388
0.09498854890208609
0.06701610446899739
0.08844387466950036
0.08745156377715188
0.08496529284334822
0.07605231461608508
0.07804480930306712
0.08683383207274929
0.08172022054047019
0.09237707155907326
0.07194267678670838
0.08005561338146233
0.10187414477079232
0.07913920182491388
0.08399527910808527
0.08189813763206832
0.08026964910713318
0.08084266133262495
0.07090773530426225
0.08006687263803783
0.08015156994787732
0.08003045538965986
0.07491411548871532
0.08101658387825963
0.07147644757508208
0.0815439337703987
0.08609673423565825
0.07891710213098234
0.07191749089377662
0.08233994272037698
0.08604973233360663
0.08211329427553152
0.07527993673374474
0.07462589462820178
0.08150416983723602
0.06896069985065072
0.0924921854274742
0.08506535346832256
0.08439417158156336
0.0777166208120504
0.08300788632303115
0.07853014432708427
0.07513730264441848
0.0808092055517799
0.07790120365028069
0.08314925821503459
0.09002916807125187
0.0833946669739036
0.07968975958727198
0.07305051434942769
0.07220944033443608
0.08090480975195591
0.07418064629191812
0.08286430594449275
0.07364634974086745
0.08507120855616157
0.07786613251337507
0.1009917192622414
0.08292600534545279
0.08942851115655459
0.07499352050811807
0.09820663176347227
0.08886451517400629
0.08454908531921056
0.08477632025092832
0.07330312655160988
0.08111508901165704
0.06854960210770816
0.09082246525186496
0.08284705975648053
0.08030751362294654
0.07653363169981256
0.08238486690672404
0.07998789609847494
0.07805085016567666
0.09446803897394554
0.07176306772036499
0.09501830253118
0.09195490964321407
0.07873706544671033
0.08542869735016807
0.0802463939912228
0.08279168998824094
0.09627689898411791
