0.24518349875131967
0.2623437406785576
0.2671888291913351
0.266128460973208
0.263976590815473
0.266938713859582
0.2414506477857697
0.2505349779530808
0.2848391483683482
0.23445087451130192
0.23650839468429294
0.26451589244062435
0.27183929090194825
0.25372668917662694
0.2963042049314367
0.26929807177168713
0.25985056842817206
0.2741004888014554
0.3101565676254063
0.24974083193660387
0.25480564603568123
0.23368323498009375
0.25647324402010924
0.26203611062285925
0.2965014466878105
0.2410179691945267
0.27093578307938626
0.24554617622162708
0.2631479911873848
0.3003594731689723
0.2502767971242045
0.27716342407416206
0.24538561985934443
0.26516463967974185
0.2420064860371233
0.2625062320575294
0.2437187213342055
0.29324179062047634
0.24807648134994925
0.26292157048732684
0.3018666148444643
0.24828313187466713
0.25753711313210786
0.24170165175596053
0.2586306031501145
0.2515854071878163
0.2566122131513687
0.2480320077620028
0.26890368476209847
0.23477850892349
0.2596118064188642
0.24612708936382358
0.3075091050183895
0.297068550452522
0.3156344720829275
0.2684756062102122
0.2281390758285847
0.267177749255386
0.2610680104438065
0.2687873339249708
0.26252154475252953
0.2485552575128268
0.2625525800314171
0.2658610567340716
0.26641327537857806
0.22227183227501013
0.2523408062021794
0.30481368333602393
0.258923206749197
0.29977765158969355
0.2906157071379168
0.2603120291484522
0.24261046112369195
0.26378848843863445
0.2442721547864686
0.28862629097016
0.2633087771235838
0.25348842712140185
0.3080015059531353
0.2369299657224978
0.2499392767565517
0.2733029556822922
0.2878276364100565
0.2584583849617815
0.27593633262449
0.2609163492276542
0.24840172855411968
0.26027658490326167
0.25497043151666277
0.2976868264315597
0.26474810027904516
0.2932976727174514
0.26957395864964395
0.2720614112608476
0.24701987276386522
0.28037072598988577
0.2585287843170802
0.2548026684356419
0.2842402226920451
0.26433792985683235
0.25924725104914137
0.2587791319150818
0.28024180993905834
0.3081402442539244
0.2657850869792244
0.2498932462948804
0.2505345828840719
0.2783708733452746
0.2404186539120062
0.2514254893370542
0.2850262085102705
0.24201445343459224
0.24945628371617107
0.23026592416229788
0.25348607252135774
0.2618680213030686
0.2646619163527241
0.24949213273505647
0.28233000930147767
0.2733240634061504
0.25552860001227545
0.2703334868751858
0.24813574169384484
0.262013984110973
0.2448243246839335
0.2703586267053155
0.24866025378929377
0.2561220937958695
0.25415133455499755
0.2726714420478641
0.2950610739881627
0.24068287391754917
0.2302123309999236
0.2636095833159637
0.24864649977190317
0.26319598409976364
0.24316983489141208
0.3253026823933856
0.2751557111482652
0.24148584161752876
0.26153636287986914
0.23783164185770977
0.25369377983168345
0.2518619097782485
0.2424824959973639
0.3258115278561862
0.2512554254156048
0.2526631214176798
0.24717937918657765
0.28591329856296444
0.241819683903835
0.25397349757176646
0.23688999250136036
0.26464174915238536
0.27463614916374657
0.24458078447556109
0.26986817518419187
0.24660171293102026
0.25169224355083314
0.23805566724620894
0.2642403614653364
0.29958541489437285
0.30561706667178845
0.2472018431008238
0.25543445043479757
0.25906862003760633
0.29671915104900853
0.2802438451639371
0.25156333740764225
0.2427066929496196
0.2718950775405178
0.2650057394312589
0.250320963460003
0.2502551935818819
0.27652673725535737
0.2739067165526799
0.24991719838497023
0.2506771759162104
0.27128220476569126
0.23848258278688525
0.2451904741555201
0.2959587316313757
0.2563585894139042
0.24704565850299864
0.24530621522246857
0.21355044858135488
0.26764016220417325
0.22733854835756892
0.26175531144855496
0.26087290477730485
0.2527577066915639
0.23824129654424667
0.26164440107525966
0.25347567096773593
0.26796994242371797
0.24588552527952764
0.2601194870217424
0.27184501356172247
0.29449143303796543
0.26054726844127085
0.23972658711260172
0.27088822369997834
0.2969546711028467
0.25884682787082264
0.2398647217280751
0.26187296109575475
0.2519976775258969
0.28796138352076467
0.21534827084608818
0.266436872783649
0.2633068404748292
0.3036723013945135
0.2611066762901905
0.25303428466817485
0.2483940762563151
0.2582197655416629
0.21620168521839567
0.24542578967018583
0.2527255582422389
0.2660020915807184
0.22835246609848792
0.25195432878086965
0.2586092183341168
0.23456741200090717
0.3033291787607593
0.2680904256256274
0.2617951138848706
0.25569863666844966
0.2476218123748884
0.26961219642756373
0.24446308416382684
0.29780743274143623
0.2333444822514446
0.24775957472064142
0.26423013223246705
0.26224211352064836
0.2262556920613269
0.2644351288704884
0.29364089736604937
0.26008409153753015
0.25177511310000156
0.24192070091818393
0.24357280960177924
