1.8860280935205704
1.8604420352616582
1.5932777839557757
1.860047825610509
1.7630551545507986
1.8913381219034275
1.8966803650578106
1.5574245381560348
1.8483504099031827
1.8992871184290474
1.8689248347153105
1.5744839846293115
1.9707199835377023
1.6104787540863057
1.957120213391287
1.6476547965223078
1.9047426717473939
1.8997952817068013
1.955065548078942
1.930600865681121
1.8894219845388724
1.9580111565183622
1.8926339435225312
1.8817445859250344
1.8809349628200218
1.9093626901167609
2.078920223274096
1.7635839455802778
2.1028011366723667
1.9238927436977429
2.0873265698057777
1.9112433162901596
1.6256307433077875
1.8841352121499901
1.7784213908933542
1.6033905784248417
1.8520496667662842
1.931064189916682
1.722473772507548
1.9273107640057885
1.8940870171676831
