2.1964074092944816
2.093927826159432
2.0946054060775543
2.1411724914667865
2.095331821618135
1.9515564437209254
2.028223438305472
2.1422505649347876
1.9555649795014098
1.9739847851043864
2.140226044096203
2.271284710239603
1.9544411920093832
1.945792881312469
2.1110959665141866
2.108924241229129
2.104044440540587
1.9018380702234092
1.985665465656771
2.2892678724672417
2.1042825030665973
2.1021367865931273
2.1373523434888773
1.9656404604254418
1.9591837176062419
2.1025951735305237
2.191782890872762
2.1284762416581167
