0.34058229970315046
0.3575904793574427
0.37089180659997484
0.31917563881871663
0.34326682944112596
0.339751970440587
0.36309729195152834
0.3404766486700588
0.3216544871656025
0.34024660672733287
0.35854302929073495
0.32304900614487864
0.34915505175106015
0.3843324140572248
0.34217714767095575
0.3397475148664306
0.3119495437243601
0.36026559339187536
0.3469143805226623
0.3479166825433277
0.3151801140878716
0.3190550445461354
0.3868961869098085
0.3919686160978533
0.32180668749999497
0.3147006888576006
0.31024337872072527
0.33692246249160224
0.34014622577783277
0.36075891342115673
0.3582367185103661
0.37066873642849363
0.3122256284470463
0.30277312203118634
0.3431401099733483
0.3395864791697464
0.36296127587487037
0.3399868340454393
0.3217360367748588
0.34023627428629816
0.3397226205611027
0.3434375710874988
0.3251591852969312
0.35882193898294656
0.32278318258455707
0.3723422307574257
0.34184733006305146
0.3395937890290153
0.328490370359232
0.34843751846512644
0.3469095849656926
0.3476531720577997
0.3187087992145589
0.38700861090773997
0.3915577671272841
0.321649056249999
0.3137433663933985
0.3107070743206428
0.33657053296888306
0.340873112687173
0.3614616645256734
0.35803716552350784
0.3710806770454149
0.3125804583069792
0.3032015407735307
0.3438107418431172
0.339174633159563
0.36318169058129623
0.34052665600098153
0.3215966653892707
0.33897078426587324
0.3392699704006934
0.3441367307876845
0.3382493410632744
0.325191719349319
0.35834345076480467
0.3231259205912217
0.3496077254850757
0.38499905774132415
0.3421838067146949
0.3403802907984834
0.3292327471396344
0.3608759819441951
0.34634783068081965
0.3478141985827818
0.31521435833578426
0.31875364456528743
0.3867311923337321
0.3913358665770893
0.3214368624999953
0.3146165909639051
0.3101524853689247
0.3365949397488014
0.3404636211618872
0.3611384429260948
0.3583515909147996
0.37038826124410207
0.3122397882190697
0.34387934231246353
0.3397197993278904
0.33991571809634114
0.3217532561558709
0.3396998664492087
0.343938433504703
0.3376707216155457
0.35761896199570997
0.3230289286694248
0.34939974663334594
0.3723131969537681
0.34259091289706567
0.3391936349371598
0.32904073874024664
0.34853080748378995
0.346308807411613
0.34753054062889754
0.3158078757007811
0.31873435508953285
0.3916216284493563
0.32121861249999567
0.31453261909937863
0.3098951509443465
0.3365150546584228
0.3667706094482903
0.36296647985145947
0.3766191145424307
0.3166925814191653
0.32460548142022816
0.34889547061276643
0.34514986837370476
0.3673250313327091
0.3435256175660086
0.3264301176250852
0.3444490239606896
0.3461783575218266
0.34994386078018047
0.3433441022203798
0.3297816350639696
0.3642461111248695
0.3293725989500105
0.3576236655483588
0.38815969740495326
0.3473136253203508
0.3426743973047612
0.3350913730565913
0.3550237396946428
0.35257699854441615
0.35398857759262603
0.3232472651725606
0.39234765136926675
0.3973520085974394
0.32453861874973633
0.3173647250623647
0.3159454610047847
0.3418835043377215
0.34663029357451125
0.3652575934631469
0.3619956473986103
0.3761488332167606
0.32053805618104064
0.30646642790587986
0.34741569954821555
0.34304149285271357
0.36829324584098677
0.3454538339618718
0.3289539314831854
0.3432607911071226
0.3435728997968751
0.3608617308622478
0.34084112826325486
0.3285779114399521
0.36025156745635284
0.32820563259755203
0.35425790356715103
0.3883418519582469
0.3462506267110183
0.34309392366589087
0.3338474350935438
0.3651048907689789
0.3199112145862718
0.32496828786715815
0.390394742505418
0.34125234999999565
0.31673102915547213
0.3152866183443603
0.34167590115847
0.3456740626063989
0.36760281307607323
0.3625319265563714
0.3773408800416717
0.33335785528611517
0.3258115341816154
0.34990307418611966
0.34646098934868874
0.3686308707377892
0.35547102676127296
0.32728238000539933
0.34406913885983026
0.35014183906178076
0.3428713568914476
0.33029411900778677
0.364433450974071
0.3594982123993006
0.38828718567460163
0.3425323597635022
0.33580575367553434
0.36797506079113296
0.354806472833477
0.32161213350489637
0.3922533487036878
0.39648843821488333
0.3234342625
0.31622415524903214
0.3178448315835166
0.342241332548055
0.34682479706965397
0.3484374696084831
0.3611174957373463
0.3388919537276468
0.32205125322540873
0.3469633405188139
0.34277182015649404
0.36892694951303984
0.3439355801040909
0.3476108284407893
0.3428768179408939
0.3605790805228132
0.33880653304817615
0.3577978857880145
0.3288530573659792
0.3521181172176493
0.3886150148424148
0.3448532411732495
0.34241258564472976
0.3334406324872749
0.35150097736758623
0.3519287097384275
0.34985188124094435
0.33530237064647944
0.32493880974745226
0.38984712581925374
0.396353557488556
0.34089026874997075
0.31666954461062014
