0.26915453124516475
0.26154461268791207
0.2775485287044752
0.28108825400964516
0.2697367031968416
0.27187204041682245
0.2623489766571491
0.2886303560512643
0.28596383925169405
0.2839992131590141
0.2927820201097102
0.2724155932739966
0.27768460406597806
0.27560896048462646
0.2720801311865617
0.2749325254886096
0.274428632962963
0.27953798556132375
0.26553408275216167
0.27471639525363495
0.2840376929437279
0.2820887863868643
0.25643046661047814
0.26104730944192406
0.28091409506692633
0.2741048432461868
0.2924092764103158
0.2662041416923712
0.2685655615213933
0.2767813295811229
0.29973378740887324
0.28071377871080216
0.2813581930757849
0.26041276202746033
0.2636600789566488
0.2760552672099927
0.2919616595571827
0.2710434336721319
0.27350795079919793
0.2781973928768803
0.2703137685407279
0.28187316594847095
0.29941295059564094
0.28681458282292677
0.2864468853125508
0.2870157337557951
0.28097606769200917
0.2842530608635943
0.2834669340955574
0.27678856932294627
0.28335666497896567
0.2746010863642865
0.26602789717001973
0.28118612794225367
0.2617452111467443
0.28355955779906694
0.27674211056368775
0.28753142001912046
0.2754882663021286
0.29278894930049715
0.27621214448229603
0.2795438716761714
0.2783814244214938
0.259416287563238
0.2795754588404826
0.2705169500095952
0.2910188778828919
0.275674321484744
0.2603684669574195
0.26152999396965004
0.29297949526586214
0.27055253238192023
0.27824100406948044
0.2824940284568702
0.27518144816012724
0.262567786411663
0.28298541060815974
0.27724444320516234
0.2979356218210879
0.28280899748413735
0.2812407739150714
0.2842226887359678
0.2854396421824162
0.27970808828941
0.2798453961120331
0.2679351424095901
0.2831485483052467
0.27523541842918253
0.26760962097092217
0.28753868996995413
0.28514041062421813
0.28265939746881075
0.27010944522039937
0.2767749164396266
0.2775487488947208
0.2948889337752101
0.2790964213675615
0.28877287019281983
0.30113448670817594
0.28139925795878157
0.30103305005310704
0.2807989622987727
0.28542176200157965
0.2847235055214166
0.2862651884952536
0.2802059760597459
0.28065504000939234
0.28197262173079934
0.29110463416343507
0.2686195523752367
0.2705744836300218
0.27586115934859956
0.2758047794111347
0.2739739779561202
0.273086442356105
0.2879476139715989
0.26505265886335805
0.2774122529589115
0.2772838840064364
0.274168638292315
0.28092150100132307
0.2669603998614964
0.29959831852099933
0.2958702455462723
0.28308534649102424
0.281971051688486
0.2806820238948864
0.2829798272763092
0.27818155875180306
0.2690959584928145
0.27676399245894456
0.26271963580390245
0.28008172222379224
0.28196866267977005
0.2867300867784552
0.2737818625136975
0.27803448337508885
0.2841316393505576
0.2796768121713425
0.27835199807331323
0.2736385370807098
0.27511197847427926
0.27307788686028217
0.28791816010510723
0.2833588361040802
0.27223219302479296
0.2829168675537649
0.27968470430710946
0.2844462182362898
0.2813259412194531
0.27550760478757486
0.2741863297066057
0.2854823520784849
0.2742852784345295
0.2665045141826793
0.27746612581902425
0.2767406460568248
0.27376655783369014
0.2784603110414566
0.2823458157119996
0.27646285452221325
0.27045828780644077
0.27756044025794235
0.2873806865014476
0.2731149465087086
0.28119028419312686
0.26424512649292525
0.280084224335563
0.2658756466272491
0.2748760777918227
0.29346993085740075
0.29699013038082067
0.27026562446747393
0.26474381177301554
0.2645373719718606
0.2788426398431667
0.28453965773716633
0.2740809410111029
0.28057118670762704
0.277296275835911
0.26796769851724284
0.26494150363631097
0.2809124256321468
0.2919209459533607
0.2840890498159998
0.28062740056086144
0.2741776104360917
0.2784634855575654
0.2828990844205608
0.28000873994615727
0.27775247206730014
0.28149114676987685
0.28162096893221866
0.27593407891999666
0.2539345392124214
0.278657015722808
0.28919118060893606
0.28682035244507287
0.2798393596154235
0.27996560473177123
0.27296936551680206
0.27901892967342806
0.26209678419555477
0.2819209508901099
0.2697930222624608
0.2761215590546473
0.298422132189073
0.2891709745788533
0.2834816954786601
0.26836881488363745
0.28528676437497613
0.27870453810499773
0.2639583234680511
0.2790512719289497
0.2660271040649
0.27822825573713805
0.26577464917984683
0.26432753194704817
0.2795442620083054
0.28776999280080895
0.2813262420708499
0.2832362832085733
0.28234750837727485
0.2800746934833691
0.28001417665110284
0.28459545746410864
0.2977698699250592
0.2755225193839589
0.2827774579242736
0.26625437643038796
0.2772137719443831
0.3036556608156345
0.27913512606493773
0.28135846170987394
0.28524327643847847
0.29610371505051836
0.28045611197008713
0.26392404457392027
0.2628081773990472
0.28677561072239754
0.2760362493901769
0.27899358471268026
0.2842104522196922
