1.6325617643981045
1.6389636776718388
1.6407824319344875
1.5221811370688059
1.5198167889781589
1.6730260687720078
1.6728393506092378
1.6359086995832088
1.635533731165269
1.6324223286755317
1.6336963193537213
1.633892484488778
1.6377432781955366
1.6437659662266784
1.5211173802551343
1.673121047978501
1.6898274729125582
1.6769084608285159
1.5207057385661105
1.6366199724825738
1.6355783499133574
1.637616296798037
1.5254418007303914
1.5273732810588814
1.6933657171755567
1.5186422236272408
1.5285155648735183
1.5200897622671714
1.6368716699341326
1.634263882217155
1.6388076613434153
1.6427427341959169
1.640579959384824
1.5264122953686514
1.5233133120619926
1.6418581729704462
1.673100338651141
1.6735585646167912
1.637229402141831
1.6341181620178038
1.6322163901716842
1.636213204898803
1.6325103263318845
1.6367745896599022
1.6242897310255233
1.6453661895151546
1.5204876993816971
1.6736816442676379
1.6898608140579678
1.6752151350417126
1.62660537868724
1.5162765937535616
1.6346974389773803
1.6361700372874675
1.6353840860814128
1.5246668243928077
1.6334024959743805
1.6894269544401221
1.69152598191725
1.6245079441677144
1.5315883585133012
1.635483096367769
1.6339059415933874
1.6382920388230597
1.6415557962226945
1.6407576769340562
1.5242051851289773
1.519714872273227
1.675331478548509
1.6704713559937465
1.6712468350752119
1.6362503650778693
1.6377212650022133
1.6314947330692893
1.631474184446884
1.6340286448207113
1.6351500227997833
1.6240899180477542
1.6788311533730853
1.5210346498993423
1.6761168653796354
1.5253893798413507
1.6217836178134106
1.633558707169834
1.6351700677318093
1.6355661944406892
1.5217073125738874
1.527539517521533
1.6890260641227157
1.6931478833745948
1.6242811801850845
1.5263756541639477
1.5214825174759716
1.6367334931260475
1.6394151006780882
1.6421707009979523
1.5259882910213367
1.5183343363818558
1.6741223516008035
1.6734724177516294
1.6719677150217396
1.637001021850498
1.6350783526390662
1.6309692127066369
1.633803122788642
1.633976647669523
1.6242790662728546
1.520189785855761
1.6389275208850362
1.6906147262109987
1.6758394098274842
1.524154681159949
1.5173556238576762
1.6351441612275641
1.6361004729306396
1.6350852689968478
1.524537860127786
1.6307980119925929
1.6888959386934057
1.6917337968049502
1.6244907544226044
1.5306884898429094
1.5200995645243178
1.6358790024857848
1.635153359689977
1.6447934418070944
1.6440361467024807
1.529482151281042
1.623687660508709
1.678082735050172
1.6768226283166594
1.6770359428320658
1.6381758647853955
1.6378573960799008
1.63698695387145
1.6364178870139452
1.6364315715558755
1.6363496726673734
1.6259514088543874
1.6491685474647557
1.5255383819319115
1.6810670795932252
1.691679196004078
1.6752635918239775
1.6240438120717662
1.6413141016744994
1.6371032893248219
1.639748300337731
1.5288862360709716
1.6314576738030397
1.6943281487545037
1.6960394017045546
1.6264088663767204
1.5278374870272646
1.492023814251586
1.638691037696264
1.6364816866667964
1.642533995034285
1.6464906297859645
1.6439053168569637
1.5230376968887027
1.6246797895770404
1.6740223232978313
1.6759500116358588
1.67887150314385
1.63636530037743
1.6369971039669804
1.6346452940045815
1.6389038391016162
1.6261497879052145
1.631368728551614
1.6386866965529925
1.6934920269046523
1.6809806090841277
1.627477894798997
1.6247296008739407
1.6419003514872017
1.6394756580344647
1.637445863030102
1.635950593755094
1.6924152731086939
1.6977854207241816
1.6277193177017248
1.6307846542328832
1.6413454989025538
1.6373730882714546
1.6427191465907856
1.6439658396794525
1.5243753219770735
1.5242205330145178
1.643233822588266
1.642342033257481
1.6392478502537555
1.6380071228078614
1.6459369352427184
1.634805153489561
1.637624510240656
1.6347305264989522
1.6276705782885377
1.6500951611462074
1.5266140119915064
1.679141097539176
1.69273908203365
1.6777353995632305
1.6288723064449115
1.6250227969071502
1.6379623105452217
1.6377001265122897
1.6396389327893528
1.5257889886535891
1.6281617772498613
1.6929037953829207
1.6945578414874516
1.6246447085051547
1.6355673702964988
1.639455533673352
1.6363937355579266
1.6447396077155718
1.643934269302651
1.524721376605831
1.521168412751765
1.6389020102395064
1.6817861746585918
1.637235334703428
1.6500437441721492
1.6357593128686452
1.6340577557129319
1.637381383832224
1.632370205862044
1.6257234959627167
1.6455731654414265
1.5296582916377484
1.637564293395068
1.6826935623132722
1.6262281151177542
1.6216785542062437
1.641220057309218
1.530045476809308
1.6906896619830512
1.6941771293761023
1.626594996724592
1.53748905692161
1.53110805913343
