0.845449318095688
0.7871560235336486
0.8473439090916752
0.8289783559236084
0.7369792689990595
0.7256174959876752
0.6856701164844246
0.7451418583975156
0.6296928953617553
0.8573897571213174
0.6815827146498107
0.6970761917121759
0.6318009611952795
0.6644881760626122
0.8771093964503562
0.7944492319674752
0.9236253006249608
0.7152338969069716
0.9536219613730526
0.8330636168498307
0.8739104133694897
0.7292684454839997
0.768826442512013
0.7542329820785837
0.8105201221098803
0.8191435103287216
0.6674056769961263
0.8694924950515976
0.8412383170963469
0.6884553314402034
0.7878300604303059
0.8984966634986129
0.9324963668216638
0.8452535226496987
0.7555526820167652
0.8779216228474596
0.7976324363201512
0.754987848280845
0.8303982184512788
0.8446625443483228
0.7219936355630283
0.6501302243028222
0.9305295063063552
0.7072893027250676
1.008931019869926
0.7810587677517049
0.8367885240089852
0.9044560360247356
0.9491522709679161
0.7350431954873269
0.7752594724413926
0.7133810650409121
0.6453878452697016
0.8809186518604484
0.821550108566538
0.692371749564368
0.7381409394557948
0.6998018140064427
0.8043336718203767
0.8406758460927407
0.801366074601476
0.8882015388979194
0.6474605955276781
0.7766298895587429
0.8134457730864177
0.7428898888886756
0.7322531358982001
0.7347773606480397
0.7731872245250603
0.7215179820043525
0.7545067891000838
0.7636495193677859
0.8738176052014683
0.7864002989284048
0.8573884206135786
0.9028567025539976
0.7428477206326523
0.7992462320534213
0.847596990384089
0.8415554868234731
0.8460315304645827
0.7803452937337372
0.8799090122346723
0.8044343059145431
0.7799843472366799
0.9221567876079463
0.7416989388763493
0.7391222852005852
0.8377468256389646
0.7996246537434335
0.7850465083558513
0.8598224417742567
0.7479492654773914
0.6982734040065641
0.6593534846799138
0.7985403557923945
0.9109994129432731
0.8984902140826168
0.7424126764996085
0.6970144617186241
0.8013790743240665
0.8770477795025937
0.8814443194670097
0.8155842207078013
0.775599323743636
0.7118301736142025
0.7213369980780504
0.626384098728189
0.7421800788323133
0.78422045263947
0.6228304860731293
0.777693879863262
0.6649828129052069
0.6532839750214586
0.9412975229544821
0.9224587100775947
0.7170071598594263
0.8283103304425427
1.002712211833748
1.0209707262109473
0.7537266448111999
0.8749338061621715
0.786726599010752
0.8598602791125203
0.7233299450126636
0.7736279851179828
0.7572510130526503
0.8639524237018308
0.8024787551379224
0.8886065693106323
0.6576670854778761
0.987224212167834
0.7667737424823848
0.8344401064432252
0.7919662623211882
1.151485948865628
0.9605043803468085
0.6716434980337416
0.7468323950539844
0.7384869775061824
0.907756174489669
0.8374679026340148
0.7654958964608425
0.7722781009159359
0.8378776307641034
0.9191583379896088
0.6387323772924247
0.6812206276872326
0.886867397065344
0.7140476192611558
0.8867762911365163
0.7948709170089232
0.7383543739958549
0.8921764577313164
0.7634264829692083
0.7025715500772387
0.6710198720367616
0.8033112565842658
0.7414352464897642
0.7099894153635629
0.7976157530317535
0.7135300237459834
0.832597168915775
0.7774458740046613
0.8886877856484863
0.7069568091685372
0.7941454534314187
0.7642370524066393
0.7524977269584721
0.8313448286166925
0.7406170112305642
0.7651287951892288
0.928636163713829
0.9043298084911606
0.859330050864952
0.7908143415721955
0.7177230110261141
0.7617917221896187
0.82888038564415
0.9758037475443428
0.8613302903356457
0.7917862905635193
0.8231493424285011
0.852712793000481
0.8511019301392639
0.6094199973407379
0.6661878271930555
0.8552027482047455
0.8528430476708809
0.9079391978378343
0.6369204751865623
0.6667396483619809
0.7796970496650469
0.8652189634971906
0.8151108623182217
0.9246642541948353
0.6865488032295028
0.8235561428516818
0.7500937201562065
0.7648576775656311
0.8592273018804573
0.6725872842084595
0.8336235555048803
0.8292585171566849
0.7589875994992672
0.7138801133326171
0.6914723152625477
0.6668050439647022
0.8057302386541885
0.9555898899590867
0.7400763904095543
0.8036938006517488
0.8201489852315875
0.7250786458821938
0.9704809021015341
0.7825319203222667
0.9824539850092584
0.8623865042169068
0.836021237369858
0.876544555314749
0.7317836114498314
0.7363829418168967
0.7094783949884784
0.7840771605230592
0.7514326941182184
0.9836219898963752
0.7846610191364324
0.7991230178936226
0.7298841111858393
0.7956729298705472
0.7176402170382628
0.8210297991869145
0.7175329552558534
0.6123591557927663
0.6696079749316328
0.7227593296459713
0.7810819937982107
0.8898961708469741
0.7906950141049305
0.7815018254510022
0.8466880583335905
0.8187786425846397
0.7490370597614973
0.7008764570762267
0.8147359386633806
0.821441903524491
0.6723452712070171
0.8825740826051367
0.7508693013720643
0.7829123394257363
0.6146048222999152
0.8940143760100507
0.8558360447631161
0.5896073431521454
0.7807829189917066
0.6940298095223354
0.6997806227187248
0.764142610390049
0.8163761957968669
0.8378800911742321
0.7523407952293387
0.6885718137120991
0.727203734372388
0.8153526481916329
0.7063066444808725
0.7429244835900726
0.7550228656622118
0.7671009316138738
0.6948397067760079
0.7792692363737681
0.6977355149849243
0.9387848724456941
0.783210986454715
0.8320953181438016
0.8213722695648986
0.8085321332409545
0.9585220166654942
0.7520935506824495
0.7482750465266144
0.8206136225013645
0.639794131224807
0.8370878040005796
0.8861676560665288
0.9435312577713414
0.7731476790318206
0.7648431052953126
0.7369198577641922
0.6755167079133351
0.6081657595797205
0.8555948800485751
0.8430355466984424
0.9742079831723001
0.8700095617932433
0.682683216951928
0.7195179728475345
0.6689233396199182
