0.31921127887277956
0.30956158128049294
0.2913556866275273
0.26628235650024923
0.30707262888239834
0.3193227742072834
0.262476013278775
0.32661108375793346
0.3342197522049869
0.3271221313434473
0.32922114606766406
0.3282578743326539
0.3339431894667524
0.32014283237017016
0.3327990661731238
0.3400393803689469
0.34429560623669986
0.3437299738067968
0.2848457626761696
0.3484115651567953
0.2883743857293516
0.333417026873597
0.30436675101372074
0.3342790795940398
0.3617325320737794
0.3490987960175501
0.3479427297393527
0.3486493446589498
0.3538714615227456
0.3348704479393191
0.3691360395246842
0.36074614589674747
0.36603602210053876
0.48207190673676303
0.41770086397125883
0.37010850281846175
0.38388023277308747
0.4111122138500573
0.37250901938088155
0.39128502869543247
0.3766926160088972
0.3472978658415742
0.3656915855850105
0.3164499984153004
0.4080565530703653
0.3184122354448633
0.3105600450032322
0.29223227637908006
0.2848368075877847
0.3285633531682025
0.2804680975458349
0.3268987932787324
0.33404184745020693
0.32971428259280333
0.33869859414211523
0.26507816123991934
0.3311409256584394
0.33410192526936944
0.33248648154183164
0.34000489473511497
0.2952839037327437
0.34441321295694166
0.34572482563225004
0.2845136079153278
0.34898176146062265
0.28806366465323785
0.3349998830234772
0.30259810862357595
0.33450706837903443
0.36178670696945625
0.349283776262396
0.3484650915694109
0.35203966192990854
0.35524327352180635
0.3357943767401512
0.36974514710067796
0.35979414359843176
0.3647043992881444
0.4772593862659814
0.41995360277155597
0.36966133629527625
0.38470660178996885
0.4204313702742293
0.3722011126785179
0.39582337208333096
0.37549526398299937
0.3470454693710035
0.36669828480956823
0.33137308892819317
0.4080720821741819
0.313336244696858
0.29165337532393754
0.3071006430624911
0.3186695715499369
0.28039882075964595
0.32236408296995356
0.3340646706149922
0.3234284778354364
0.3292874654953647
0.26474014968782517
0.329042814570329
0.33446609855273146
0.32021986976773575
0.33204787151095994
0.33982258976400137
0.2956172488763209
0.3449940797409661
0.28301128027242917
0.34747556847647226
0.28808947503503074
0.3337008693237641
0.3618515221772735
0.3490658021697678
0.3482881813381533
0.3674966923026206
0.3348399518213808
0.37005084971658453
0.35922618419990937
0.36507011655362875
0.4771375144159242
0.4184770019117145
0.372147574681542
0.3846503046384614
0.4084825547031631
0.3720445809623781
0.3915270434417979
0.3748354530274227
0.345380906968184
0.3648404380860555
0.3154576309520699
0.408164261345813
0.3223329286805162
0.3176182571166266
0.3072744203405109
0.3041498937051208
0.3281304423600997
0.2989016685956507
0.3410652049444941
0.33447654893803136
0.26836502825220876
0.3331189482594032
0.33864962076195043
0.3390765884912009
0.34766223374926947
0.3114186778515954
0.3538440469495787
0.3546391700373675
0.2887386895760354
0.3530132670942161
0.2940960110410364
0.33741874981341363
0.3234696891410792
0.33931814863862886
0.3707140787916873
0.3577508799049327
0.35829296931415533
0.36225513344987853
0.34475417226873917
0.3760942673057972
0.3674446654791178
0.3770078438552021
0.4389232754398461
0.39290793391423173
0.38685812421285304
0.431235907926273
0.37858759838560213
0.4002482665884245
0.38141383323194966
0.3840264903662294
0.374186043754974
0.3352170748117063
0.41054387170577056
0.3216603922465312
0.3130788504936134
0.3075801899037267
0.2840962784527209
0.31746259171775193
0.3280482481749296
0.3000253653820286
0.3300658031694157
0.3392554352457403
0.3323841603459732
0.33814157243541154
0.26939829438152985
0.3327369553480093
0.34504643929620993
0.34208903570673255
0.34628497089588145
0.31261908205827643
0.3531645941371629
0.28997075946124745
0.3527081900090481
0.30850668116652846
0.3352861659802826
0.323316028791256
0.37055768168537623
0.3588713441114356
0.3759196664020667
0.3621363438246403
0.34470648715914853
0.3751544220196409
0.3659930366369484
0.37261802143458583
0.4895701252073794
0.4277794017999213
0.3780888967785485
0.38946477808744595
0.4300750553042584
0.38027712413040815
0.41199259586931536
0.38404330538318576
0.36623986705903455
0.3721931553763061
0.3346467916368547
0.4095665557013787
0.31537842329408383
0.30811410237488956
0.3070775553602078
0.31971833021238516
0.3273573383553446
0.30004152839550435
0.33077568434130933
0.3590319954411209
0.33553613845598107
0.26933267364949975
0.33313457388350654
0.33780515419314827
0.3422626820777576
0.3403852757353172
0.34944767883699906
0.3124721794027241
0.35804775459449345
0.3089758814328165
0.3394317632832211
0.37086025588895677
0.3582322883068496
0.3610349992428564
0.3810879446608463
0.3637727818159341
0.342929568606652
0.3777703917903403
0.36917812393627064
0.3782106711585372
0.4936402429914441
0.44122259220540605
0.3952120637106862
0.38833556876878506
0.4340192207420408
0.37949946633013487
0.4134074230265258
0.38402270799162924
0.3870586781476015
0.37624215789836934
0.33408994702307404
0.4091103937881086
0.3218412079112879
0.285768824909759
0.3186610155179564
0.3267753492266841
0.282940595085834
0.3298162135797519
0.34882390074660224
0.3323385108994855
0.3384774200484128
0.2707349325473184
0.33432036909848817
0.33688210986768685
0.34067172547686686
0.3422162567342737
0.3482481880225823
0.31413114232225753
0.2932957202384955
0.35366882328826366
0.30856201724770493
0.33474469847185406
0.3259820874740138
0.33747903369993637
0.3795098781568337
0.3592689209979477
0.3585991564686851
0.3801653319553313
0.365252172518434
0.3450371759433559
0.37660260031218823
0.36682397027667724
0.3737246926327297
0.5073486605264608
0.4413724992476063
0.37868100249588155
0.39083708466508876
0.4324549314980792
0.41253690944489796
0.38707067548451607
0.3872164771378273
0.3730823200485043
0.3348090772173201
