0.3065280393755075
0.3268439718047427
0.33201128700133264
0.332247269791928
0.2789451240772802
0.29006617078895525
0.3081966550794619
0.32089792448935833
0.3051445613192102
0.3062653236511492
0.30530960842626015
0.32224585419832996
0.3057567041140379
0.3043122400454718
0.3116953684246123
0.3418869315968209
0.32242295002815957
0.3042750355535525
0.2968070732769479
0.3243603474723495
0.3241978128889974
0.323572909444848
0.3001015588466728
0.303097832219161
0.3435384921843819
0.3466015275981627
0.30356306249999915
0.2813134255189728
0.2787853836244591
0.3043647682849565
0.3059408466783571
0.3318750599105815
0.27908779608940354
0.2899736199046903
0.30795035569695184
0.3203418851679493
0.3209703363208111
0.30549093164684354
0.30591199489575094
0.3223297566027948
0.3054773444154506
0.2873564159746393
0.31849688461541337
0.30400078082637705
0.311807687386932
0.3416771323691181
0.32212654200269825
0.3038117914583987
0.324685616286071
0.32411678381033854
0.3096964367072037
0.3004103213067669
0.28446150104997603
0.3436496633881899
0.3466371776548947
0.30293752499998733
0.2809487552525429
0.27869198632357317
0.3044627018289576
0.3067872547989505
0.32650260963888966
0.33230540776734274
0.3318450760190675
0.2791171501372287
0.29034924140023877
0.308240616496295
0.3200733743029712
0.327009394233748
0.32077943239298545
0.30572364112898304
0.305376971878653
0.3052702375956091
0.3052954137232942
0.2868489912694838
0.3179432286882419
0.342313026269457
0.3228901539512456
0.30468378579989863
0.32470675958746203
0.310059142187423
0.2842559304924127
0.3433992084834523
0.3462787745030022
0.30331039999999687
0.2999575108123152
0.27802933408346875
0.30413400956255543
0.3063532645657729
0.32647667687501636
0.33210295412014096
0.3318958635743033
0.2791183636897976
0.290159147008266
0.308288567960824
0.3200836448929338
0.3265667217036686
0.32075773249489004
0.3060009471557716
0.3057220652292479
0.30540054529684313
0.32232910847321855
0.3051120378989537
0.31797313846216113
0.30398324994252257
0.3119950429672207
0.3420910415269942
0.32289918862590794
0.30421935638400627
0.29698987621079453
0.3247487589770849
0.32436004468698876
0.3002483447111943
0.3026476933703547
0.3463815140364129
0.302828675
0.2814816693187109
0.27797338870676036
0.3046062927502048
0.32362338791521666
0.3353785383123147
0.28256436577000466
0.2937228978477795
0.3119456798469582
0.32998759034313035
0.3229585280089758
0.3084228527370433
0.308764145416221
0.32612076801676737
0.289830383740147
0.3218460661786742
0.30860633470877596
0.31781710844110156
0.34428024641696975
0.3258891045150705
0.3057300532626347
0.3008781374490983
0.3290206558675651
0.3279394605636696
0.32756009575782163
0.3042818620363159
0.28735115344886264
0.34692464457542954
0.3498606435222742
0.28643749999999696
0.28319457052270625
0.2825554366795632
0.32368906508341655
0.3299416280899586
0.32086109767939575
0.3359158155458871
0.30283354326523587
0.29249889493438785
0.3084322255169502
0.33037533388801144
0.3239091747802947
0.3101825484805947
0.30755010863775634
0.30842162490512187
0.325124410505364
0.3067206882308111
0.30803101349922435
0.3194998059046573
0.30792627174035025
0.32868890054257227
0.344774786300233
0.31090925280687776
0.3062947093067889
0.30042380871296764
0.327414980095036
0.32730640620499574
0.32639029653036655
0.30264944747146777
0.30718468848667996
0.34575169636667596
0.34966351295150283
0.3054026624999806
0.2833965062926317
0.2813876663675282
0.3076277080530328
0.3100205223786183
0.33148948220789115
0.3349445100471981
0.33642763142433935
0.3009837309478295
0.2948356250068608
0.312199533990254
0.3245214343668382
0.33062397261324133
0.3226280824950963
0.3087706741765092
0.30862513302058897
0.3115645372404444
0.32612743159967184
0.3079118825316149
0.3092137013406457
0.32168631316722496
0.3097254940334193
0.31862172541164746
0.3445607584026243
0.31181478920172356
0.30572836289167665
0.3016848056496307
0.3293768553205506
0.3283214912700271
0.31423416724440145
0.3053818445762387
0.34693639277133664
0.3491956436441338
0.28234879044468336
0.28383652857306374
0.32136018130166466
0.3240287478051948
0.3292494830323612
0.32007128621392167
0.33531494210426127
0.304161110167816
0.2921431224085017
0.31033711327474284
0.3083658036133283
0.3308839941144902
0.3229955420079572
0.3113621874281881
0.3073972022173685
0.30799987557492553
0.3244231545116705
0.3054194351661712
0.28897756310869693
0.3170168437002109
0.3079118041477218
0.3272816939125598
0.3446264662132242
0.310342761032383
0.30534422609525497
0.2999193613284208
0.32682954041762474
0.3273423192569138
0.32523660506236
0.30236438255173426
0.3070134886398995
0.3451994999634941
0.34880869133621406
0.30536018749999283
0.2832512119217242
