0.31413479139719297
0.3112430277303465
0.2920615085234721
0.2670296325249738
0.3072498415009193
0.3231679903735357
0.28120846906165176
0.32650485220042624
0.33469688439732836
0.32693354472073777
0.33338942362319945
0.2649692506406087
0.3338819740872575
0.3243490403871886
0.33425996925862295
0.3396843353293007
0.2955681500991795
0.3446021509802861
0.34461706071567677
0.2844497743617989
0.34967992099330303
0.28842405041568514
0.3340946284289872
0.3035029066626322
0.335173035424784
0.3491295923011256
0.34834740311041823
0.34972141089278974
0.35399411047352153
0.33555524336690146
0.3609439230361627
0.367538943544339
0.3691326197707936
0.38402103916353136
0.41123939814523003
0.37261595915461243
0.3949869738580444
0.3774222547250994
0.3477082276894159
0.36588156930630517
0.3166366799978635
