0.5718807732980105
0.5654883175797857
0.5270017579233041
0.6090966439007361
0.532251085887527
0.4423274559184498
0.5276717466775692
0.5743321755057349
0.6533428469891192
0.5787494612864522
0.5484636673692567
0.46490120743278085
0.6380225903296584
0.49770922298320464
0.5561086541865984
0.4444960362690977
0.5687293162565179
0.6075067623611348
0.529787998530924
0.5298484810011455
0.68146533347699
0.5752551855196751
0.5291462806729897
0.44069033881741176
0.51374165458588
0.6174224144216333
0.5319025001368849
0.7600325972253473
0.5744908321181628
0.5037530956899301
0.6144857218689523
0.6494016911903114
0.7024413629084477
0.48461725342128503
0.5325605855059492
0.47689320532367474
0.5525312642791258
0.5747957362275352
0.7569514637806326
0.5260286205361435
0.4763726636768913
0.6257723603394446
0.6435507918923461
0.5322728737680145
0.4546440549990567
0.6366288054922655
0.5247719007311593
0.6219131995010445
0.6401838207784437
0.6318583734416966
0.629268955366798
0.7470461440592595
0.655685652220189
0.5774360774694653
0.552671173825988
0.6159500418310804
0.4652647797386903
0.551751258952577
0.5527355749990468
0.6497561170350074
0.5909771990773057
0.6100491243785098
0.8975079340702421
0.803792002733305
0.7647910698526961
0.7036354799724159
0.6500865034301048
0.8085064021358214
0.5701269995963412
0.7073063412254812
0.6507420828899764
0.4497546666527509
0.5451137751461741
0.4708263288141387
0.4822079504806858
0.7638960711606294
0.5692774654729928
0.5247402193075298
0.6342615134123417
0.535718178539973
0.5184914489200403
0.6219636532955928
0.4461577784441611
0.5490727631462275
0.7534369612389613
0.4375798019152822
0.5326899539446204
0.5360020396472565
0.5464753363291405
0.5180454196834514
0.6925951048026606
0.547333228154048
0.4387421586086247
0.7244475712760061
0.6309141842400773
0.5628268504405813
0.5265215513217083
0.5980590822133893
0.6283158559753473
0.6620025108211092
0.5675977753245102
0.456054136482315
0.5718272706646766
0.5418870785117168
0.5535789382516012
0.4737272944360499
0.6225678382942651
0.49591561566482667
0.5133071944320607
0.531549532208647
0.8918899557843338
0.8016424971539582
0.598615134632775
0.6298650385184552
0.5527893693368982
0.5278873470243899
0.54017753793625
0.6008477824486427
0.5028109299770166
0.43521753833896276
0.5432507127396181
0.6733858216915806
0.44171063172152475
0.5461826943070559
0.4578815831605355
0.5348427995497009
0.5927812405347593
0.5398367090006693
0.5898839535639616
0.7011347210821053
0.6382369189155956
0.7985687850021408
0.709084486358705
0.5165429620317576
0.45390021944798703
0.6322910220237937
0.6637989643734062
0.5776712814348115
0.6580887608689903
0.6090857419147128
0.6301614874923582
0.6306583111456104
0.5137903516439573
0.4948597824696003
0.48025973517336806
0.7006538757802163
0.6770999956335632
0.5685826021039058
0.5366808538202831
0.692944481384045
0.6210400818489625
0.5158215268800782
0.4776761487531907
0.5808656259128092
0.7013857494327322
0.5084984085711788
0.6045208008063989
0.9121761412192491
0.6949597473057129
0.5989641306980081
0.5318768596507214
0.5693488685314024
0.47145070073227374
0.6688771694108266
0.47689938572691704
0.6830124319719219
0.4942621657826982
0.5537380375651488
0.542559413431899
0.7252945455039379
0.6255286823535162
0.6405320509146848
0.64482369800395
0.5063779211201545
0.5247787746931218
0.5460046307865073
0.562540261641637
0.8108230503503774
0.5612315954443667
0.7242549432504319
0.5298861913773658
0.6295171517923726
0.6024148189744024
0.6073256419712327
0.724105237823865
0.5236147133394726
0.4704226630203013
0.4526306536336916
0.5971486468991434
0.5929014547482065
0.466104087927689
0.712812713771172
0.7121087387796546
0.6887650243249364
0.4988604919829014
0.6848875921300247
0.6404357150095663
0.5972499954225083
0.6143887399792775
0.8109915408591941
0.6181243956693397
0.48385420574592836
0.5744983804449797
0.5428213440911183
0.6033804867694579
0.6630580701834428
0.7540759239248109
0.4532528673707195
0.5898319485529185
0.5638956918011664
0.4498777926907124
0.8049669961775188
0.5556412926450165
0.5965348090099228
0.5254382034945255
0.7850529731512643
0.5252336422259182
0.6995340338505521
0.6640771599312623
0.6080252353446685
0.5934505959530044
0.6165557974403993
0.567355936268216
0.4676209050329554
0.7194299540241185
0.7085718405253467
0.4668756070812238
0.8227261905832587
0.6165702515392322
0.6938054861981063
0.706886472422567
0.6137227975667553
0.6488813075508759
0.7053093408962339
0.5510131728118794
0.7269568705442762
0.6486393801828519
0.715453011848537
0.567757912215741
0.511299726282621
0.6309872215567989
0.46306033720715345
0.6612458585046314
0.5856061540215083
0.4676348411319952
0.5137377787946504
0.5234434095251089
0.44051281753986493
0.5939888080037464
0.46800545739018184
0.4611066075232743
0.5796905968811978
0.5705361765285168
0.6600916420075741
0.4689566684197574
0.6380411361775314
0.5681672661426428
0.5023350209219306
0.4331579415985966
0.5068139138950031
0.648995194248509
0.5286371778298979
0.8784370127841321
0.5353343315649179
0.5404400878986617
0.882792166941698
0.6172821276918448
0.4750660046824612
0.4224512050610714
0.5432978587774353
0.734691865274959
0.5643990892324275
0.7794161774098247
0.7147642541184679
0.5862776978410169
0.4446813584010125
0.4982313639679397
0.5392590934275155
0.5037991775355827
0.9332390040857967
0.5296343601166077
0.7102453660221444
0.4356297095628146
0.6588979582886885
0.8180638646802307
0.527403008537158
0.6186746562000497
0.6322350378697382
0.5657785712564496
0.49372841246464183
0.9036452477944606
0.6728870700060988
0.5785377245472451
0.7984520382729512
0.5497319365762453
