0.6657436040997315
0.6269440043099918
0.6886620700825825
0.603467412712844
0.6134887512451637
0.6849509970369195
0.8846718818054818
0.6708956692847295
0.6467816991174339
0.9722505356185374
0.5920386671956922
0.6426675388104313
0.6139272149840325
0.8810192501249737
0.6834508092537572
0.6653348630843715
0.954233983547734
0.6147199613844938
0.5997194560901161
0.602407391280317
0.7244907764533776
0.8719329586085176
3.7422008526436223
0.6761367397866608
0.6271264252125116
0.7201656984082829
0.5827806968294913
0.7813328049069683
0.9468802997858775
0.6806351187663551
0.6059256265586738
0.6946266796416382
3.5949562210553254
0.6912676325837123
0.6572822525268284
0.7280904171306586
0.7061284147251007
0.647562380310708
0.8829574596737607
0.6825542548580441
0.6725654990610731
0.6789584030692184
0.6629188365544181
0.7019973528501082
0.877109835200022
0.5698202021824303
0.636416876252649
0.8789664012728917
0.6225385484253833
0.672704992336814
0.6039177492348601
0.7233035585019338
0.5950602283477893
0.8624269366688776
0.6530691897035826
0.6744159746808679
0.5855447279943263
0.8599283168840863
0.7495126162251409
3.52886469669906
0.8150590828715929
0.6750593427826979
0.6275758552361008
0.6501280535786818
0.7622089994158818
0.6958742389384481
0.8896403496828
0.8785767097611183
0.6436539549791223
0.6979597964367552
0.9609179413902604
0.6776103568385246
0.6430531306396661
0.6600038056985118
0.6007460800916016
0.9781655699271933
0.7300966731414371
0.6501389227919288
0.6709214646116519
0.7527441373035706
0.6715900460823858
0.7281448959700769
0.6990450686632301
0.8548274756739257
0.6763268484439344
0.663715645583226
0.6925061804121809
0.8982856248335623
0.6966019007584412
0.5687565924765973
3.636785056113716
0.8619866221344362
0.6022948715013835
0.8936884152281088
0.5548218491869664
0.690631987950613
0.6058530456960084
0.7083542016135491
0.7208115712333538
0.7773837708144511
0.6937010477487632
0.7167625110457766
0.9752223613448718
0.6884998205917306
0.6219808912579489
0.6650253349573876
0.884853904909844
0.6232229770127169
0.6264482234623934
0.7540616907607167
0.6552554338450159
0.6811482301107474
0.655453460761402
0.8684408718117439
0.7154890123397595
0.8869621669873871
0.8991145463206217
0.6169723796129454
3.636507070808777
0.6869062199055926
0.6498820323299876
0.6993303920053798
0.6078239822674654
0.6526321876144001
0.8662530735800478
0.8599252296860121
0.7114320426600138
0.7162923595169417
0.6455232786584397
0.8613972890130712
0.8978518831822406
0.6459425890230226
0.6677687222233152
0.6595553283074634
0.767816554042265
0.6168429103848037
0.8371622874168508
0.7119594173124792
0.6048027995750543
0.9934500673177286
0.587473135165582
0.6718304504337764
0.7459141806136652
0.6561336596233439
0.9128102912839285
0.7068850148828706
0.7625749784616317
0.670714558004988
0.6837380776180569
0.66933850987922
0.6378987343496221
0.6850450005076312
0.6208282120597526
0.6795076461845942
0.6835244731180281
0.6430796874069795
0.6854879077103
0.8868215396171772
0.6839361766351233
0.6608254210754205
0.9011647719702426
0.631330188468594
0.6059949696511693
0.6563758247138715
0.6962535444673105
0.8381694480142174
0.5753913841768793
3.519323853301814
0.6618374062351775
0.8772216402808131
0.8960228257436368
0.9745665304765601
0.7636238513655434
0.6109862830678326
0.5821600758599332
0.703212806727041
3.747201404015527
0.7010599554970127
0.6798241445433114
0.6162734617095097
0.7235668252617099
0.6511714238545421
0.6833441972974652
0.709222910447957
0.6591204005313999
0.7058296502866952
0.5971131879910804
0.6600107504884323
0.5828627374711576
0.6745106446143718
0.6571295074020378
0.9804724738775622
0.6494187123733323
0.8622817655199768
0.6617190386808637
0.7051552814578033
0.6489065633476323
0.6698631798453316
0.6850384896620407
0.7676648486187141
0.6610447396537237
0.6813097581506876
0.5939319946698877
0.753992670553686
0.6695058474979286
0.8656084697684647
0.6941903930920762
0.972262257095804
0.9692312144278774
0.7004388138323946
0.6363058214241702
0.6323506939645465
0.9791056216450793
