0.794130194603954
0.7156885530170793
0.7131319267682892
0.8058397696141135
0.7137204337837033
0.7006738291405785
0.7296890935839725
0.7987428053545839
0.8243640700245414
0.6929993636307149
0.8072971314200719
0.7182230564602685
0.7093817268205739
0.6587418578630332
0.7116212851260896
0.6934986712859533
0.7400734334378031
0.5404286771495863
0.8019105474751583
0.7644369854408124
0.7267049810242506
0.7553987146434344
0.8044834101837193
0.7576469727989357
0.7163199179711047
0.7559261553577159
0.7729889608123583
0.7615100157837663
