0.6710728096200396
0.8028876669924192
0.7868562436884086
0.7088667255756347
0.5826258241972914
0.5871791960629937
0.5238606029307057
0.6261957926533297
0.49230356713436363
0.6674794344985617
0.5372569048832703
0.5130369135521713
0.49840357729440526
0.5379175178070342
0.6513016588536178
0.5459871374226587
0.6316655154858319
0.5240361220294015
0.7547470447115725
0.571766621907563
0.6218173665479998
0.5594385761587457
0.5734452787123068
0.6151922391376088
0.6731318121729305
0.5620753519277557
0.6106540101443756
0.7109696955790212
0.6968836819864404
0.6225222477349699
0.59798723853424
0.7316550645859929
0.7670391386858857
0.66312186636094
0.5821795450064587
0.6404559348885471
0.5865066728032344
0.6638060732741158
0.6312258880595871
0.6555024607416456
0.6168715898726608
0.5115218502754153
0.825719168768785
0.6266055917508467
0.6462070951188839
0.585682467179602
0.780237684103624
0.7901550469096108
0.7373526513674995
0.5493884418967006
0.5126603731667387
0.5261816664890473
0.6023651592899868
0.6904071387435955
0.6200110848779846
0.4467294712418751
0.6379535094542699
0.5873605899580152
0.596453566282468
0.7906115729293625
0.724190246515756
0.6639357126248581
0.6031258709562395
0.5819760554128617
0.6686128638140195
0.5744708534562734
0.5330457861485948
0.5388355204335228
0.6662237935197309
0.608272126857101
0.6669428888837015
0.7001926781788823
0.6906754958514699
0.6652391248528856
0.6337262514598251
0.8147605671472169
0.6489879333310105
0.6888097916368547
0.7305946247016731
0.5789257456078245
0.5967285054928562
0.5830342790233924
0.6875391991608522
0.6659635686881373
0.6820185919360361
0.7053262625359822
0.6656582738346306
0.6635027946784863
0.586005027324265
0.768546636150355
0.5950273838893178
0.6608067450323304
0.6567568980162732
0.49593204694955645
0.613614832792848
0.7817932077993428
0.7113144008056524
0.8182329699115969
0.5643799866735304
0.5484903007090836
0.7401355194892767
0.7143348374167994
0.7250543961522881
0.707316672144089
0.538702811328671
0.5063110792270183
0.6283255358765963
0.508469568415197
0.6307417176958459
0.7229827073536526
0.4959793301209764
0.5511582911646118
0.5861232185382454
0.5006777290475569
0.6898187369311222
0.8212575057427302
0.5930051383928584
0.5810520507415736
0.8550117052902698
0.6421270365435455
0.5752943155659975
0.8447353273792294
0.6754932406684682
0.5850266856300994
0.579439708230814
0.5617943497282784
0.5312409210175502
0.5929372250696481
0.6936338029721605
0.6090311322311782
0.49705624268089277
0.8679209754845161
0.5656329965602676
0.6889566279073587
0.565379953684118
0.9558856508610334
0.8287059590931081
0.5042890328637011
0.5591521526820368
0.5790936272239486
0.5876942116569229
0.5834606920891519
0.6066373095383943
0.649957850395728
0.6835805734834007
0.6151987020766507
0.5321428514515997
0.46196758818719813
0.670106469816415
0.6840931640266926
0.6663128177662262
0.6628843448853274
0.5491618163687706
0.7477113328332754
0.5714014653375622
0.5291943902556313
0.54813856199675
0.6389127856780137
0.5437923999927121
0.6067462931485537
0.654034721643689
0.6213860079153278
0.749194459290333
0.6323372057317742
0.6649307317715898
0.5767212521789862
0.643571181600659
0.6058615681935174
0.6059674186721962
0.7180111743057369
0.6481366758981384
0.6476098898943853
0.7083086889538428
0.6930150189377695
0.5469617348573349
0.5734636892042846
0.5665478699978039
0.5251931202861329
0.5878194005145773
0.8267220752492592
0.6807727634452152
0.6971933236789641
0.6518901396788163
0.583178908137079
0.5919953709332513
0.4384588871673317
0.6048043911156339
0.6399467900146945
0.6617202342810982
0.6541758508220856
0.4743413391402983
0.6106523465554429
0.5673617031221798
0.7394561193696394
0.6847819219635931
0.6941125242356734
0.675871428675465
0.5874404631685338
0.5492987311462164
0.6471608488984164
0.692912110403613
0.49554010112630076
0.7476392144805819
0.6723646768578336
0.6177024861690334
0.6292468836417126
0.5702949154667574
0.6034466606873061
0.6931776297521994
0.5589817694839572
0.5781341661478516
0.5859136739537865
0.6042298043762694
0.6159392523311016
0.799290509629398
0.5974161403463139
0.9210820833796471
0.5896506269467612
0.6420532118158504
0.7480635560048322
0.6897800105910523
0.6612048856623918
0.5786433359639014
0.6816314499040829
0.6375880291173739
0.6610171254956534
0.6838681633940802
0.5688055508561818
0.5989766892807287
0.6441764741411234
0.5498970522620148
0.7666491729376943
0.6221327607491767
0.4869049770846243
0.5415820165659959
0.5632610043664029
0.5906821404263757
0.7142335471450698
0.5603991915876385
0.7060750413510964
0.7052089403828445
0.5811385653315548
0.5769975944702481
0.5359212011142827
0.7363556548808141
0.5354799033979906
0.6161244411080937
0.7459716838879092
0.4757087230247534
0.6764883208471049
0.49274341499344254
0.7185603475589059
0.7859076124053155
0.5108617665821564
0.6484641092366256
0.477029844623831
0.6121276464403472
0.5871038999693431
0.6855710543637393
0.590707729639531
0.6557307601259512
0.5799161503603225
0.48780378178983863
0.6339542739143535
0.5891187894125929
0.5915377789603705
0.6021506568781958
0.6660200479896954
0.514723227213786
0.5985525787912561
0.5157641080033013
0.7731836544235106
0.6876932788379155
0.7789195029198791
0.7156806374740138
0.5360822225835185
0.5954297523906078
0.633238627427924
0.5726982103760753
0.6953474884339643
0.5430171149666736
0.5707627157167958
0.6279953556794633
0.7447160566840144
0.6173991846772735
0.6351292657924748
0.6723039627000179
0.5777508307814909
0.506342253742389
0.793480832084422
0.7084287442944184
0.7364801029497885
0.6994363089928919
0.4946116393186729
0.6821816666248539
0.6104634219314716
