0.8157541125431749
0.7982136386026943
0.824880792937634
0.7845694926975411
0.8371573666748915
0.7325346751020173
0.711748108161621
0.764204571362013
0.7841446577923219
0.7963124747502084
0.7133894254262508
0.6872291669096016
0.7893716787663787
0.7377482927281186
0.725609004027822
0.6151826302542444
0.7359545965415373
0.830556153285073
0.7299370393299454
0.8596492938522996
0.7196555984920804
0.7402620458402546
0.7347002881961777
0.8170715660516377
0.7694830582191632
0.8184019616894418
0.7742952840779405
0.6915616996356329
0.7258003140978252
0.7084946860469123
0.8251804768722013
0.7168226033803735
0.8324375556318253
0.7583903253292142
0.7615223381789129
0.7729734318092235
0.6104153921758722
0.7872351868748627
0.7418675843429929
0.7210631027411242
0.8486655022174974
0.7575106158557262
0.8057586153174985
0.7611145543900152
0.7886541463483099
0.7921934313016393
0.8546605663410174
0.775856489246274
0.7655301531736496
0.6659336945843248
0.8040009163834362
0.733541582503336
0.688796611437726
0.709451778340609
0.8270788419863074
0.8055952082216951
0.7942529511606657
0.5994208352858662
0.7286096059235829
0.8477462646526792
0.6943259083791604
0.7125430998745095
0.6999658200448703
0.7521603483832516
0.6728141010204874
0.8147843676803557
0.7534723890370165
0.8317856940256569
0.6874135015438045
0.7378666223331474
0.853207107867417
0.6956710723398021
0.7937634438203004
0.7721244417001107
0.7888562986916174
0.7962207351420525
0.6981534678025197
0.7215124081021369
0.6933620585722071
0.8098434777225847
0.7122358911395673
0.7897709011040823
0.8091020222780465
0.8156100507492783
0.7244333997353656
0.7484949743264253
0.7783497080160844
0.7033882355340446
0.7219341917396058
0.7643720721259873
0.7845247095790792
0.738733772617508
0.7450095689117155
0.7688651163311754
0.7452288741732181
0.8199604193640238
0.7287898144656675
0.7856854283684314
0.7330043767946793
0.7336932956080707
0.7526643847364379
0.7211627034093555
0.8223700115629289
0.7960905677258245
0.6916768554399736
0.7663642712452533
0.6959378967084391
0.7487517132434857
0.7426910118462322
0.8017388154304008
0.6747155667093179
0.8011748411867936
0.8177051832398311
0.8373695397804132
0.7623303054342876
0.7419927446017489
0.6739284619789215
0.5969625430725061
0.848847115767227
0.798364819331802
0.7922883950659243
0.8324045451924672
0.7196649519669304
0.6811113665618418
0.7199151839820079
0.7147192124132804
0.7271530842761496
0.8576201564621894
0.6370927115165309
0.8080744280398685
0.8262742902552848
0.7291795954319762
0.7802209771667312
0.7582448468847494
0.7940960917869795
0.812383733657416
0.8804749390930793
0.8267971276278528
0.7515695448124736
0.8107015957483115
0.7501886852369346
0.8213553562014873
0.745334458575249
0.7230124797072637
0.6890495094047719
0.7709904959637353
0.7302108605760681
0.5835005945570568
0.771335357840174
0.8263627873447629
0.7021605665506666
0.8154379603247212
0.7438217340620938
0.7390610243489459
0.7207751720313633
0.661992084596569
0.7022679769664758
0.7742158411581321
0.5975851618272426
0.7065073433945919
0.8138936147893183
0.7791213443181433
0.7115680201912424
0.6999812108314412
0.7643527943469257
0.7417763813028064
0.7278198389743399
0.7880499701790222
0.7836618907940401
0.687195890267186
0.7326935017065149
0.6787256770965728
0.695530278353294
0.8037025074586933
0.7536266320358433
0.8563071851292443
0.8365145104391143
0.7319579189849932
0.7950574260392058
0.7517338392369902
0.7343291801843055
0.8163506956075237
0.770790954382368
0.7430629379884635
0.6053309241709094
0.8173336085652965
0.7652199485803403
0.7167635209360155
0.7209764745024851
0.7301456678748421
0.6967831170283058
0.7272424237929731
0.7632863858234289
0.7046002620423024
0.6849835088082507
0.6805271918543367
0.8110917312620377
0.8080168530980638
0.8148297739308685
0.652930999107846
0.733183750219955
0.7916207069132837
0.7696277023554836
0.7905305155690114
0.7393049674678194
0.8007206100070704
0.6935810408455039
