0.8870145614869966
0.9073780092329569
0.9159420670452929
0.8250019142739029
0.8027159153215744
0.9046294607348773
0.91564473172481
0.8953037385011797
0.8866210413290847
0.8838571933490478
0.8862512455418436
0.8877293713276277
0.8904047644275825
0.9182746428660813
0.8328666186415095
0.9105852977816571
0.9693703467990346
0.9168227395973354
0.8286105993461306
0.8942578823996719
0.8974153852479936
0.8920727709911263
0.8317015578056746
0.8441017738925798
0.9755075661952177
0.8286628736272351
0.8382895806965047
0.8230689267322708
0.8895623782234503
0.8883264772567172
0.907194843899229
0.9194444188039668
0.9149179693319072
0.8292509973431852
0.8072783888344537
0.9002902988112931
0.9049572189991085
0.9147290792748666
0.8963357988888563
0.8860846447835699
0.8831859287081434
0.889329269868822
0.8862387324747787
0.8894203145952954
0.8690210391504126
0.9200652525642043
0.8318551704778221
0.9117724262318263
0.9694920610175872
0.9144476857487461
0.8632248841763505
0.8135911355364274
0.8920825130105716
0.8987720533107844
0.8892607626430649
0.831754643721059
0.8818339939472375
0.9665220279650806
0.9734688393687709
0.8646965941677083
0.8408928472649368
0.8881286784162841
0.8903288290125594
0.9063256040240837
0.9180228703956583
0.9155954530607606
0.8269622806616581
0.8033328958894489
0.9098761641074126
0.9011114502706563
0.9135396469319708
0.895772725849248
0.8892061510622317
0.8807219114509419
0.8835196572588806
0.8884846979860905
0.8875896032830703
0.8679565320636733
0.9300616388902052
0.8329724098750189
0.9165358175395157
0.8339826544941122
0.8499662380556163
0.891302952206632
0.8969379122204804
0.8900616255086391
0.8265468788981335
0.8444452263532292
0.9656064626954968
0.9749910786952125
0.8645691801850844
0.8362493175596293
0.823935852633134
0.8890792277484159
0.907607004161924
0.9190838531345433
0.8296951009121117
0.8012716618652329
0.9075421069351116
0.9035278784461171
0.9133588773076886
0.895903545990753
0.8865780946356905
0.8807706636942498
0.8866520868125282
0.8891401748231167
0.8675825071295555
0.8313230935528171
0.8998014305796367
0.9703340602464063
0.9161505073097012
0.8311190772684884
0.8150951158756725
0.8923017845945462
0.8987102721580424
0.8884012075840151
0.8305770849892946
0.878771281486761
0.965356443286863
0.9735156935742402
0.8646270544226045
0.8420886263410678
0.8218238927906121
0.8891910188281694
0.8960517732999933
0.9279091424081389
0.9274642453508879
0.8395184538431264
0.8450445846798714
0.9203490546085649
0.9164117525254407
0.9256092522250108
0.9019381809084037
0.8975627011362335
0.8934745228165364
0.897755074802439
0.8979091977149266
0.8954332842653574
0.876452766709148
0.9303317293507887
0.8465962367048258
0.9309833808142247
0.9755964757127693
0.9226334421385993
0.859819878426354
0.9078478844226399
0.906569907474136
0.9029887433777246
0.8434092796414874
0.8837720508977347
0.9781466420901566
0.9841113658000912
0.870677891376682
0.842108270605604
0.8273118277814961
0.8984459944447236
0.8991187781789476
0.9163819415298706
0.9287635792630806
0.9268266212018785
0.8360761098386618
0.8430479045157565
0.9102688119696949
0.925069937346601
0.9202776259959672
0.8912834011322903
0.895582670568302
0.8940909730454369
0.895501906700043
0.8738369986518553
0.8808778391981493
0.9048600896589771
0.978280106191664
0.9266559120796685
0.86914554880377
0.8603401713818859
0.9060142535667506
0.9087837725604815
0.8979663316052761
0.8905485138929854
0.9742680333324805
0.9856378079160979
0.8735414677016256
0.8719673194649064
0.901989252613173
0.8980597823887164
0.9187946309297039
0.9262719128307927
0.8313646325978876
0.8161101893743425
0.90864883618585
0.9046787632631315
0.9099970718880271
0.9002882089277127
0.9046040775675475
0.8897926006815471
0.9005169552585958
0.8951859509790326
0.8793239659657974
0.9311059416165652
0.8486176241180456
0.9285621885451305
0.9759280703821004
0.9239098865269683
0.8691612980329588
0.8611095806528006
0.9046777224264555
0.9058838846915085
0.9026510480816894
0.8418571217863582
0.8776265210965373
0.9760627470727272
0.9813357989721587
0.8677485585051548
0.8848820752025219
0.8982926443375419
0.8976298299108509
0.9174933276267584
0.9252207030056563
0.8384213150026789
0.8073621844918546
0.899830508579839
0.9161547486948767
0.8999604902440522
0.9150871004471438
0.8891154696453112
0.8897157359949673
0.896824450101021
0.8850416520688904
0.872493870972727
0.9181385876974294
0.8472856292385053
0.9000613012378352
0.9254741098073302
0.8670901424547126
0.8540036341489804
0.9015785158034447
0.8386351820202809
0.9701966713424122
0.9790713623956413
0.8701593217245782
0.8510928667201995
0.8501504146884258
