0.4336826820655587
0.43764700799242223
0.39372336585003226
0.3829931284121672
0.4244621614563554
0.49308737024089794
0.3925997872798448
0.47433568435650736
0.46317150311415917
0.47534206109621036
0.4814170363607356
0.47006291310875375
0.49472001129070015
0.5194669339551021
0.488285622508214
0.5517507941680653
0.5180134009885806
0.5197696776472056
0.5292029995526726
0.5219168090867841
0.44415370668300436
0.49729174129494824
0.5530089873695205
0.5190366667951488
0.5117615588954333
0.5682963880526504
0.5422209398700142
0.6062852773786092
0.5667091171596521
0.522159981950253
0.5923606814059112
0.6017073007229483
0.5859167866853093
0.8029073910854687
0.6799402924662629
0.5963278566515962
0.6204684327139003
0.6490495983248232
0.5971506137707034
0.6213465996240016
0.6063978727689598
0.6934414392997802
0.6080807481988819
0.5066879124872806
0.6126215330067913
0.4360620839713863
0.44115200642186664
0.40259167078894587
0.38902235764707516
0.4980334276620315
0.4004416209295517
0.46483758646969636
0.46567471172274966
0.5070440823463113
0.5106831350522837
0.40625944542188575
0.4807600770868839
0.49488797308156474
0.49291845297110126
0.545562744913608
0.5367080659152124
0.5141168318532813
0.5295200918422613
0.5080764237459835
0.5281173326790816
0.4430020944363582
0.5039219553655814
0.5470487637338958
0.5196863594601049
0.5114020785939737
0.5703913745537785
0.5512978080415663
0.6017422997873993
0.5659858955654191
0.5296374654805692
0.5907807086928566
0.5971252276332402
0.582232573931279
0.7823665255145861
0.6866114677962507
0.5942872036638968
0.62340904861315
0.6409803832123673
0.59259643285889
0.6437279982607949
0.605918730011754
0.6545605491274128
0.6107853203435831
0.5164347030261904
0.6125265061752526
0.42610248409057405
0.3951218084422942
0.425221623260131
0.46735421065893284
0.3956217966863028
0.4723332588563031
0.46286330825633176
0.4794158682889179
0.4847838402228245
0.43587021396833814
0.4766091615422205
0.4964006412406808
0.514773164699535
0.4881189231748553
0.5516383119276631
0.5431312248553031
0.5264693081884156
0.5295876924983636
0.517871199547064
0.444182888514863
0.49257932389485937
0.5121185292059154
0.5720707995751391
0.5427523867290309
0.6048313656731568
0.5289490792084347
0.5945711027786971
0.5951456891076649
0.5811162684588013
0.7876819380741062
0.6796030586995706
0.593763190711293
0.6268958993587014
0.6392388720517277
0.5965788736230652
0.6229659885206056
0.6021124860989135
0.6907017950829559
0.6074892253859296
0.502997164278491
0.6129446578331345
0.4706802892485459
0.47353926947594466
0.42108280895606126
0.42389847378813506
0.5069743082287281
0.4384460772155236
0.4959472377967582
0.5046202565739704
0.43808240506739216
0.4992509873329027
0.5217366436363337
0.5267764423848591
0.575241603208593
0.5388903079349516
0.5401643771291166
0.5707596153752605
0.529368876805367
0.5496837154934509
0.47167870558687736
0.514177081893809
0.5855293226379618
0.5368219373731731
0.5433979192935753
0.5899799120039549
0.5887884150947259
0.5979709837131076
0.5652176022571723
0.6197908524921045
0.6276586463524639
0.6267273552215205
0.7193281711137274
0.6252947466499912
0.6324443440671307
0.6794456545635273
0.621847705559574
0.660636289622848
0.6292423938290066
0.6937795283396729
0.6419045427729841
0.5293275853598021
0.6405262988382422
0.45375287673959364
0.45997014221443105
0.4282327237768009
0.41381687781255744
0.4719499163297264
0.5288305800388076
0.43567195106836565
0.4939778335597861
0.49759703351499873
0.5106484457438021
0.498330390232216
0.4396223750364815
0.5004655992626167
0.5516658685590892
0.5210916247877349
0.5761875594435663
0.5534299803026734
0.5797697909040579
0.5379357647663656
0.5472568469502214
0.469153937818792
0.5239010312741813
0.5826584561850889
0.5357228838277219
0.5964507748484785
0.6375569209453307
0.5992587668467702
0.5547004859578151
0.6134334860233428
0.6245019502236167
0.6163051129002987
0.8233674060949414
0.7191861250228693
0.6233442632905706
0.6426914553385711
0.6798031883180471
0.6199573197290755
0.6618296007759669
0.6353030287801367
0.6933851783561847
0.6347108178161888
0.5356741210405951
0.6377323643003979
0.46812159351555693
0.4255121184454236
0.43032357517153264
0.45029820078943994
0.49400648979130857
0.42955252798079263
0.47833799594331805
0.5044026795087829
0.5002381077165793
0.444104519929037
0.49661574168390876
0.5225263956991886
0.55264455570526
0.530028320584688
0.5803795398731492
0.5511596955642493
0.5765764371899232
0.48034948025947716
0.540864584300667
0.5474155769469795
0.5861026327832636
0.5895866435490029
0.6418903697573779
0.6047458690345469
0.5547747027934745
0.6221160013473656
0.63788044656647
0.6282039389265135
0.8386506261403244
0.7266711158707782
0.6197737941854938
0.6364831940256536
0.683898195621385
0.622262717100641
0.6678143393684952
0.6367060825729881
0.7066845527701149
0.6441707936240392
0.5255643217000072
0.6433486726098382
0.44773999048016094
0.4225580725193324
0.4671052900321302
0.5237359241174819
0.4346146148871318
0.4946758587572738
0.49555721469771924
0.511026138673852
0.4922491201172142
0.438657140551379
0.5069271620235559
0.5054483098010804
0.5555025207455866
0.5309167937322329
0.5798580117711227
0.5508909719338946
0.5421906178583438
0.5521075617566831
0.4776414232249416
0.5189643038189238
0.5894132933335343
0.5372202655968505
0.5459632049623043
0.5911272517690271
0.5969306106333676
0.6434894686112863
0.6117296413785145
0.5546923530285857
0.6180995838068466
0.627942801091722
0.6209698829790208
0.8403784679436994
0.7271493362043577
0.6307326045489146
0.6502345093955206
0.6858807176091268
0.6620625638416355
0.6458032007024754
0.7012456309384227
0.6399882258883426
0.5382415352906053
