0.44240437419157896
0.43372908319103964
0.4110685255704164
0.3824848975749215
0.42174952450275793
0.46950397112060727
0.3785094071849553
0.4678865566012787
0.4924626531919853
0.4808006341622134
0.5001682708695985
0.3763037519218262
0.5016459222617726
0.5079311211615659
0.5027799077758689
0.5190530059879022
0.46810045029753866
0.5338064529408584
0.5338511821470304
0.4347453230853968
0.5374117629799092
0.44666815124705544
0.4906558852869616
0.49190471998789664
0.49389110627435207
0.547388776903377
0.5334142093312546
0.5491642326783693
0.5503543314205647
0.5066657301007043
0.5712037691084881
0.5909888306330172
0.5957698593123809
0.5939231174905941
0.65813619443569
0.6062198774638374
0.6268209215741332
0.6206387641752983
0.6245206830682477
0.5860167079189156
0.4847940399935905
