0.7054411188353582
0.6305125200785718
0.6556235292941619
0.6712449069224329
0.5804593808490682
0.5198278745293846
0.6309410020785527
0.6591319369385513
0.6522786289692315
0.6521228338170082
0.6118612916665556
0.5867435906942539
0.6299926920639969
0.6312941517069274
0.62276736751908
0.5783928955306439
0.6755846876686897
0.5533058079964663
0.6161143780126038
0.7310121619407165
0.5513237537300477
0.5747447681094054
0.6045413541637286
0.6284043746029693
0.6169149175133675
0.5441881547604434
0.6827790329215726
0.6942886727781333
