0.7627974153067135
0.6980340797460352
0.7017701663108353
0.7831500674227598
0.6721050620489756
0.6870188608677347
0.7761126746476826
0.8254868948719489
0.7316225346930435
0.7742594318216942
0.7279265794233034
0.8690339969611786
0.6467142900171466
0.7156679196853963
0.6715348311159202
0.7370726999999878
0.7697800177209575
0.7525038399990017
0.6985743808929188
0.6513522565669408
0.6822538503614433
0.8443648483025811
0.7373545692367096
0.785109368371383
0.7183492120299683
0.6287253415373492
0.8969282363362272
0.8364657410427668
0.7867354850489046
0.6414703882438949
0.6955081626805454
0.8154993523386218
0.902621667873046
0.7529010241111472
0.7891019897518009
0.7407455905151594
0.8471923425701673
0.8074734707194813
0.7348071501671017
0.7951354244159854
0.7953829208859744
0.7475321717158121
0.7785773471982156
0.7694900767827145
0.7400793
0.6112558710939547
0.7173211786523137
0.7324424999999882
0.6869387205842811
0.7825841432607034
0.6738658525883069
0.6587056485558337
0.6785148674184572
0.8378257692830163
0.7349752231487737
0.8472103930985659
0.766792162215981
0.653180537070081
0.7239284999998881
0.8903398029299404
0.6855180375566877
0.7228681949299105
0.729249633278675
0.6804328565381554
0.7210965336933988
0.7474455594096524
0.6424440395821427
0.88014204394952
0.8238915073523884
0.7440244999999872
0.7792751272219901
0.8715646719009637
0.6302626046695897
0.8171246932167918
0.7857610174852625
0.7326287691346769
0.7573643439240577
0.6655732522525113
0.9165313174817361
0.8369913106362145
0.7452161498987141
0.7735039844228546
0.8878594191461853
0.7628659037494371
0.8459238071646177
0.7934183127441788
0.7432852239039215
0.8131779038361231
0.7783861054739583
0.7821172275759709
0.7553768920830275
0.9012444190996785
0.8200274561960376
0.6307802171852922
0.6578444999951888
0.663541595094873
0.8543347861156261
0.6054833535674341
0.7701903981999345
0.7416757843269017
0.6755729116716942
0.8063250508646511
0.8455350146531704
0.8129009411153223
0.8102475870932228
0.8593831709016065
0.7721209311107413
0.8431434605968007
0.7356864499998477
0.760292458992857
0.7131440667786945
0.6806914357489267
0.8610542413098909
0.865883913497666
0.7457310743706367
0.7472790325104156
0.7046077575335408
0.7228815999996879
0.8073821892757843
0.8169174115818517
0.8206309183959798
0.7085404792407283
0.7920708858673704
0.7432894296417536
0.7717514820428932
0.6757045227124916
0.7450460172424755
0.7090217708293344
0.6997696904459765
0.8279081236002434
0.8184350877156061
0.8487287819845727
0.775162409918167
0.7244671106286196
0.80150338167905
0.7181984884447787
0.8136700810636948
0.7230086914280127
0.8125908239903108
0.9203613473392287
0.754309865962171
0.8737056493662673
0.7468784201668772
0.8316649948333114
0.8282667875440938
0.8897990503301951
0.733869202906132
0.7784266070693086
0.7753793332972266
0.7439265930470533
0.7797963049927925
0.7397743922115436
0.7452718573997145
0.7685347393203733
0.7089433265045835
0.7913879663757941
0.7806063537799404
0.7582416453750015
0.7677707890104506
0.8421470888150162
0.6805238114942666
0.7871337100194687
0.7599782031343728
0.7234238973371869
0.8108127529747721
0.7423894415291801
0.608990240215197
0.7582443433473179
0.7957446255613642
0.8659065889750178
0.8961381060997773
0.670639822189752
0.630048783971654
0.7846479306909874
0.7917044957759798
0.7925072058093141
0.661604585180991
0.8301855538639289
0.7350058686396425
0.8274956911144555
0.7307892510641659
0.7995415305429081
0.6661935953042061
0.7671657994251839
0.63280633019577
0.7634550059033983
0.7441063778175752
0.9119174694709565
0.7604477344745783
0.7273162105609831
0.8144272886842104
0.8141140327320285
0.734703874644574
0.7847530488932322
0.7706505588559771
0.7665778635470841
0.746862939184038
0.6510868260718755
0.8623160701328951
0.7559280708129894
0.7945088827798082
0.8150818820787584
0.926255582063299
0.8699850287576629
0.7950736981002696
0.7075293622971659
0.8928855948545898
