0.6380430683839561
0.4731675685600095
0.6296499451925307
0.5678010842517992
0.6911013676532234
0.5830945100304739
0.5967882484020899
0.7647074224062214
0.460230432166381
0.6465671931667704
0.58684741226037
0.5094161214921641
0.7134637076443058
0.5457551349773243
0.6239772657920702
0.44622957720726053
0.5674111367180718
0.6270604706014521
0.6945147567822552
0.5388003328056095
0.589208278946262
0.7791166013237886
0.6462001120100579
0.5917525436710641
0.4440607895084389
0.6924852139877722
0.5894689993182031
0.5894051615883986
0.6247689583238332
0.546161337834736
0.7009173086210534
0.7446043288018036
0.8108581570965302
0.5742496582044484
0.5271675416608328
0.6280585824659505
0.5783044854524454
0.7415177197228089
0.7333062173611818
0.4705003399953832
0.7293121200093787
0.5796956997456273
0.5683952066078924
0.7086470361581682
0.5888339397499714
0.722229280441679
0.7204887545459184
0.7635280308978164
0.5744451552355653
0.6416811898701085
0.6031292298347751
0.7095397644355049
0.5192015153891906
0.6246441908076822
0.5880316447655379
0.7514261340896873
0.5549935004002687
0.7613419286024226
0.5962823485523615
0.6849722924954711
0.7677880544043152
0.5424612814329818
0.7698138001156194
0.7685528017792762
0.5855210828091869
0.5735188013080377
0.7188416298293017
0.6445362120892911
0.7737525001182072
0.6425257342127698
0.5689613953305065
0.7394902670228444
0.4596144115643969
0.585128197437461
0.5155998757060163
0.5752684739723366
0.6259864355708015
0.5429234175720262
0.7047986432446519
0.6030298006442786
0.54393412539079
0.5575061012093726
0.693339203547011
0.5583946771254836
0.4750737403183049
0.5946630535996613
0.4270519541275098
0.5782029888126755
0.5500959244976596
0.5933151111125988
0.5690011020243009
0.5740891928488737
0.8089472802678477
0.4375362472554631
0.6149850302444194
0.7105311705189175
0.6219469501484248
0.5800313517411948
0.6987002100666738
0.5624675272387109
0.6333935402375737
0.48305881623551383
0.6417106093776406
0.5966858546933144
0.6118466187239856
0.757369248934826
0.5205456501406316
0.532067606801424
0.6022300040478135
0.7609624206804863
0.9858220962405742
0.6689606407857379
0.7243987872568917
0.58622423102813
0.5468970206503158
0.6184927515730565
0.7109717078007278
0.45000433766378894
0.46462369147849086
0.5587114878779018
0.6814941739733192
0.6105314258709841
0.8146803215923729
0.7395725813711375
0.973833345463093
0.6198541838677532
0.542839943954514
0.48017102553927704
0.7474200094148415
0.7683336087964372
0.6562569025114124
0.7646152100353888
0.6900714643899305
0.7328095325139166
0.7379654172047565
0.5273953166267522
0.5379119666649745
0.5167349806357708
0.5722658265925947
0.6476044065779707
0.6081492661319554
0.8492049793921638
0.8172457366067837
0.4514901669175241
0.7130037981280083
0.8392168351666728
0.5589277380874863
0.5197117382956208
0.6658153754144158
0.8480986212894154
0.5511380850272093
0.6565040019287595
0.7970647295193383
0.584653391069753
0.658109656599317
0.6057078381452332
0.6985761181649258
0.9191537510145645
0.7210157853620582
0.4966240315864492
0.5069379112164591
0.5651650792725685
0.47812818769078597
0.6107062131186255
0.5686574990088289
0.6498861394916063
0.704651986011758
0.7553294501138623
0.7254726514859182
0.520892490251465
0.5724460699479569
0.5729869665868387
0.6480390827167118
0.7635861425561931
0.6264981601077336
0.5948669841081411
0.7329683376208769
0.6755742094745468
0.7151179254925414
0.5900807749425031
0.5535022726133526
0.5101733112005269
0.47165377421378446
0.6596217714694081
0.6807104221931627
0.5011441815552405
0.6838425104353845
0.5949078193692887
0.8417783965055446
0.5724844428877008
0.5296191972131996
0.5650663689576404
0.7378443972038172
0.6872171764304451
0.7331929420003442
0.7675744531106645
0.7225610035429673
0.4996545967285322
0.6377968703344968
0.610915531714158
0.6186012602553734
0.6685604623571099
0.565194489231382
0.6902505656581004
0.5726189499988672
0.47132304279367715
0.6450899064819509
0.6474177246254457
0.47142074740047535
0.6183309467607095
0.5087780164471268
0.9205049628348407
0.5598993067549682
0.5676424066784189
0.8213533166177117
0.7464706364964842
0.6693145494969184
0.6262132608712663
0.7036015348717682
0.6558708318424942
0.8074577388981398
0.6425532167283288
0.6113258934125393
0.5011650559614669
0.43505788241415194
0.7629728634401529
0.7114777473025282
0.7685277029368172
0.8200988366246047
0.7254878713346504
0.7662422588590709
0.6117034984761194
0.613292766434632
0.6382474618778359
0.7351025786858619
0.6153736560385261
0.639103193003862
0.663941809673621
0.5207066144099486
0.7460406316171465
0.43798595002931096
0.7383621753324967
0.664006730284475
0.5014038351337069
0.5792294133747707
0.5821867958569281
0.451978466198853
0.6694778557673018
0.4885148268352273
0.4798462448167245
0.6690614260462032
0.6431753863831707
0.5791661132499929
0.47934020217295026
0.7120069426370522
0.6196845876918615
0.5464370481569936
0.4493448139702949
0.5753546725473846
0.7408630509336299
0.5825753187805073
0.7596914677129943
0.5625259289424658
0.5872205088018652
0.7838848725238942
0.5360642525098694
0.675662858702651
0.530936480861324
0.4312354996525221
0.5821107789327353
0.6418898256481873
0.6063782050510995
0.44278009061827756
0.9397496705071081
0.6142332722193906
0.5762418030323062
0.683363985914647
0.4548600188796075
0.5551186440988173
0.5827300861297944
0.5518187204171003
0.7972357086621483
0.5730910839480926
0.6134310890146664
0.42720638814340856
0.7418511004492281
0.985136355501121
0.5687999673942584
0.7027557493566929
0.7436987448013053
0.6220600026563264
0.5213564356194402
0.788010914867421
0.7482802129364149
0.7627698495231068
0.5977480780540654
