1.256284394952084
1.215128309445375
1.2486901058010338
1.224592704785374
1.2215457119845325
1.185201207582172
1.1074704169630025
1.2418008285686568
1.2960034065726194
1.2688798979324587
1.1943655623226381
1.2136909595495613
1.2478529004757137
1.2354183397454128
1.290625941851311
1.2378509389575842
1.1515518769918736
1.2110193304019645
1.1347283359181952
1.2524602657661124
1.1862320285290495
1.3031231109874812
1.1855541279055324
1.2008603336841148
1.1607798514564474
1.2579703526525159
1.3297753777416261
1.1434373936979447
1.2030673453432525
1.073325215979008
1.2008187696816353
1.1601774003010885
1.3345114772128976
1.3358723067726535
1.2088306171316827
1.258395665774739
1.1937332936219247
1.3369862083035835
1.1549807873657176
1.2264377480059516
1.249243930781768
1.204657899523447
1.2380063942529558
1.2377740874238765
1.2894957010448005
1.2109632511341784
1.3178369258691767
1.2919176609971215
1.2420230019596785
1.057727702244591
1.2037029599142948
1.1873497704381715
1.2527951447397692
1.1933992255739831
1.3593951338108403
1.188004280636136
1.1904798131034797
1.1449083638343913
1.15009798489439
1.3450081808146255
1.1579357973559785
1.2321432595947328
1.1882152383242486
1.2114771873504135
1.14242232803449
1.1832825831521991
1.178637217471743
1.2568965426813945
1.1971424948169966
1.2426213599841978
1.2386362503410022
1.1991541988178842
1.295155288665169
1.2377583592442063
1.2711673741828409
1.2424287413820632
1.1688325086287643
1.317170070678837
1.142440839363958
1.3185093507316168
1.1260348425008222
1.2401777281054691
1.1403836698903635
1.223410996955991
1.3443399291489673
1.175719378367711
1.2284494066277234
1.1159454058366802
1.2053664548121432
1.1582182464426696
1.2626888967759884
1.1822211335533817
1.2673971966704567
1.1328886354847263
1.272585403906729
1.1936404677740828
1.1459245301614926
1.1548681440698592
1.2448645014407331
1.2504364574412836
1.2844904107829904
1.261392513427761
1.2098573605021743
1.309065610802762
1.1404012179554994
1.2014439438252942
1.2171695329749497
1.2804293388836934
1.3085245794770186
1.3308169240666112
1.079552982353944
1.2315966877435214
1.2542118818341406
1.2420068249856357
1.311062287954918
1.3218452404194516
1.178014532419183
1.1658207076104583
1.2815473279748337
1.2145026407814457
1.2417508201263945
1.2133618832415198
1.2301965944065292
1.1747331331659001
1.1871310780687643
1.2423376458123307
1.0964975387812834
1.3675655093808068
1.1989464504527858
1.1853101074585362
1.2133281087660666
1.16171250182523
1.2535960602400131
1.1574124462966604
1.248900175818119
1.3137000557215772
1.3442836466341483
1.2552033875169082
1.2179464443874055
1.2311060853280327
1.2225833612837818
1.3578293095128235
1.1890563867035124
1.2025086158908025
1.1735304677906515
1.1554769408164303
1.1433201210725343
1.1312681036867214
1.2267245024929219
1.2681252453707526
1.159095272401017
1.3529743593566366
1.1437820390936997
1.0851182753321378
1.1448905768476172
1.0985816124188956
1.1034142684253752
1.2079048115550415
1.06840765686756
1.1672043410396473
1.259419888703692
1.20091558579532
1.1742788082336708
1.110412547530335
1.2366324028211113
1.2647514421713708
1.2598022825640358
1.1359113590412118
1.171323878648706
1.183398202929271
1.231120575243525
1.1901098238789345
1.0621084360796766
1.2746134986487792
1.2186058442517425
1.3026041840969336
1.2561836048548436
1.1150233733752635
1.1536021639767262
1.094089943353562
1.2589492904513644
1.196209903969558
1.2385082153382876
1.2143718481467012
1.2044049573625726
1.2748819787180334
1.1200181455218003
1.258133274009807
1.1753540312766266
1.1394724334537938
1.1918939860560809
1.1435931321303676
1.2608555427852668
1.167976207134465
1.0675730690932816
1.206815624761207
1.2960434822628235
1.2463042573715395
1.239978020909656
1.0399330836543206
1.1550954909485611
1.2659780026757028
1.2259375050311148
1.31213194357826
1.2131294034955387
1.1655146097782572
1.197586321740037
