0.5733313321310778
0.4771385675503514
0.5069368797871395
0.48852958886200093
0.5752232946029878
0.5510126985320388
0.5499735527790446
0.5860718496767763
0.48902681524176494
0.5594905557531378
0.5033752083803679
0.44674013840034144
0.5019687584032937
0.4626825814988935
0.5264262351159592
0.32297088825604436
0.6230786404534513
0.43333737959026464
0.5192427627354953
0.5180532539149953
0.5285946793538925
0.5605804828734359
0.4924806253917565
0.44841800808826754
0.5889563628433425
0.39419675067181303
0.5062632918909382
0.49032611108597723
