0.12222702805831637
0.1093181394869782
0.12027854921697546
0.1255118259758976
0.10872688874274546
0.12562666979392773
0.12074065673325332
0.14784839445829037
0.13303413729639502
0.12463787874581819
0.15918906365541358
0.11233407519278546
0.12169166203824944
0.11134377532481128
0.11290933617031146
0.11460713992957064
0.11229928220337736
0.12184762521373649
0.12447395303053962
0.11405425516259528
0.12433843930756396
0.11643993270588755
0.10748801765976908
0.11576389585861128
0.12403183948262175
0.11171058400927325
0.1458871336502802
0.12741256357512734
0.10244756023757189
0.11725611958822196
0.14884887355906035
0.11809186144440273
0.12978489169534746
0.11261338204302554
0.1182812489163339
0.12723253479631372
0.14781593579460436
0.1124908729292492
0.10977101758724947
0.11875433943030948
0.12810050019692523
0.12616212340048638
0.14777753411022324
0.1273298725599269
0.1261265143517523
0.12798215480208877
0.12185441428919813
0.1291183895250592
0.14871296111690668
0.12276815394513102
0.13687046874059866
0.11383952414591775
0.09878875713831244
0.1290283927798931
0.1284992880378531
0.12462449014483962
0.11099871485653065
0.1242963427632583
0.11655336142384798
0.14525083854029197
0.12373021384460334
0.11983075798039616
0.12265207044340104
0.10870009811869727
0.12549754480944453
0.10054073251603375
0.13045451709870848
0.11805283631048161
0.12057416861956997
0.12227632465507705
0.14438401106593596
0.11114904569953674
0.12347917099370292
0.14182232288927524
0.1181918873446054
0.11815797900020993
0.12538838191627125
0.1103536498841689
0.1455122992826767
0.12002989055492752
0.1160713951540644
0.12828657392916118
0.13823602087955222
0.12045003716915427
0.11920386606643271
0.10508973171698593
0.1315091601754636
0.11397811867598708
0.12181864851715432
0.12666531191539163
0.12493170386229792
0.1429962087679766
0.106705557739561
0.1251051328424786
0.11605379297118054
0.14875931065625747
0.1396144095681863
0.1326426135443678
0.14913698366905453
0.13720948108972725
0.15453781283117715
0.12354990456669349
0.12544540330044346
0.125692789800981
0.1301813736619472
0.12346786372592222
0.12297336504194938
0.14951484203028945
0.13412357760537963
0.12957864237846334
0.10871363302271794
0.11714793816301955
0.11442423996934345
0.11289426726910383
0.10903101984490295
0.1317969939655503
0.09885371187869021
0.12231402765299478
0.1098939285077211
0.11705550065858396
0.13243192910645185
0.13125822624064346
0.1438338813389849
0.17552491876631193
0.11916987608037936
0.12470564799728986
0.12638329378240432
0.12859114315705372
0.12053675648806218
0.129776310766378
0.12539032906042197
0.12015389430958565
0.1233716006048178
0.11742339803398145
0.14641414023064145
0.11462853664443755
0.11846698933649709
0.13563934951158643
0.12476160051203161
0.1227987192772232
0.11251351683021313
0.13249998694498444
0.13321452511705373
0.13365274297526525
0.1264870678936821
0.11302393803028313
0.13388736939827037
0.12173234521752323
0.1277526616813688
0.11843169608503136
0.1411547985179064
0.11829246116559686
0.13373903186644712
0.11549186921962504
0.12487790628659573
0.11829270135420394
0.1103858812000685
0.10932109637604592
0.12064849834430234
0.12795565245690352
0.11497548599102225
0.12701189974435728
0.11204984532842877
0.11702312332705947
0.1123602565989586
0.12269181933230444
0.12175529645410746
0.14360828693622749
0.12135962382413965
0.14048902309068356
0.14798145574252752
0.1465719878333976
0.12871625719791088
0.12072466231957053
0.12248942273169128
0.1307621758224512
0.1431290604089479
0.11871225402857322
0.12619884258649755
0.11990480412504753
0.12381529186047487
0.12243130291175457
0.12668866713082932
0.13026143726679248
0.12277249478722708
0.12237645231629747
0.11944890379164239
0.12285293065541733
0.12236927064379377
0.12368631095135174
0.12196395586589935
0.1232525722156237
0.1275340957858545
0.11753118911251911
0.10362845936446546
0.11536722000945022
0.1299177587057736
0.12067757796287643
0.12031882402857545
0.14485334544717754
0.11376914987973877
0.12271275057297909
0.11909473104373322
0.12291451691537982
0.1258848407297933
0.12396526510146155
0.14784819030589616
0.1270760572335633
0.12648707183422644
0.12756187263608748
0.1322365163422486
0.1198422948525824
0.11926140963448376
0.12170258156825235
0.10730815903879254
0.12348268727119625
0.1249492025650908
0.12163611082899584
0.11847750749176904
0.12843597844641458
0.1196005189805918
0.1299025871841258
0.12453094654254028
0.12936935113030226
0.12187666352304068
0.1288438629081096
0.14651367604356813
0.1128597785682615
0.12111576048509232
0.1242916195650393
0.11276600988240842
0.15708763429233305
0.14479105423368765
0.1261016311694566
0.1354934472161155
0.14794044430150805
0.12399133419791501
0.12309641022937214
0.11459688339875451
0.12854812027192694
0.10962100477120679
0.12623048129811554
0.11928028868302697
