0.8856456642733508
0.8629195539695769
0.8970229816970812
0.9116671585690698
0.9311079700972905
0.938297552639037
0.893881016732186
0.8497285016872701
0.9421155830909369
0.8649096633242153
0.9030519010361935
0.9368436834565543
0.9320405981588691
0.9298093270623238
0.9449001167172153
0.8975541260989568
0.9063128280826345
0.955376789981986
0.988036283835579
0.8809538338721206
0.8874396736658903
0.8706142791519188
0.8889441770351911
0.9353547245346291
0.97944918401377
0.8751116152056682
0.9275458739100527
0.9081148992969383
0.9469949515137173
0.9720633591818996
0.8789648974373647
0.9289142603958686
0.9165826583429031
0.9009605710524515
0.819536125212853
0.854734092147188
0.8797657024204515
0.9995315482900266
0.9099300207063602
0.9182262913503649
0.9266908374157209
0.8934448742173786
0.9088334709169685
0.8928722567701141
0.9362029040469023
0.8920543766992399
0.8941693116061051
0.9284388665029432
0.9316264218786459
0.8171730764536345
0.8960573094923161
0.8744774596411291
0.98060568823058
0.9981556775776277
1.0158218646066617
0.9150035594866558
0.8476383918264899
0.9360880744487095
0.9421601660383578
0.9309838949747593
0.8879522204865418
0.83397397320023
0.9439947023513968
0.9448196528932303
0.8490354056034439
0.791622259672757
0.8142070886501411
0.9883711520957611
0.9279156118110947
1.0152615190408483
0.907558607143276
0.9223582780840272
0.8677034943253773
0.915008677680377
0.882869212477765
0.9754286636444873
0.9478250994203659
0.8965162253658447
0.9713401850547907
0.8546216585251574
0.9219214216203824
0.9283367272656757
0.9165680430359566
0.8955371756025033
0.8970127501208622
0.9318083194390805
0.8940807699361524
0.9402127576731392
0.8970969549446417
0.9782719321872341
0.887120827662242
0.9981915621761748
0.9479876904980467
0.9631115736736516
0.8798081847441714
0.930170475712094
0.9228017166409119
0.8883694242107719
0.9411880751043371
0.9326625154608388
0.8957014377503737
0.8398572610058792
0.8829842591692758
0.978019745870128
0.9088984387990086
0.9226206121740943
0.9196513383054346
0.9708072852349643
0.8758486443460107
0.9278571754006184
0.9290037284100336
0.8694199569072256
0.9159883437343624
0.890670544051698
0.9253204104361283
0.902365813486391
0.9035441948871084
0.8675272322863488
0.969657453581661
0.9281794179614054
0.9363949081775105
0.9217989505657771
0.8844865683085164
0.8930922381404336
0.8670469402899068
0.935089558696264
0.8704321453730464
0.8853451680187405
0.8898740419929848
0.9408442742297569
0.9991318105001756
0.8751418588788984
0.8337770529340767
0.9077319834013616
0.9237871234919939
0.9413400986113679
0.8341172616069346
0.9473798182194324
0.9727724945094641
0.9048030652079363
0.8858495713241439
0.8932816919939774
0.8987125098806327
0.9262545253180416
0.8677248769239583
0.9846792957982247
0.8996989211627735
0.8896947228140674
0.9113517923643896
0.979673049270902
0.8670587722360878
0.9213217987522705
0.8651917795603075
0.8913582042562995
0.9419999914609438
0.8589739569906477
0.8823650502051373
0.8840432792384808
0.8877579654871115
0.9102389645326256
0.9423066260496807
0.9735003924331334
1.0248706354583903
0.870843456668754
0.9042709911032729
0.9318049715652137
0.968879726456977
0.9595625315060256
0.8850047208178791
0.881006775867252
0.9538812565040424
0.9474183008854369
0.8845029872598243
0.9194856482319544
0.8722066412607051
0.9252331007879989
0.8857467966392747
0.9110225129790164
0.9599534391782831
0.9095576346311476
0.8888245065755547
0.8877523190754462
0.8472375447034364
0.8809651093195289
0.8794670606883996
0.8649876822619176
0.8614547704259803
0.8675801235857705
0.8883162690779707
0.8862166942533158
0.9251887318082759
0.8910278907582239
0.8962488338465138
0.8841822951612797
0.9626973992415064
0.8909608040574617
0.9230834984233149
0.8828786268568725
0.9687364640902038
0.9000146064717313
0.8779941708036962
0.9566298595681986
1.0092908617348724
0.9098840159676154
0.9113134536213359
0.9385502322095889
0.8388446298026542
0.9416068805836214
0.8381069457665763
0.8555948663295663
0.9369209554785436
1.0149631128062522
0.9036715161424673
0.842301572133803
0.8343936919623021
0.8871508629219538
0.8302524772345852
0.8896248784861842
0.9200757198137098
0.9437372153290806
0.8888008763934164
0.840828740089554
0.9075999684421162
0.8653852383479483
1.0085386728020032
0.9583243175462022
0.9317389788919357
0.9010255135932334
0.8756237310686047
0.9048891509771522
0.8803683408379652
0.9083378308269251
0.8076892383062252
0.8731397002055669
0.9503897443938303
0.9425443883163069
0.8438008585281895
0.9457450988600999
0.9681536430919406
0.8511321125716301
0.9301285067485321
0.9065084013768613
0.8839094589158902
