0.8336784708481344
0.8549649142740681
0.8920006273839896
0.9051835554751542
0.9341299600000369
0.8538244299292337
0.9244583460167459
0.8454519925548726
0.9383459559325751
0.8582507736456862
0.86810634134812
0.8958564266466886
0.8389991906599406
0.8892334421586547
0.9372966108391081
0.8865423952496039
0.9020971380244671
0.8719531091850738
0.9367038212744668
0.8779540022487446
0.9360886850925239
0.8757157920232732
0.8651528117773972
0.8801837493738961
0.8947866068803404
0.9363649230422886
0.8735013234157403
0.873984013020558
0.8175388040450408
0.9994269192811589
0.8289540381638385
0.8765419900863601
0.8356858982932742
0.864596986991646
0.915494683196032
0.8924462840062721
0.876351017104922
0.9908331235921268
0.8205648173965547
0.9083551225104968
0.9642288700260315
0.888042139934135
0.8824768553695326
0.8933229166883333
0.836653442540495
0.8911514522595644
0.8894263102335064
0.8874224211527998
0.855882174011781
0.8410355849931629
0.8702895508395803
0.9254897943276985
0.9560275588358478
1.006657073692795
0.9089459548125929
0.8470316745109363
0.8985410035472013
0.8975435018366693
0.8985968464165413
0.8880424254735059
0.8254748930421885
0.9373644598182904
0.9226022667869962
0.7917015525614146
0.8072826996317837
0.9360001330300094
0.8878154864705263
0.9750861655877925
0.9363350066567905
0.9046903143667135
0.9508728575069686
0.82899438686239
0.8866158703538791
0.9123570041027788
0.8858465441578066
0.9965080450681643
0.8480736595340422
0.8798566280281568
0.8758919764665769
0.9100229821154358
0.8867986079879947
0.9237327365441794
0.8868046464586923
0.8477914347101406
0.8982227038274063
0.8454753932281228
0.9720210118363766
0.8302659928196681
0.9896480266710779
0.8784190796917535
0.9085459162036169
0.920787746086303
0.9137284637523885
0.8762467681308843
0.832125189584642
0.9221500629127197
0.9344093055052074
0.8906897612529697
0.887476663033951
0.836619272511595
0.8768357326906929
0.9697698482151211
0.9029831013043583
0.9168363338142306
0.9302309883248172
0.9599241382059447
0.8711578372743158
0.9255661126200945
0.9160592068701756
0.8644317983966469
0.8493403820064591
0.9150238749650854
0.925613096159834
0.8475650672104323
0.8637441199119409
0.9277066862336464
0.9241604224122286
0.894967034146304
0.8680237821043635
0.8766386007571201
0.885191074645292
0.8936167203940293
0.8957183006356554
0.8633596199256441
0.9123936442730567
0.879058348728861
0.8942753107021599
0.9099853808314059
0.9043257551183568
0.8679702104774711
0.854910553766558
0.8373511514521432
0.8260959303149277
0.9854210329192478
0.9309796944673601
0.8181055528772023
0.8674985441930304
0.8747058435567393
0.8525684366682822
0.8980829677837545
0.8685143494840031
0.9747158770044795
0.9329975501966001
0.8790289086748634
0.9227413429471003
0.9192465797463591
0.8763005755257725
0.9739318756193978
0.8621761580182348
0.8758554308096704
0.84042018472406
0.8592513931259799
0.9170681480371469
0.9011660571970967
0.9238749103833357
0.8815702890858562
0.8675356216000116
0.9645349631969207
0.8612502886244471
0.902399332349076
0.8881669947177335
0.8778382878155546
0.9523587753457073
0.9197034139416487
0.88268665057994
0.8713621577344168
0.8678862476543902
0.8632245016703658
0.8350193296666811
0.9199325732459425
0.9506031955028396
0.8728339962910525
0.828497271002271
0.8538628932207943
0.870934642305221
0.9221191832462998
0.909360199674711
0.8804949903468686
0.9605041857706071
0.8455741690624768
0.8539019518498862
0.8255324116113797
0.8802269159625306
0.8317172102880477
0.9157288990966836
0.8757202093397171
0.8363456212968772
0.852841693679738
0.8551227261038044
0.8876690728860326
0.9170255082444987
0.8136580687496153
0.9213633375483186
0.8369901393878661
0.921800026964262
0.9599206642597684
0.8797594336465521
0.8892875455239491
0.9099070123397683
0.9681388958621728
0.9067425921136467
0.8280248803898973
0.9351494734573185
0.9100249429404372
0.7932860628928433
0.8476452466747171
0.8493063701041239
0.9730728579580301
0.8989673524922023
0.8818137804324435
0.9151482382254663
0.8871801897190934
0.8669675870963371
0.8378491648412404
0.8336531579467041
0.9046637131506274
0.8973032571833238
0.8866754727489559
0.8779184134604678
0.8564267122327087
0.8595854237807914
0.9650894961707627
0.9173491725414724
0.8872460144976564
0.8937664645457466
0.8491122720454944
0.903175478661445
0.8218441581119582
0.8999758912551339
0.9134730109689029
0.8951031108762773
0.8508726916412874
0.8636792212218343
0.9140435991476294
0.9369144100435141
0.9051642674934848
0.844479076913557
0.9136313741354589
0.847361226567322
0.9219316658240889
0.9236208768932701
0.823732151882959
0.9295925556030162
