1.0973992132793873
0.990337433414416
0.9033770343720963
1.0249809034911843
1.0908162423140435
1.0560335199906588
1.1079047967839846
0.7740359935283856
0.929451771627438
1.0612381446160906
1.008945998616018
0.9096338924051803
1.1475244590213416
1.0137727543246298
1.1563450345522166
0.9798798455871036
1.0226244256939243
1.0595688158320589
1.1796783140300726
0.9863248024919458
1.0032266190448345
1.019480543389729
1.0118715127036952
0.9057132778405049
0.8804075871161758
0.8879252096403588
1.0333891319794457
1.0409063226576676
1.0200100370501746
1.0026437818419278
0.9696073876041731
1.038913318253939
1.0228610718993856
0.9292846781158722
1.0117170386749121
1.0760137331844184
0.9442177972341188
1.0327313416118957
0.9288111740761078
1.0025828562942116
0.9248623487074679
