0.7579948459495259
0.627468883392659
0.6034256279304424
0.6757096794112876
0.7960451823611997
0.697043097130847
0.7651663889685715
0.44915951077743294
0.5515367846280953
0.6987463490175541
0.6473618817423489
0.6251000616638034
0.781422816195756
0.7443728762358913
0.8030511462629475
0.6717069732205457
0.6541609089818532
0.6960831653550655
0.8367812246023716
0.5733414349019181
0.6252524063043977
0.6129296594115281
0.6349985951510565
0.5082056867541369
0.47372754636238223
0.4644558278827393
0.5991079512433201
0.7265730536627323
0.5830350566809108
0.6132376599903857
0.5049749883556246
0.672214313996882
0.7464668618783734
0.5391879612873685
0.675885044469864
0.8354598916535352
0.5694210268705833
0.6372758799818451
0.5998252754463081
0.6107869797879779
0.5261750247865594
