0.7512316994524244
0.5660550909395706
0.6677096581441253
0.6888294786845887
0.6277443526003857
0.6044462209311864
0.6186554516497137
0.609351407705655
0.5077348915322991
0.7905202990883843
0.5595944719747161
0.6101056503321794
0.5068489991209353
0.5710443697542957
0.8214651996479102
0.7924240028760877
0.9123625394793077
0.6702604280651494
0.8725455488691629
0.8040363630565314
0.8144334984856071
0.6316408474779405
0.6851297153617929
0.6099668392843149
0.6885613545625927
0.781712029129446
0.4797368271349394
0.7581519946560302
0.6564813934287771
0.4788932442191287
0.6973632768523556
0.772464862683078
0.7975773879234973
0.7516196648662676
0.6344195347744951
0.825788288816644
0.7676049589578389
0.593141579535892
0.7547774662450476
0.7772304070533308
0.5418232698308039
0.5238539048233775
0.778904659459533
0.5428020859557334
1.0559739634332077
0.6973583931807821
0.6542016539380062
0.7651817778610791
0.8777693856682286
0.6440516606802966
0.7838369968973831
0.6287806139548109
0.45265485975448777
0.7988022866980881
0.7477043763329532
0.6725338583062376
0.6039793119569387
0.5539001320427633
0.7352437509738085
0.6898522509652744
0.629015345665766
0.8680291086027154
0.4504790389562571
0.7185506651681539
0.6918378550407166
0.6180411654629774
0.6514260482104042
0.6567337408089274
0.6231771977790573
0.5762197733647912
0.5899471142623706
0.5810095502594637
0.7809415872139671
0.6470385794850443
0.7530416474788937
0.7203821041090833
0.5882425611088836
0.6335268623658462
0.663255364645901
0.8082951927352098
0.7818457991933776
0.6980959547664959
0.7991863720400376
0.6780547588343474
0.6284586637121626
0.8257677814119193
0.5684968376576384
0.5708369030921594
0.8015531743749895
0.6188635669382424
0.6973282517057515
0.7788516143307015
0.59134354107323
0.6197968217993198
0.46342487359521334
0.5808681167871833
0.8305305720464887
0.7336831472108817
0.6457045938691672
0.6200357824757796
0.6223117404501589
0.7688498860669395
0.768504161953051
0.6717848821305857
0.74920210805486
0.6409694944045907
0.6027237947291412
0.48981999646293306
0.5955262496846638
0.6260791616038331
0.487736253037244
0.7435259713872496
0.47296450868042816
0.537506059501885
0.8813599124720021
0.7681270133287432
0.6216368759593522
0.7835214402182695
0.8832549917413566
1.0748708934614988
0.6573182917451017
0.6045597652493783
0.6111397177674649
0.833136574224336
0.5800846225990508
0.6604098116602612
0.6965259820789755
0.8369812226759678
0.6198679692622441
0.868055547120223
0.5740556175756136
0.8464690396803225
0.6926293019239728
0.6845408153451251
0.7316733937989909
1.0731861723690737
0.8343531962870842
0.6087875469112719
0.6573599768329449
0.6277993902178577
0.9228026466142287
0.7977407105426622
0.6360931366526785
0.633785688806092
0.7652286237246305
0.9221280649243274
0.49367452167304354
0.6154278073122587
0.824438092502041
0.5115134606870031
0.827123896164234
0.6897912461016202
0.6552487922161684
0.7964557014048472
0.7190734461929432
0.6023718199434442
0.5120178545667704
0.6963775097639551
0.6594347813625533
0.5362587570248198
0.6750689265728019
0.5524054356189753
0.6649166011348566
0.6560447752093265
0.8262729760561587
0.5744008769107007
0.6140532573044885
0.6109252655664807
0.6112324581731792
0.6677983693499094
0.5378838627298836
0.6230353741603615
0.8296372697838186
0.8325833006562041
0.8686062878706649
0.7052806308481288
0.6008717667973468
0.7142406736172332
0.7506642244913297
0.8573824017656557
0.7926788355034685
0.6324984157269359
0.7213611444907648
0.8507936066480324
0.8204318495437736
0.5074082299707926
0.47152760425112156
0.786412116847284
0.765952557713218
0.909889908099646
0.5338548272212604
0.48380512471688436
0.7139485595721974
0.7293084965928541
0.6878575675841931
0.8673454516642067
0.46955683414503124
0.7965733026140428
0.712318161913699
0.622897699066042
0.7798940954880905
0.5751400715200786
0.6940422112731042
0.7166962973808235
0.6059395344969427
0.5523550356007956
0.5521227651093904
0.4840912314227491
0.6389816953306804
1.022813380315434
0.6313004586058314
0.7367962956752206
0.7518557708730762
0.576700591045513
0.7901529964556364
0.6492753553042316
0.7982503112314671
0.8340895121695159
0.7303342565353638
0.7008119047971866
0.4990418120939158
0.5625338839327754
0.5826046892569113
0.6306788434872915
0.6118161928688519
1.0005756381969164
0.6300230609431966
0.7416285181717034
0.5978320776146723
0.6162723716676151
0.5844356906204486
0.6315826688738299
0.5379201011358611
0.49714758982387297
0.5066155437058604
0.6121504736056476
0.6727188838270873
0.7914105386234024
0.7750450809928996
0.6078393135259315
0.74349519679665
0.7379968005244535
0.6478340587299343
0.5995928990476849
0.6851493515003055
0.8266112036193664
0.5052086937812099
0.7547932816430573
0.7479375351325476
0.6324977533597101
0.47576827777976965
0.8006048973484096
0.6832823690314667
0.4602947255796371
0.6550220263080174
0.6317797831962136
0.540520354927508
0.6719216432055788
0.6894800518717128
0.834887562325258
0.5997983215568795
0.5450635612259316
0.7183818988093004
0.7211688288995924
0.5691975357820822
0.6680927120623492
0.6394444222502237
0.6545397943320077
0.5996944664476745
0.6662600295606522
0.6092140702211414
0.8327531859623317
0.6246166671673145
0.6417445795617434
0.6756409936330623
0.8244977662340319
1.0006086148716593
0.6110021431233436
0.6497250736395187
0.6215403230519149
0.45336499341840697
0.8065990202134176
0.8286338813568281
0.8205492585868368
0.659726449797731
0.6109654849224412
0.5551491790623231
0.5186085157622182
0.49616158895771917
0.6719478160216901
0.7189906485014605
0.8934919933391838
0.7729395013935068
0.6144347001768694
0.522520202514545
0.4825356778862532
