0.3195663348259638
0.2977296037395663
0.27048448495390526
0.3018599906363181
0.30879845136353723
0.3162724129507796
0.3244647139314417
0.24243064288707472
0.28614343370599266
0.3196034117287349
0.30289099004099956
0.2648935815551738
0.3438458970769259
0.28989351729993484
0.3403285072465546
0.29830474289519393
0.30614280283067785
0.3195699496031708
0.3425048703073432
0.320981807152619
0.3091245632648288
0.3237851967772585
0.31127567475577306
0.2839697709703815
0.2805811981379983
0.2911281363029478
0.32420150719793356
0.30283466744657617
0.314805650818361
0.31016520947824255
0.3191966713316999
0.3103478077602312
0.2961404450456371
0.28768000141887323
0.30426404475466295
0.2951548706280287
0.28921284687278775
0.3268501986317257
0.2751241290426912
0.31131457936124673
0.2905040179592119
