0.6274786825011274
0.8068205778571118
0.771734327337592
0.6788388179886412
0.5440374629968492
0.5525696210818234
0.4834082245422759
0.5964592762172832
0.45795623507751565
0.6200018538428727
0.5011754524416351
0.46702709401217
0.46505423131918666
0.5062748532431397
0.5948497244544333
0.4838716137864545
0.5586755692010497
0.47623667831000893
0.7050283155462024
0.5064423731719961
0.5587941048426273
0.5169811088274321
0.5245999877623801
0.5804320534023651
0.638784734688693
0.49780831232751416
0.5964660934314379
0.6713389957108769
0.6607950232089634
0.6060389768086614
0.5505265330602234
0.6899446648578379
0.7256748316519411
0.6175889522887502
0.538836260753882
0.5810895128988189
0.5337252319240052
0.6410106295224333
0.5814328054616642
0.6082124398399763
0.590591078450069
0.4768697567685635
0.7995165843843924
0.6064346640072915
0.5555261139311233
0.5368383920365762
0.7660999741272837
0.7615797996308297
0.6844027464673954
0.502974753499044
0.4470105983480752
0.47938181685108094
0.5916094877950581
0.6427792604643822
0.5696263289558462
0.3853189016612518
0.6129066519538886
0.5592502839459081
0.5444835398979907
0.778095504638518
0.7048962894943261
0.6078692560565928
0.5920421898133799
0.5333125968763912
0.6324046364959198
0.5323660945981727
0.48324394871119336
0.4898500603798935
0.6394829357683987
0.5799606630702879
0.6450519138296058
0.6843284678816564
0.6448899685139702
0.6349488313340058
0.5778107091713867
0.7927365332955216
0.6255229865056
0.661200681532713
0.7013440332810691
0.5132683103039122
0.5344027492499246
0.5337065253458061
0.639446745892397
0.6313458843815359
0.6575271531108752
0.6511186312679911
0.6466481075742009
0.6445979220479614
0.5230695777455899
0.7607771317520854
0.5475226027726843
0.6110528208468488
0.6339588061509938
0.4453467076853045
0.6021801698210815
0.7776064208010798
0.6613931477712471
0.7981686588688418
0.5198718142170108
0.5113592604566984
0.724824630780579
0.6736566018953508
0.6859569153236076
0.6802497850031609
0.4794786832249297
0.4549313056302222
0.6050726703262328
0.47899093583694896
0.6028821274117291
0.7076732710321982
0.4642665411329381
0.4945243939899492
0.5664083199465049
0.4625261675540815
0.6269490404252823
0.7959572046590141
0.5620046330262164
0.5192374808163314
0.8180865786544004
0.547416114126695
0.5306862332546968
0.8371857076834938
0.6476849010828972
0.516318287259494
0.5434671490353516
0.5088359408808523
0.47473839800877504
0.5251834254116025
0.66642256493072
0.5391372729613145
0.4569035319816469
0.8380951663136866
0.5153478100797383
0.6525857582733918
0.5087333765248504
0.9069855763598846
0.7957563537796828
0.462450416571191
0.5122320920890499
0.5392452896533901
0.5076787209487363
0.519958889452936
0.5669226628077824
0.6193777877656759
0.645006309163225
0.5392087930984112
0.5054954699913933
0.40715432831218934
0.6159162380041828
0.6766045502180769
0.6111969494236535
0.6298877018544284
0.5018636769619994
0.7115950516087652
0.5233952109296506
0.48585010030022935
0.5174182344867471
0.5978131679514507
0.494381688368449
0.5809355125948014
0.6181394637966728
0.5983500039576639
0.7283437818839724
0.5960600386635525
0.6089914683023657
0.5441623629315983
0.6059276136429691
0.566267697140237
0.5693348416006271
0.6896777607279979
0.6250165920650319
0.6182301635706744
0.6532268202638464
0.6401863215494216
0.4688696558554305
0.5191260261123068
0.5287540847407264
0.46604346981026135
0.527554154232184
0.789451657175488
0.6356333817226075
0.6735450819578251
0.609075338991395
0.5157954369212285
0.527218731131748
0.39571860962398014
0.5894585320962784
0.5861328004671815
0.6139395309336525
0.5907350140681484
0.4336965551287322
0.5966305211038084
0.514277866486463
0.7080154083377515
0.652199686874936
0.6364745917458828
0.6732020850369556
0.5284115432477468
0.49909998389371885
0.6177366417316127
0.651333312534402
0.45127830535576097
0.7261431292245075
0.6331412167831206
0.582381207836475
0.6080885762189864
0.5400005655178097
0.5876070648679571
0.665039477526702
0.45982973936517463
0.5376486100824259
0.5314686422792958
0.5502500091624399
0.5886544039433286
0.7564929115113638
0.5511371953523255
0.9057391079722443
0.5214666576292246
0.5935612054273485
0.715943306177353
0.6792791103763577
0.6424103716237656
0.5459345712077571
0.6560200222493386
0.6091268628671627
0.5803659093954728
0.658669949458492
0.5112261840968214
0.566249833804451
0.6063023602087674
0.5079612610679527
0.7530540163753892
0.5982827121225075
0.4555414324075888
0.5095755269745867
0.5233864230465107
0.5430821770834168
0.6703178912195936
0.5028252359583154
0.6872183453261199
0.6698391608951583
0.5217285460182836
0.5339877281474358
0.49468238712379664
0.7167605839351725
0.4639894033663654
0.6020692335833627
0.7118210842086024
0.40691857843792567
0.6498823162024467
0.4622780631668243
0.6746968404461196
0.7684255043158652
0.49117537243965914
0.6153844067978552
0.42277985339920493
0.5902144023707527
0.5428442223641665
0.6528697690054573
0.5289146392558557
0.6315782513501044
0.5527522345223784
0.42795379364420116
0.5886046803450338
0.559821825645523
0.553691102802945
0.5639326046821919
0.6407498270836507
0.4696941073232305
0.5533734143956279
0.4702712562578956
0.7317833499179647
0.6638138519337158
0.7656255491138985
0.6892577294512926
0.4679697449191592
0.5046566863218861
0.6035248966142926
0.5288040013384405
0.6640309549171142
0.5188228609021402
0.5041814436458498
0.5634522805826969
0.6950122564121826
0.5784620610886367
0.6027008059167651
0.6561499889339742
0.5533093614985298
0.48088637728305605
0.7779523200933837
0.6747770436934122
0.6770481328941607
0.6567929957928041
0.4475937449103591
0.6728475900691837
0.59584844250936
