0.27837796085814204
0.28172546455519876
0.32659140481902793
0.3031007831441366
0.3265038011492471
0.297626037139251
0.33219144609047657
0.2808326869210614
0.32161204626929957
0.29570768816056386
0.29763322474745396
0.3045211335631878
0.28975680745691457
0.31115537432652873
0.32227427773892015
0.29936945969708184
0.311725488759635
0.2982187589764871
0.29595201623887535
0.3012063774753605
0.3039890474622952
0.30458897332855267
0.30054153474249273
0.31184221021248554
0.29952847284335116
0.30919834704903604
0.30915189067351123
0.2804025691112202
0.28008723117667156
0.3374875684917953
0.27835536781080095
0.28554575283516603
0.29014618837399836
0.29982196699979513
0.33020375528137386
0.3023743160825286
0.29391331849918606
0.3266822634794071
0.2838756268079662
0.3003320372617846
0.31519588950722266
0.2972645190159318
0.30806189974296405
0.3134335896482675
0.27413368575201025
0.3029555750107283
0.3070802061395527
0.3022784961350897
0.2927680082152752
0.3000013059777821
0.31123061153118586
0.28663039282761216
0.3180705734673129
0.3370990356290556
0.3037803318531138
0.29916626942454166
0.3108108739846165
0.30718452297606924
0.3174826404592328
0.31438874153832536
0.27785624894281574
0.3363775582345853
0.3244104514512506
0.27430377802549083
0.28063740885842114
0.2878496969672153
0.30553372146696367
0.3293412651347317
0.3383969103360833
0.3031957905610845
0.3366918581086714
0.2862895319474499
0.2914726426308914
0.3051897769574192
0.30952689682638057
0.33523982723674806
0.3008505089593188
0.30678103654726385
0.2854876889240787
0.30655752615887333
0.30636316103490036
0.3383813493435627
0.2974316810462022
0.28284716817501576
0.3090407758714476
0.30328184391664925
0.31640157311948236
0.27262789768300316
0.32942328898616857
0.3010497600282975
0.3089928473053661
0.30607866543574075
0.32817836263556194
0.2851593116090827
0.2773139885135255
0.3216395694270918
0.3170133134315699
0.30674365074444876
0.2995821676674641
0.27761832535524555
0.29002026417079246
0.32088517312164067
0.3050994503560066
0.32735194921257893
0.3174848180805227
0.34059856865074983
0.3175925481820451
0.32346797000563554
0.30905208190006217
0.3000180402610637
0.296099026839888
0.32159337555429623
0.31708968110243135
0.2737000662908327
0.3273706229822566
0.31316575316936957
0.3101009667985562
0.3068658039575265
0.27870134906857497
0.2977800335070647
0.30322850044799493
0.31854474633029317
0.3080265566091529
0.3071064465062316
0.31369403017174147
0.29680295806463397
0.30239866258194376
0.29910543583216676
0.32683155724991775
0.3211091029717078
0.28783180223174687
0.2944331456856403
0.28327200475656533
0.3185447724009268
0.307375020097693
0.28532609699958844
0.2945365621334815
0.29832015041786936
0.29382370932997903
0.3023155623090287
0.32370281915705534
0.324650074265946
0.32188109422180206
0.30027545689890706
0.3103819042200915
0.3454782779528793
0.31117757295619825
0.3318722041912008
0.3052705429648919
0.30829333222093036
0.2885658821282724
0.30217084928516114
0.3222854994708362
0.3134933917688974
0.31127949540048094
0.2990317189373861
0.29496265386651405
0.31664241967417334
0.2953411905745247
0.3013678360419626
0.3028313243095479
0.2892684211704161
0.3251606956809011
0.3242573986749611
0.30132445463960084
0.29757892647091705
0.27928575350000395
0.2987340014917565
0.2872645139990141
0.31639084914749416
0.34459166529161445
0.2878145625893578
0.2785516358815391
0.2857930663784808
0.30011053769345186
0.3134498931901326
0.321916034897768
0.2980123638238717
0.3277272588443464
0.2821329674568634
0.291406250572459
0.2723118138783304
0.3172906354274571
0.29830863729457735
0.32266049752466974
0.3006480885577061
0.2800657916717267
0.2965344261853177
0.30469259859257963
0.31447275996169866
0.3223717222108241
0.2768469805075464
0.31120557883343325
0.2811817179925241
0.30650984778311985
0.30623188739832646
0.3083136703071362
0.30125129975070986
0.3028302185604538
0.31787719354439775
0.3058804851700938
0.27770223061926447
0.32346945201497146
0.31774786931775356
0.2742496582016167
0.2887684922804247
0.27940623646196117
0.32598713299736665
0.2981316827348025
0.3066257489017903
0.3269757999191686
0.3112019004987926
0.32094245953228095
0.29155370783202367
0.28635871200480867
0.3141669890723735
0.3031571459368027
0.3103711470450456
0.3012700330917551
0.28074058355836246
0.29605363196868445
0.31607069725516385
0.30052408347231113
0.2994505752742881
0.3093064022824483
0.27776553344847954
0.3120531953985056
0.2778024215875641
0.3079102915137537
0.32126130842844935
0.29595464416529704
0.31852496803334746
0.3014977852466387
0.3081842866290478
0.3241475920701033
0.3044937875031927
0.30085645593760546
0.28778246696525056
0.27725092463842305
0.32911425681317436
0.3155271360492739
0.2783827310122098
0.3215245490091031
