0.16974521532586814
0.1822698668346311
0.18387064195936315
0.16665416599497743
0.1824073017328432
0.17736093453804372
0.18126092505351413
0.1756019389008064
0.1644588079090455
0.17735495211699007
0.18707144969811498
0.1688396853183502
0.18041946385355775
0.1972303440324125
0.17511467804725978
0.1814858610536795
0.1616224647216985
0.18021053727731534
0.17514469408185232
0.1797725709762733
0.1721354748914783
0.16532109823704166
0.1948239833097145
0.1998470879735509
0.17077592094110872
0.16709272667355973
0.15890288928162533
0.17546920765697466
0.17274056151536868
0.17973680808030573
0.18287869397132964
0.1836763832189632
0.17664436299634878
0.16842382509677678
0.1820345327629508
0.17730465151165548
0.18085247972801724
0.17661826500555172
0.16536251932333085
0.1738942652176786
0.18675977132297547
0.1729581751708539
0.1640041819527644
0.19123520047769388
0.1678176992524974
0.19126121935823115
0.17511793986262447
0.17992326291452077
0.16847821149757997
0.18107572800620447
0.17752478861596838
0.17805910196418262
0.16686297059823085
0.19465684336092995
0.19951429019187622
0.16649412417474177
0.1623722943348364
0.1584732356426895
0.1750866045063074
0.17287015092482916
0.18104969328181741
0.18258562299499081
0.1841423995668245
0.16757807189338203
0.1650853961293438
0.17832083359508952
0.17706144927728984
0.1804551165831027
0.17313283377888483
0.16356549319661018
0.1720977615402363
0.17974987180383972
0.17590566845701375
0.17728498203867468
0.1632267407475697
0.18393204656447032
0.16883202986630963
0.1800582723220493
0.19609737452743453
0.1759132072645655
0.1735260188206071
0.16334734439891707
0.1838525575564356
0.17630261557431817
0.1776709093109214
0.1736883052513742
0.167054425858572
0.1945145898887572
0.19920803144788757
0.165621435300426
0.1719967239731337
0.15653209563106693
0.17310378292977158
0.1719945086508944
0.17994589194080268
0.18249582825853425
0.18335185764516349
0.18043723477531973
0.18413389662322882
0.17709067401426515
0.16941547275544255
0.16465401240090058
0.17425169597938725
0.17411038651632416
0.17799597557104518
0.18007311908753074
0.1691361641528058
0.18122221008860037
0.19047766108097708
0.17610445254818588
0.17314704897534328
0.16433605820083935
0.18166831781356574
0.17870818076481398
0.1802563983601828
0.17053735998872965
0.1645809644844185
0.19994161032740923
0.16683239236526648
0.1653382795486232
0.15433393343910845
0.1761934497823977
0.18573251337915286
0.1851104432296737
0.1854341277865096
0.1640092919934782
0.1691278968399734
0.1851285133002345
0.1804713590552167
0.1794507314585269
0.1789318116635139
0.16788648124708253
0.1799373828378848
0.17833036691395632
0.17602494827701576
0.18082891975492948
0.1665255466124133
0.1911558908506616
0.17260559795579006
0.18501547630177292
0.19660129689139172
0.17648803317223621
0.17942581256003776
0.16816482185282433
0.1794230085960812
0.17819839892040898
0.1853156090847916
0.16526751296826295
0.20337617407610648
0.20262148883614683
0.1682192935251297
0.16705403484879044
0.16178610744348687
0.1759952523709904
0.17798043519422324
0.18597624684163186
0.18588135772103492
0.1877236225533456
0.17109239403400694
0.16716874186878522
0.17997758392845603
0.18084126585566007
0.18050172687952898
0.18617252444660148
0.16742893634999736
0.17362645887885916
0.1730326207305982
0.18155792495475276
0.1732929888736475
0.16706508794899777
0.18530499221063165
0.17477243990843358
0.18045439825505027
0.19465965877397534
0.17571105483782012
0.1822909699622731
0.17005968687747747
0.18889209783590116
0.17617307893458933
0.17216059605920064
0.1999549316099797
0.17416097353747714
0.16640350615490004
0.16131093816101977
0.17904542783066058
0.1735868827663308
0.1857365437834435
0.1844316950598094
0.18924645495731068
0.16680852891508208
0.1710636930479993
0.18344432966065985
0.18372421557317847
0.18094783422449878
0.17702570858198696
0.1693935281659078
0.17858064646829314
0.179093440239488
0.17506670260919194
0.16597330864048318
0.19456898084734764
0.19452464781016943
0.19535483731235642
0.1795318023563377
0.16548147226687235
0.18453265486748055
0.1818182266022833
0.16270111782739388
0.19853612844848054
0.20114912783667865
0.16898086197068093
0.16763093365205783
0.16424182746872384
0.17717820468739467
0.17672883318770055
0.17577513008140536
0.1809425038258529
0.18150299001975234
0.17916029595980673
0.1919035246040704
0.18006212024260976
0.1815247699651646
0.18065591537187725
0.17791284620170095
0.18748875044300828
0.18055487621991545
0.17752415551508993
0.1851064940777745
0.17715973891953424
0.1854111319021297
0.19440749605163554
0.17864956998233192
0.18202284958744186
0.17165045691234151
0.1822603598957524
0.17976407608571043
0.1802878818808497
0.18611103722075503
0.16926135664921463
0.19781585498098594
0.2004244191490285
0.17470920020491715
0.17923523237211797
