0.2824343641417917
0.3362567429960677
0.24548606145579693
0.27356036424158603
0.3163968165674833
0.42470597201383087
0.33378701724368937
0.34502049091436393
0.2504812313461595
0.34366228439900715
0.3107203699793049
0.2838630878193651
0.31216524840789417
0.3922750682908067
0.30171601916969604
0.43478381246332987
0.29904079453736354
0.3090523837442885
0.5636657071353569
0.31307585729721227
0.2802500477881483
0.35915775184061405
0.479550390123165
0.41755968436609736
0.298555845583389
0.41175932800251447
0.37713459887883294
0.5286413276728057
0.4034534507965676
0.3875545104239224
0.35905464753511723
0.45384474929455143
0.36404472196224213
0.506172530252315
0.4246760863819935
0.36276608192780546
0.46448980668085593
0.38491867076877273
0.34617248699459596
0.4079363901451146
0.34057714098251524
0.557053438926251
0.43333114745541856
0.3834171202172221
0.300440257026134
0.29595511071450337
0.33861812213312203
0.26507610995396247
0.28283452730573216
0.4006745665115203
0.35251728191199294
0.3141096043591815
0.25950197910340905
0.3828632747666535
0.32239831741412184
0.35292184692024875
0.2927434985469154
0.3116653907846009
0.3185102499732257
0.41618149865777804
0.5026306334323143
0.28675611897430187
0.32285914308749897
0.50280995890486
0.3270479537843412
0.27935821396509114
0.3664539006951266
0.47552482478088776
0.4174803118016315
0.29708698706644576
0.41660425488339536
0.4008600652178166
0.5234159090890096
0.39031732329169255
0.402699260622669
0.34924973899809936
0.4473015278880636
0.3636652696150623
0.4830514408586352
0.4269675985117095
0.36032972544307984
0.4663785306164825
0.3735524727705932
0.3349777308105228
0.4390383759631077
0.34866056852856286
0.44242942821332765
0.43355348146257644
0.3977668975337235
0.30010204133889723
0.27185769918213304
0.24721020810986344
0.3185004291406697
0.35275513318630874
0.3386426917539718
0.33799205005465766
0.25085119088603847
0.350307409510405
0.32013800596239833
0.44446736531812575
0.2975620551633046
0.3130214639479253
0.37733041694706
0.30726459406277207
0.4358813195156347
0.5192761613677626
0.3193736931946844
0.5793189591550094
0.3085647198900474
0.2827085438317992
0.34273194001011076
0.29865860607713174
0.42310195581799454
0.37621372880779413
0.5312322839462473
0.4080171649685025
0.35788377872049254
0.44599892367363875
0.3572708224912269
0.49975672223264134
0.4178199481674132
0.35610629262972937
0.4773489455255152
0.37671552633556205
0.34828525507927177
0.4109708254713772
0.3425545748830602
0.5643536894634599
0.4383228798862291
0.3800324017665596
0.30057763724712394
0.36841809503619943
0.4140892583685609
0.30494950500776646
0.33771160088794083
0.43084927354956215
0.423738411662824
0.29414387535757297
0.3725105008120768
0.4222974026616784
0.3328262573592059
0.3560953061519694
0.3674438819965436
0.44409422656153086
0.4848241073200138
0.32449563999750264
0.37500097230102447
0.5332289259321382
0.3597607892281996
0.3173993011356354
0.377589225673202
0.5290524535374359
0.4309638221392975
0.33941550516758723
0.442444042495323
0.43447470402789806
0.43073479358374567
0.47224770231980195
0.38576000602532706
0.4778024269005944
0.3988214233214523
0.4607960431742347
0.3895823340228421
0.45902004994497736
0.4023111227522179
0.371505993736768
0.45419278180642986
0.37105721592189445
0.5085713898539271
0.4669605291956514
0.40558967317114886
0.36431027619234246
0.3229875345739052
0.3750517309841989
0.3237285185816809
0.32855623025428327
0.41071696891822185
0.49714366966952345
0.4064979491827866
0.3761609934114193
0.313369636677026
0.4072550286395187
0.32474356813730865
0.4184603803955776
0.3392720375910646
0.42902804159233576
0.36065507251612733
0.4578463253271586
0.5190334440302417
0.4136168259598969
0.5492467635408762
0.35456898311364093
0.2993467082599626
0.4239385566481487
0.5216147641149587
0.31767312049686147
0.4529992713961181
0.5618809291592167
0.43567293372739296
0.4414134480601384
0.3738972442984788
0.47979425047954594
0.4025105344261025
0.5074267277841814
0.46217645799570206
0.3973337543648606
0.48643329013977593
0.41273804637024336
0.35235519524765646
0.4512404542188293
0.3683472400908472
0.5103586602540977
0.4610754518760338
0.4293122597532042
0.3637396416176899
0.4159949776087227
0.31148343802114264
0.3335411623523035
0.3278188608298938
0.39825791016445267
0.388120031875412
0.3235569897828743
0.2977952297173295
0.3511959915970203
0.43266539124342773
0.3249096876077854
0.36509960037118444
0.41936156510613865
0.3665556630647484
0.445219911730948
0.5132550543038468
0.36534981669799005
0.3291630760364205
0.4419515682905035
0.3501143933097865
0.4269472560065488
0.41510515213696303
0.5512332128728075
0.4388313648678452
0.4557346631742215
0.37908366412936
0.4949633556461094
0.393970434256992
0.5208053155581193
0.4643514730860334
0.3720459045030897
0.45925757061522016
0.3935724093419385
0.3655788170641161
0.457672218591207
0.372790301528505
0.5230437821474678
0.45736951891091404
0.40347301259465185
0.384134187014203
0.30348467908618915
0.34151568022028456
0.38668559936128666
0.49179486065998607
0.40060440543860215
0.38024083517846896
0.30043868720328815
0.40868749302625346
0.3039069329810197
0.4051682367698661
0.34602815010204035
0.32107740426738796
0.4407792404036516
0.389330848366385
0.45318107666331975
0.4990713796345495
0.5353141917868168
0.3616898836362992
0.32461248641495544
0.4136872475179295
0.5204842383509658
0.4465407042130495
0.3289603463483114
0.4338460819148291
0.45650286654928807
0.5630499706045139
0.4477299133829429
0.43860914894868797
0.3766081308112959
0.48383222330173925
0.40773544837097336
0.5210472479682304
0.46442286023265633
0.41488086629611626
0.4981235931509443
0.4118678534963628
0.44741428867143024
0.37558787307772823
0.5055547809546563
0.4696974772308332
0.43571912431585014
