0.22497958852194927
0.24106401976000513
0.24284574366404765
0.24421835915754697
0.20755073194081952
0.22821550473172555
0.23072209286607903
0.24177423121757535
0.22671728212188313
0.22785141546544882
0.22606869547025243
0.23792741233494338
0.22340409064766867
0.22694823283017507
0.23010471867515614
0.24730118544378765
0.2394811708484867
0.2251614079006422
0.22303244658266194
0.24108656584505567
0.23925990825273802
0.24108441010995685
0.22465809103266318
0.22471694371718132
0.24931913579295611
0.25047883027175283
0.22311745966285212
0.21006231991582103
0.20588924879734885
0.2267578261615703
0.22599396677295175
0.2439873577327157
0.2126713315947659
0.2307164338359971
0.2297727728495941
0.24269316931369367
0.2415611181796466
0.22689653511082036
0.22959802301167154
0.239691327947402
0.23074366949624092
0.20703228976786134
0.23411775314494093
0.22544324610720567
0.2319016167996841
0.24744698000489387
0.2397114718537695
0.22727905443035765
0.24105213983975957
0.23955976054981498
0.22804547501325712
0.22679645096444984
0.2084893638912734
0.24884479004079169
0.25035059127837866
0.2225911384926935
0.20900435279517415
0.2039366440512348
0.2269370501439512
0.22596164017582493
0.24100132675883373
0.24241376176007007
0.24416774314654785
0.21006256913169397
0.22493157332323857
0.23113738353278837
0.24146753418584888
0.2405546376085625
0.24043696832883527
0.22671306527721408
0.22745865222880424
0.22698666623230224
0.23006850648901198
0.20654302619059264
0.232770152633023
0.2470473212812738
0.2394564008688126
0.22630995300056872
0.24138425875034214
0.2297912790604114
0.20914370042757696
0.2492225459644306
0.25035377956219157
0.22317715525625936
0.22330705391362454
0.20528755776183885
0.2278070059647906
0.22624411322440202
0.24120404130654724
0.24229552939434645
0.24397306755975223
0.2092469292445278
0.22531050458979102
0.23165538920985956
0.24119249852673072
0.241224977210292
0.2414779434189281
0.2269654554436013
0.22871322196588462
0.22625247440681853
0.23865895781584393
0.23117132416511182
0.23287520909568937
0.22538977982696956
0.23002779436841578
0.24749126350956893
0.23955260524005156
0.22579208193294675
0.2226328652622
0.2398734195275668
0.24007649410777263
0.22761199363410217
0.22573611405727712
0.25039224409988375
0.22403079701122858
0.21060309953239786
0.20476326677765064
0.2280931857668412
0.23923683018076186
0.24427653161169263
0.21139182483183072
0.22461926670891852
0.23173912920558545
0.2421058727829109
0.2407198806287086
0.22700679703879278
0.2294711325273999
0.24030699123781776
0.20842852123087116
0.23368078698164862
0.22808913644389078
0.23271854466437536
0.24904754176170585
0.24382737750033484
0.2255944470889879
0.22314589039739458
0.2422703545628493
0.2412069361864951
0.24347428134134133
0.22781522602860557
0.20825479767533575
0.2507316174917021
0.25182478797336005
0.20775923622528464
0.2106217250399404
0.20732904380097716
0.2406558250285692
0.24225354995725593
0.23102740212391115
0.2450582078685754
0.22528045254772788
0.22595463373754954
0.23145518191629333
0.24250985220245277
0.2442760011710706
0.22871475138705621
0.22822726175907607
0.2280784413159565
0.24056383945870657
0.2303887777250275
0.22455950513262068
0.23412419328751172
0.22926957646050106
0.24378368713843032
0.24806093597772272
0.22847144035530853
0.228466781999167
0.2251110067639368
0.24484424170757108
0.24040634287047366
0.2416495374298401
0.23024818825924148
0.2271854782558959
0.25013982026215437
0.2512315482109483
0.22660628035714117
0.20896712590266636
0.20607936745572314
0.227524358306001
0.228551984978038
0.24359061866610604
0.24384716927736538
0.24590065933351601
0.2228085997367571
0.22289973802888555
0.23068293394057826
0.24077109030721613
0.24142197195011533
0.24072886864796686
0.22907983213888167
0.2284416848759921
0.22821312078305458
0.2404535620318371
0.22798479940319813
0.22540811419144915
0.23585554803176784
0.22932168961671012
0.23290731331087222
0.24821890625594767
0.23004870143419998
0.22648078150472384
0.22411637095009604
0.24317951108103047
0.2420438337866347
0.2308070396537697
0.22886574469731608
0.2505472554030459
0.250619309981999
0.206811966817475
0.20720457268058834
0.23982679735645634
0.23941220812581424
0.2434501902643364
0.23074974538120502
0.24625533412238837
0.22570115816481723
0.22604049439294668
0.22931737202355823
0.22988147348133461
0.242370493638363
0.24452763871557298
0.23083264417322413
0.22853911140139793
0.22888169564597927
0.23950861181404148
0.2268360124363609
0.2085193065585775
0.23357962007424732
0.228205523813706
0.2420344045504323
0.24803862922548897
0.22918100564392518
0.22666290525152838
0.22423714974988898
0.24499094029694746
0.24037875655574859
0.24465291455201235
0.22798712800895538
0.2271405445907723
0.2502524413456533
0.25061491941214875
0.22705332208071746
0.21228567816785857
