0.29476578662516584
0.31226612702790296
0.3212531174105895
0.27664210272380946
0.30092343027342827
0.29605468530874907
0.31335786301949675
0.2970094804182487
0.2808869203212797
0.2967179412189634
0.3146115699362215
0.2831911905646671
0.305354558591464
0.33644428493502054
0.2982216483908002
0.2982505468971262
0.27237920346552646
0.3119492720514312
0.3018652206952251
0.3041799071436775
0.27788432331094226
0.2794562906790047
0.3378561442689516
0.3435678095120166
0.28299951531369943
0.27561458304962283
0.27011534309204366
0.2939740200588984
0.2957256138435536
0.3117927121204586
0.3129378709457205
0.32138613446147235
0.27742853359781494
0.26700369051525585
0.30048664719781887
0.2958597809711869
0.3131065196649919
0.2969761875909722
0.2810048815611087
0.295606799609423
0.29961044065793263
0.29824086928156635
0.28329471118433674
0.31589715180824385
0.28281771810951534
0.32718466168587534
0.2978393494001903
0.29780868507787656
0.2853256357265081
0.3051861901608779
0.3027026290777987
0.3036173664659545
0.2794048558973463
0.33772613834132337
0.3430461388451266
0.28142593514157965
0.2733164901882851
0.2698640798093628
0.29386183418101636
0.2959398365174898
0.3131568184037388
0.31273976126844255
0.3216607538217815
0.27470490585550855
0.2664007748957701
0.2999549100132305
0.2957463855997835
0.3134686590725242
0.29597094429032844
0.2802434656655621
0.29447642412853625
0.2975632944982124
0.299506592936217
0.2954487817958761
0.2830039196667219
0.31311576519975315
0.2831889401555016
0.30530868590242877
0.33638510992527837
0.2982449455724635
0.2960441270488775
0.2834133125387236
0.3139558893340709
0.30191906859375117
0.3035210730675692
0.2783128578770613
0.27981995013271144
0.3373920541375156
0.3428448340570773
0.28090414093347166
0.2773064663518574
0.2689537846249753
0.2932139065190097
0.29567308774698386
0.3123174326093835
0.3127496990469436
0.3209006983576896
0.27878131240394344
0.3014224606663587
0.2962859532992749
0.2946773623246532
0.2808788893273462
0.29591888374603253
0.2991820341434183
0.29533248643349086
0.31145349339639683
0.2832749607866337
0.30532838620728076
0.3265258444304544
0.2981031369577739
0.29501555625233244
0.2839326423185601
0.30567326954546076
0.3027178372728385
0.3041471935562105
0.2778331066497612
0.27907847363680294
0.3432259859785974
0.28121078495508534
0.2753148047699203
0.26791382934154206
0.2940380206282891
0.3189245351230235
0.3171912369003988
0.3263961773531169
0.2765559300300183
0.2823952260818779
0.3066506340240467
0.3020212701617724
0.3168530883382329
0.30066398114705156
0.2856080179578592
0.3013477065496151
0.3023471848338868
0.30455262926854443
0.30076151558010666
0.2877409529283287
0.32045062495523774
0.28951148699216467
0.31337491597550204
0.3390323801196963
0.3027459259343786
0.299919981761405
0.2903187423496962
0.30979885752419345
0.3073507171882785
0.3107807374808711
0.2827189098404649
0.34461278582087856
0.3483303659651239
0.2841173978416514
0.27772283755457094
0.2750126655074209
0.29811509802551217
0.30203303255550373
0.31747118562799925
0.31621698878993293
0.3266061807179852
0.28223711143115826
0.26995673599940173
0.30373818248392853
0.3005859987834901
0.3179748125415157
0.3044505897155875
0.2872725056786991
0.29833484321735326
0.29842069480667494
0.31305813499548196
0.2960255513955776
0.2868089657487215
0.315538347125182
0.2895860701719287
0.30927080449656086
0.3387867429507829
0.3016748209121924
0.3010063832657187
0.28960113031621626
0.3187099967845831
0.2828999536769649
0.28601612796807097
0.34214566937507696
0.2966622620124924
0.27708561521180713
0.27453477184329955
0.29862054395899224
0.3000533153179214
0.3192682903673677
0.31693546453636834
0.32848299524858626
0.28773851404014555
0.2839040043662511
0.30676284025370165
0.30438761342934395
0.3183727495218661
0.30686087692256725
0.28665959119305473
0.3007411443126847
0.30584943477783666
0.2983771906369518
0.28787376995888314
0.32189945004062337
0.31837825299015454
0.3390079825734532
0.2996171327160012
0.2901041787706789
0.3198835048039651
0.310474650300812
0.28039505278144394
0.34334085579705664
0.3473785645048628
0.2839310414902234
0.2769594950888652
0.2776790280767409
0.29868667402138327
0.30196161417575784
0.3037414460222717
0.3139571017705254
0.2972483136559494
0.283548233731227
0.30744380998302867
0.3000856063226167
0.3192925025413298
0.3014509412961918
0.302742571430211
0.30293459908223397
0.3125298680733869
0.2960146164894181
0.31338219191814143
0.29066879144808444
0.30911453022391316
0.33894964711927844
0.3013722598830586
0.30043608209629635
0.2901669497317897
0.30781714648373487
0.30744497256289255
0.30597295868625346
0.29623371138668814
0.28505958172777723
0.3408369323185737
0.34681596595551156
0.29614370631830467
0.2808531086980371
