0.320571275074696
0.33049532252354985
0.33385980742507515
0.30004465598221625
0.29200103874024774
0.32778258751020883
0.3303209122394591
0.32551068948207845
0.3221652865537979
0.3189173020123262
0.32124999419006334
0.3217869979497571
0.3241635124150565
0.33656804721095446
0.3016425286059801
0.33061796394450704
0.3581078357388877
0.3351224241162496
0.30053646169063497
0.32507276528462753
0.3255011958387817
0.325711269507104
0.30338126463374165
0.3094584117363251
0.36279315163080383
0.29850060487723307
0.30817776032508515
0.29815052477833215
0.3246194269643287
0.3220899973182678
0.3299668267738201
0.33593529918893594
0.3335144019557441
0.304323446223074
0.29592620842471107
0.32993297786313847
0.3280380914763714
0.33096405203315216
0.32654344462190205
0.3209526575456093
0.3189348583760914
0.3239700254624259
0.32045107472689405
0.3233523068874126
0.30892606495343816
0.33789880986233056
0.30094084193369536
0.33112491770406416
0.3576728210483231
0.33322460694178835
0.3099979029186739
0.2927094141875665
0.3228464597602866
0.3262917277341037
0.3232087048052783
0.3029000212329337
0.3197291236994487
0.35696055370426666
0.36038711693584813
0.30790735666769853
0.3108602276292636
0.3231401310640265
0.32188792505877056
0.3296861142790517
0.33504022071379014
0.3335154858975541
0.30235728586488003
0.29320311325807447
0.3314062242046303
0.32585382304071653
0.328849090593078
0.32552836916940975
0.3245426430541062
0.31819645732494917
0.3190352748855653
0.3219783455064489
0.32226343177488564
0.30854488189603974
0.33931863774483484
0.30142726476807286
0.3344605838535646
0.3047764372831918
0.3030968914674972
0.3223225738307082
0.32515550103661706
0.3234552135601916
0.2997656423979925
0.30927608424898445
0.3566189449918753
0.3626432234426678
0.3084252801850844
0.30549674361149437
0.2992842822249474
0.3243968759345478
0.3305863460769625
0.33511917382570644
0.30424222076021956
0.29157014607073156
0.3300997461624994
0.3286824806306808
0.3294706851834896
0.3263768380886346
0.3216761229842442
0.31791006776119507
0.3212274299296516
0.3220157041629018
0.30847773368377945
0.3005405788018506
0.32789450708043233
0.358072725093895
0.333614536406989
0.30329248103772966
0.2943177535235339
0.3236237753125752
0.326384369639658
0.3227404089628556
0.30306994855296937
0.3167854421693318
0.3563799668079413
0.3610262985504207
0.30808677942260443
0.3101283446976385
0.29749672687179163
0.32360485010309525
0.32473897429615833
0.33940832866365556
0.33896848437120297
0.3090181297514555
0.30277903443000065
0.33659081753691644
0.3344976327866558
0.33712952252737005
0.32888918615282303
0.3262337625404992
0.3253980245127178
0.32611251738173175
0.32628524414156096
0.3248014143007881
0.31250138169725306
0.3435446827469705
0.30818540695592234
0.3416547176616109
0.360936948469884
0.33543528281503054
0.3069319495575059
0.33243455718339976
0.3290322152399971
0.3296697009569529
0.30944798597964773
0.3186392384875218
0.3636552452982133
0.3669304326589079
0.3113924851267102
0.3081497502588587
0.3037148270317422
0.328057803313186
0.3261909183692553
0.33564425050965635
0.340996320799208
0.3389952207067892
0.30343646652195716
0.30326105510678736
0.3312468857170073
0.336122460604282
0.33774136462496784
0.3243806335363093
0.3261606459014195
0.32423454489644266
0.3267835527533558
0.31199317390364845
0.31798459379236454
0.32950453354874065
0.36301664521383503
0.3410927897439616
0.31171309986578344
0.30820783506100874
0.33223994643396587
0.33152808358265545
0.3266449680125259
0.32380955765430686
0.3614453118367611
0.3682663668613577
0.3127916114517171
0.3150357445238564
0.3306356071090011
0.3266673740769236
0.33600137669511265
0.3386798480415285
0.30314634450540867
0.29965330463603324
0.3335422846902518
0.3324089335451329
0.3309953170800381
0.328376034647825
0.334503490736502
0.3231054945270363
0.32786680099837545
0.32471182998477055
0.31399247992078466
0.344762460529082
0.30942037737196987
0.34009908929529303
0.3619158207423172
0.33777051517627626
0.3131881081919608
0.3082618763280368
0.32918868692376446
0.329106954690657
0.33006194150342294
0.30721791849791974
0.31429936606552056
0.36239189419567186
0.36481888322639544
0.3094323585051502
0.32162235916465653
0.3284946897268675
0.32613578030878854
0.3370864339539499
0.33821691093744033
0.305692087629283
0.29531531039913606
0.328056426918804
0.338404522476353
0.3276251531405663
0.33984207806592437
0.3236694410507219
0.32248252261093213
0.3269281923609365
0.3194396682664024
0.31126975456184036
0.33790217489677365
0.31153351488548076
0.32730726623672773
0.34190450558670493
0.31043015696206305
0.3038483159618947
0.330802796079226
0.30948305681398974
0.3589755356666946
0.36421243940625325
0.3113021654745974
0.3179282621825025
0.3130233829813144
