0.5300159705410542
0.47365563594825877
0.491474978491947
0.49507674813489194
0.4702032213657613
0.4385759037058393
0.49222802431130247
0.516509768021658
0.48594442117488384
0.507803413579738
0.47287316989785977
0.44732845796365817
0.4807065284095382
0.47076272750853415
0.4759879111154973
0.40894204337484075
0.5300392572744381
0.4220339494485217
0.47253738054712696
0.5350698785451076
0.44696010074747616
0.46409510204168347
0.46777946575854334
0.4669613827067523
0.4958869669117985
0.4100751418807355
0.49617076417735256
0.512661443385537
