0.536663355006987
0.4156424831554088
0.46328101632852825
0.43771100423416487
0.48547017597216574
0.5471931131643621
0.5030119212768027
0.553471830389649
0.4358066234372229
0.5569798766970844
0.4465167525955566
0.3849834827370566
0.4417216398432337
0.40733035713022986
0.47946600356162034
0.2720955041962802
0.5762045345922158
0.4065765455069909
0.4747596399540938
0.4645476725526556
0.5125081731370202
0.4613919480168492
0.4766269477775602
0.3876228932534673
0.5436640070876367
0.35642895194024904
0.4319578078485344
0.4809903566286488
0.4605182895231199
0.4206679428894303
0.6008991752230258
0.5338806711598866
0.4270516963621006
0.4612968644699943
0.43365395329236595
0.5599202143877609
0.5149645070248359
0.49155375942106594
0.42779772010177913
0.5253385279735571
0.39454329984028214
0.46961146648832747
0.4326943624250059
0.483136061578899
0.26920311480828063
0.5864432831218307
0.39564447493740373
0.47817233508967044
0.45142409888637236
0.49787569575566376
0.5171870350508919
0.5210116659693043
0.44620158816371686
0.3882412776541971
0.5647429276584899
0.3200033346241208
0.4831980788979515
0.43265653100257445
0.48166587808373307
0.369423496058779
0.4085615644489751
0.5807520996447049
0.5141836962243156
0.41052621536918804
0.47122504898187173
0.4372504374001971
0.48401879520124025
0.5280241165215885
0.49419461781113644
0.5509142841652446
0.4385606261259376
0.5418123679409225
0.4681595846191867
0.38238840070388425
0.45505631510179356
0.42380178827074644
0.47809328205167373
0.2688778805732455
0.582320086072682
0.4038706381863917
0.4682542321971836
0.46731006741773506
0.5125757317898976
0.49968130567334396
0.5153874090390864
0.49764977979260416
0.39641597023877945
0.4306758395582183
0.4822157577347058
0.456147817645926
0.4246618585625509
0.5962238517561587
0.5560911128319568
0.44635250005927735
0.4879928234841413
0.46944134622607725
0.5641527788728291
0.5277223028695092
0.5804474593070207
0.4760187069904227
0.5113362260677955
0.39899618191842245
0.47055485893846555
0.4905192872892874
0.5096573034817949
0.30144580608787447
0.6037527143532073
0.3967729217283527
0.5028137283423065
0.47605201409592973
0.5126002982890835
0.5333590284362808
0.5371053668550084
0.42519771002049933
0.5487561955327355
0.35872369339564203
0.4991705151906112
0.4920816199952005
0.3758144536631875
0.5966644131370196
0.5184359223192719
0.4252609822555716
0.523303490045077
0.46325736608268986
0.5608011455586417
0.5284715803278559
0.5833354236481267
0.45948221025577995
0.531276542793517
0.4798980355210487
0.39928673588339786
0.49660994679220904
0.4375231496008425
0.5199795035619421
0.2833040320709365
0.5905591937733247
0.4323197499758775
0.5287060936956195
0.4736384345295891
0.5188438601027253
0.5230224513806296
0.6048140227161901
0.4764235670299332
0.4122135340394895
0.5809247097060497
0.3892259943661112
0.5057509025758123
0.43069395993547044
0.5117028382765539
0.4059456612309564
0.4745750697898317
0.4371268451542792
0.4847996781848585
0.6090715510549131
0.5291382236597895
0.5031888534453512
0.5611956557503726
0.48567359386989806
0.4785121438174036
0.39845378597805237
0.46982800882019704
0.4609453392295674
0.47333918796275604
0.30636824758245185
0.584439970004303
0.4831940371289991
0.4942033318590859
0.5177616547988837
0.5082752547376683
0.45841470716828675
0.4235706299508102
0.5308800433119196
0.3606044983111847
0.49117851688750314
0.3916291241197166
0.45580471264883293
0.5734560514044628
0.541219741688748
0.41903010687751024
0.5083532015915216
0.44902388452094405
0.5496842205762031
0.566391758238945
0.5093297033348488
0.5534255997578323
0.46531231766367204
0.5296451456127189
0.4688726072167501
0.49020079339977696
0.4279195641659554
0.5209580465066727
0.2861084890976503
0.5758533689856571
0.43799140125249236
0.5199742517310233
0.4585197114783689
0.5342144809176029
0.578650697427913
0.487298882171877
0.42022004539785385
0.5702785899079257
0.367127023480707
0.5539222017492484
0.4553609656923549
0.5106006731390151
0.4269650608009709
0.48065059616096784
