0.890162354114838
0.8957171534830461
0.8951113313117058
0.8390801428429497
0.8476446064719931
0.9203317417895233
0.9114131515873007
0.8950609565491289
0.8997586638553602
0.8915705112959692
0.8944345659360855
0.8939770739269852
0.9036986559224791
0.902983349303427
0.8300107476842227
0.9170236682706969
0.9274066231030123
0.9247243720583609
0.8320427061166077
0.8976837089837973
0.8922104896769263
0.902852289124139
0.844130033775869
0.8421261713346092
0.9346345543077009
0.8249628840681025
0.8497415279804363
0.8338380132490285
0.9023778635902542
0.8946530701573632
0.8951036796359788
0.8986753345944257
0.8952630177245138
0.8496733621812547
0.8556945573553718
0.9097991870004674
0.920405874859036
0.9146590980496496
0.8984353366565181
0.8955491261944274
0.8916312105737273
0.9003478330669047
0.8906519424620645
0.9013963711106519
0.876144851067936
0.9066297462243751
0.8287384949841272
0.9178150761595394
0.9270967300921725
0.9209796473895515
0.8885405828407047
0.8284123680389477
0.8929066267682956
0.8931210388283856
0.8976230075045941
0.8416293578245397
0.8966617852775441
0.9281513015451899
0.9298400921416292
0.8800298729192813
0.8575936943382292
0.898887313839122
0.8916985294928164
0.8942953792607049
0.8961176222255832
0.8951314368613262
0.8443910257414218
0.8476001530247627
0.9242778983796919
0.9152452815951788
0.9079821804979118
0.8955824180486026
0.9049896023184445
0.8914130686604814
0.889351171332001
0.8937866971073389
0.8978810475398462
0.8763170415036499
0.920673594623186
0.8295427546831399
0.9223692696184848
0.8428249861329062
0.8828338250808956
0.8901404544147702
0.8912949340847796
0.8975540203691037
0.8361748988535636
0.8421469385264118
0.9276603821945131
0.9344090061046355
0.879868350462711
0.8439396702621926
0.8376292462951813
0.9022923979502809
0.8968093371009538
0.8968886782548415
0.8480461049793868
0.8446044990541277
0.9222213663200233
0.9231689139951605
0.9105447022333961
0.8980924516564359
0.8982196316642121
0.889732271730986
0.8943457947103826
0.8930677569452652
0.8771352898374437
0.8281401278811612
0.9008290424561373
0.9286647585836373
0.9213954362630149
0.8410652063855651
0.8310732784049325
0.8944523243725172
0.8930481308408253
0.8972769887645545
0.8424674198132043
0.890344486396321
0.9273724029325354
0.9307947544708401
0.8801659610565111
0.8535350027204478
0.8345703852983406
0.8993120563121498
0.8917835964865484
0.8988708035378196
0.8969028347743101
0.8518334198343036
0.8923695533957341
0.925700099688066
0.9244485432469298
0.9183587099335009
0.8974664197623493
0.8988312048718458
0.8996278269064749
0.8946153823072682
0.8946268866343489
0.8956820321258909
0.8762855926643487
0.9114392087878354
0.8339449379706148
0.9275348482427374
0.9286776519210991
0.9150830774322426
0.8825735610115366
0.9030429236730533
0.8903664406186331
0.9013479451371476
0.8469146335102412
0.8888103819604506
0.9354368173577173
0.9368585578100467
0.8820979721918294
0.844357674775747
0.826244865079985
0.9015300609658528
0.8935930372491581
0.9007145402816736
0.9038134981197175
0.8971453657261207
0.8335455434397978
0.8972495456019423
0.9202115685748206
0.9151953965004156
0.9287017195659294
0.8992485473575395
0.8982316851558656
0.891847529818577
0.903964511556642
0.878890117244238
0.8907823801135448
0.8966030223658271
0.9325894067879918
0.9308892820709633
0.8866561908709742
0.8848331353439467
0.9062061984429273
0.8965249904694398
0.8976036313696281
0.8984010335274762
0.9322585117186417
0.9411514943093143
0.8840095192543979
0.8953782526468357
0.9073003784926148
0.8973327749414588
0.8992501592358402
0.897610037717954
0.8413494518924945
0.852578328620799
0.9083264354075362
0.9087576808302907
0.8944311503538281
0.8981727526364321
0.9201084946382251
0.8954746178228985
0.8965713948403409
0.8913963794645187
0.8793754414386874
0.9140895536896064
0.8358732957830812
0.923420738263227
0.9319409582371572
0.9222672962666804
0.8914597249879345
0.8849701601149536
0.8945675663909515
0.8926864234020188
0.9016182320981201
0.8383333028251558
0.8824868204756395
0.932587848616813
0.9339208371836099
0.8786250087628836
0.901083272156164
0.90406425344355
0.8946792822385431
0.9067226601959267
0.8981782034520657
0.8375296386664355
0.8493120062159114
0.900840179906326
0.9409384756583925
0.8958501564710899
0.9253518397741446
0.8990952239143869
0.8930744186224636
0.8986618545199708
0.8906896639017395
0.8784667352136979
0.9089672828391286
0.8468748184588325
0.8964504581929063
0.9372243660959158
0.8842481239650468
0.8793449034052014
0.9074433821666759
0.8545021822496661
0.9295986455006429
0.9345453165257794
0.8830249730614963
0.8691826201625794
0.8492288711400853
