0.39234992734065505
0.4121345211242366
0.4191446814243778
0.3701926627401606
0.35550314112802595
0.40371383352545037
0.40894139177626165
0.4015149186254032
0.3966111174124456
0.39056208968782136
0.3936701018015035
0.39470341239698065
0.40181729950709605
0.42478627077305786
0.3725293797034564
0.4068342208585802
0.46128638276835476
0.41563406104144157
0.3697839075222311
0.4020588999236967
0.40207521749403263
0.4024608306926186
0.37843347999842436
0.38753080853461214
0.469662358860944
0.36671477225447896
0.3863381376585299
0.36608910676689294
0.4000886940129238
0.3955590619540906
0.4118089139647374
0.42383631069585864
0.4183289237431896
0.37866394172456996
0.36302916251021616
0.4129324088613158
0.4039891174762659
0.4095623865626202
0.4040120026571744
0.39421956541849046
0.3899175496115977
0.3989844422826149
0.391884855735216
0.39987204178750085
0.3709451161134911
0.42808191055483424
0.3710791343114567
0.4082686795173699
0.46139725159574557
0.4119065454369421
0.3715205101190352
0.3556304583985565
0.3980874149713559
0.4036410825865933
0.39770651044365124
0.3772975584497411
0.3910207409351891
0.45926144564272353
0.46588339256026023
0.3691102133354257
0.39224896140242066
0.39728898375979543
0.39602332689636077
0.4106008602466313
0.42134512953187087
0.4189342419314644
0.3742089180242954
0.3556587563545652
0.4097952998764698
0.39812275912594786
0.40550007607880334
0.4022619105414277
0.4011849730344355
0.38760305532940464
0.3889711052997664
0.39528531622411217
0.39651983584120987
0.37011314310346777
0.4251375495047303
0.3724581797865233
0.41430320683921124
0.37949539700908236
0.35765854574792394
0.39598953685806726
0.4012240577079539
0.3983801044153532
0.37025440830989814
0.38795188945891396
0.458202327531822
0.4690773644094983
0.3687063603701688
0.38210814002573645
0.3686117025305248
0.399639853563279
0.4129261530980941
0.42279797806420005
0.3782499869880611
0.3525573355054003
0.4068145808687608
0.40383256585050264
0.4064910111864538
0.4034533057711234
0.39590657627644465
0.38683915090708026
0.39403072758922714
0.39553505891584245
0.37020985297405956
0.3703662255600502
0.4082919966173725
0.4629491194397012
0.41369436839607693
0.37621156037416775
0.3580009937243508
0.3988671341386192
0.4035058454749805
0.3968285072872792
0.37651533268632636
0.3855826587322699
0.45788212968354003
0.4662185419945454
0.3690496588452088
0.3914970479348981
0.36548129318178285
0.3984140131427619
0.4007559261849621
0.43114473391471114
0.42978634272916494
0.38840245384312644
0.35805378310299885
0.41915862987954033
0.4152998187377095
0.42021854036060396
0.4082328876322949
0.4055674446879678
0.40221769221544346
0.4035043679221373
0.4036019561912765
0.40224115113373865
0.37715349663615516
0.4389186858725277
0.3860256912502803
0.42895230979695015
0.46717703186250187
0.41607210880526596
0.3659756573208262
0.415895094723069
0.4089398877243005
0.4111168221954586
0.38945399392720154
0.3890725361534271
0.4724255441768339
0.4779747854568774
0.37495224525342136
0.3872303658436992
0.38425163526812706
0.4072595537667575
0.40428191908966815
0.4219919633163629
0.4341177343104871
0.4292712858863845
0.37701460025238526
0.3585436366234387
0.40802789093159436
0.4183199861270888
0.4203060677137585
0.4001896511322903
0.40328699123462153
0.3990134275295906
0.4061067120024457
0.3761431811837493
0.3874920124264958
0.41046008965897707
0.4712380934528105
0.42665886966602606
0.3757896166003801
0.36726448700185355
0.41585765401417785
0.4136053733319376
0.405151960347791
0.39920014757913347
0.467616926329281
0.4813570350443212
0.3783497104033998
0.382160641081778
0.41301287466041703
0.4050895236015399
0.42347603535103034
0.4290847159345753
0.3766652992645542
0.36880589420894805
0.4191751519753237
0.41585243151778706
0.41387031132464674
0.40715478867564825
0.4212074416478513
0.39710403057511484
0.4066952429902815
0.3996887652379444
0.3811678504157052
0.44069571252759343
0.38864983004628273
0.42485274058132955
0.46893265824152525
0.4204180426083298
0.37788910868384623
0.3680889856871255
0.40928232703105993
0.4094921321141888
0.41078392322487384
0.3840320438735632
0.3810559264230604
0.46924706661074456
0.4743646617172567
0.37084134201030927
0.3957920930460091
0.4083296226787991
0.4034055182923151
0.42585607538673664
0.4285117554568047
0.3807127224100862
0.359853711373575
0.40826826964917906
0.4226166363353261
0.40583324717716796
0.43260916648179554
0.39819670412562336
0.39594450156688116
0.4044843007988463
0.3910761348275109
0.3748321794304384
0.4274290420108545
0.3925502520758754
0.40637709071151945
0.4286373983735734
0.3728872439039878
0.35951964838385575
0.4126193438655494
0.3888058062241025
0.462992828645783
0.4726613752619743
0.3749721559491772
0.40620001874251466
0.396157296044358
