0.7082527161653921
0.6446289646737748
0.6560595223164013
0.7080223694015969
0.91653196911806
0.7040928565240492
0.7684099733728001
0.7039061643918945
0.7428512530850604
0.7443545199893988
0.6368874211463244
0.6992683889675865
0.5997464708688964
0.7181344179730959
0.5812667356825988
0.780816447256057
0.6661722709661223
0.6663443797925426
0.6869475449804363
0.7847170075013541
0.7358375904705083
0.5801298137916946
0.6489690333385161
0.6428129960367502
0.7161041056954062
0.6128887580117991
0.737286142987923
0.6863424906290615
