0.3596833400350714
0.37950782891666907
0.3669873254196557
0.38102818270124383
0.36673756259499
0.3730810424170485
0.3350266504116862
0.3688755840269274
0.40943151344202017
0.34198317628454095
0.34474505619489026
0.37233059283525455
0.36637962600809476
0.3673283089605532
0.40774744663766144
0.3671574765508507
0.37694690527383706
0.38813056596165174
0.4464260740086423
0.3545188691520189
0.35986364146731487
0.34725891156811883
0.361025655503848
0.3710671952502498
0.4073989985360227
0.3503614297957077
0.3953121253233048
0.34786471887789516
0.3819192186149872
0.4328407392509092
0.3531330778790063
0.3956251797317447
0.3559121573996959
0.37103728210025794
0.34161888398526236
0.371727524340884
0.354344130503448
0.426939078808371
0.34918478571919137
0.38774844909708356
0.4336822752078729
0.3665826494888849
0.3797001651110058
0.3340313508733774
0.37240844544178414
0.3647439241590985
0.36595384049767304
0.366726503882472
0.36645076523838577
0.3405214657576289
0.3672688500844788
0.34895394765520277
0.43980458279448814
0.4250313971073543
0.43883632350900664
0.38381838169100885
0.32636767502058234
0.3709501101216111
0.37791226149377255
0.3658604267247767
0.3591309123421138
0.3542628286876663
0.37917088959109957
0.38075673045921155
0.3657118670908556
0.31829016722550507
0.33493858826821066
0.4475869309324015
0.3645111259132692
0.44080917831400995
0.3732694635350115
0.35902699568774377
0.3430917639203009
0.3845633017332043
0.35719691369686124
0.40591754098170274
0.38268028727346504
0.36867046185373686
0.43094899016456983
0.3315953661202811
0.3602509346788014
0.3956875907229099
0.3822449402851079
0.3669582108399851
0.3655964475948447
0.36788424748528886
0.3671663512204412
0.37594736228456427
0.3691900848234648
0.4391445421092387
0.35799171563595905
0.4256607947904627
0.38184508173767934
0.3957802153864835
0.35386314247913114
0.3963088623604229
0.359728660346588
0.3607449279203668
0.40613561493694394
0.36815323624866314
0.36698926980838437
0.3601710166829948
0.3956904860647258
0.4372550891000279
0.3784594019707622
0.3609205936973187
0.3580063337287161
0.402074658641765
0.35115429665748293
0.36563961522105093
0.3944684466236735
0.3448119928434886
0.3547063861089479
0.33375115897071955
0.36291100896243345
0.37288908309714913
0.37356430310051475
0.34183819910258467
0.4003602177139719
0.3955352280572025
0.3730801340609664
0.3899627710293911
0.3583191054985137
0.36408054390499395
0.3421202079561328
0.36950190402193717
0.3447215713340502
0.35767151278682746
0.3633616328588199
0.37458855842063327
0.42627312458098277
0.3504429914772382
0.31400441461167533
0.3776978395408747
0.3622225643968517
0.37655441172133325
0.3552489054868729
0.4502281341209421
0.40444409303818735
0.34536829731001406
0.3578485005781293
0.3350302910693929
0.3707187283345441
0.36405240665210553
0.343132226138903
0.4407739337262887
0.372038226562269
0.3623382971789565
0.3506733749999621
0.40928289427301806
0.3426058341335831
0.35904588867503
0.34161547655691854
0.36202286469243344
0.3773220743906353
0.33451057223184083
0.39674180937578407
0.35794136249997865
0.36065677095344784
0.3510597031499282
0.3773051676051708
0.43432435890069904
0.4489905388545085
0.34534151003868957
0.3757098151870801
0.36817282252952777
0.39735145384624004
0.3911260016640342
0.358068787499942
0.35567967825061453
0.3870619676026953
0.3820269577707415
0.35778962527878055
0.35789347828576495
0.38606670162771695
0.3926519823434706
0.35903172338694916
0.34980914241440336
0.39291133110063275
0.350346825
0.3629166146937018
0.3977259762349423
0.36559621244316537
0.3549551048548697
0.3538105498275679
0.31205931236686585
0.3772838621607961
0.31233824102479807
0.359596784687253
0.3577470411698827
0.36290126591969873
0.3328304286323836
0.36757578678255853
0.3569876999999909
0.396033861003998
0.36460788932609095
0.36023705876135637
0.39691622330202836
0.43061547655314586
0.37087016374565007
0.3532961743751962
0.38982488426987577
0.4355984998904822
0.38048862125287425
0.3517919999999906
0.3741202787623861
0.35833359494053074
0.4072715261469463
0.31935748480316367
0.37192236713585497
0.37235035143101564
0.4399115329646842
0.3742462769312548
0.3614449181265226
0.3546859066606575
0.3590509597879042
0.31178165971407096
0.36341486546004
0.3580624358905295
0.3783822947990155
0.3322820198308438
0.3602201229089138
0.37836230405030224
0.34216547654001833
0.4338793986396726
0.39237348523784316
0.367679804126328
0.3725934386669922
0.3498038801110642
0.37405684885821305
0.35479752013641547
0.3728721398242286
0.33176320225040634
0.34742883576517264
0.3849644738100812
0.3778459289016621
0.3230294935433385
0.380531915414228
0.43069919284847613
0.3686975658777238
0.367736199061767
0.34691521694889216
0.35885621352804203
