1.037013435743742
1.0020588033970859
1.0684323754600977
1.0837269382907058
1.037191818875729
1.0434063651803562
1.0132387120919075
1.1134904159140842
1.1054876280877324
1.0951714892156885
1.1235848410702565
1.0485606307141326
1.0697706789861647
1.0576678368879224
1.04738444174176
1.055201312342891
1.0551810324074073
1.0783779701418792
1.0229351781340068
1.0598805728636158
1.0936781357685268
1.081425810996516
0.989311167753988
1.0050712222094664
1.0831057358363774
1.0559974255209559
1.1305693779666321
1.0278141314639038
1.0312604611413987
1.0645742880222264
1.159985148843048
1.0812933645846698
1.0848342790587082
1.002169034914132
1.0149574587570287
1.0614728266852214
1.1296949062440391
1.0434321473428032
1.0493247448160077
1.073687394067611
1.044524779524549
1.085262485237273
1.1570819491324873
1.10932227514419
1.1018205738597664
1.1043237990740544
1.0819815628382154
1.0911935612208141
1.0897930107500198
1.0671832479144914
1.0876364896831368
1.0573957659107132
1.020923366091015
1.0798474597260417
1.0062901653668535
1.088959841540346
1.0634797087440477
1.1057063798780669
1.0587666871347703
1.1343466524778831
1.0607449466057803
1.0736618375055198
1.0734158458370473
0.9987325041339229
1.0755102555151361
1.0397255640355982
1.1153718406410817
1.059550133616239
1.002474992393536
1.0108090462090078
1.135662999711423
1.041856952506505
1.070385983820659
1.0827437091453034
1.0588791343044814
1.013511233875988
1.0884119921592625
1.0657613363069003
1.1531786879727968
1.084103040423794
1.0809048472876401
1.0912419068122758
1.101411079841092
1.079028642632925
1.0785852978704895
1.0302129225582601
1.0926194225253956
1.061004826835156
1.0305529359173717
1.1082679636292212
1.0996927746533578
1.0881951683595417
1.0388766689011246
1.0656849588493211
1.069933946353372
1.1403373842097948
1.072908371642599
1.1112576402425778
1.1643382254385208
1.083740294404976
1.161077916951689
1.0802691623042007
1.0980253935447486
1.0971322533980594
1.1023524570535765
1.0809099305928387
1.0822985845321764
1.090407042915593
1.1240036959097885
1.0384767690431609
1.0349464244077913
1.062084895978642
1.0594552948912441
1.0544848936261726
1.0498739064608875
1.1109027389438526
1.0178441891142591
1.069639442210369
1.0678523241130158
1.0554898935938657
1.083127262696959
1.0294712274291482
1.1571015054654041
1.1354614313491682
1.0898414948937032
1.0842295003912867
1.0784770090493216
1.0900525905566
1.0726499399684866
1.0349374557453768
1.063322068647342
1.0155658290161502
1.0780986774258152
1.0860644376619135
1.0959552602286864
1.054210026626102
1.0703532615678601
1.0931332430567018
1.0757286647393274
1.074061160357018
1.0536217427017744
1.0570422257216832
1.052856083081405
1.1105772250341568
1.09119401261774
1.0455433668823964
1.0884762373325079
1.0750991860547092
1.0986621937732486
1.0795247550810547
1.0575084209634569
1.0546219598418873
1.1038210066082481
1.0567060835863225
1.026858235969033
1.0704892540282522
1.066277236882174
1.0519387408782526
1.0711933249915764
1.0903494453432754
1.0617240615317167
1.044261994065298
1.0693552990055712
1.1005202867792874
1.0492294415959234
1.0809437694398656
1.0206733209249919
1.083873094018619
1.0240322680804075
1.060845785808174
1.133333547247202
1.1489044365524517
1.041146959090665
1.0208096671461453
1.0198006226982865
1.0726620657524142
1.0905671965484252
1.0513972423172708
1.0844840216485077
1.0689632408195637
1.028682255750057
1.0233357518769592
1.084010717032988
1.1233119697480975
1.094636708977465
1.0837326629127808
1.0546034459245328
1.0703689228582376
1.0883069085998818
1.081307894105552
1.0691469104821683
1.0849302344611749
1.0838937343419608
1.0629598582144946
0.9737158498930254
1.0734072794138114
1.1158967468863334
1.1028880953868085
1.0790945616993266
1.0861544504645537
1.0497314847948394
1.0776866680008093
1.011608188036333
1.0855187549415326
1.0414820456493736
1.0616427454325739
1.1550968926137062
1.11256731020198
1.090822853968101
1.033542480154774
1.103167483261635
1.0726565407466913
1.0173611102771063
1.073231636827562
1.0209940751159594
1.0730231376434805
1.028592320273976
1.0192676632807434
1.0757630917012724
1.1102133927675983
1.0840280327394514
1.0946788092692337
1.089437275415395
1.0797893610702203
1.0775636231136572
1.0972297907158373
1.1497661013014042
1.0601434186078142
1.091420009765622
1.0270132870684796
1.0666499478449505
1.1660494042813019
1.0812175688091206
1.0850556557333564
1.0998438227925038
1.1443175719862426
1.0821640634722933
1.018354661915144
1.0134917506569496
1.1064188316513115
1.0592492072586792
1.074241784884019
1.0960814539237353
