1.3554193794400224
1.3022474471926226
1.2783246048934596
1.386217073736601
1.3379606912992434
1.3329331768750543
1.245802353750597
1.3587101633831788
1.2894665020505185
1.2695642813498869
1.3322436714401031
1.3954681595929106
1.2187341369601028
1.2622161014984117
1.2612676928774702
1.3584427370900576
1.320139987058961
1.2784675521239957
1.3029084217251736
1.4787004353541222
1.353980167017695
1.314737723618102
1.4511229456033603
1.3355594031374847
1.282377309960422
1.4002260367591979
1.3838167249443059
1.3738271230405734
