0.5978316741298189
0.48864801869783137
0.5152144247695263
0.5092999531815902
0.6137602568176861
0.581362064753898
0.6223235696572085
0.37494521443537354
0.4307171685299632
0.5980170586436744
0.5144549502049978
0.48725990777586886
0.6959734853846296
0.6122595864996743
0.678386536232773
0.6543157144759696
0.5074580141533893
0.597849748015854
0.6892683515367162
0.6049090357630947
0.5456228163241439
0.5956699838862923
0.5563783737788652
0.3965928548519075
0.37964999068999133
0.4323846815147391
0.5047275359896677
0.5839413372328808
0.42286425409180484
0.5275700473912126
0.4797033566584993
0.5284830388011559
0.6434942252281854
0.41514400709436616
0.5910882237733147
0.6385663531401435
0.4460642343639386
0.6342509931586284
0.4453886452134558
0.5333168968062337
0.42926408979605946
