0.40192722589267704
0.4326235962091794
0.3968047731560378
0.41074557803358525
0.39088866359160807
0.42208027454485814
0.35657171523766124
0.40723767708306313
0.4023527926961507
0.43017786754614756
0.3933652232541298
0.36317712331444096
0.40359965539561854
0.41584132145461356
0.39672666450872385
0.4454345880963197
0.4040685478226102
0.4001712837956431
0.41788561782185074
0.4665385716088974
0.36941734865382697
0.4511605448188656
0.3821389423639484
0.38207387676315946
0.39477830134939823
0.40227390128269336
0.4351525940580997
0.3764569961878663
0.42304658742471946
0.42000592748638177
0.47166281564480833
0.3696071151310079
0.4239815911918112
0.3743323325800006
0.39667402887683134
0.36475997998334897
0.3901101231876949
0.40473966315141513
0.3867730581372224
0.3803772861172048
0.4219203480522317
0.4772946011667432
0.402303063386405
0.3983722032829377
0.36912709152523504
0.4156909052912036
0.38778697375542925
0.41459621013394865
0.3832623770718608
0.3732625340784056
0.42380426134088994
0.36855883963790054
0.4706753898816925
0.4042764494481144
0.46996140012392934
0.47613181830672724
0.47067204879488034
0.42540953782877666
0.35048575191203324
0.387636923665043
0.4263557416832914
0.4067998538586361
0.3880388696910835
0.404728785001467
0.420450324186378
0.3941193717744149
0.3604451092230374
0.3668846706723835
0.4796737960141962
0.39233093712589145
0.46487711922371794
0.3955003966576834
0.4134943713936412
0.4076464047563868
0.3691104280805227
0.40352380145632866
0.44554076585121916
0.40731819570381844
0.40435763708502903
0.4833299575677723
0.3649156244749131
0.4090250798045012
0.4099331408762491
0.39570203677327703
0.4057331869687216
0.3843025492272358
0.40906362065188867
0.4015159831702498
0.4784602995383458
0.3874565013092413
0.46356111967236696
0.3819116032450229
0.40348357031576887
0.3750307855915557
0.4249272503287804
0.39357108520278344
0.38248163317388156
0.4447475075840811
0.4000837609542657
0.3968624504841825
0.3896652958326496
0.4309092700977365
0.4813589847211794
0.391558592156023
0.4193800054263164
0.3792951086674604
0.42305526147997913
0.3913193821387598
0.3852465052833754
0.4238693240693532
0.38317373808311966
0.37914236927734163
0.407853453085989
0.4102748648140717
0.4074639050771256
0.378410955661463
0.42188233263925473
0.40264953419639
0.4144215418308251
0.38964546718260995
0.40039264042194556
0.37848152072849717
0.3953405466321687
0.4142479844988936
0.4015821326670751
0.42534659942552505
0.4775572725912259
0.3877966325316089
0.3300946999164109
0.4246125932616399
0.4042180309235394
0.39907862802723904
0.3956938685927291
0.4775929166546897
0.46385572826030436
0.3700456553860387
0.3966603454293341
0.3988767279575882
0.36968237275996135
0.38890120613499435
0.38965072056854794
0.38863090952535884
0.4829590765127906
0.3989884728132945
0.37724518844778254
0.43132483907479796
0.41031567358160576
0.3810442206747311
0.36399798392613936
0.4021971157700141
0.38175328433638583
0.37347226554138807
0.3919634825539573
0.3976162482339336
0.36775288518403726
0.41959826331925415
0.36995885256376737
0.39341804729664276
0.3898211600027638
0.41242009081577546
0.4826796158630328
0.4820471961724901
0.3690216265024305
0.42288443441747614
0.4282971011446617
0.43061113266060136
0.39811855350927955
0.38560874713853094
0.3987588031129679
0.4206562890954727
0.3972058832580872
0.3711423611083404
0.4215815182304056
0.3915379748142861
0.41733805538711866
0.42639493416634555
0.39524858206930363
0.41091259406393027
0.41270340540874695
0.38110273189133104
0.37326539457867297
0.3882396022569853
0.3714211308484542
0.34295860468783806
0.4034091687138856
0.3263985064974908
0.38986410048223635
0.39834617161978536
0.36263764213166255
0.3481428050373036
0.4040231269792459
0.3802521687398778
0.37118825811321915
0.3804519743714898
0.38757315266352454
0.42187746955311095
0.4027331373677244
0.37570537763665074
0.39239238984288205
0.4193206274968573
0.4670671286145486
0.39521430465676294
0.36925923833543506
0.4040719888569719
0.39335836548128844
0.43852090243987735
0.3367241469303673
0.41215129280561913
0.41495565561392284
0.47922303175842773
0.39231853995277016
0.39751629970573615
0.3720430036893498
0.3397416037878763
0.3942534556702087
0.3880572298196129
0.3945312906462778
0.39370706737662237
0.3920441414153647
0.40288717094589366
0.36341756328019426
0.41254094475087255
0.399657445866727
0.38850036749082395
0.41024189179976855
0.3877137503950981
0.4089026812088144
0.37657309405560585
0.3960369422670533
0.36360984691015347
0.37516202046782177
0.4440091846203529
0.4042892339262602
0.41090587584671306
0.34804487336021267
0.42096521951442867
0.45896380706838075
0.4034343531113119
0.4074196117405668
0.39210580986401394
0.37102167121964863
0.4073462209894532
0.387540878378037
