0.7647459392323457
0.8223982252687545
0.8225536044426538
0.8264819410848891
0.7006319317803376
0.7914532835090534
0.7807732491967838
0.8299338446634922
0.7715291304816692
0.7739010492558838
0.76924240936234
0.8175453231469213
0.7607590930977777
0.7729717377723396
0.774917709846485
0.8255613877335397
0.8215325759315111
0.7673489435916392
0.7688438103226845
0.8248231598890947
0.8191531193772223
0.8250869473332615
0.7713384309439089
0.7670787070437546
0.8295334445105951
0.830143244198226
0.7625732102385606
0.7064485609589324
0.6963229898514451
0.7719064569966304
0.7684447527509431
0.8257095169259748
0.715934465605962
0.7988636161442956
0.7785036536894544
0.8345582707369932
0.8293876071847959
0.7719840036669735
0.779180533768876
0.8230285720329918
0.7834764287294643
0.6910126206841454
0.7806434283542182
0.7684587705881156
0.7800478210813802
0.826212201784895
0.8223176672498838
0.7738881950414414
0.8244825996819687
0.8202663262416946
0.7701429079725243
0.7772308379840999
0.69807549191636
0.8286333423323929
0.8299472417141188
0.7614562842280749
0.7033968485020352
0.6908342040522414
0.7721687751183004
0.7674769427368985
0.8222306523201931
0.8216636108871158
0.8262808441984588
0.708346949671789
0.7816436025183012
0.781716844682256
0.830997385841442
0.820738895143911
0.8265300670736858
0.7718186703865555
0.772999470176788
0.7719738012947445
0.781322530885671
0.6897869895694231
0.7770357185971198
0.8251038815557811
0.8217661778930541
0.7704715118986656
0.8249811609121916
0.7752994187127591
0.6997102944328092
0.8296737421727607
0.8299818676506459
0.7625960407687812
0.7672654249713748
0.6950108906637816
0.77520643280769
0.7688323998029476
0.8226280097990106
0.8209752754188044
0.8257199187578357
0.705791625939387
0.7827280497241175
0.7836754667555316
0.8300061718225811
0.823361748309841
0.8290885436667998
0.77266184440241
0.7768054541222675
0.7694898009721209
0.8195873453183599
0.7847930258460286
0.7772574409156683
0.768441405306294
0.774467899218735
0.8266324282127071
0.822352290678722
0.769668181176042
0.7674063014856789
0.820562965096483
0.821326363806909
0.7793013930933838
0.7706326271412034
0.8300356768043027
0.7655763660336855
0.7080029577362785
0.6937346104803843
0.7758064053914958
0.8197430980304915
0.8235941352031776
0.7087605555757653
0.7764143632543516
0.7796377244305213
0.8224830961701387
0.8245372997187737
0.7692070539547285
0.7757081171754291
0.8204748326775853
0.6926480637104283
0.7756096753832439
0.7723488865229792
0.77654471386409
0.8285972175160465
0.8311625711724183
0.7671497379993327
0.7647348787714345
0.8231260660153449
0.8211345204558369
0.8285459542414559
0.7759406671883706
0.6941980079579282
0.8310494719801276
0.8312461112348213
0.693959621175857
0.7060723403338168
0.6972574649472641
0.8244412176245812
0.8227359655601308
0.769277153035502
0.8254015904369985
0.7697039352689815
0.7817083282752747
0.7822069529999237
0.8228534128003593
0.8345599513748216
0.7730173734785998
0.773322406043016
0.7719702266847707
0.8218417224160167
0.7811120806398592
0.762682171895869
0.7788788174304431
0.7762883544748262
0.828091678652661
0.8248306741274289
0.7705143483365243
0.7756046062662976
0.7712170484791413
0.8328205443885548
0.8191795188919716
0.8244354583427026
0.7850239377591062
0.7706231826310559
0.8302888021331696
0.8295426772466294
0.7710798098214188
0.7011269252705219
0.6941688345974295
0.7713154664341972
0.7717707336950212
0.8252685506277551
0.8224334953336766
0.826748994489563
0.7644811868746929
0.7701681600147425
0.7760973451554811
0.823364973815128
0.8197156560313914
0.8253313088961007
0.7754945339184892
0.7728459850204524
0.7687803140292371
0.8207718350187465
0.7723210269800931
0.7641756834572081
0.7819421091461869
0.7749974179844515
0.7760326686229835
0.8259045402751376
0.773973989082308
0.7699744233666689
0.7670386027045507
0.8254356129212783
0.8233210509785249
0.7744714666840898
0.777582686143541
0.8300858434444919
0.8279924469988704
0.6957575413070657
0.6954447816518013
0.8241632367182481
0.8201252221621446
0.8267844511350554
0.7691090475295652
0.8292666293881512
0.769270540036886
0.7826845999095777
0.7736731224427589
0.7776795747065911
0.8218096793578271
0.8359703448436411
0.7778029746873688
0.7742651905823684
0.7745171260964397
0.8196059434530184
0.7716462318687998
0.6938617285899216
0.7800507174512784
0.7732162738622739
0.824751958067391
0.8251268321687457
0.7733133047765465
0.7708822350815258
0.7686867269985211
0.8341169493855678
0.8190657650230623
0.83421830253118
0.7783636035207651
0.7703265584044567
0.8311523815606945
0.8282990445501842
0.7727540912421594
0.7113922013096993
