0.7623924453555956
0.7691646701683279
0.8191997078910486
0.7668172716460397
0.7742891337120446
0.7708025376216097
0.8200135469406972
0.767964135403986
0.6928541932343053
0.7703912196337486
0.7736452708586791
0.6969765007831238
0.7698979729360537
0.8278356694497782
0.766865489044681
0.774222362303147
0.6932648138655668
0.8189265125383276
0.7653600967311713
0.769660307884594
0.7031397238613359
0.6943226253333804
0.8243862028995154
0.8276395769883119
0.6992161334411101
0.6984418736807669
0.6911399469520083
0.7692105753866362
0.7652755377226579
0.8186160663784808
0.7695870804654996
0.8187615753145219
0.7083427140604797
0.7035581953598415
0.7741420049929699
0.7708420708343598
0.8196585014195573
0.7691361055633557
0.6939421814787613
0.7668907279957997
0.7798291827526318
0.7644965085789215
0.691374086118338
0.7779897072966653
0.6958940300922882
0.7728549156013553
0.767087428453752
0.772540804309209
0.7648243552320064
0.7706468791679811
0.7677008411424102
0.7678516171928736
0.696233704500091
0.8243202169978795
0.827521890755208
0.6950072054247423
0.6940234327812019
0.6909574688585041
0.7686975065330565
0.7655008288793229
0.8193690780486422
0.7693135655570162
0.8192626647061952
0.6991388687557626
0.6999255206087208
0.7700465676062423
0.7704892962765553
0.8189106723098768
0.7656964146100403
0.6922379043834882
0.765128000815897
0.7724202681209857
0.7674342900476788
0.7707233538172079
0.6906346134108868
0.7708244875713701
0.6969942251299944
0.7696237945165305
0.8266519303702377
0.7678744201353233
0.7660904217555228
0.760114119192913
0.8220926152199928
0.7666138476468956
0.7674887250599096
0.7047803194452614
0.6961390146547453
0.82433120470749
0.8272267096240572
0.6942616978004277
0.703268794747072
0.6890571074462726
0.7667116666668222
0.7644671477267452
0.8185616379007349
0.7692944055494779
0.8186669245090341
0.7120644587236257
0.7762854720485697
0.7702461063949259
0.7618220890108371
0.693144977143961
0.7669039785313967
0.7653381645662926
0.7715442969487716
0.7670463175332456
0.6972791923167773
0.7710340736711704
0.7724025061006942
0.7683775592305022
0.766089254969162
0.7608761800414431
0.7710223800730719
0.7690090505533417
0.7701816979102585
0.701338158566927
0.6935879714877894
0.8279384347795614
0.695483054865268
0.6963870855071387
0.6870365110151713
0.7699510835916424
0.8222157378647971
0.7703873172359156
0.8187106695084129
0.6943345530103685
0.7668764816736703
0.7747550162363264
0.7714867385807085
0.8160994942200476
0.7701292941538098
0.6948064235145409
0.7711439231645068
0.7687975086818877
0.7651981858146137
0.7724243270706587
0.6923455929177633
0.7757928181736986
0.6985088557903544
0.7717554110203496
0.8260842883689389
0.7664654383844769
0.7711184118356694
0.7623419542441839
0.7667636464057719
0.7664719738701401
0.7731531816086702
0.6928546061534598
0.83140762451733
0.8289189367326577
0.695881499775092
0.6974730638272199
0.6925499308987648
0.767991103805789
0.7687675152031684
0.8232704989362907
0.7718899520018773
0.8213175423111392
0.6998536393535535
0.70064443703853
0.7701355227711956
0.7724897738080473
0.816812034327948
0.7768358563290841
0.6936327190293163
0.7652162547412712
0.7644831977040061
0.819907126661685
0.7659603463005175
0.6934368938678865
0.771149243506107
0.7008418782198025
0.7682870569961103
0.8238591608329033
0.766030223389467
0.7740108264695081
0.7649786593168955
0.825906711182366
0.7056088508167832
0.699464628821107
0.8284725858217139
0.7666676485374756
0.6969716284027656
0.6921290078846982
0.7714103175369172
0.7644968189149113
0.8222036736701366
0.7695890233740391
0.8220641204602162
0.762231934047019
0.7684741415702271
0.7728293283606678
0.7740777287708784
0.8171570537063049
0.8175950254493499
0.6961267942401105
0.7697928299540191
0.7680978349475038
0.7669018874868182
0.6916925574803646
0.7790016732840791
0.7803177630403283
0.8245451057539847
0.7714669234798862
0.7593139718600986
0.8202525724042159
0.7691915391753034
0.6910017888479961
0.8262435002232271
0.8275538741908084
0.696652274470684
0.6984888944642482
0.694054955112325
0.7691413962862448
0.7672843628758024
0.7479880748122112
0.7671843257899997
0.774818255277131
0.7779355788728837
0.7821418365831944
0.7718270320875629
0.8172091614241327
0.7718081158303748
0.768399283847031
0.7789685620984413
0.8189760760131641
0.7707315920683396
0.7719242707661651
0.7031990241106552
0.7740806875166957
0.8234863737687644
0.7696018571352691
0.7739278171733669
0.7664033461367585
0.7709360248595805
0.7681881007786241
0.7694310153865233
0.7804160187869217
0.6965471060314748
0.826661580166051
0.8270593729640215
0.7676962939549082
0.710219787131279
