0.8296192968331986
0.8313731185641187
0.8283977519149562
0.7868574397000472
0.8046664590052085
0.8632939663624366
0.848731325433248
0.8334823001021635
0.8427420557910367
0.8329734051847001
0.8353953003260105
0.8343813449177714
0.8474029767965522
0.838162052880781
0.7725055927824344
0.8562528316815582
0.8537738263795799
0.8645525340245233
0.7760761397233068
0.8378125300513491
0.8294387555717765
0.8447782976527499
0.7923407058470701
0.7850492271345215
0.8611398402520943
0.7672408583817303
0.7971691748418224
0.7803853312201409
0.8447516244407505
0.835213402852011
0.8309390058354786
0.8323510968276882
0.828817365720618
0.7995285086377877
0.8138235902204024
0.85253436161028
0.8631999155184639
0.8529325505277795
0.837805210491711
0.8373963825962035
0.832937247344478
0.8422445334838842
0.8303704713170357
0.8445166128104648
0.816955057920458
0.8427247397341521
0.7710937592749354
0.8571514553476779
0.8537633834743801
0.8603247167413464
0.834041754200332
0.7760266040321037
0.8323609743906509
0.8302575918332561
0.8388064125421726
0.7889806990181092
0.8396681154570698
0.8556320214141685
0.8558693739373483
0.823288020003151
0.8069744646003602
0.8406423115426631
0.8311892155061974
0.8298341599678988
0.8290835459518788
0.8287258106437874
0.7930091859710822
0.8034620872994042
0.8665335786968976
0.8568339501351022
0.8445944904046876
0.8343481442693839
0.8488076874316162
0.832950226230802
0.8293657123256567
0.8340158680054098
0.8399005927952403
0.8174364866233637
0.8561753532228554
0.7720217497284323
0.8615469059390566
0.7892665462081006
0.8301225781374746
0.8284958152135053
0.8283003975845886
0.8385792944871301
0.7829124798163555
0.7853264165249786
0.8550726941521709
0.8608596559730116
0.8224835405552532
0.7906248832472418
0.7852208834814628
0.8447683111001815
0.8330054226794696
0.830370662823118
0.7971713607005417
0.8001713522913463
0.8643123606345249
0.8665679273867785
0.8478841922077832
0.8373749103761755
0.8408603804214186
0.8306558243853948
0.8353481633360686
0.832975534066576
0.8187078977476873
0.7704927229459637
0.8406901755368578
0.8559150110887367
0.8608493576296815
0.7875985483441729
0.7787325065505336
0.8339854544739644
0.8300391697576653
0.8386108837565841
0.7899045493064724
0.8324274491100689
0.8548321853383954
0.8566940194532383
0.8233018882678133
0.8016552989060306
0.7819832832400857
0.8409969870293738
0.8293370620574104
0.830485699669978
0.8278233167969332
0.799741075640521
0.8443668263121731
0.8651353057025247
0.8647014796890016
0.8541111917550159
0.834824699202426
0.8389405569192864
0.8403514004329928
0.8325821763062187
0.8324476819688126
0.8351945035046398
0.814727529244712
0.8460516650367257
0.7741328273295921
0.8645258622534264
0.8538609883763706
0.8502984625786554
0.8274113532720639
0.8407750765883226
0.8244765952878224
0.8401943472132004
0.7923449037497716
0.8289800500407509
0.8619313295939453
0.8617482499942429
0.8238903178802092
0.7895139816088704
0.7720814258423705
0.8413794171532167
0.8311486956101999
0.8352920519833735
0.8366307025114987
0.8280643201397471
0.7766550744786602
0.8510792250577257
0.8604788590536644
0.8501701277691489
0.8685768558664035
0.8404482751887151
0.8377593536492892
0.8296287832126751
0.8459639328068147
0.8188403502823423
0.8322197973466732
0.8333433482764963
0.8582109816051924
0.8695676985079581
0.8303491168910238
0.8296755894868897
0.8455586768621691
0.8317918309458727
0.8366870033713385
0.8396043810929175
0.8586498690463483
0.8672607781826489
0.8258802656052986
0.8408756311586209
0.8482318045693871
0.836260897167786
0.8330630843487088
0.8290149275991832
0.7882293276552034
0.8066395285937729
0.8479327007678171
0.8491051872653798
0.8293070237184271
0.83617001077377
0.8644768778221189
0.8356811514786999
0.8342579744495424
0.8286222988967556
0.8184450002690383
0.8490220078506743
0.7761775208163461
0.8593669288600858
0.8579510106653874
0.8592080899850192
0.8362556798496745
0.8299599110393874
0.8304926667841224
0.8278706818128458
0.8401516542526375
0.7811217995448074
0.8226544019412385
0.8584826965365036
0.8589210776064709
0.8200543130154639
0.8450587297569672
0.8448202126898192
0.8326360887326234
0.8432766732577316
0.8301947657791966
0.7808792068214341
0.8046030235801837
0.8405454077931033
0.8861178064304195
0.8332995596845036
0.8688270371727043
0.840582742635103
0.8326007917862507
0.8378403186606754
0.8312713098275737
0.8187075191256369
0.8460127185042764
0.7907807029122998
0.8345716203817445
0.8783250025722441
0.8276068111820656
0.8246293126903105
0.8482120988098707
0.8032392989142081
0.8564052242499526
0.8601335968538839
0.8253295839237933
0.819302408516593
0.7933612329565455
