2.0660796526671747
2.0692911928230635
2.0701537048715393
1.9234370100717817
1.9220218838811578
2.114922591301832
2.1148040807550617
2.0678720931813968
2.0673867748651595
2.0657565833939042
2.066653140773298
2.0667580061614776
2.0682899266516044
2.071607953721481
1.9230483030456509
2.1153951418276558
2.123836284574516
2.1173236949461005
1.9229313719262284
2.0679910913488797
2.067610370653934
2.06863509978595
1.924806075243372
1.9262813096857803
2.125771182654556
1.9217325180636182
1.9266243462686992
1.9224438715985477
2.0682941949530216
2.0669020965556513
2.069091287268858
2.071043748378294
2.070073293053795
1.9255669728045888
1.923824198420864
2.0704180109627166
2.1149990135716497
2.1152745685590095
2.06846051550202
2.066673372621023
2.065766889609273
2.067932537223107
2.0660913787857043
2.0678593901611717
2.061629367811659
2.072302379619215
1.9227412746168373
2.115605348115612
2.1236894721124675
2.1164656789286287
2.0630485719633387
1.9204666918728768
2.0669496369135594
2.067908747457336
2.0674771929018574
1.924447492865758
2.0664408323978085
2.1235910875143627
2.1246791311771975
2.0617047220838525
1.9280697615660016
2.0675734279119276
2.0665783913335574
2.068941247463442
2.0705671167606323
2.0700616267776355
1.9245505348487328
1.9223456811635442
2.1162695973630528
2.1139341591561203
2.1140907683888313
2.0679243205051665
2.0685106846800694
2.0655456764213933
2.065586999635336
2.066792884875153
2.0672428493513184
2.061541062471979
2.118099864350699
1.9229470499079415
2.1169290928344706
1.9250679361802254
2.060647681771217
2.0665552887188086
2.0674328579267844
2.0675381510045163
1.9230968023679582
1.9262334719339422
2.1234532924700122
2.125709788766603
2.061831290092542
1.9253657182815158
1.9230977357245476
2.068225729613993
2.069415306848349
2.070658745430178
1.9253968879327312
1.9216279942969383
2.1157263277097744
2.115425941444291
2.114493250707624
2.0683839059929396
2.0671134546015404
2.06531477045587
2.0666389167726673
2.066737715403088
2.0615971355353437
1.9225777149351555
2.0690465966997666
2.123941084896847
2.1166098223167253
1.924503240863523
1.9211472308159574
2.067302150028204
2.067927385432709
2.067318019604829
1.9245700241338284
2.065063710264029
2.12336193666876
2.124940240920191
2.061766027211302
1.9275011851648511
1.9223321423557922
2.0677387824201308
2.0673636835795475
2.0720087081389806
2.0717098443534474
1.9270437099171516
2.0614278778805213
2.1178128683908013
2.117128221964263
2.117292388865055
2.069012179838256
2.0684120447721224
2.068256536404057
2.06799572131386
2.068043874459912
2.0677351159116593
2.0626172488869186
2.0742793870026133
1.9251903780762163
2.1193607273843242
2.12472340884825
2.1165325387161213
2.0616699463349137
2.0704860541112047
2.068405735121693
2.069577913455273
1.9267137810408348
2.065429827038456
2.1260792321138506
2.1271017141624333
2.0628432206883596
1.926127265959302
1.8791375769250191
2.069154860991401
2.0679241629415386
2.0711497538009676
2.072891132774304
2.071739184349681
1.9238589039096063
2.0620029737202095
2.1158564750659856
2.116730161664842
2.118399528494621
2.0679445861787698
2.068337602078193
2.0672319240461734
2.069028651801519
2.062715421723199
2.0654305601355123
2.0691015111829136
2.1256462129481357
2.1195124228457134
2.0633450445880293
2.0622233309569977
2.0707205488858933
2.069646294656128
2.0684125941279277
2.067711791499127
2.12518758611172
2.1278563268084896
2.0633985776008683
2.0650441351107642
2.0703824727108744
2.0683940815611117
2.071114026301925
2.0716954165311403
1.9244892259462472
1.9245573856844453
2.071268480861663
2.0709985892241534
2.069310645599449
2.068936441507264
2.0726017242588846
2.0672537364912733
2.068651981621406
2.0673210790380754
2.063304807381913
2.0748524486615323
1.9257024934453628
2.118562455104464
2.12528703822401
2.117822531072319
2.0641840045058015
2.062250526281733
2.068830329742022
2.0686370261339992
2.069709459691672
1.9253254598471738
2.0636713562429274
2.1254756846548934
2.1262587715329815
2.0619929167525757
2.067359122695467
2.069504392965832
2.068007874833173
2.0720892692779795
2.0716208123876716
1.9248362637776621
1.9230773579466653
2.0690917691511577
2.1196928220988593
2.068520510535708
2.0745343703610835
2.0677366860969593
2.066865635132296
2.0685860392366164
2.065818969881904
2.0624796362635656
2.0725158006844953
1.9272789421013885
2.06848838699119
2.1203097166232756
2.0627762358955666
2.060535441026444
2.0704410700367593
1.9274131229719667
2.124272204772793
2.1261501486131396
2.062902860862299
1.9310509460645533
1.9278992745530934
