0.24831920333917856
0.23278592481944482
0.24953653423660926
0.25187667711687395
0.263622927099165
0.26468017373617475
0.2583377750686144
0.23101388400448788
0.2567570857201902
0.24538375027186654
0.25997208359025814
0.2645693525220232
0.26356327100134913
0.26373320515772813
0.2563298877729435
0.2495648927584751
0.2511964642123061
0.2671884276602753
0.26277632566810705
0.24745845819200313
0.2483492535778858
0.24624846526135313
0.24854292258397465
0.2643445325417083
0.2703998330893371
0.24676555163261793
0.25425733422055075
0.2604774531463159
0.26615320310249785
0.26051210320848484
0.24726150658527654
0.2543095099552908
0.2618186928999493
0.2502115270167096
0.2264711006642104
0.23148920739014733
0.247429335083908
0.2736565131347285
0.2606974642865319
0.2529967215161806
0.24181499920131214
0.24946908824814748
0.2516553408518343
0.25817189181222955
0.2645680742402974
0.2491626340265164
0.24936428674961217
0.263621083980412
0.26357512753973095
0.22628819762627148
0.24958345501407977
0.24653097127586712
0.26167274379908134
0.27333856618455904
0.2756393872515011
0.2523417102818348
0.24276659250343038
0.26432501835360184
0.2654996655459615
0.2634767377874628
0.24822713205701896
0.2285784247812777
0.26569514826518326
0.2660368459001947
0.23048659784847592
0.22258298120425085
0.22535771804470175
0.26296980182206686
0.2632518543188782
0.27596819638566833
0.25058355725583525
0.26233783261462396
0.24555394065338346
0.2524658636222007
0.24790479894947687
0.27021615746262345
0.26628004787891085
0.2498170569756228
0.2601968116940949
0.24363787435338016
0.2625418224464669
0.25431991178715163
0.25207947004751796
0.24953168180666416
0.24930472126580744
0.26381404124754815
0.24956637187007352
0.26515789371409404
0.24991552923388705
0.2615627370182064
0.24803726593932648
0.27344346579841045
0.2661408469562799
0.2684633692310806
0.24734917041318852
0.25442345706007047
0.26245477672443135
0.24849613465339446
0.2560612491561573
0.26385887270811054
0.24953685830139738
0.22967680528151413
0.23548303434412093
0.26124782818333797
0.25144854699512703
0.26265343228288646
0.26216772228811935
0.2695124431069608
0.24689769610958048
0.26343993587017517
0.25411672110394556
0.24584064547391477
0.261617731018158
0.2581251931617866
0.26298516816040557
0.2505201605161915
0.2506326971834191
0.2453450131837641
0.26922670295232864
0.25429451800953373
0.2646800223434944
0.25336577517156517
0.24810349758308559
0.24905207065083232
0.24539201465935545
0.26408365067032286
0.2458255752223417
0.24798389879780455
0.24899574420662873
0.26493142640343886
0.27354552076349714
0.24677914524620634
0.24076997604258513
0.2513216199234791
0.2628704273994753
0.2652590686202222
0.2287427709144788
0.24461033756081402
0.2699073488396979
0.26006138288500236
0.24804571439921727
0.2583383818448988
0.250158434722424
0.26317540110868426
0.24556068435648382
0.26183430228771476
0.2503783510937115
0.24876169619649274
0.2609455624999937
0.2707138157121697
0.24547295235559716
0.26234098144583834
0.24530789275948642
0.24870912411540555
0.26550069489945427
0.24412374203864012
0.23565825489596398
0.24802887374999644
0.24848144182557463
0.26100995052498804
0.2653841946008618
0.2607593731501165
0.2773317564757514
0.24592889833978157
0.25099028253118
0.2638621370882546
0.26872524230770667
0.2676876669440057
0.24805011124999032
0.24765192637510242
0.26701032793378254
0.26617115962845694
0.24800358421313007
0.2621489130476275
0.23387907027128613
0.25381397705724507
0.2482106005644915
0.2608015237357339
0.2679852218501054
0.2608911375
0.24887108152044518
0.23582228270582373
0.2304673220738609
0.24753116414247828
0.2473404049712613
0.25450988539447766
0.232415263693466
0.254556373504133
0.2483047774478755
0.2479964868616471
0.2629835443199498
0.25797173810539725
0.24966065279709307
0.24786992999999846
0.2685056435006663
0.24913996155434848
0.2625682454257433
0.23568732388367136
0.2601412260921909
0.2501836739576083
0.24725467572919935
0.2674708140449793
0.275099749981747
0.25178675020881236
0.2611319999999984
0.264853379793731
0.22925688582342177
0.2563279585148172
0.24159822746719392
0.23152168118930916
0.2645583919051693
0.27581858882744736
0.25074635948854246
0.22977543968775374
0.22864893777677625
0.24821380663131734
0.24033558995234514
0.24894112424333997
0.2621770726484216
0.2655637157998359
0.257880336638474
0.2295713071514856
0.2514323640083837
0.24539955942333638
0.2748132331066121
0.26792483897119745
0.263779967354388
0.25047088644449866
0.24667262668517737
0.2507147881430355
0.2475049000227359
0.2505173366373714
0.22482848704173436
0.24627678596086208
0.2666607456350135
0.26547432148361033
0.24221022892388974
0.2659219859023713
0.26018443690630294
0.23098421431295396
0.2637893665102945
0.26031920282481535
0.24821421277110559
