0.31279002561832336
0.2826117187509458
0.25700358696174636
0.28562851152715996
0.2888320615236168
0.311984447362745
0.30887509245198275
0.23296534606195318
0.2766522113723613
0.3053581130938349
0.2924028800347741
0.24981614501232563
0.33570784860956426
0.2751266675923524
0.33026261874556306
0.28364828630950006
0.2924495878453392
0.31483781542251144
0.327236895912863
0.31172845653499576
0.2972392870849387
0.31310603357446093
0.32192607774045784
0.27303626257029584
0.27061091601790654
0.28411756633203117
0.3439878205521266
0.28684092216324264
0.30458324021861505
0.2935930408845406
0.3088224150036216
0.297619253060717
0.3007207758377844
0.27900046267584455
0.29199871927588716
0.274428584586876
0.27972250274088223
0.3181463116943054
0.26241433454749774
0.2984182287102921
0.285378777187857
