0.35015911847638814
0.36474361117236465
0.36179798820490366
0.35451953755440363
0.35789781951525185
0.3486205214240797
0.32111649916950613
0.35281967251975654
0.3753072153313113
0.3579958958180247
0.351992056964808
0.35196001827521023
0.35949006739754175
0.34615943517202485
0.3569307788466234
0.35234002959268274
0.34999322321019977
0.35574707754552537
0.35172432820047295
0.35654357141212
0.35734571062064785
0.3677605507320308
0.3721356259634651
0.34445777536265654
0.3349731737369882
0.36283791725082515
0.3656778423640785
0.3242924412668579
0.33363476745124665
0.31897408021614604
0.3731831739777126
0.3831157960471963
0.5104003205537695
0.38089524563733457
0.36576671251427306
0.35225574066125087
0.34955068414627405
0.3613034052081789
0.34855488462163886
0.33776494754947234
0.34592470118102975
0.36278516266814886
0.3587723356810669
0.37734991129618767
0.35970030239335715
0.34972722471139267
0.41565029686643595
0.3635545197656384
0.36411283260761174
0.3334364066466848
0.34886086984384584
0.36854957936614857
0.3431420813939007
0.33916048094368934
0.37669795002676665
0.34539224279432545
0.35231723937242154
0.3382611561185654
0.3302869942318499
0.3608918568182736
0.36473787882595754
0.3690172893329636
0.3658737810527046
0.32089212720683635
0.3488945228909316
0.3836289084530457
0.3492534390039562
0.3483714749750924
0.5019070175945755
0.3561783907563243
0.34941225450847413
0.35376377568104567
0.3535107265785653
0.32666634805006045
0.3531588032520496
0.3821686867968585
0.36474260686741106
0.3700903396193584
0.3345853308964115
0.357107752636277
0.3293073945859881
0.3652602165524886
0.336938792387979
0.34499939240831273
0.37329685517772065
0.3275922417044984
0.3662347453333433
0.3558194783458468
0.3311163831180314
0.31980582760396203
0.35081475426620845
0.35658593933370747
0.36518599064018
0.3190264250793314
0.33860035604629213
0.35364217981504953
0.3520724053137243
0.33101819036405655
0.33345751000777446
0.5060216165522242
0.3626385269891399
0.38293576410448826
0.3525314632749063
0.3512258685768995
0.36220397141590077
0.32916457850602776
0.399593804942133
0.3383675538830276
0.35031003753619305
0.40471853584682094
0.3447588084871448
0.3944938115249689
0.3543582901538983
0.35800747301772834
0.37918213442848314
0.3613103576586623
0.37347916161444183
0.32070809846195014
0.36065936318497693
0.32376016973743005
0.36913675964778625
0.3930611929468128
0.3651024436574579
0.3432782840413012
0.3411661412538963
0.3548146296034933
0.31761239091533244
0.35927198115067027
0.32841822271798193
0.35948404397653533
0.3682080750298149
0.37336782091974074
0.347318349360132
0.3443136400865402
0.5089966251845623
0.3600466394692157
0.37374172114209386
0.36849523748620083
0.3491719994568254
0.38427849930990676
0.3473889385296255
0.3979585761412509
0.3279077011831411
0.3349093585339723
0.43528814044720965
0.3770873328637417
0.3354155576945053
0.33645619146255046
0.3581993235424876
0.3523163040845936
0.3723559898476026
0.42168639548904197
0.31351283190843016
0.3320814495348865
0.35963095691879865
0.33805053248995537
0.3406911109598804
0.3519243503231007
0.3448435745575829
0.3469417177545977
0.34257454497972356
0.3267608615514749
0.35667967694711106
0.30654413068158415
0.3703534092371149
0.38446717321786517
0.36847756680279076
0.30768899485890033
0.32838673552095654
0.38362758397168545
0.34202695965651747
0.3211466236625522
0.34348202636573205
0.356443554121212
0.3466671590369181
0.3754555905680262
0.3878198206871895
0.31671082597253764
0.32470556667399975
0.3659265909071579
0.385354375469728
0.36722192037353135
0.36380692078347904
0.355230368398636
0.35655461690466383
0.3513984268832674
0.33281861536516066
0.3417689429762134
0.36874692238371204
0.334818300491801
0.35674847078968636
0.3658765596383499
0.3524291944566577
0.34044932821680934
0.3181602588423282
0.345058517822303
0.4049607220529136
0.33596526500925095
0.33134714627191375
0.32811190017797426
0.3373578613862158
0.34521266719532495
0.38050651168046734
0.3643725292845294
0.36148665839532346
0.3202886270020458
0.33105349110086923
