0.48945257879916876
0.4873837253590082
0.5495852009704365
0.5321505386196745
0.5775884381650657
0.5399064807595894
0.5811377616893532
0.48692731669818395
0.5471803648542107
0.528842105591997
0.5304876604486781
0.5331128695754782
0.5012560394457661
0.5383699610753762
0.5434599361592839
0.5288181876529037
0.5390456974307081
0.4974010819165323
0.49011564377165767
0.5321097717260285
0.523605253997075
0.542600129212009
0.5306486518919017
0.5386671873736363
0.5295344971603112
0.5310650662935531
0.5425353803834259
0.47766674167390266
0.5046060519679907
0.5714170436053727
0.4873973659973559
0.48714451593808233
0.4979391053097936
0.533311523782734
0.5890761948736958
0.5318855506557224
0.5216319431344869
0.5624936828389323
0.4934693881256599
0.5345534984197245
0.5362338465742422
0.5412018542769595
0.5677761231055661
0.544572423343567
0.4882768257996724
0.5354134999213098
0.538666175960091
0.5314196089159697
0.5278787523856291
0.5043190538265291
0.5351378371915632
0.48447550933201433
0.5368388511463148
0.5733841480343468
0.5270017520826594
0.5377743317435445
0.5394408402437121
0.5482055168808669
0.5439691096942572
0.5428499996052631
0.4868423152021787
0.5775873575835352
0.5713801874702784
0.4817665326625899
0.49476327913507934
0.48110989616700034
0.5342884859606821
0.5474115982885395
0.5940051852203044
0.5261358362646631
0.5778663681336272
0.49645675937810557
0.49134434228298296
0.5335605440645459
0.5413204373290248
0.5683811318471136
0.5493235438294528
0.5386154237340208
0.48734972244570585
0.5352459345060079
0.541959316332799
0.5854169356090546
0.5287511477353064
0.4835483350286363
0.5422997309743484
0.5051899572595029
0.5352841129945934
0.4845455250992813
0.571968833766372
0.5346750741031205
0.5317141359966553
0.5303541365579607
0.589348669615529
0.4896557261488472
0.5004764734253225
0.5710084092158259
0.5526764063040449
0.536740351516464
0.5271821238771566
0.48999548205031307
0.4952587058729039
0.5417656012785864
0.5368163058195461
0.5761896549629943
0.5525343512886842
0.5879570331189556
0.5547107716408176
0.5722886094233247
0.5288166249148073
0.5302746508764723
0.5283259270120199
0.5668004486744543
0.5723297129463264
0.4729455980886993
0.5572048999573509
0.5334592982887771
0.5341467725067424
0.5376253595937134
0.4849528764868075
0.5429364597525117
0.541451545758106
0.5692489343352933
0.5373464554883296
0.5399599353422249
0.5678352145907334
0.5298570435955641
0.5400320525573131
0.49493414890827186
0.5783988315919143
0.5782559515379307
0.4902601120372917
0.5108755846433289
0.4922076541938962
0.5359505866289641
0.5323992822381027
0.4970085182288565
0.5190496713216236
0.536494175493842
0.5351614589401644
0.5384641692507185
0.5548408071134542
0.5362056363693597
0.5685342936372142
0.5314053405868866
0.540073702196389
0.5914193434547942
0.5413614743091126
0.5676913138308635
0.5347411109875492
0.5448793628641468
0.5025072125418629
0.535742965124382
0.5731792780777443
0.5527878599114677
0.5357517331527563
0.5359352122441968
0.52667650168695
0.533096346689628
0.5303100910027416
0.5286325381462146
0.5286549389847388
0.495459198570043
0.5685062389506126
0.572310392807565
0.5308917629314334
0.5269336306790329
0.4836601418698424
0.5015473831273447
0.5046492707545199
0.5657434915269594
0.593887991819197
0.5011206899706404
0.49767010597357886
0.4953037377109284
0.5349226050641073
0.5377592179853918
0.5700753978443275
0.5294622157054801
0.5654688839346991
0.4934506644898327
0.5267218232433841
0.4812137426104496
0.54963207829603
0.5371404663264829
0.5766243068385584
0.5333040249750031
0.4902664168371691
0.5376734499994588
0.535967849697351
0.5427445667323183
0.5724177844734697
0.4923980176152355
0.5379096287480237
0.4920882462778707
0.5330582674797544
0.5194953581807416
0.5339812438308146
0.5352222217454108
0.5290661193940402
0.5329967627095886
0.5392167492591059
0.48686636690157864
0.5810291667429537
0.565377083083649
0.4910838602768219
0.4914679789272909
0.4867105579220939
0.5467792882431084
0.5405276285511129
0.538762774261385
0.586276312783298
0.5399549890868729
0.5770463540727028
0.5022444747236592
0.4927435575212595
0.5408023633757482
0.5361846117995379
0.5667584751987972
0.5315383340400215
0.48624604846993474
0.5277684760514824
0.5372315657165021
0.5260949460608654
0.5358614016383967
0.5404565253911612
0.4865836150959158
0.5398728370466188
0.49298369960847865
0.5351760301814578
0.5707392564615023
0.5264202961304325
0.5513480746040678
0.5471938449567212
0.5450655300493409
0.5724247130082778
0.5382669639364008
0.5512559245384343
0.4849308429722751
0.48231028426286005
0.5748391368570651
0.55948283241207
0.4900964450362889
0.5682594267743427
