0.5345529445599231
0.48488021699449496
0.5508931290823843
0.5403003973551134
0.5841024769243006
0.5809426417227093
0.58671563021306
0.4911849980983236
0.5409920604093189
0.5372463820924948
0.5654630440739631
0.5788324502327773
0.5910345073416648
0.5757202121322826
0.5508076231947056
0.5524290717990181
0.5331638576754386
0.5781838449317175
0.5405316627641656
0.5390434191024797
0.543617428049788
0.5264255365041018
0.5389618617059247
0.5836085323268373
0.585887051508106
0.5302716634258986
0.5347027670009716
0.5738534889113642
0.5718665586620546
0.532409438989636
0.5431787083582935
0.5552526232182299
0.5675541063969544
0.5469062274447226
0.4942677372779919
0.4962849294639983
0.5333246700339217
0.5816269809231818
0.5776195856221735
0.525405187943982
0.4902277486842036
0.5300160962650245
0.536346659350718
0.5953811020635872
0.5775931417691026
0.5374502997258055
0.545581124928646
0.5666096175513423
0.5906122076455338
0.4903023371348542
0.5415862465859389
0.5411159501419307
0.5333235565644217
0.577650912573011
0.5852029769230753
0.540399636188969
0.532786841047976
0.5829313199426743
0.5835069372614868
0.5877438992865361
0.5516832701832006
0.4930742465156857
0.5683058107356291
0.5746545104504088
0.497572739473291
0.493138859921468
0.5105154476106006
0.5343173874283474
0.5904635980451503
0.5617281602760134
0.5733838081010875
0.5836121473194775
0.5430193000688006
0.5330703078205022
0.5330149227707408
0.5836839317926976
0.5658752237350695
0.5472194099265806
0.550119903161475
0.5428665738604714
0.5728575814667429
0.5417892260482218
0.5653381163994492
0.5415712560249634
0.556764884346585
0.5832242969855636
0.5275107786181724
0.5721708149599196
0.5386001163427906
0.5344127439723492
0.5577691331241614
0.5700539129879639
0.5908537056787164
0.572650074245326
0.5527984877784282
0.557047906803681
0.582636872837273
0.5453706290663904
0.5382209056065826
0.586662284645175
0.5468001936030158
0.5047312492868836
0.5011242121697321
0.5460247117482899
0.5528521413965081
0.5776643040825333
0.5803259199271971
0.5742524841146164
0.5253790945208209
0.5682715269112547
0.5477239130420525
0.5356784819688455
0.5717955063056356
0.5766363237482339
0.5649714052198916
0.5369083465032383
0.5420044086041809
0.5523856714299799
0.5800375534891706
0.5494966035788394
0.5754881686283604
0.5367647504831001
0.5369551850908965
0.5478934238855748
0.5488521613989022
0.5890515734006342
0.5500056191205817
0.5537917547798112
0.5389204603260854
0.5887755684999084
0.5740619553839994
0.5314054356601128
0.5610552880402765
0.538248058799284
0.5676163391919968
0.5760796921124941
0.4867341998092834
0.5103211983677257
0.564737243421051
0.5787679583652077
0.5596542898777093
0.577362278075497
0.5274862491676344
0.571727826776773
0.5404307854205157
0.5678212939810511
0.5284768078472013
0.5343181619069132
0.5719786879003756
0.5807789602008268
0.5483499907392636
0.5761661566698117
0.5379306226989037
0.5643921310106679
0.5883638315189402
0.5559484490578858
0.48255956546104783
0.5312881196425912
0.5388688997883933
0.5638389580071591
0.577607016845922
0.5318031713641497
0.5722929844805814
0.5452128045945835
0.5304411478928707
0.5749085163933959
0.597819416842631
0.5835443398288869
0.5508704926077056
0.5431985586781639
0.5867916877994511
0.5764397262726648
0.5393195526188995
0.573018429922186
0.5002143240129188
0.5395192339901258
0.5328256166945364
0.5849800437961834
0.5701983089928032
0.5652183395405629
0.5312513944171259
0.5159139630000409
0.4941395111670075
0.5398702432918377
0.541836339796518
0.563545425438928
0.4968558428183444
0.584326277017844
0.5545927205663683
0.5521981934816564
0.5754929657046819
0.5821702820477961
0.5452530282852369
0.5347154288462102
0.5595961702456446
0.5319790869967027
0.5828568194508023
0.4842910440831225
0.5395317805419736
0.5422262702024444
0.5422576138803901
0.5706139123581887
0.5641958415593792
0.5340525605003688
0.5638055755749267
0.5783546883694635
0.4925390305761126
0.5585386501251802
0.5310384344447419
0.5019149458736601
0.5893165546499989
0.5747442281025574
0.5460456327357389
0.4922245556380457
0.4933638360617721
0.5463940431935818
0.5263751321603136
0.5286879470298397
0.5798267025172034
0.5784913476636161
0.5668231694246771
0.4929696291844763
0.5298920026997981
0.5354039812208623
0.5755936192254559
0.5737286515951059
0.5820851203352458
0.534207507657017
0.5470969514470649
0.5633916991186475
0.5331001345988549
0.5833142617339994
0.4915124710915351
0.5563479735093959
0.5795074427792636
0.577798994259729
0.5521524988781855
0.5734567559226326
0.5321498025416794
0.49926106533879744
0.5628093323707335
0.5742122010761384
0.5310622284027983
