0.5566308991094514
0.6076554380723281
0.6126754197999246
0.4924109164561499
0.5646844883233779
0.5541399113217611
0.5892918758545851
0.5563139460101765
0.5463594614968075
0.5556238201819986
0.6105130878722048
0.5505430184346358
0.5823491552531805
0.6529972421716744
0.5614154430128673
0.554126544599292
0.5172446311730803
0.5807967801756262
0.575627141567987
0.578634047629983
0.526936342263615
0.5385611336384062
0.6606885607294254
0.6759058482935597
0.5468160624999849
0.525498066572802
0.5121261361621757
0.5456513874748067
0.5553226773334984
0.5822767402634703
0.6095941555310982
0.6120062092854808
0.5180728853411389
0.4897153660935591
0.564304329920045
0.5536434375092392
0.5888838276246111
0.5548445021363179
0.5466041103245763
0.5555928228588944
0.5540518616833081
0.5651967132624964
0.5568735558907937
0.6113498169488398
0.5497455477536712
0.6519106922722769
0.5604259901891544
0.553665367087046
0.5203551110776962
0.5801965553953794
0.5756127548970779
0.5778435161733991
0.5375223976436767
0.66102583272322
0.6746733013818522
0.546343168749997
0.5226260991801955
0.5135172229619285
0.5445955989066492
0.5575033380615192
0.5843849935770202
0.6089954965705235
0.6132420311362448
0.5191373749209377
0.491000622320592
0.5663162255293518
0.552407899478689
0.5895450717438888
0.5564639680029446
0.5461859961678122
0.5517963527976197
0.5526939112020802
0.5672941923630536
0.5496320231898233
0.5569711580479569
0.6099143522944139
0.550773761773665
0.5837071764552271
0.6549971732239723
0.5614354201440847
0.5560248723954504
0.5225822414189033
0.5826279458325853
0.573927492042459
0.5783265957483453
0.5270390750073527
0.5376569336958623
0.6601935770011964
0.6740075997312679
0.5457065874999859
0.5252457728917153
0.5118534561067741
0.5446688192464042
0.5562748634856617
0.5834153287782845
0.6099387727443989
0.6111647837323061
0.5181153646572091
0.5665220269373907
0.5540433979836713
0.5546311542890235
0.5466557684676128
0.5539835993476261
0.5666993005141091
0.5478961648466371
0.60774088598713
0.5504827860082744
0.583083239900038
0.6518235908613041
0.562656738691197
0.5524649048114796
0.5220062162207401
0.58047642245137
0.5738104222348391
0.5774756218866927
0.5288196271023433
0.5375990652685986
0.6748648853480688
0.545051837499987
0.5249938572981359
0.5110814528330395
0.5444291639752685
0.600311828344871
0.6237834395543783
0.6298573436272922
0.5314737442574958
0.5087004442606846
0.5815704118382994
0.5703336051211142
0.6019750939981274
0.5654608526980257
0.5606863528752557
0.5682310718820688
0.5734190725654797
0.5847155823405414
0.5649163066611396
0.5707409051919089
0.6276223333746085
0.5695137968500313
0.6077549966450764
0.6644790922148597
0.5768248759610525
0.5629071919142836
0.540158119169774
0.5999552190839285
0.5926149956332485
0.5968497327778782
0.5511377955176817
0.6770429541078001
0.6920560257923183
0.5550118562492089
0.5334901751870941
0.529232383014354
0.5605345130131647
0.5747748807235338
0.5957727803894407
0.6208709421958309
0.628446499650282
0.5430101685431219
0.5007952837176394
0.5771310986446467
0.5640084785581408
0.6048797375229604
0.5712455018856154
0.5682577944495563
0.5646663733213678
0.5656026993906254
0.5825851925867435
0.5574073847897646
0.5671297343198561
0.6156387023690586
0.5660128977926561
0.5976577107014531
0.6650255558747407
0.573635880133055
0.5641657709976726
0.5364263052806315
0.5953146723069368
0.5411296437588154
0.5563008636014746
0.671184227516254
0.5586410499999869
0.5315890874664163
0.5272558550330808
0.55991170347541
0.5719061878191967
0.6028084392282198
0.6224797796691143
0.6320226401250152
0.5349575658583455
0.5123186025448462
0.584593222558359
0.5742669680460663
0.6058926122133675
0.5664130802838188
0.563243140016198
0.5670914165794908
0.5853095171853423
0.5634980706743429
0.5722783570233603
0.6281843529222131
0.6133786371979018
0.6648615570238049
0.5624810792905067
0.542301261026603
0.6039251823733989
0.599303418500431
0.5462324005146892
0.6767600461110633
0.6894653146446499
0.5516987875
0.5300684657470963
0.5349304947505499
0.561607997644165
0.5753583912089619
0.5918244088254493
0.6182364872120389
0.5515598611829404
0.5010377596762262
0.5757740215564418
0.5631994604694822
0.6067808485391194
0.5666907403122728
0.5777164853223679
0.5635144538226818
0.5817372415684394
0.5513035991445285
0.6082776573640437
0.5679551720979376
0.5912383516529478
0.6658450445272444
0.5694437235197486
0.5621217569341894
0.5352058974618248
0.5893869321027587
0.5906701292152825
0.5844396437228331
0.5407911119394383
0.5562124292423567
0.6695413774577612
0.6890606724656679
0.5575548062499124
0.5314046338318603
