0.9479600778323902
0.9721033361775966
0.9831306686334516
0.8781117343420483
0.8470470840042024
0.9629881223303081
0.9796977469779772
0.9570469081685604
0.9443978308283583
0.9433634613480397
0.9456805489590442
0.9477015725026636
0.9478638684458371
0.9836459980724435
0.8909725477071297
0.9718268986939844
1.0432980472859934
0.9773956485674872
0.885000160453085
0.9547668511169338
0.960544727958633
0.9504928596886519
0.8849005359781205
0.9015693797799882
1.0489656321172696
0.8871420868136116
0.8917088061712385
0.8773036278312346
0.9474718974010428
0.948225833667921
0.9719846045054281
0.9864238940100332
0.9817969946130367
0.880254200646126
0.8503942711896877
0.9585772752464934
0.9634054898475217
0.9776050542955086
0.9572742961914534
0.9450088051575509
0.9425625028905309
0.9477806999044301
0.9468477723802835
0.9473558822330409
0.9292418277000957
0.9847316893311517
0.8900850563350358
0.9730469950801015
1.0434472774684127
0.9755263935814064
0.9182319475772855
0.8669001095510791
0.9534263305384774
0.9619880426787091
0.9485070578831846
0.8857551411887807
0.9393484949464757
1.0394260875074985
1.0477472771359064
0.9225369470838478
0.8925409123841038
0.946709921256657
0.9515873019254515
0.9711963672130659
0.9854785093707927
0.9826355026570849
0.8790282358635094
0.8480744715609462
0.9685527676126098
0.960265819412238
0.978132635322744
0.9574087236960028
0.9460879615911344
0.9395881341071234
0.9438053014414367
0.9486984021584245
0.9462343821248224
0.9278448800477557
0.9953313049622226
0.8912139649131856
0.9777568609296379
0.8883746018998175
0.9031657392700139
0.9533957211401138
0.9602368005989113
0.9495262438222694
0.8809030057733125
0.9019183220083107
1.0384536299205294
1.0484087346682243
0.9225725900925422
0.890788322175496
0.8772112614737291
0.9468853484965765
0.9719954055647977
0.9864550787038626
0.8813443603468307
0.8463631564159935
0.9662608088018638
0.9608893999175462
0.9771406009397929
0.9568542971356312
0.9447887893144693
0.9401867828347377
0.94617500743015
0.9497336145651523
0.9270946944214788
0.8895848544734642
0.9607746249844189
1.0439563641586105
0.9774563511370675
0.8853139347427834
0.8680770499558325
0.9533085156642553
0.9619649353064239
0.9475165423791749
0.8841177673561559
0.9373589102375484
1.0382087262368889
1.0476097435564098
0.9224498272113022
0.8952344496686921
0.8754262746616003
0.9479075257564693
0.958924300260013
0.9970702718051138
0.997160221323851
0.8925855294836474
0.8938792165110984
0.9815108468626752
0.9768650004715016
0.9904479355054504
0.96473140657721
0.9584866556244493
0.9532248303533544
0.9602147251897131
0.9604322250165143
0.9568002537306628
0.9387277412093342
0.9963290465614272
0.907145973125327
0.9944779916281117
1.0507855175650755
0.9877565713839214
0.9156860055677646
0.9704577249594604
0.9727515718863822
0.9647348147288559
0.8990176833912589
0.9442004025435621
1.051961814380731
1.0591976469955822
0.9296079706883025
0.898114918881141
0.882663927420658
0.9589779539708216
0.9621964806016249
0.9820389172605206
0.9966547391086562
0.9963346149458541
0.8938664678692896
0.8898920671965944
0.970450894656711
0.9907248943840425
0.9806149358501006
0.9505598013210053
0.9563769018854724
0.9564911655635738
0.9543490209484484
0.9346057100725684
0.9399480302456099
0.9686034379354733
1.0529981323828435
0.9880732590353745
0.9262404284066582
0.9157806561988883
0.9671210288629241
0.9737000008062576
0.959503634377812
0.949872177084384
1.0480567768900269
1.0597412911499653
0.9325928838507133
0.9271663249644762
0.9616383800172057
0.9597165853116201
0.9854727998037702
0.9954420295667361
0.8854616269197577
0.8627347510469958
0.9697394316905092
0.9646761116372161
0.975747757578285
0.9624251905837076
0.9609691811086027
0.9498837475327596
0.9631509226472377
0.9580483999695968
0.9413153706601585
0.9965637512786406
0.9091024241855616
0.9927721852785194
1.0502230235395005
0.9871994302272218
0.9248696406045268
0.9166415740720507
0.9690542730944615
0.9711257005249728
0.9643376393331813
0.8997866940259476
0.9382780043949447
1.0502603252261702
1.0565158569707864
0.9269781292525774
0.9417557425072842
0.9579834328329606
0.9600510093083501
0.9815003837245659
0.9938967852058334
0.895700595898187
0.8526648639860166
0.9608437526302522
0.971515948383723
0.9627054006626503
0.9725869064985664
0.9479138915993215
0.9505158482795191
0.9578552913193075
0.9451922722412915
0.9330173104963739
0.9816347161047173
0.9040601522200092
0.962527658461685
0.9845876023977229
0.9244070985643142
0.9093268970172267
0.961147716395949
0.8906972962211133
1.0436753450305671
1.0534999142173593
0.9286439858622754
0.9019402431586891
0.9069075628992086
