0.29588888152133225
0.3132646717071695
0.32219261960810497
0.27833568060976144
0.30224069296279354
0.29795417515439176
0.3155354418260353
0.29765219950804767
0.28198314189197066
0.2982567458577676
0.31560491632243526
0.28459681683426674
0.30601094809073803
0.33701848008968144
0.2987975387224099
0.299090156204543
0.27349339904350906
0.31265603163888733
0.30250661493053477
0.30483095377782266
0.27965665380966453
0.28016200359658056
0.3381475671085571
0.34374085108308466
0.2842390778136989
0.277664547989234
0.2712685189579808
0.29490840289919185
0.29646229104340405
0.3129910562782996
0.31397990994215863
0.3218482908190572
0.27876477441753444
0.26876770692544616
0.30207901052952185
0.29782024954011677
0.31529619013973725
0.29760746545039796
0.2824182931816838
0.29708073091975384
0.3009369680829686
0.29912825493741724
0.2846050600811626
0.3173009815281743
0.28399970566148014
0.3276074214292746
0.2985783473184076
0.2983929916844167
0.285951136507764
0.3056227761361061
0.303282600350308
0.303993825337891
0.28049125635741606
0.3382255042506176
0.34333642325376634
0.2826959851415799
0.2753407810545327
0.27161986679340616
0.29442455370558157
0.29718350979281705
0.3138667278168127
0.3137113578732346
0.32238149005354505
0.2760122303025691
0.26793763200160087
0.30130998195151837
0.29733657267846336
0.3152428379533334
0.2969407435375526
0.2817263151405145
0.2953682751749641
0.29806497417427835
0.30072899071605697
0.29659210999531327
0.2843874883363569
0.31448725209250533
0.28467109334663965
0.3063219319366886
0.3372164725601451
0.2991397682359477
0.29694197685049295
0.28504094829953497
0.31425396680150436
0.3024209320430271
0.3040159959824426
0.28023395833578424
0.28049955560961504
0.33798257253248076
0.3430407846098762
0.2822588659334717
0.27919876799471743
0.27049344503224615
0.2937843019989864
0.2964749569417038
0.3133102730123293
0.313984460440759
0.32156742927554655
0.2800179424359372
0.303450594960602
0.29774010153421127
0.29510624575591565
0.2821678645198723
0.29660834079865106
0.2998540179707224
0.2963514293078534
0.3125838720628241
0.2846798673673034
0.30660715489780876
0.32743081043691413
0.29966935342978135
0.2958867827116406
0.28512429444958926
0.3058308666766151
0.3031846456614366
0.30466151319577295
0.2796141423674478
0.2796320616866257
0.34353203688150385
0.2824719849550855
0.2768302232573828
0.26959117117780956
0.2947930986713678
0.31953467657563484
0.31845088783549136
0.3271205472071872
0.27806601226493644
0.2831819440425374
0.30739922373456785
0.30298037363686264
0.31798874814686845
0.3010841136654998
0.2868788901715894
0.30224312901989303
0.30299817624669734
0.3051455159650317
0.3016877776638906
0.2890377399183386
0.321390171502228
0.29072857321901635
0.3141577508275466
0.33983671603849364
0.30322994641291534
0.3006571793272331
0.29099122746503137
0.31018278408605093
0.3079106788850833
0.31139248506300216
0.28339908220454046
0.3453337871673471
0.3489525421086098
0.28555591659146295
0.27970964355339745
0.27680703119273026
0.2989117273465711
0.3033898993561773
0.3185413605015608
0.3180888039105016
0.3275714769630559
0.2833239075009984
0.27107939270695874
0.30454404052214573
0.3014406071384279
0.31908689663463763
0.3050336045202474
0.2887310454392703
0.29921103256453274
0.29924411016522434
0.3135128029870042
0.2973082516675102
0.2883315303470307
0.31629160779657156
0.29046894393775824
0.31000984439172663
0.3392569220182984
0.302139987095172
0.30199422985951685
0.29076440652211527
0.31928436218877
0.2846851187933916
0.28713222104450964
0.34261952194538736
0.29790954951248805
0.2789792131613415
0.2760810856009974
0.2998669290976125
0.3011163508439917
0.320270391735444
0.3177985202858988
0.3288799335237802
0.28941364938110875
0.2847865442404005
0.30765297539677344
0.30500947790023836
0.3195020141134698
0.30795036560424816
0.2880765803070585
0.30145508897118883
0.30628804637075085
0.2994267463991151
0.28927560272259867
0.32262631418275617
0.31867813203504336
0.3394369780731964
0.3006470942830752
0.2906169049982857
0.3199509115046346
0.3107989555770807
0.2813280260647955
0.3435285878110204
0.34772990314349905
0.28483119149022806
0.27903441393166684
0.2789970353339009
0.29961322769368604
0.30306840724273765
0.3045943979227221
0.3157396825854189
0.29852828840584084
0.2845978847135468
0.3081440482111216
0.30097998416829347
0.3197825644863018
0.30200813203598353
0.3041387421186008
0.30345382553583067
0.31295120802466636
0.29709013784338095
0.31436889984473465
0.29183014791775547
0.3100390222545868
0.33937547111617905
0.3020884111990893
0.3013609262975488
0.2908776998120528
0.3084422326132702
0.30790646447147696
0.3064746995652361
0.2972034690591779
0.28613351067489357
0.3415290830057981
0.3474451754222792
0.29793058131827677
0.2833406131420887
