1.8319251035887647
1.711220697147593
1.7500019582253983
1.7506836098097547
1.6101121955618742
1.59378011705292
1.7382035014842194
1.813034768159746
1.7359653270138011
1.885161960781991
1.7127375603521862
1.584311267367064
1.7338572522416995
1.7127730818324065
1.6254023661765906
1.6027194079703209
1.784747448613174
1.5495099869593454
1.7227323836549975
1.8980846926233137
1.7641472595047767
1.5875123296955376
1.72724020672659
1.7212388037895985
1.7460505890747084
1.5642852359556603
1.8725966720860063
1.8495743595601808
1.6170801428106925
1.598702637336871
1.8718778806860306
1.7889848725234025
1.7116347550927853
1.7498686673593191
1.7499786005344045
1.6218934555456397
1.5873584299276717
1.7317567953055693
1.787787920587058
1.8308706192107793
1.686982921387992
1.74078488040884
1.7185672519349382
1.626521113169267
1.5604437654167054
1.7886327110121363
1.5474935999559252
1.7216433925006571
1.894525851227717
1.7611987850730173
1.57393097317351
1.6095142657226296
1.7216944413144477
1.7201173885934813
1.7569494789369329
1.550863068590936
1.659694431703383
1.873246323466412
1.8489131735544375
1.5953756866241342
1.5979867780916923
1.8688245048560572
1.7814057065607265
1.7064979531921378
1.7521350676010887
1.7506148080958035
1.6062237758101534
1.5887604716175994
1.7335686801566164
1.7658929658709934
1.7409632955734902
1.8376053074083387
1.7152436876441646
1.5813185636866334
1.7378076589036868
1.7167330557296825
1.624914106896425
1.5584842558861103
1.7864104105009573
1.5491176778979538
1.7185044602225088
1.8973062152360467
1.7653703498178346
1.566719441768781
1.606107970266268
1.7181084101550521
1.721781239578704
1.872101347361415
1.8493848905713586
1.6142185511434304
1.5998763965283889
1.8705676625423493
1.8004836251035359
1.72901693542275
1.7696453091628233
1.8177554437972663
1.6054417962111336
1.7630246475231455
1.7827957997976034
1.8365852289177844
1.8784682608939747
1.7084944187921034
1.750027903410914
1.7577570661486566
1.755193690522737
1.5783789079154071
1.7993970244184918
1.5820795280126607
1.7605370089816892
1.9061783214316932
1.7731003224365867
1.611748892042621
1.627426131589169
1.745206414590804
1.7613688293403051
1.5707159268109505
1.6699983847794542
1.908854360526441
1.599604776508486
1.8703551181657858
1.792218015436999
1.7221625724316283
1.7627883120786996
1.7690829477973158
1.6033059698680925
1.7605757401925006
1.826161801369713
1.8323961306314271
1.8838390339016
1.7281496671849936
1.6931203725561723
1.75300365015767
1.7461012838886685
1.7580247778672804
1.5722003743355533
1.7896846557814055
1.589009081662067
1.7648326679980648
1.9068648425163535
1.7738011124222566
1.6112002252398347
1.6426993437998256
1.7369364784210373
1.7411326048844993
1.766945536051987
1.575867382997148
1.6725546815464125
1.8776822912840228
1.9139111098299233
1.6056742323568258
1.6183926662384323
1.7303712811385377
1.7797290419944791
1.6471374653679869
1.5984481354033402
1.7585060106998176
1.854073741816332
1.8844572614271347
1.7305575164128975
1.7075105597515388
1.752816306576526
1.7543519380308819
1.74663602506317
1.58464029661854
1.7977606750897175
1.910944430500696
1.8430076649781533
1.6107463070635137
1.6262025207593123
1.7380982515501522
1.7470910111733868
1.7606733892411657
1.5746638711056191
1.6836712062876193
1.6064719546654633
1.6186518984904736
1.8585675279343596
1.8715731202532873
1.737300278295402
1.775929177926592
1.813934089140256
1.6357048018253288
1.6066728712530594
1.7574578380339347
1.8214771282613742
1.8809932773940163
1.8818454035880678
1.7444636242079476
1.7542088767097257
1.7450887060912366
1.6564107659403824
1.5770636365914357
1.786811854361637
1.59217161239235
1.7655880163118112
2.0232165901907524
1.8208696004169838
1.6402871823617629
1.7411505381157095
1.744690880776167
1.7669404831038111
1.5717689187893962
1.6995149017139957
1.8839013847326207
1.9170134468710605
1.6123670926778768
1.6232793484868993
