0.33776062865423107
0.3553066113368022
0.31272332795978297
0.3033167164092373
0.3434063463135753
0.4057915895206997
0.3398511191365191
0.3584607576528661
0.34965566808159143
0.36998453882950755
0.36928663951754287
0.3188420796597242
0.3680629611308863
0.3953228823879072
0.36683290044546935
0.4089529159766036
0.407073091313239
0.3724077239283878
0.38542663929154464
0.3998373011236065
0.3901795851151638
0.32387142574389366
0.3887388093101475
0.41079519879991855
0.40359131179181096
0.4214216611789613
0.40789095983804113
0.46261565292455054
0.4169036002148224
0.4031891868894326
0.4403471149509468
0.42093583005145924
0.42440264417790646
0.46071924477403453
0.463172900520355
0.4197004614542019
0.46703232558352303
0.4234333985390428
0.45028142709036234
0.4439867881936921
0.37412787091052246
