0.5930918921723489
0.6247700729124952
0.5969694231562275
0.6202953856839183
0.5938863287207454
0.6015061025552007
0.5453328867469971
0.6167783263492325
0.6141036571293325
0.6555140584793209
0.5640911708442984
0.5532339748923862
0.6105748501407362
0.6136519514756769
0.604538732718142
0.6595992505655321
0.6067509698820635
0.6093478347843737
0.6214852092327762
0.7159458548459521
0.557055720106489
0.6613869418800724
0.5869268727266297
0.5714444755861544
0.596806705303613
0.6136414125027019
0.6554523547743004
0.5685774335564806
0.6374698811370791
0.628844351575972
0.7144357117465993
0.5638224260032622
0.6400723867877168
0.5586894484837348
0.5889183625518882
0.5456382388728885
0.5922720468258599
0.6181834383890946
0.5718687401564558
0.5836182167575065
0.6349458340048065
0.7124419017501149
0.6034648533837341
0.6185144116397351
0.548231138667163
0.6095665777170252
0.5802026281208287
0.6007600139305056
0.5620560407897899
0.5701404262474111
0.6153593483095355
0.5601069937702249
0.7099596257030419
0.5916204495246045
0.6958020214161225
0.7050645893558255
0.7098220308667392
0.6298533911010772
0.5227063084939128
0.5938930699842815
0.631918587363183
0.5983132777204695
0.5905159095942675
0.6074499763476092
0.6263858445626461
0.6046573227172342
0.5108764077055238
0.5473410448854651
0.7188721958352694
0.5942215313482756
0.7120650085942901
0.6064052940361556
0.6178810229658328
0.5853768704290031
0.5567978609657689
0.612932620120703
0.6582407059936201
0.6156256951185816
0.6165130325808605
0.6991099991131647
0.5453495269010489
0.5931772337816666
0.617100336872908
0.6023869209746121
0.612940232714389
0.5863418179843383
0.6191350162747228
0.6138173062128873
0.7077880740905125
0.5841248047021373
0.7045547964656377
0.5678483840273094
0.613361719110017
0.5664145994399652
0.6457935303604273
0.5905848364520819
0.5667517253149078
0.6605354352694127
0.6005041003148599
0.5937956598532579
0.5723197759060371
0.6405740809590715
0.7095871066131574
0.5838084764693287
0.620215217720313
0.5769214222729372
0.6404268286016785
0.5771132949480265
0.5846933299375436
0.6423439622015907
0.5569314932006288
0.5734990931316988
0.6059692391299434
0.6213627329509551
0.6131066127644298
0.5655769207173876
0.6411256379963153
0.6135904191455382
0.6348061455776616
0.5912767114122128
0.6051869233550684
0.5650033600203878
0.5896898939017414
0.5910300682090145
0.6058846479769907
0.6281441728632714
0.70477185836812
0.5789870966034181
0.5038955447488008
0.6190136668544852
0.5999410891880064
0.6125567203028731
0.5913706969971577
0.723776203477742
0.6591485539246268
0.5633447608032625
0.596292913353582
0.5880025919363824
0.5493316762023386
0.5952074793055844
0.5927917648825872
0.551934379986963
0.7124065134179516
0.5955458530581715
0.5703216578361946
0.6454855981721803
0.6069511150462159
0.5634434936418545
0.5543500346042413
0.5844956736550212
0.5636832259969646
0.5628501166468917
0.6000223116253686
0.606463971083741
0.5457533116958777
0.6417806492656379
0.5711583003765638
0.5886350892725701
0.5819002182650153
0.6289254546776643
0.7161145158190891
0.7213087065664275
0.5682579305974866
0.6058964232541213
0.6409791045246389
0.6358970139515321
0.6055910256436993
0.5744519455532434
0.5913520262353501
0.6211526215576475
0.5912079212726731
0.5652090545107282
0.6203783902027513
0.5871289797781483
0.6251703127894158
0.6362108700955647
0.5636827783017325
0.6066843384576084
0.6361156489858925
0.5804163527389573
0.535115902150347
0.5897144021465399
0.5658062715509473
0.503149842152002
0.611338244313614
0.5022970952944089
0.587516706523972
0.5909812261097677
0.5350126647478815
0.5355904962157493
0.6071985656116173
0.5724515220309119
0.5518755469452244
0.5779907540689352
0.5720875680429058
0.6452535983465101
0.6103293285463544
0.5559365503355731
0.5952938273744738
0.6373018173089042
0.7040398364229499
0.6084234470348957
0.5617989009583859
0.6028609418653396
0.5882400222562898
0.6558092571288959
0.5145808179751687
0.6100963530545825
0.6138808518419369
0.708163267905451
0.6012692051982673
0.5954147210518169
0.5571090995680278
0.5049045724537665
0.59565423469684
0.5916297636483383
0.607051128928335
0.5912344108085233
0.5945694721230471
0.6116146871505478
0.555346711611069
0.6318461764845977
0.605713926807208
0.5881913128723432
0.612070487972877
0.5808337025157241
0.6021870433286566
0.567297817281245
0.6102284861346624
0.544836770207975
0.5718890396910749
0.6274800545870302
0.6082209760474602
0.6214334526143714
0.5209533165627027
0.6268908390668345
0.6973621270189876
0.609224606809825
0.6142579134729191
0.5969856321588698
0.5546408108177427
0.6118450114559213
0.5916904483790084
