0.565423177189784
0.595797873121342
0.6190507915059971
0.6201127140636762
0.5226960583477613
0.49134476855029874
0.5729319478575787
0.5690406602021126
0.5591975259364461
0.5642409564301718
0.5599402379181709
0.575106343892485
0.5619521685131708
0.5554520802046233
0.5886761579107557
0.6634911921856941
0.5759032751267182
0.5552846599909864
0.5216788297462658
0.5846215636255728
0.5838901580004884
0.5810780925018162
0.5365040148100276
0.5499872449862245
0.6709232148297188
0.6847068741917323
0.5520807812499964
0.5333534148353779
0.5219772263100662
0.5556884572823046
0.5627808100526072
0.6184377695976171
0.523338082402316
0.4909282895711064
0.5718236006362835
0.566538483255772
0.5693665134436502
0.5607561924107962
0.5626509770308795
0.5754839047125766
0.5606950498695279
0.560546871885877
0.6192829807693602
0.5540505137186968
0.5891815932411942
0.6625470956610315
0.5745694390121422
0.5532000615627944
0.5860852732873196
0.5835255271465235
0.5796809651824167
0.5378934458804514
0.5475197547248923
0.6714234852468548
0.6848672994470264
0.5492658624999432
0.5317123986364435
0.5215569384560793
0.5561291582303094
0.5665896465952776
0.5942617433750036
0.6203743349530426
0.6183028420858038
0.5234701756175294
0.4926185863010746
0.5731297742333274
0.5653301843633708
0.5965422740518658
0.5685074457684348
0.5618033850804238
0.5602433734539386
0.5597630691802412
0.5598763617548241
0.5582634607126774
0.6167915290970888
0.6654086182125566
0.5780056927806053
0.557124036099544
0.5861804181435792
0.5813131398434036
0.5465946872158572
0.6702964381755355
0.6832544852635101
0.550943799999986
0.5358557986554187
0.5185750033756095
0.5546500430314996
0.5646366905459782
0.5941450459375737
0.6194632935406345
0.6185313860843649
0.5234756366040895
0.4917631615371971
0.5733455558237082
0.5653764020182022
0.5945502476665088
0.5684097962270054
0.5630512622009723
0.5617962935316158
0.5603494538357943
0.5754809881294836
0.559051170545292
0.6169261230797253
0.5539716247413519
0.5900246933524932
0.6644096868714742
0.5780463488165858
0.5550341037280284
0.5225014429485755
0.5863694153968823
0.5846202010914496
0.5371645512003747
0.5479616201665964
0.6837168131638581
0.5487760375
0.5341105119341992
0.5183232491804216
0.5567753173759219
0.5813052456184752
0.6342034224054159
0.5389826459650211
0.5078000403150078
0.5898025593113121
0.6099441565440867
0.5783133760403911
0.573949837316695
0.5754856543729948
0.5925434560754534
0.5716797268306619
0.6343542978040341
0.574775506189492
0.6162239879849573
0.6742611088763639
0.5915009703178175
0.5618322396818564
0.5399986185209426
0.605592951404043
0.6007275725365133
0.5990204309101976
0.5553153791634219
0.5605231905198821
0.6861609005894331
0.6993728958502339
0.5564117499999864
0.5418185673521783
0.5389424650580343
0.5816007928753747
0.6097373264048137
0.629921939557281
0.6366211699564922
0.5487979446935617
0.5022920272047455
0.5739920148262762
0.6116890024960514
0.5825912865113261
0.5818684681626762
0.5700224888699038
0.5739443120730486
0.5880598472741382
0.5662900970386502
0.5721865607465096
0.623796126570958
0.5717152228315765
0.6041000524415755
0.6764865383510487
0.58513863763095
0.5643731918805502
0.5379541392083546
0.598367410427662
0.5978788279224808
0.5937563343866494
0.5479695136216052
0.56837809819006
0.680882633650042
0.6984858082817629
0.560358981249913
0.5427272783168428
0.533687498653877
0.5703716862386479
0.5811393507037825
0.6167026699355103
0.6322502952123916
0.6389243414095271
0.540473789265233
0.5128073125308736
0.5909449029561434
0.5853464546507722
0.6128078767595861
0.5768263712279333
0.5755150337942917
0.5748600985926506
0.588087417582
0.5925734421985233
0.5716504713922672
0.5775086560329058
0.6336354092525123
0.579811723150387
0.6198447643524135
0.6755234128118094
0.5892135514077562
0.5618246330125451
0.5436286254233383
0.6071958489424777
0.6024467107151219
0.6001007525998066
0.5602653005930742
0.686213767471015
0.6963803963986023
0.5380125570010753
0.5447073785787871
0.571120815857491
0.5831293651233768
0.6066226736456254
0.6263677879626476
0.6339172394691758
0.5547719957551721
0.5006910508382577
0.582564009736343
0.5736931162599777
0.613977973515206
0.5784799390358076
0.5871768434268465
0.5693344099781584
0.5720464400871651
0.5849041953025172
0.5604344582477706
0.5678420339891365
0.6126227966509492
0.5716501186647481
0.5977676226065191
0.675819097959509
0.5825894246457237
0.5600960174286476
0.5356841259778936
0.5957329318793114
0.5980404366561123
0.5885647227806202
0.5466867214828043
0.5676076988795482
0.6783977498357234
0.6946391110129635
0.5601678437499681
0.5420734536477589
