0.5386065612873685
0.5255936247865595
0.5003237883556246
0.46907634636238227
0.507624286754137
0.5792559566809109
0.4514851107774329
0.5739228349019181
0.6107869797879779
0.5962009512433201
0.6252524063043977
0.45980462788273935
0.627468883392659
0.6456176817423489
0.6291698616638034
0.6535795089818532
0.5974996754463081
0.6757096794112876
0.6757767732205457
0.5474669846280953
0.6782106444698639
0.5653512268705833
0.6080768279304424
0.6332060799818451
0.6129296594115281
0.6960831653550655
0.672214313996882
0.6987463490175541
0.697624497130847
0.6349985951510565
0.7288986536627322
0.7585762459495259
0.7657477889685714
0.7513496762358913
0.8433087916535351
0.781422816195756
0.8006963823611997
0.8030511462629475
0.8321300246023716
0.7511180618783734
0.6109120599903858
