0.541101754927508
0.5180271157622183
0.49714758982387297
0.46571360425112157
0.5068268299707925
0.5619524839327754
0.44858505975448776
0.5744008769107007
0.6086398849224411
0.576700591045513
0.6064951573044884
0.6021604344969427
0.6277443526003857
0.6266897456657661
0.6225957977790574
0.6551772116602612
0.6743302280651494
0.6717848821305857
0.5492489320427634
0.6725030432055787
0.5651277357820822
0.6050276209311863
0.6370933795617434
0.6089068581731791
0.6612258943320077
0.6959445820789756
0.6703932838270873
0.6939220509652744
0.6970725768523556
0.6319170157269359
0.7657631778610791
0.7280086565353637
0.7518130994524244
1.0297900803154338
0.8723853878706649
0.770139262683078
0.7507160474788938
0.842736462325258
0.7809415872139671
0.7840376291294461
0.7997677720400376
0.8302833962870841
0.7502631351325475
0.6100719928688519
0.828985988816644
0.537506059501885
0.522520202514545
0.5010922437058604
0.4678126341450312
0.5831860892569113
0.44815343895625714
0.5756955697542957
0.6078393135259315
0.608714271667615
0.6491436736395187
0.4602947255796371
0.6151341654629774
0.6284586637121626
0.6211891669382424
0.6550220263080174
0.5962205667973468
0.6748594583062376
0.6807617153451252
0.5477542356189753
0.6750689265728019
0.5637294909395706
0.6121504736056476
0.629134488806092
0.609932807705655
0.6614696813625534
0.6967769931807821
0.6727439120623492
0.6888294786845887
0.7032457308481287
0.6360746953306804
0.768504161953051
0.7237246461929432
0.7458207967966499
1.0081337381969164
0.8825227124720021
0.7681270133287432
0.75443470805486
0.833800166234032
0.7795560070533307
0.8044601743749895
0.7943796879234973
0.8291476121695159
0.7547932816430573
0.6161789001768694
0.8290558697838186
0.5350131011358611
0.49848718895771915
0.5069528937812099
0.5590130719747162
0.44784169341840696
0.5756383733647913
0.6079420177674649
0.5804281502594637
0.6067935947291412
0.45877367359521337
0.6056926655664807
0.6300974434872916
0.6270364139548109
0.6192154217993199
0.6542016539380062
0.5977206199434443
0.6774733588343474
0.5409937612259316
0.6682910581441253
0.5638456376576384
0.6063049119569386
0.661761349797731
0.6957961097639551
0.6719478160216901
0.687164615361793
0.6317797831962136
0.7698798237246305
0.7211688288995924
0.7474665244913297
1.0075853148716591
0.8758780086027154
0.7691405860669395
0.7541813708730762
0.830902996164234
0.7788516143307015
0.7851266954880906
0.7914105386234024
0.8216570813568281
0.7464329713872496
0.605606339284315
0.8294706760561588
0.5551491790623231
0.5339331570248198
0.5077348915322991
0.49367452167304354
0.5812379906204487
0.47005750868042817
0.6394444222502237
0.6097954702211413
0.47508562713493946
0.6240352671673145
0.6489232934287771
0.6508446482104042
0.6894800518717128
0.6077800503321794
0.6969492112731042
0.720876265168154
0.5667671030921594
0.6932107019239727
0.5908750496846639
0.6230353741603615
0.6620096011348566
0.6315826688738299
0.6914683545625927
0.7145299595721973
0.716969361913699
0.7347991005244535
0.6560447752093265
0.7970752028760877
0.7581519946560302
0.8011862973484095
0.9170137394793076
0.8015152026140429
0.7742910589578389
0.8824205856682286
0.8082951927352098
0.8243721996479102
0.8210132495437735
0.8531192066480324
0.788488196897383
0.6334768366526785
0.8401789226759677
0.5521227651093904
0.5338548272212604
0.5091108545667704
0.484829253037244
0.5332326627298837
0.5808681167871833
0.47511414421912873
0.5899471142623706
0.6313004586058314
0.6003797215568795
0.6262880759593522
0.47973532471688435
0.622316299066042
0.6573599768329449
0.6440516606802966
0.6832823690314667
0.613181869262244
0.7142406736172332
0.5723114175756137
0.6918378550407166
0.5946760652493782
0.6134387469112719
0.6613181295606522
0.6907645675841931
0.7195720485014605
0.7250679988093004
0.7342645472108816
0.6558301922161683
0.7928458990883842
0.7516196648662676
0.7814320964556364
1.0635320634332077
0.917738808099646
0.7958765355034685
0.7758465013935067
0.877196748869163
0.8158980585868367
0.8263491814119194
0.832845874224336
0.8544754017656557
0.7795201991933776
0.6309105623658462
0.8357810006562041
0.5238539048233775
0.5115134606870031
0.5068489991209353
0.5433834859557334
0.5777590225990508
0.4751868777797697
0.593141579535892
0.6490734794850443
0.6145636230519148
0.47944003142274916
0.6241055824757796
0.6451231938691673
0.6651820693499094
0.6567337408089274
0.6975145547664959
0.6125208073122587
0.7362148956752207
0.5967874664476746
0.632093934774495
0.6921261515003055
0.7166962973808235
0.7293084965928541
0.7381507509738084
0.7416285181717034
0.6478340587299343
0.8046177630565313
0.765952557713218
0.8065990202134176
1.0818475934614986
0.9273606649243273
0.801709286698088
0.7809395594595331
0.8949454933391838
0.812398598485607
0.8327159036193663
0.8327531859623317
0.8667640516642068
0.7977407105426622
0.6284047616038332
0.8337282720464887
0.5529364356007955
0.49235571209391576
0.5386255698308039
0.5751400715200786
0.4796286778862532
0.5888239611088836
0.6336605533597102
0.6001742990476848
0.6277993902178577
0.48575019646293305
0.6294416609431966
0.6409694944045907
0.658022764645901
0.6446241553042316
0.6921168461016203
0.6199861404501589
0.5872737410732299
0.6961607047971866
0.5949250776146723
0.6110021431233436
0.6733153936330623
0.6233066516497137
0.7005259517057516
0.7213611444907648
0.7183472041090833
0.7339989937989909
0.7482857763329531
0.6573182917451017
0.7993627014048472
0.7553588662450476
0.786412116847284
1.0824884723690738
0.9280352466142288
0.798541011231467
0.7820218809928996
0.8879061917413567
0.828798592502041
0.8464690396803225
0.8674741471202231
0.7835214402182695
0.6316408474779405
