0.499576052601015
0.480918162307239
0.4486107506206348
0.48352132654239066
0.5211544326948268
0.5327699765774736
0.5009636219276274
0.47406275070914283
0.509096521207573
0.4617851293209557
0.47139225592144085
0.47230074845902953
0.5210240078738217
0.46225958644190884
0.4737514892742712
0.4642046571865324
0.4763770467580134
0.46438241902101945
0.4852510449101036
0.4694804544581541
0.43939746932657614
0.527958140079051
0.44979233701370736
0.45103180818674227
0.4769365961325197
0.4635450877983879
0.49390625742854705
0.43094748937429167
0.5932102709012039
0.46040458068450707
0.47865109213092905
0.47393345283139854
0.4885593752504477
0.47549498610962343
0.5693312571027735
0.4738885481029223
0.4342071910935943
0.45484206414343953
0.48105134511441944
0.5248877424598374
0.49103318618803854
0.5792131500051503
0.5186881137011539
0.5002368524598978
0.522260655177867
0.49684601878795437
0.4928261864417899
0.465887038658435
0.4719563880170716
0.4771198475218535
0.41728605365157917
0.49318480928990205
0.4680641074703641
0.48591039357709986
0.44135467337769363
0.49845793724133436
0.4823326096835848
0.5763935789419531
0.4727603614250249
0.4747084818254196
0.4742251056882259
0.45646183916854377
0.4745573499063198
0.4248747293858259
0.5006172372921458
0.4681992007907866
0.4668516977744775
0.49389778123217315
0.5729152681702021
0.4342664745484421
0.4697966167108089
0.4966365080145356
0.47668888525718234
0.48748730763719533
0.49373016016219273
0.44869959547127375
0.5802993547850003
0.4850805916658888
0.4753359671273445
0.4892786787058706
0.521519439028926
0.49194307980914626
0.47724364503345035
0.4354828239416657
0.5170566246542909
0.46589991687284515
0.4827994494112927
0.4964878060321935
0.5106414011030933
0.49153588396420445
0.4428367824017321
0.46400441526278274
0.5836969199494414
0.4963891853877683
0.5935545615745439
0.4901826583419915
0.5808056144350452
0.48097312351823424
0.45057154420874174
0.5120273787905644
0.5083832780511919
0.5016265622948072
0.5049507235720934
0.48715588013329203
0.5723263036749744
0.5325588924632373
0.5309981731265409
0.49121210119304953
0.42662627591420366
0.4496902596433571
0.4462177521483614
0.4498398310063728
0.5354232987690104
0.4133042132810232
0.47647023580338577
0.44693122919376654
0.4700126775158682
0.4914131667125319
0.49507672618017445
0.5783508012058032
0.5374226362740053
0.4693621799264692
0.48194200456237485
0.4774031681310574
0.5098255964681716
0.48280639754499977
0.5406890081301751
0.47589384254502715
0.49612269157026584
0.4986139839848613
0.4619086901127665
0.5642230973146987
0.4805365506243407
0.4865579986696953
0.4814627288922669
0.49698114927675124
0.4650566596633088
0.5212028347527236
0.5197090070368636
0.5324554941422914
0.48744880655798345
0.4361278052405917
0.4793800599118081
0.4712983312524696
0.5141040307338177
0.4867824974586261
0.47334140358106086
0.4441601124500633
0.44710829321412987
0.5208700608079118
0.5406134554369448
0.47355488824982006
0.49812079178613283
0.5732498792917414
0.4744723361187464
0.5185803498136521
0.45869674812938777
0.4562921076224089
0.47899282890465716
0.46455379467859403
0.4407012778006104
0.5161387583716649
0.4756250189010387
0.48020473616440545
0.46357147213415156
0.44652981473502407
0.4805833631466591
0.4854418018608627
0.5613912116793128
0.4819591681707315
0.5434116268612688
0.5665093586912981
0.559035652714101
0.5152407588302846
0.4926227939011693
0.4738918578727724
0.46826117531967504
0.4727463793403396
0.4416842021766808
0.5174330146582867
0.4701157256471518
0.46735838781097094
0.50134777673911
0.4842452662155788
0.5217888635611171
0.48067826942787534
0.4971054128449648
0.521443206553047
0.4539690692444501
0.47292101877352183
0.49139439305160115
0.51400517875146
0.4897776014127615
0.5046433906915225
0.4836679397298686
0.41450254605429737
0.43737835138863135
0.5051987949182853
0.46534306516133966
0.4505475783453445
0.5224775682517828
0.47797966915758333
0.5705354922170104
0.45997397951778723
0.5013410021418917
0.45800079938985727
0.4859165834313213
0.5099146342490315
0.5785861367875132
0.4892482133360834
0.5687769112614642
0.47260412826384557
0.4890981053088948
0.51545276762422
0.47102950364833696
0.47617051865647114
0.5076695257379048
0.4987983824161293
0.46443652355984094
0.4800207854959374
0.45212889932095035
0.49384760265509403
0.4647299642088483
0.5206837100015835
0.49611018536028656
0.49598657616607916
0.48180065977445746
0.5201614001032201
0.46955784028035874
0.48210983362596155
0.4768956870950365
0.477772004687527
0.574135034612853
0.560602676907308
0.4987720375180529
0.5228600527355942
0.5921883019241514
0.4772667745136569
0.46361748721763446
0.46924256538599096
0.4414312033985793
0.4949287217278469
0.47628847741514024
