0.7622909474055793
0.791396912988217
0.8268717268496273
0.7314425642411748
0.7719424732021024
0.7639565080622809
0.8135234133867433
0.7657189422240829
0.7119656914144048
0.7650939455098664
0.7950747020550857
0.715602949159547
0.7796806815958269
0.8519594638862914
0.7678317488094245
0.7674262046055249
0.6975836298893525
0.8111837137112166
0.7740757287573963
0.7777132000337132
0.7062700488979383
0.7094515912899335
0.8545516770817945
0.863984310022489
0.7151360604705483
0.7027392618940991
0.69389698178053
0.760524776696899
0.7637224121949939
0.8109491630579071
0.7925049863375686
0.8271136317040266
0.7051666316679435
0.6878826533763829
0.7712203285703358
0.7636264065569164
0.813121713730842
0.765589274084127
0.7121033598673768
0.7634363232434622
0.7693807431762432
0.7680187348276241
0.7161258061765226
0.7969811459228684
0.7150357096697049
0.8163293043644839
0.7671761461244244
0.7667803413538938
0.7461983318527581
0.7793451739896331
0.7753412792322285
0.7768712352299089
0.7092532836384342
0.8543407483450592
0.8631137887207972
0.7127443370873692
0.699136847870286
0.6934969342701439
0.7603597868455774
0.7640803946782089
0.813193853457708
0.7921863033891163
0.8275511208682806
0.7011451477599158
0.6870875429549383
0.7705740433373172
0.7634493860798224
0.8137709072255341
0.7641149592277854
0.7109264344840627
0.7616268583960452
0.7663720568680897
0.7699780115722995
0.7629232415044536
0.7156828379466966
0.7927347084449716
0.7155996381332663
0.7796278420954457
0.8519389474056605
0.7678146490338968
0.7642123307394608
0.743286554037889
0.8143634847472332
0.7740853307625506
0.7767338888793385
0.7068937631284353
0.7099511983804645
0.8537781935294011
0.8627905704229976
0.7119121676502066
0.7052893477479603
0.6920750810977385
0.7593906838233186
0.7636856569483368
0.8118337493346
0.7922097534905794
0.8263046359242419
0.7072147616370944
0.7726746256692413
0.7643722717977379
0.7621629159311595
0.7119379808182433
0.7639457938518137
0.7695498594946939
0.7626730927737667
0.7901607373161422
0.715725378194743
0.7795784756347239
0.8152558718035663
0.7675578881741705
0.7624761357914738
0.7441062112460428
0.7801378393769636
0.7752828224130934
0.7776225604992049
0.7062963999718241
0.7088567716284893
0.8633915752256376
0.7123513461826272
0.702350673923533
0.6904493121969928
0.7605827603783242
0.822746880683815
0.7996370601699926
0.8355767234777354
0.7045732449090685
0.7411283663660782
0.7815661645197776
0.7739627660590942
0.8196445277613615
0.7717459525618373
0.7198141678386811
0.7728462267394911
0.7746744049356661
0.7786198395834321
0.7717776467262591
0.7235678374048196
0.8047927648625031
0.7261687492754401
0.7931015790793052
0.8564411304272369
0.7754895563752034
0.7704352392652629
0.7547803281814202
0.7873706551417543
0.7832613152570196
0.7886329778897223
0.715048480228778
0.8655236204017841
0.8719505210233447
0.7172350467624644
0.7063561761757794
0.7020864474810438
0.7675861928743786
0.7741608532955617
0.8202380148735964
0.7979118552312395
0.8357731939055928
0.7138064771652708
0.6930346658654896
0.7769413139775592
0.7714758789248644
0.8214924124369176
0.7777200877662498
0.7227002571384842
0.7681320984526869
0.7683216896163999
0.8129883796383438
0.7641971317585867
0.7219316064300225
0.7967896384852667
0.7261418317298467
0.7863917506901721
0.8561587265746295
0.7737088747896284
0.7720929877439268
0.7534147886222651
0.8221534160710067
0.7145798720937548
0.720208491083893
0.8615386523851333
0.7652266367687385
0.7053102613520336
0.7013011418627264
0.7682348019417966
0.77108087749027
0.8233358875023843
0.7992470752723592
0.8388818165006255
0.7504539577177436
0.7435765722672876
0.7818788168877271
0.7777870076236482
0.8221427253071634
0.8026882383971161
0.7215092186048147
0.7719033155025814
0.7806237567448993
0.7681018194769749
0.7238349693123365
0.807032672866258
0.800999501710967
0.8564883388893227
0.7699084987734064
0.7546041727306728
0.8244765328876914
0.788358070044086
0.7112480392090899
0.8636888864772054
0.870424030020002
0.7168611809853342
0.7050063820343361
0.706481946169504
0.7684815408447001
0.7741278219307489
0.7705194553180796
0.7943905384761968
0.7657068669802165
0.7423883509706886
0.7824419653563297
0.7706737165357278
0.8236782350733394
0.7729718768383376
0.775382033437383
0.7750272305379003
0.8121544255386692
0.7638761600164959
0.7931075508541156
0.7278274039881778
0.785769799533699
0.8564560024865033
0.7729803048007909
0.7711344800516906
0.7542711383321863
0.7837707682652773
0.7833110618159792
0.7807501947563737
0.763638402575697
0.7187757860583883
0.8594478943331987
0.8695113402702319
0.7642985251024568
0.7108522697414836
