0.8567690376711592
0.8618682725845088
0.7748487178347906
0.7301911571354485
0.8465263925637463
0.9260506443202914
0.7546036584481057
0.9025128287896691
0.8701057993702088
0.9022779086023083
0.8892793360018028
0.8729219788836609
0.898070463677078
0.9055284496594683
0.8899595039911857
0.9721636127909776
0.9118424926725227
0.9161524219998309
0.9123365986934109
0.9295731615446412
0.7776084225006739
0.9226266155565912
0.9105901693377632
0.9536788428370674
0.9558987379139041
0.9783983200062862
0.9594561932853471
1.034579858771457
0.9850414314429292
0.9385944472660317
0.9948974418466425
1.0247748950401445
0.9902356826034469
1.3159836003797114
1.1335093126400666
0.997877315642249
1.083139110334314
1.1008642362740244
0.9946660837181374
1.0697728941365614
1.0004989040026797
1.034513146665283
1.0242681199754446
0.8935866970947792
1.0532346997911635
0.8619117109654811
0.8647140768597856
0.7863926249746728
0.7790861089620048
0.9346024073342568
0.8061406350277007
0.8874029710969586
0.8744361315257507
0.9247507795092264
0.9134716777796775
0.7673214470878558
0.8828349456978944
0.8986702933207644
0.8985215748594264
0.9621653823948666
0.9026050552788989
0.9066271395410177
0.9280741680456804
0.88097789726215
0.9375637946775712
0.7766955320528612
0.9295771139669187
0.9044520347732128
0.953686053566069
0.9553586215524859
0.9812703626089461
0.9737111630445414
1.0417760887364826
0.9812330582292315
0.9482221399959787
0.9908289431503137
1.018773238692491
0.9874231176365813
1.294800701846738
1.1397603393897786
0.9959813449392922
1.0850918670817464
1.1185493475884072
0.9884619580862903
1.0949296478429582
1.0020299929448722
0.9766953244469069
1.0267171081671722
0.9355246263846444
1.053238845431002
0.8380817479553326
0.7761268254517701
0.8477329084157278
0.8888148569110397
0.7991261229407408
0.8885340654579907
0.8700883987469654
0.8959859150803604
0.8938163524856135
0.8124364238661388
0.8820208309208617
0.8995395863748952
0.8977161099896829
0.8913096333050783
0.9716800429751333
0.9116801340613653
0.9245118191936075
0.916140887801068
0.925721035019236
0.7784511791208738
0.9149457544838755
0.9561556391482611
0.9835145311499727
0.9601834657320601
1.0829258772738495
0.9484675699555027
0.9951743250275713
1.0171706901364777
0.9847177434405785
1.3024777366236027
1.1323628526319718
0.9993072315743233
1.0905834511538852
1.0918868681854754
0.9950185532825948
1.071998914507172
0.9977258751077783
1.0346963785882268
1.0249759329489936
0.8894067758827133
1.0535781503436383
0.905932418348516
0.9180923571650137
0.8418164749122454
0.8505862461832158
0.9486014969833312
0.8838996005856314
0.9058261506142784
0.9311087934709354
0.8089861847896012
0.9077007880698565
0.9305115772770295
0.9363296435238215
0.9917061546391213
0.9313498220190428
0.9464218823114741
0.9714497991736137
0.905322066366781
0.9625146878056852
0.8083208180564798
0.9394242694615973
0.9790048025552461
0.9711808066045253
0.9958856654078871
1.0127226725033678
1.0097059171561864
1.0165796837785324
1.0018649430937774
1.0223279116150417
1.0495343677608238
1.0298068163681469
1.1994258391704538
1.0634230656133294
1.0852231962910146
1.1541360221722954
1.019231721925315
1.1110140153706278
1.0246138750057907
1.0962281311889106
1.0582990539407566
0.9469160173797737
1.0902528881552747
0.8818148364347629
0.8882277830589528
0.8513683720604788
0.79931752090934
0.9163957752367311
0.9817203610896964
0.8776697434232877
0.9246961392193143
0.9114159250258983
0.9441379833635024
0.9154010827873847
0.8087525996375924
0.9096516946661297
0.9803869999580845
0.9396667752850962
0.995619932782366
0.9512424053085402
0.9873860139443281
0.9161425905564511
0.9586049962456407
0.8336586047346677
0.9585673916203716
0.9748698914194721
0.9847647686125951
1.0204539234052667
1.1148076924632593
1.0190601220813886
0.9870236732681288
1.0138979909596777
1.0473247843222357
1.0225462444860103
1.331326936623637
1.1731989272506234
1.0318332481826022
1.1051814988920408
1.1571627814939776
1.0131085040920356
1.13781175653895
1.028805624443642
1.0549983875607594
1.0508767195664626
0.9578781726028247
1.0879982208666545
0.9150457022219749
0.8466897271283282
0.8543074513353042
0.8796640911610288
0.9310141270594833
0.8687324229228535
0.8998030169408457
0.949540815180804
0.9231880249007343
0.816191084225344
0.9040020988191295
0.9330834022094989
0.9682648559334242
0.9381541973894532
0.9958307591544593
0.9477738916231562
0.9737755013063185
0.8494718743248866
0.9764393540202374
1.001158127593811
1.0059097328400848
1.005849205419807
1.121204817532985
1.023489470649145
0.9903968760944439
1.0218564044653324
1.0623081405693253
1.0304707329370693
1.3463362058993467
1.2056444471877241
1.0601701429371135
1.0881779002222607
1.1556736229832716
1.0183373339988728
1.1434496247445116
1.031124202232661
1.1095583454048081
1.057734077703699
0.9439156477019194
1.0970758200624338
0.8723896972376897
0.8093748138103799
0.9069567375336514
0.9760040930253879
0.8338492358187275
0.9262149798380641
0.9275122432607457
0.9446312967132611
0.9058423726206947
0.8053731344681234
0.9162740468865522
0.9088816294803511
0.9760240351192133
0.9546951797394918
0.9972720054380447
0.9437883792836423
0.9156313366098991
0.9645943577393966
0.8468941871464286
0.9528130683746557
0.979503610408458
0.974628973550375
1.010644742919959
1.0116684721359694
1.021434519009348
1.1245450900395302
1.030462240518083
0.9860141211806135
1.0187458298065497
1.0517314166842064
1.027539990442445
1.3792541017346758
1.20565191981241
1.042028883372672
1.113850450475836
1.161359895051573
1.1366462086369262
1.0383988372007584
1.1013097552369973
1.0567722986201058
0.9614119889577557
