0.3407043196130052
0.35288703237210567
0.35133305478968363
0.3588355219360473
0.3496509984624707
0.34597406912993545
0.32249377423877246
0.3610135425995026
0.35604873677360727
0.37343670229987536
0.34705324497486745
0.3359968289278887
0.355482535691284
0.3582353997242362
0.3529876300071709
0.373375188785002
0.3547194590964903
0.3546310964432761
0.34966528641092537
0.3893674886285822
0.34144409911733264
0.37828711343439997
0.33599197913704526
0.33256957542799326
0.35095373190577883
0.35593351483664504
0.3707187551296085
0.3309858406459816
0.3647046496445631
0.3622887431415501
0.39345078659582844
0.34296723202292356
0.36543655830777005
0.32844701959472133
0.33889435596513323
0.33459147296917013
0.349163353230731
0.35735222594190474
0.3441021051424772
0.3456069437121972
0.3533150393658441
0.39041848702404963
0.35724369030258635
0.35989344718891414
0.33945050369365204
0.35730973835988755
0.34611023564618754
0.3551837674989162
0.3413449542539979
0.3414313708813628
0.3599612566344553
0.3384233782269819
0.3887496446263809
0.3514208531915425
0.37486658101099807
0.3921434210964916
0.3922662862579053
0.36697446546782664
0.3271193140600203
0.349101341465188
0.3640423568229541
0.35332323981275365
0.3484253478243443
0.3443428058056541
0.3618223596809861
0.3561193714079355
0.32974827783732513
0.3353267845802522
0.38159600857627907
0.3357792081150254
0.3882307848129314
0.35319106422113317
0.358769440889699
0.35061632818882893
0.337787736836614
0.34534661145987167
0.3730938446852416
0.36077322023016517
0.36046694566782167
0.3885038909177774
0.33810176431292827
0.3525687260543505
0.35799382691712367
0.35233983627801235
0.3563653372029538
0.346872358068962
0.3582947697981404
0.355843810380848
0.37894806709423934
0.35046595719017287
0.3899004669623214
0.3423922885560212
0.3560769161286087
0.34091012963788314
0.3668574304741248
0.3493781987441509
0.3422472671327562
0.3770125378702234
0.356215168027726
0.35064352682939287
0.3482392211034743
0.3667212839566999
0.39047834293530237
0.3475440019603645
0.3602813200784277
0.3439479589190303
0.3653576506207053
0.3353856721307109
0.35021664986477663
0.3552754703273595
0.34020079309219275
0.343167998364161
0.35518872270422297
0.35899091824581586
0.35669533926625163
0.3412984665413673
0.3653128240736381
0.3559859456077271
0.36620337814945514
0.3488652867827944
0.353751803522633
0.33054147267033923
0.35302844215329365
0.35652838528315467
0.3576546737351124
0.3630396651097929
0.38877299804572574
0.34584404374848343
0.31951845899828
0.35026087460550354
0.3532443130284657
0.34451036685101255
0.3499111482523787
0.3965139629111448
0.37994563531564735
0.33938878719157284
0.3511595140320324
0.3497084910974382
0.33623958505474605
0.3496052422427549
0.3492000025281206
0.32938210228956116
0.3807281938908691
0.3513895053879521
0.34569385485336196
0.367873918084514
0.3558223937528282
0.3412747054930749
0.3363818693070598
0.34949855788500706
0.3414477081580407
0.3398605791834487
0.35118516740117567
0.3535626119733554
0.32448152379469125
0.36507001819738705
0.34464322763615257
0.34892265480525153
0.3468290582622515
0.3610208782875829
0.39214042142844896
0.38253513808624506
0.3438453112337565
0.3612678279064125
0.3663677859367275
0.36564021199959207
0.34281282827899806
0.3338313688741945
0.33978393851168187
0.3500616096814262
0.35013155608687496
0.34353297152072665
0.35004783482948854
0.3376295675467591
0.350384451188705
0.3649947568289118
0.3437349481121282
0.3558647854336985
0.3626531778119334
0.3450244051613518
0.32307201141934305
0.3376401906860148
0.34016428540079424
0.3250819999127865
0.35916598073247186
0.3185397848102072
0.3480738676209153
0.350274875519065
0.33189052649218787
0.3295610932403013
0.35481038343633026
0.3431252792169599
0.3370553337528832
0.34437965333239073
0.3336433544270004
0.3697690758311143
0.35882909567423477
0.34226327001235524
0.35021599414062676
0.35339352372854793
0.3868337145702345
0.35358725183086903
0.32827230670870117
0.3538629175054091
0.3381829143075365
0.3713682943571936
0.3265440017454384
0.36037405962314856
0.35813572254380355
0.37916001356534135
0.3515200858831386
0.3511110910293387
0.3277107852758959
0.32137585558945303
0.35061084080950855
0.3486738851800767
0.34252653529713784
0.33890179685215305
0.35354489070768236
0.35913841766806875
0.3400506251482346
0.3616849108781101
0.35374331368069456
0.34799136851268986
0.3569378857905947
0.3462368751975491
0.35453319280272344
0.3413661451730889
0.3576719278376465
0.32357736409839344
0.3456861308586812
0.36960400942093086
0.34443818691321326
0.3591134515670163
0.326319353371479
0.3620209000510701
0.38398891054119744
0.34451443084137023
0.34629893207717993
0.3540877172322957
0.34118391953944305
0.3563974128613815
0.3521472646221607
