0.39604763085311456
0.4200779673138878
0.40218585782167915
0.404513536363162
0.39465177675275825
0.42371792187966856
0.3614566736589612
0.40798501313396796
0.3955714982746035
0.41147735970624755
0.43397860597890425
0.3845358247967729
0.40117269644236775
0.4199341422931278
0.39477733386245856
0.4283027574356154
0.40567717026185773
0.396269215810669
0.3970875809406169
0.4116232551490505
0.3982520184135511
0.44306024380514974
0.3668641973940835
0.3816188692315584
0.39874715662201604
0.39587550778139213
0.4140452780938545
0.3744081158101037
0.4098403878986353
0.41273062973338226
0.4284807079974461
0.3920895702292765
0.4089995134481179
0.3801358733778829
0.39073687476555957
0.39463917009254545
0.39482107751717543
0.39588739945422763
0.4084974826468381
0.385866502779809
0.39131695428013374
0.43406995180134383
0.41201790411353884
0.3905901358874999
0.40621268568082547
0.42359110762454044
0.4022918812353894
0.43010738764900525
0.41169412127853117
0.3861896228167202
0.432420614962816
0.3874818457930088
0.42471150312618267
0.4205781282911026
0.41809287795577965
0.44540928224758203
0.4311542953347276
0.4276641276330664
0.39134154608143096
0.3888766787203145
0.4210426160271887
0.4186265361532877
0.392833335886863
0.3872273780303224
0.4158802724230105
0.3963546331934265
0.42668817619262533
0.39677293198078734
0.41316498336984087
0.37162217586623214
0.4124031863006674
0.3908091783297523
0.411708806290462
0.4325531249749997
0.391638633068381
0.37982390755235973
0.42979593479303635
0.4092349010216956
0.4031305915590555
0.457581394503065
0.40150914526522263
0.4275070356820907
0.40614095461439464
0.3950263445261296
0.4026857691905789
0.3902140757062968
0.4026442040564417
0.39436201502411067
0.42165799355736416
0.40425512323016066
0.42359835241788046
0.40373456573047795
0.39829010638671497
0.3929049987059572
0.4051822397851097
0.4025813477786446
0.40579909329414976
0.4325012744949226
0.41092449766165684
0.4053364252936693
0.41951171292330885
0.4208074409471589
0.4440221077865176
0.40551953071867436
0.4199081056011874
0.3903786572609224
0.4070157697312323
0.39257587147122064
0.3997885241220196
0.3876689129011665
0.41645875657622977
0.39339467864800276
0.41314244981305204
0.40265334999975233
0.40559628262296255
0.3997060087895113
0.4042638078494486
0.39659086148545175
0.40341441574393566
0.3949527443800189
0.4006582605770017
0.3814323712162837
0.4128965077921183
0.44515134314757127
0.40841486836934005
0.4228775301291453
0.44190264220940434
0.4034764756629613
0.3732344246692479
0.411395109146285
0.41248291835045375
0.372299153384546
0.4055924081841815
0.4300296804426918
0.4677315068166612
0.38700975398113857
0.4025793965802371
0.41447373982767066
0.39982418131203573
0.389857103075926
0.39350692784454366
0.41198962933999417
0.42520308555912134
0.40742703640387196
0.39939739853361944
0.4168273885887904
0.4165674121286301
0.40642650493079274
0.38492011904003803
0.42373237192333807
0.40745414046407447
0.3935636810735834
0.39066520082276807
0.3945063664475661
0.3808883975112344
0.3995827361982337
0.38566780136162215
0.4041824953379035
0.40427009681251547
0.3991953741296642
0.44009565927540767
0.4150352705190352
0.38679081762819456
0.4461940827903215
0.4157844180239275
0.42477064002072545
0.3772861855507621
0.3850012387426404
0.39209787072012664
0.4023222175772788
0.40843107755189256
0.39348132384855994
0.40470719655299237
0.3833440730474613
0.39257683399635346
0.41698961249709887
0.4313953811212815
0.4178825819111903
0.3927921410776545
0.3902286884082215
0.4008843724979906
0.3750095488349243
0.38708570012855137
0.40308791472395944
0.40641813357539935
0.36821256971843275
0.39895190645393763
0.4106716918076392
0.4010794724418204
0.3748104882770394
0.4051666989689734
0.39636961716986807
0.4000523732591112
0.39140390825383514
0.390756987395778
0.4066070391003962
0.40618786147223296
0.41048196169977913
0.3959675692486127
0.3844422118163812
0.423996080186818
0.3883633088491034
0.36814966708701136
0.4094194597965054
0.38550636371500174
0.4196779076508993
0.38104901288337084
0.4231195374106519
0.41814311327481646
0.42265073349276644
0.3900974952625107
0.40494133067114285
0.37759242729881987
0.3893790184873044
0.398922967129846
0.3917961036335647
0.3695199816108151
0.38324899841135857
0.4023620471384549
0.40522659356733043
0.38924975195536315
0.3966045573412
0.3988478556210562
0.3958847017164994
0.411519610563493
0.4015558655163148
0.41863640979489325
0.3947927830262633
0.39440558999413644
0.3744188948837991
0.3941964399966854
0.4629395869547779
0.38570710126992924
0.4037048478611569
0.3886950645166516
0.4163086795828743
0.4160343154025067
0.38322659389424685
0.3854622383962809
0.4001508419790537
0.40341750917487795
0.406599217193117
0.3971383716738542
