0.35874615297206347
0.3466995512731309
0.3811728227589329
0.37369534549041206
0.39497821702027847
0.3956147028730464
0.38279168890042636
0.33764810359995984
0.384017122206773
0.3542025391800986
0.372817477199544
0.393230210773802
0.40431045004867533
0.3828475041659022
0.39702515169216
0.383557983044368
0.3681850386000509
0.3972814298409638
0.3959957404480219
0.3663583620806961
0.3698918575005992
0.3508511467798343
0.3713209377995283
0.39079004228211367
0.41485213289754663
0.35802943970663326
0.37295546900448184
0.3818639972017227
0.3872641147786213
0.390603723474508
0.36785871331157294
0.3800819148724136
0.37810004210270365
0.37701128758180646
0.33981228527208274
0.35034703769339137
0.3594102279994851
0.4023647206979464
0.3842293234775224
0.36696718819206636
0.36873203944837596
0.3592960318587184
0.36426233638256766
0.3835268822160085
0.3862208390343407
0.3639658976484086
0.3692927640109643
0.37638111844123795
0.40085395878316565
0.331867386740681
0.3722078407844621
0.3646156275221485
0.39584991905723743
0.4076771323691182
0.4232018514260792
0.3751935931603547
0.35366795512420107
0.39684065852167877
0.3867272061643469
0.40098058881256515
0.37921939672590055
0.34183298768155734
0.3877909479961646
0.39153566368972836
0.3575788803457386
0.32715684110950954
0.35483801245000457
0.3892464390331828
0.39007212969038796
0.403825403159527
0.4057121189786756
0.39412981370086364
0.363118309568618
0.3693942135192049
0.3587879967189417
0.40680465940225585
0.3871134456337523
0.3644409597066413
0.4003602057610713
0.3616005750672336
0.3814842963587319
0.3755502968636032
0.39847026901835125
0.3710002443043072
0.39199641135308516
0.39089829743880156
0.35917497165961015
0.3865682991495545
0.3660294474254969
0.3846839454549358
0.38232335448734867
0.40299804270793205
0.39479402654117146
0.39150266185477406
0.36347534378934
0.3835199081613454
0.39173751043811
0.36949670076586366
0.38366687539096633
0.39477059094467637
0.37190678408693856
0.35200113220828366
0.36038834001124553
0.3977193564740105
0.3744364228220898
0.3811329679229966
0.38317642059643225
0.3960661706175914
0.35697785327179254
0.3808232419060962
0.3897692669847941
0.3616584210765849
0.3833850482871116
0.37030972975791665
0.3844399695138358
0.372342210143736
0.37530165658906045
0.37170406636752823
0.4014471363121809
0.3756426392817522
0.3823033070983364
0.37463028089687633
0.36288565175459064
0.3764274063939156
0.36613295303964116
0.40119532936867375
0.3694520421612648
0.37240199263436885
0.368057580320977
0.4016328786466711
0.4047831976168642
0.3576022455805904
0.3620685976329258
0.3722368074060134
0.37909977666861966
0.3897044651291317
0.3351117382680372
0.3890076047625843
0.39126206610044845
0.37823646086044393
0.378886208267567
0.37856789724759793
0.36377019721049997
0.3820378251181319
0.36295103371296766
0.4167719230649778
0.36033900673497493
0.36629239846331246
0.38252110905102404
0.4016620064243394
0.36241170493954833
0.38672646331149196
0.35710055722628997
0.3804076563700347
0.40357629335055234
0.3692308831184476
0.3478185113256532
0.3611749484195331
0.365907052607773
0.3717050770539424
0.3905892361072611
0.38904126897645763
0.4070018938484161
0.3674750347115435
0.3635827187574505
0.3886143578085284
0.41957169673662553
0.40311737417391136
0.3669068769756084
0.3576359514409498
0.39518338264051733
0.3893836036605836
0.3655815128016565
0.38290062438518896
0.36033132607448726
0.37760384382547285
0.36455840994382116
0.3869859752736218
0.3918686472930253
0.37251997991803276
0.35741632052896233
0.37782008635440845
0.3458998154525925
0.363020110540223
0.36149945116951654
0.3604491622929737
0.3538671393889594
0.3764113104061424
0.3781184034956462
0.3779110372757967
0.3835945396202918
0.38002354435389507
0.3746411976050785
0.36961841612902924
0.3866165501592274
0.35737649534785293
0.3935863135591804
0.3500473054655525
0.38474668229845044
0.37169862929452707
0.35521849635350367
0.3927807568633633
0.40284778300199564
0.36543991195912673
0.3734901753494251
0.3892427751617645
0.344039914917755
0.38809302463521034
0.341860989407919
0.3548461884094327
0.3917022688068494
0.4087681147537394
0.3708507770357757
0.3438664796121939
0.341456908227631
0.3742361887817604
0.3462236728818745
0.3573703699663101
0.38570762422015453
0.3921658647112757
0.3687303127456387
0.3431508845070529
0.36610773070077973
0.35414643553882796
0.41104875360325355
0.3886068664122435
0.39201438658731436
0.3652759922611947
0.3659817232768968
0.38085807411739636
0.36007714479716885
0.4142790538320184
0.33408691718206035
0.36719802127844936
0.38717316591117545
0.3880176084844621
0.35295431027450874
0.3893823546092463
0.38394010228245445
0.34886785529257464
0.3802993212558831
0.37805627687170695
0.3574850186481416
