0.7835294940283866
0.7001796375016575
0.773838380105799
0.7764530667451024
0.816593011721167
0.8075504410675034
0.8370472310049673
0.756880073504262
0.7721799178658035
0.7904150950668929
0.7908089815106356
0.8063841347359679
0.808046099926715
0.830727784040703
0.7630537221619947
0.7708737817268954
0.7597412532894736
0.8090697411366987
0.7753186607382785
0.7633135266132449
0.7781748643868707
0.7600514482022094
0.750134782213834
0.839866765868714
0.7966239811113991
0.7511946762545336
0.773613215286548
0.7965401718295484
0.8138118398308416
0.7386552998280054
0.7741310237957018
0.8442614934084883
0.7945126746005204
0.7790993952881289
0.7208663483617904
0.728673274002978
0.7662164115105501
0.8621843015142427
0.8065692656904854
0.7429747161326867
0.7087488872118677
0.7688447539540445
0.79778305822148
0.8754970596137105
0.8327214091712458
0.7818659461930242
0.8000123651609904
0.814127171274819
0.8218441070107376
0.7356866274427829
0.7687157323294544
0.7731630879877598
0.7298548504377664
0.8151117057221979
0.8029379615384534
0.7743518605028561
0.74714686756061
0.8086423285614854
0.8679890787678852
0.8060241216320427
0.7747473561189167
0.7249283611772769
0.789411789834497
0.8044314696705035
0.6928857561148586
0.737526899831304
0.7232363632616845
0.7768701582203705
0.867433779699435
0.7771481824626254
0.7836849172276996
0.8062703435842868
0.780591868289827
0.7653517847034099
0.7718592592480448
0.818487547626081
0.7857036620996652
0.8345230804653799
0.779723893531346
0.7692481316544799
0.8121706434900662
0.7977555780614524
0.7902389754906618
0.7736878655374844
0.7515984614062039
0.8326005023280226
0.7577610340304591
0.8094140212162089
0.7846467283766287
0.7853394619484984
0.7892512308381985
0.7994759141461691
0.8742121506627855
0.8194747214318281
0.8442691796328816
0.8385631726871849
0.8133994179498053
0.7900902129476106
0.7587304156733626
0.8324984150957936
0.795735699516136
0.7427637164284764
0.7434815805149299
0.7809296839650629
0.8319096723227202
0.8388307622082157
0.8383565664008146
0.8162165490134488
0.7327472620777883
0.8004736566557208
0.760570263372992
0.7531828549699171
0.7897222800959692
0.8417674773270277
0.7632815600742024
0.7532761365785781
0.7662564557193169
0.7862643571498991
0.8179307141543168
0.8356381572647817
0.8411287864042136
0.768115452741233
0.7742336781931364
0.7761038047204412
0.7944944814131158
0.8171297388750423
0.7890527734699648
0.8142312080075831
0.7667469972826009
0.8215005815176298
0.8122884919377342
0.7589407093260372
0.8295769831376706
0.767784168012168
0.7998694816986401
0.8155466759284713
0.7254564324677675
0.7407558833114967
0.7942125328947287
0.8338914714126018
0.8133272347674867
0.8095947798275408
0.7420447874809064
0.8097841720518035
0.7684756413882927
0.8081771968101776
0.7646936870186263
0.7519041074987852
0.7884420838399963
0.8342519438612765
0.8097350497952712
0.8029130671441888
0.7804086256896403
0.8372664007026032
0.8117534074452686
0.8042183182440926
0.7097224374367812
0.7534478625807719
0.773857052283115
0.7977768425890919
0.8202826412328672
0.7450273645865788
0.8279180383027323
0.7750711176838648
0.7652817911439399
0.8019021996491773
0.8194001145161849
0.8137580864088916
0.8253507968642297
0.8257319536617
0.8600716880351882
0.8271527598036911
0.773229514521257
0.8029079288569461
0.7245279604901258
0.7723922855575652
0.7473295974619938
0.8317211204567843
0.801171185682579
0.7998621895060929
0.777688304476011
0.7408440506904403
0.728933389869914
0.7833729661493993
0.7984109505163324
0.7883356231762704
0.7239027477967396
0.819695095270357
0.7950376206608925
0.7811942883111282
0.8197393383273308
0.8236282415848069
0.7757131648865951
0.7305324990697606
0.7769282196492754
0.7844255733188004
0.806071536867538
0.7084568309380824
0.7976511764741268
0.7797313904210891
0.828446447024328
0.7943764016839506
0.7860156281923176
0.7821308183121207
0.7905653619915332
0.8253230849362204
0.7183665436421112
0.8397945876272765
0.7816973403447096
0.7365527132274349
0.8661919846945161
0.8182654280609253
0.8078486525532509
0.7223280799653765
0.7287402195130732
0.7709597678804772
0.7268930186201548
0.7661799340994606
0.8243747517937365
0.8191381869507488
0.7976832095522282
0.7274583849894369
0.7550350412292197
0.7821180697973165
0.8028947823442879
0.8321500291800907
0.8214909645171966
0.7716241468693255
0.7981182205197039
0.8485426883643219
0.7627358512722306
0.793568608979594
0.7182449470069714
0.8351939962019503
0.8570724155367825
0.8338225575055416
0.8421507804401653
0.809965458221146
0.7637917839129589
0.7456988505035111
0.7787525442066088
0.814293594079772
0.7697222312359755
