1.2308672175949937
1.1550209443306871
1.2398098732238627
1.249773764335322
1.3088621158989606
1.3139372051666878
1.2822054665949572
1.1453739736782944
1.271591669923712
1.2161145525119
1.2882201635870953
1.3128149356513594
1.309914056156171
1.307434102157202
1.274100301171328
1.2402843005820068
1.245779859658022
1.3259999346614353
1.304343592499365
1.2278968774881143
1.2326011265101187
1.2199773086292125
1.2337182918672418
1.3116656594512124
1.3436495178350958
1.2234404719404322
1.260891165468951
1.2921599930043066
1.3196885453087215
1.2928991127649299
1.2265642349373655
1.262155200485287
1.2979452725430045
1.2423974770190322
1.1242671638844324
1.1494289173668935
1.2267669922526356
1.3572185220205695
1.2935350921332964
1.2540928083180036
1.2007340790130967
1.2363666577210837
1.2473827492132998
1.2815284731456549
1.3120667555663075
1.2355890686462072
1.2373006981068808
1.3061966985421192
1.3094761667991839
1.1222699212010914
1.2387503594641565
1.2232754770893948
1.2991201606324174
1.3564785452085095
1.3695430901036594
1.2521800989229863
1.2039651668196292
1.3124380377415057
1.3162710615232873
1.3090304193998339
1.2333579163725037
1.1344903636376746
1.3176044058210303
1.3183429760182142
1.145735449906492
1.1041295372642552
1.1211648925607376
1.3042915084516271
1.3064119031733386
1.3683251262695117
1.2482514526316055
1.3026826128547793
1.2184555730186104
1.2519369104359754
1.228919574578811
1.3404841535972893
1.3202650036625443
1.2387420714145991
1.2928065216666007
1.2092058698183972
1.3018377767274485
1.2615568636913725
1.2542690629409208
1.238333771989175
1.2402632675892473
1.3091802369439842
1.236807986196005
1.3148969702449511
1.2392174129366844
1.2970064181508212
1.232906255783589
1.3563046305793538
1.3207059965854868
1.3311848352114906
1.2269698039177945
1.263183521591953
1.3028921631920491
1.233237114903983
1.2709255367920225
1.3099447700446176
1.238487681147579
1.1390538697363952
1.169691430481034
1.297384049503452
1.2478613048087546
1.3023137476083213
1.3003158937291959
1.3367823990210428
1.22391321212685
1.305977303660268
1.2626302462021426
1.219598625959396
1.2977528816980466
1.279420157728125
1.3043500741153171
1.243185452454008
1.2441387605202703
1.2186971659188206
1.3362040476770036
1.261450341942338
1.3120348634905215
1.2569273602226467
1.2302295331423452
1.236848056838769
1.218122870971196
1.3119222573556182
1.220640954928363
1.2312373304231314
1.2342323094980947
1.315981421422879
1.3570407689731812
1.2234435283864857
1.1945902115338378
1.2469487035544033
1.3030462686930433
1.3158219613709237
1.1343049597779769
1.2161231746971584
1.3379577968300684
1.2896802994379317
1.2318674100049336
1.28160492830418
1.2402556004357845
1.3049037231006733
1.2184634682109905
1.3028706512227952
1.2408021789753505
1.2340312904210817
1.2944606673644024
1.3432454178465627
1.2179728275248936
1.3016398358605938
1.2164359540413345
1.2357999160254882
1.3168755809555799
1.2125864329133673
1.1687217804132093
1.229845491738488
1.232655041835962
1.2932190634826495
1.3165382368479572
1.2938416061329003
1.3752071225068876
1.2208456199891908
1.2441503860409129
1.3090806973887044
1.3364292418415638
1.329187197618014
1.2307644583178985
1.227562883117047
1.3248606006364774
1.3200759816285232
1.2303557788335642
1.3001878221366994
1.1621217407181328
1.2594651066735087
1.2311855555102915
1.2944194655075485
1.3289829954780723
1.2927753596311475
1.2330425820861963
1.1737809936637986
1.1439761405557145
1.2277627410345722
1.226646210745877
1.2609679114729624
1.1542974830390482
1.2634673765775046
1.2335666741822195
1.2320836805300217
1.3042216431683764
1.2800844145474293
1.2389883811094704
1.2303023951612828
1.3306861122401736
1.2345408409487646
1.3031686824486757
1.1691772190895298
1.2903139719058219
1.2415072185565146
1.2253447793452974
1.32668823147824
1.3640913617713784
1.2481704755499907
1.294049453621339
1.3138434726221269
1.1380040981558106
1.2714079384793602
1.1967704508321884
1.1502247439509479
1.312804171668205
1.3683259351513575
1.2440387571653824
1.1404239327582955
1.1347690564087496
1.232583209659319
1.191441257329895
1.2336025899995042
1.3007215745168665
1.3176097837294085
1.2780402031164686
1.1393593657865826
1.2465952004253489
1.2164460795012755
1.363912206588779
1.3277003449329607
1.30917904418316
1.241943700704236
1.22413843769825
1.245319534691081
1.2272185007924934
1.2491631175521822
1.1157055042227564
1.2224460882838426
1.3220682531238033
1.3165957453490862
1.20124036068041
1.3189011270553572
1.2898704346084884
1.1468369239457221
1.3075497737279433
1.2908699957272305
1.2295945145004394
