1.569927090606492
1.6219272657213355
1.6243603207938166
1.5983033668789877
1.6058238984859439
1.598119770221611
1.46101489310856
1.6169412018189298
1.7152238666485338
1.6373204591759905
1.618583881010629
1.6533059574245685
1.6222614696432194
1.6113340807884016
1.6495802997691256
1.6078265158746547
1.4929957688045725
1.5981521321241483
1.532882322637454
1.5691099437869427
1.57602910932857
1.7183554628567528
1.5761933361122324
1.5310683860357248
1.500901727968108
1.6306005438491895
1.6791399581623305
1.4854093061979454
1.5287341069047444
1.4369021595617253
1.6501383053880503
1.4982378599297161
1.707205826793389
1.6827439739182126
1.5862556391851776
1.621543911365635
1.5766474356143674
1.6847535159099571
1.4956549181224397
1.6043185508442264
1.6480276748985818
1.6276879131060682
1.6754223029996285
1.606560297739744
1.6440473707909584
1.596480301064493
1.666755312475848
1.652625442370161
1.617153603638653
1.4241396077285138
1.5918850959561404
1.5180277784992837
1.6214517659422945
1.6400042127792056
1.7021829170155391
1.521553439945444
1.5228089305263013
1.482521227172482
1.5510394194332346
1.6929609041742126
1.5550836836065023
1.5485849737526638
1.5172066915912754
1.6545146357304288
1.6026528729187053
1.5186292336038996
1.5127585735030118
1.5933054743944115
1.5748955177031594
1.6163965558328686
1.5591295846167639
1.524704483099357
1.6556606683742805
1.6515505263501922
1.6979862967109998
1.6187444667211104
1.5554753131990269
1.6680433435873596
1.5441632301309582
1.6727424580763515
1.5334472677618356
1.5575124857380562
1.5476439393816614
1.5319953830009843
1.7466213715188648
1.6069857326550492
1.5487916986116392
1.466609677950607
1.5895608806868071
1.5582626867417038
1.6324719789950166
1.5146477649467363
1.5821414176159256
1.5332471319927303
1.6600148101546488
1.526122048410059
1.4887397686012893
1.5790838215115364
1.6548752617262459
1.6217061635484786
1.6464236664959906
1.6511318797858474
1.5376109131850555
1.7249035381264426
1.483282423476839
1.5886974189090473
1.6190083059912814
1.702782800205295
1.7222513435411506
1.6810390664906163
1.4992144585340168
1.6113497952746767
1.5759770737660916
1.6201992405124854
1.6061148109229972
1.6721974132562853
1.508936521144487
1.556476775261492
1.767201618185191
1.6214943996691769
1.5587241245596355
1.5998755582415976
1.6068982450925386
1.5069382154808169
1.5766714030687923
1.5558353348219889
1.4613881903900987
1.768596215372149
1.6408199635739358
1.5197672851534345
1.5402139610593781
1.559218547895671
1.6259045094096574
1.5574361791821127
1.563820808203657
1.728850836300572
1.6864227705768737
1.6661256604960357
1.5402776969023262
1.5520337022834403
1.6251180487838015
1.7008399558792797
1.5716827591141789
1.5876001975278937
1.5658086054447031
1.4972425540185035
1.546348632266931
1.4722665661867214
1.5992370063392929
1.6603357164239225
1.5933418111135085
1.6897572293493288
1.5472521437918356
1.4984379815884776
1.4876727527666829
1.5120335612556743
1.457763549190858
1.5935678822049497
1.4138855957507226
1.554687615768033
1.6908034799319251
1.5888692982953585
1.4930709938743325
1.462579925322637
1.6133186145061815
1.6321010713672521
1.5686552128204652
1.5436079742280433
1.5089083356807527
1.5132811165361768
1.6674784252436035
1.6141207562169781
1.4284748712199131
1.582283627028236
1.6224716196676425
1.6635521796905808
1.5707397442784696
1.519132918284121
1.5563273673044762
1.5126986342370539
1.5683332967077368
1.52777251536618
1.60748751095592
1.5967829120174057
1.5839239455597174
1.6795398407409723
1.5240552914761722
1.618967767748844
1.5090705527900776
1.5436442902069123
1.5716091015724953
1.4870369831465549
1.5709039507140568
1.5625705395642968
1.417018687184996
1.5813942553367766
1.7163986888765372
1.6219675361586583
1.640082005061285
1.3962479523150697
1.495365929824307
1.6276611808962715
1.6060338951220798
1.7268198972174595
1.6328612819210302
1.5055553902701408
1.5828917170023877
