1.6327209184274363
1.5547304287025123
1.56985368654823
1.6004780972923076
1.5760787364483777
1.4581193935084455
1.6039405406082734
1.6336277982189111
1.5381225644418843
1.5243645452561068
1.585695090798018
1.6666426432548271
1.4637279316414928
1.520516120848059
1.5522917762777835
1.582770639662562
1.5928585456330497
1.391952741008743
1.529608479799007
1.7258156408172207
1.6355825906598171
1.5258985085940995
1.5625255478264928
1.4421241462830534
1.4950811397553478
1.5293584427626117
1.6452749171633045
1.5938086108879872
