0.1841553360667868
0.20245015258148644
0.20044465212843013
0.17623578508737336
0.19967535176696252
0.19345968693890353
0.19663081651230283
0.19059107660301972
0.18280477870789105
0.1932820936838546
0.20825963390168598
0.1884663435577369
0.1981506889399328
0.218733645170823
0.19034851635104522
0.19744675954982374
0.1773530373413814
0.19363212725641724
0.1914872009502158
0.19711663186406014
0.19084800311414676
0.1829294012226933
0.21627601760542867
0.2231714385461631
0.19032005359795867
0.18507419581831738
0.17383136955111964
0.18987325391816584
0.18725245420733222
0.19357141342115677
0.20333788852164003
0.19979717679546607
0.1951126393437546
0.18375416916109574
0.1994262619199557
0.1934046754660427
0.19613347580190435
0.19165904396279468
0.1841239341987464
0.1891918725033931
0.20397283688763332
0.18835496456221332
0.18321974704174113
0.21349858789124354
0.18704101335378787
0.21577039810889706
0.19040589045679784
0.19539099832291998
0.1796030518790939
0.1985859203135553
0.19421513881184646
0.1948454585381192
0.18494739921455894
0.2162677376078116
0.22278306356997185
0.18531330737053203
0.17933431770736813
0.17390184797531436
0.18905960554732784
0.18795950255692703
0.1948793860446608
0.20289683874755154
0.20063352257387024
0.18459166029154378
0.1797778600717763
0.19505808222252105
0.19274142147571421
0.19539570638342613
0.18797596237898034
0.18205043951862396
0.1863620024476914
0.1950524836082406
0.19220964053698814
0.19244903232541033
0.18237691080395174
0.20484675541175698
0.18853402523518453
0.19810744806572086
0.21776000960719757
0.1915296720390797
0.18834619198051655
0.17456145119928645
0.19769892894477753
0.19260368544854584
0.1945204894815947
0.19278295833578424
0.18486433322043394
0.2161110230293523
0.2223030796918434
0.18431387451716272
0.19065421057174825
0.17134584419054982
0.18675770762444904
0.18650329639124505
0.19373984822791535
0.2030666342556574
0.19951534935415774
0.1994633279781059
0.2023787265809481
0.19279085705001328
0.1830825649048518
0.18320438542987563
0.188879526672257
0.189642979135771
0.19305319853862263
0.19999614723060935
0.1888072141119998
0.19962567555896582
0.2152248441447793
0.19236545476157058
0.18761965214784235
0.17533318372294565
0.1990810146586779
0.19537424128599554
0.19748894461296132
0.18912980903411447
0.18187632817935773
0.22330805796187275
0.18560541609281006
0.1825742336523932
0.16883122176146717
0.1904882087037303
0.20144484439399615
0.20716190779557123
0.2033741288690783
0.1814995893793643
0.17962310059831038
0.20365860653907147
0.19755663679475738
0.19464804018226667
0.19498035391422794
0.18800082153784983
0.19672839166790168
0.19504772305887427
0.19314965392715971
0.19754696627266743
0.1871780020542609
0.2142503224456242
0.19411850889153096
0.20549296402551614
0.21902926262234454
0.19302074914432654
0.19561413438341288
0.1807408634861316
0.1980803950645712
0.19624487973675117
0.2049022537389424
0.18377862478449017
0.22779912666254795
0.2279538758865358
0.1880991611957795
0.1855719397809794
0.17896095666259415
0.191482284868695
0.19528891381034236
0.2017507780975955
0.20832169519022978
0.20612808632879387
0.19028853580089283
0.18261180470965596
0.1973648929569711
0.1974383928527136
0.19607102361876458
0.2039830309161865
0.1881738303294824
0.18908663620805813
0.1884221360860975
0.195140483298895
0.1884760601781485
0.18771557761472726
0.20639170864711834
0.1961272222882737
0.1993896964531656
0.21654459716842706
0.19186338805555614
0.1992449953435818
0.18305683509354384
0.20473304073824752
0.19661987931119093
0.19254205398788818
0.22318147054531062
0.18955254829371898
0.18459967317601503
0.1780672537425904
0.19534449894546863
0.1897220714379737
0.20193933838387082
0.20596500460971723
0.20772756722905147
0.17955313461859274
0.1822240693873633
0.2020277284234078
0.2013806992791125
0.19667987255267122
0.18914871271168615
0.1900620810612063
0.1949199642495853
0.1966535646431761
0.19081522016828378
0.1867293120096284
0.2181084722044691
0.2166279311244002
0.2173114590696831
0.1959339305820076
0.17764478330516398
0.19989053828838876
0.20078016243608995
0.1806177574645433
0.22171668557935198
0.2258335654650385
0.18832351396579808
0.18606006063825367
0.18187754470986156
0.19304296555776373
0.19367743267544696
0.19498671870831946
0.2022951497056003
0.19761912510132595
0.1909644634338919
0.21109581744189082
0.196500394197792
0.19692160191945693
0.19718951186571504
0.1954585263131297
0.20489634452317243
0.19388152677929946
0.19279914983139296
0.2057964349865349
0.19927287429719615
0.20484128484693068
0.21627661180058974
0.1951763362636888
0.1987317779295963
0.18447036812399753
0.20079537072748
0.19785085130410063
0.19803174537596546
0.2019562150909239
0.189120262993497
0.22073397597215894
0.2251742202565872
0.19053136273904184
0.20001828447076
