0.3077788773744393
0.3707102964490413
0.26745760082736697
0.3043977409403419
0.3469639051556586
0.4769008279775918
0.37227813597048126
0.383466141426374
0.27591349105467444
0.38238903174570993
0.34696931265359743
0.31589932688675276
0.3510313343166787
0.4484757775113253
0.33880808322063416
0.49577335626770613
0.33938644732973333
0.35062410750404793
0.6490616343488269
0.35379574539258674
0.31963150182635064
0.402558852669946
0.5566936966698349
0.4709076174366623
0.33063216747000074
0.4721481940263252
0.4290797218908746
0.6091543688945831
0.4614297563540708
0.43872590537201367
0.4138290291985308
0.522051239459591
0.4191755544937338
0.5878052081682723
0.49112474789059
0.41896197291443027
0.530672419540863
0.4423051694863653
0.40023697376952794
0.46710284042511335
0.394950010611284
0.6618272449750622
0.4998493484309918
0.4369847079677782
0.3423078878904814
0.3232981748960817
0.3739916174474431
0.29060736034958956
0.3096739834747003
0.4488378183032877
0.3889597953409166
0.3476334131353457
0.2862758639777607
0.4322257448768593
0.36410362540395536
0.39666760781732585
0.32739193887813883
0.35019057836115125
0.3578362515223695
0.4744255545815932
0.5813860971085496
0.32468999487400907
0.36679689075766414
0.5781080118729918
0.3703658112311816
0.3183973486481123
0.41151889656823964
0.5517506954564512
0.4711296426990573
0.328886412353801
0.47781582457666044
0.4561475040207831
0.6005320918867203
0.44655217278270953
0.45658173852063144
0.40281715651889555
0.5145820043304541
0.41826541516617666
0.5592248629072181
0.4941992123428729
0.41584418616615204
0.5335272540363047
0.4246680087752215
0.3870685008994532
0.5045926451628029
0.4040491791941444
0.5280156976069124
0.500255057916426
0.4501636602379274
0.3418355320457468
0.29633249204528705
0.26967295163259125
0.34936989384803874
0.3927135933568324
0.37271390156524575
0.3768896592674782
0.2762305433622312
0.392099238492285
0.35815625132160334
0.5033474016987568
0.3317467342648101
0.35220735736779935
0.43135424853875093
0.3449853875133535
0.4973307838708083
0.600867047106672
0.3626958609907595
0.6669184012924094
0.3480600821264731
0.32229783448674354
0.38351080971813034
0.3308106526252418
0.4856555789850763
0.42783072150822804
0.6044990491324627
0.462762210837094
0.41333221227617845
0.512765254077642
0.41106689062314483
0.5789256535160532
0.48295918824306594
0.41052949535564653
0.5462379060093021
0.43163455985257865
0.4024158290193248
0.47059256884593814
0.39666562409939277
0.6694911200766892
0.5054393460762544
0.4329983964060882
0.34246945030365294
0.4091756542452642
0.4616141291161665
0.333320048281616
0.3712956149123856
0.48402709755965123
0.4694462528934761
0.329019487788206
0.4186729575666134
0.47846616346599347
0.37430792133053037
0.4032316658696138
0.41702825192619825
0.5093855074866493
0.5571839771079716
0.36876989740569954
0.430906123477104
0.6146058626344658
0.40956460037913234
0.36447437018474305
0.4256420383076083
0.6119614269631526
0.4878044430584458
0.37942100840232806
0.5079627728694474
0.4989137290041422
0.49539324194696976
0.5382650574814498
0.44721057797019015
0.552594272921563
0.4632661485785021
0.5324581199394303
0.4474197080468834
0.5268915863192797
0.46205561963588837
0.4319695839880895
0.5239476143841473
0.43241487931397593
0.5969899358927901
0.541782505910678
0.46069287545395027
0.4175887005819118
0.35598253836979676
0.4171858433079877
0.35559282408526205
0.36532856626946275
0.45745238169427493
0.5612637965614599
0.44962354030102214
0.4211211889345101
0.3510817000908327
0.45860311698954814
0.3636732138940514
0.47455666319391643
0.3819969992870743
0.4882035862909221
0.40781036539647836
0.5250917199895484
0.5972691925348687
0.47571292092973594
0.6335013415310525
0.4038162542443414
0.3393146518670155
0.47886911563709067
0.6032963375265068
0.3539659582286402
0.5205266149667533
0.6432317256900566
0.5009695895419319
0.5018843164200161
0.43341840290493094
0.5546104960501228
0.46629670223977215
0.5919312944658788
0.5377783213807505
0.46059135051005995
0.558192090897985
0.473754661374839
0.41014750187809046
0.5169027398920449
0.4299618522818062
0.6045253207153348
0.5345404639699052
0.4880382989103904
0.416605773738984
0.4628107676576943
0.3412654931849759
0.3674345148584936
0.36136973085157276
0.44559766907147846
0.42806009237323456
0.3599928267298289
0.32918091931065135
0.3937991309041978
0.49083475690613104
0.3649439309421213
0.41359599720882534
0.4788918062685913
0.41663164042855283
0.5112992800230298
0.5906453198503548
0.4205877388142899
0.37427624801282094
0.5009311755033441
0.39216721631381735
0.4900596199797753
0.47702925923580175
0.6307797922032057
0.5054465052775073
0.5181363423172921
0.4402634786027164
0.5727694475562091
0.4576087458159621
0.6087915045681379
0.5374645756990687
0.4262547062530523
0.5277305601707215
0.45258969799647975
0.4252153128810291
0.5251158805510006
0.4350579170807948
0.6148678313669882
0.5312093565988125
0.4576656027423588
0.44036831004145593
0.333310095478972
0.38086982962983196
0.42971037545084767
0.5548885913710295
0.4485217963324548
0.42581058343269096
0.33340814472259694
0.46033588726311225
0.33936613997453424
0.4591485990039603
0.39036174519605227
0.36213009549459957
0.5032132933177511
0.4410534674543517
0.5202693489956887
0.5747741208683129
0.6184686803577433
0.4121480565540172
0.3685228260579508
0.46646377711954584
0.6029437394012452
0.5057506262895496
0.365923813956562
0.49831609221006523
0.5246557289986198
0.6446801525415203
0.5165751921588944
0.498879652109846
0.43671614051426827
0.5591750713309318
0.47266335673200455
0.6048361930647999
0.5377891834867942
0.48112159345826655
0.5722420208985226
0.4736071281492302
0.5128192884416423
0.4394661230980188
0.5944114140440332
0.5450089101726598
0.4955636785612374
