0.36234462382184207
0.3402455613792257
0.3648321995162445
0.36050201911487856
0.3289321040530113
0.3256625826418654
0.2962040287914812
0.3320616992946017
0.29583685641986734
0.35866869017180836
0.31424202772827653
0.3160230494522324
0.2965592315290724
0.2902014060263308
0.3713372388246096
0.328602210591912
0.38708359933100234
0.3049118450119872
0.3979673082605917
0.35704261977090945
0.38060167115681637
0.3262752407729346
0.3405335982737423
0.34525289759765426
0.35209423282412466
0.35515968057336395
0.31129096284015456
0.3724662318026208
0.3924391302892539
0.3307617606085316
0.3477267806578274
0.39086022421769145
0.4050269025422546
0.364531737219538
0.3462799043439329
0.3737729123087833
0.3302148130187651
0.3379649143261507
0.3572487957894252
0.35472161684825576
0.34054275030254716
0.30455209910486564
0.39235073189190656
0.320923054553784
0.4100664741025707
0.3443392916243287
0.3616139156932616
0.3817035280557768
0.396361326196678
0.33018536159176903
0.32239644643830007
0.3210430080368638
0.3022925070953563
0.3731106109157475
0.3544566056036693
0.3040236085590951
0.3230644395528885
0.3204416017345306
0.3489946961407076
0.3462904542316852
0.3526271282968083
0.35817286610813504
0.3052927754213092
0.33108705951584416
0.3552576386945677
0.34242293706371457
0.3290914664502799
0.32755392597581484
0.343363914891041
0.3271843323711221
0.3378755493830864
0.341121738672385
0.37340149979573456
0.3472380200986895
0.3866331035938841
0.39234046520446403
0.3317660721862422
0.3597337581874549
0.3853645442470096
0.3620396024359308
0.373163381283897
0.3440850766942125
0.372765529144001
0.35256010733075105
0.3432512565519563
0.4009539229490505
0.3340829387886134
0.33091105277592486
0.3586588713379884
0.34096724976029463
0.3456692083029337
0.36878288916184776
0.3333976764686142
0.318467760851092
0.3089693865911888
0.3527551604466385
0.38469345826894685
0.3804148903117415
0.33260512341388804
0.299954803184524
0.3505194305424631
0.3747469290327104
0.3762201251122687
0.35415507618858744
0.3300623944022151
0.32025518021796556
0.308447026143147
0.2951320329879978
0.33364266517333413
0.3356721695108492
0.296254800845771
0.33088671614581505
0.31967783744217054
0.3052999681293332
0.40157678737433844
0.3898999697296706
0.30658345604293424
0.3581750781426638
0.4140927374614413
0.41592077777117137
0.3361183640093977
0.4048247739374043
0.36058003927541815
0.3687196691658548
0.3367464345020201
0.3607714436690996
0.3364218714157951
0.3688677807300332
0.3678977968401465
0.37639528872309475
0.29464379254650064
0.409747536507493
0.3374217074513733
0.37485340625118335
0.34721256757819624
0.4572022902358965
0.3988491668647787
0.29174777607988556
0.333819354421707
0.3316944504972195
0.37930088823846236
0.3609116184215013
0.34842661800577684
0.3428251294429544
0.34368268528304263
0.3831166001093289
0.29916246972696287
0.3128805912888052
0.3745238414106249
0.3238711295162296
0.37443378824185575
0.3378065002007162
0.3287792626160368
0.36787135921255326
0.319891306629893
0.32028769847144745
0.32082233835521456
0.35177858531111184
0.33197419813297574
0.33327349940952494
0.35035360819785555
0.32505088712379504
0.3622396873911504
0.3440530741080131
0.3773508624149141
0.3223710280137191
0.3776843565370398
0.35874078934518017
0.3457768543600867
0.3696717013311217
0.3524905845717462
0.3406809234150682
0.4052887263538581
0.3824246405935824
0.3643632105578581
0.35532859983855114
0.3253715199687636
0.3352807813161566
0.3715307568926871
0.4056981958088775
0.3576732337673603
0.34935646539390786
0.35783608870970557
0.3535092952968707
0.36269104672322633
0.2913474828920062
0.31558944008099354
0.36707498013830886
0.3667430701633332
0.36382184576595267
0.29766560667949277
0.3087175466825073
0.3412557152311891
0.3716826879081112
0.3536401192708696
0.3884302969168516
0.3156372269843891
0.34499530755913743
0.3155971697873199
0.3405936103204094
0.3572563429493059
0.3108980931468181
0.35062958047333553
0.3599761435548766
0.35144926573315705
0.3229077036530769
0.3177045991961961
0.31099398728995076
0.3629043752107144
0.3952839993126858
0.3321464532786108
0.35100790475780025
0.35615831128001635
0.32836053549305316
0.4393325118903861
0.36398685443399487
0.4092289880868313
0.3695405678018685
0.37097131786694454
0.3941791427760899
0.3470177746589679
0.3324434498515705
0.3207682496793392
0.34682719031907994
0.33410387153120946
0.40286120467219355
0.3470363828022953
0.3493769277829475
0.32949276867050925
0.37814420169756874
0.33814466811007754
0.3591246515317753
0.33575109394893204
0.2835112166015027
0.32386325733930293
0.326799654912976
0.35393857829213493
0.3785283783129157
0.32773700290180124
0.3464762904053133
0.35614645951571566
0.3684450075165588
0.33476592972650054
0.31752342126879374
0.3377483272988978
0.345884052205511
0.30332745276275663
0.3769013990540887
0.32410815523218706
0.34639849640058523
0.29377886792708796
0.3774357942844967
0.36731685116478385
0.26770223159338985
0.3429271501903907
0.3145259413253071
0.318470866352297
0.33700483361433686
0.3540258418906953
0.342135529006405
0.3346736357085156
0.3146336365434568
0.30783242481725603
0.3552414643105533
0.3200089362540223
0.31419021203974973
0.3369476347262878
0.32255020399724665
0.31776991411538774
0.35234735591213034
0.3162626367678382
0.3939058866827351
0.3466731806589647
0.3625873376132285
0.35599873444089813
0.3325837607195619
0.3967548141135723
0.33660324704696437
0.33446990276132654
0.3863407003215234
0.31510865499897106
0.36058806755100614
0.3855023546586912
0.4138472135107396
0.34253852745954616
0.34989791321127217
0.3327865263866791
0.313130824509729
0.2730913289941797
0.36974934188237635
0.36225650115500385
0.4167993389832293
0.37004897612233645
0.3043461900911567
0.3254499864488549
0.311734653698056
