0.5651348665366913
0.5222566212948211
0.5467808849798985
0.5346265090805858
0.5313550458408607
0.5049123208132472
0.4798366577923572
0.5425943344662214
0.5595237299511632
0.5581717948838284
0.506540869262382
0.5121757155172376
0.5461523972021789
0.5388423779515467
0.5702708009025681
0.5397079210662576
0.5050754753763941
0.5253246784133971
0.4831522202228431
0.5631410872617506
0.5107187251973818
0.5633967417794159
0.5103961975639895
0.53353696544563
0.5104800585250344
0.5520450307111769
0.5928014846870462
0.500259587468767
0.5344070433621008
0.4603527839456766
0.5054228553796227
0.5099124461435159
0.6862315612857877
0.600919690778148
0.5271104724843592
0.5538520440239331
0.5129614103723992
0.5969682557427876
0.5196140854951028
0.5210922890873985
0.5372151328807422
0.5094578810723303
0.5218357274264408
0.5561709134859127
0.5716524076014962
0.5235596756735386
0.5896635941821732
0.5696513947355769
0.5427266613437046
0.4638360118951469
0.5084815495527615
0.5380358630690141
0.5359843089641141
0.48814143406491217
0.6224738986069741
0.5387156843126124
0.5275207596043701
0.5007062646344439
0.4775944943905185
0.601799980824734
0.49447606703863956
0.5634883271726329
0.5258282483212519
0.4860732172482497
0.4714760913091156
0.5486206549364895
0.5205944260861728
0.5555693787801383
0.6205952391788143
0.5351012355753858
0.5662195036321775
0.5446057477188779
0.5605852711700126
0.5111267922571223
0.5328237167625205
0.5509375173631427
0.5165916256342848
0.5853891696981546
0.484066762695075
0.5865287211734436
0.47636194802659476
0.5683983126265403
0.484956028883348
0.5530445967780939
0.5742735017263702
0.47251126244936037
0.5742203131750256
0.5050407707134008
0.5090808754747524
0.4823769518955052
0.5545914462874959
0.5351335432713645
0.580401140096821
0.4712803909416362
0.5390961229688294
0.5404208587280475
0.5191037819408753
0.47057461418608315
0.5150123368929912
0.6447139250754899
0.5715967120410943
0.5514487446924652
0.5512479715695928
0.5544645592140254
0.5157963913254338
0.5070332738035519
0.530834237086603
0.5253761094623762
0.5539288240926244
0.5982215086823672
0.46225597703037374
0.5494913633992284
0.5731920482936795
0.5430231365440665
0.6087008250697588
0.5771537015353544
0.5324591183240402
0.4859995913313783
0.5123782258059361
0.5046329203576405
0.5693060225191608
0.5517842374449198
0.5404972617125186
0.5180603481310319
0.5112324793412615
0.5693105563883643
0.47031774842965157
0.5880837762276183
0.4784383815837865
0.5262015222446116
0.5658018904889712
0.5093361457021822
0.5368300410609724
0.4818914010665416
0.6707156487294254
0.5571765114908459
0.6048537003747616
0.5338650598080577
0.5430009518839355
0.5758728528923605
0.5200241055202711
0.6168473503443398
0.5032078292631741
0.5074558876981907
0.5284618344397961
0.5247302658100655
0.48629472376296023
0.5038491284620328
0.5373555518803902
0.5478865943277685
0.4659743773118594
0.6095325026132513
0.4740577939260334
0.4549027558249167
0.518480103700477
0.46834286233501526
0.4884719091317734
0.5233089939980158
0.4747204080088522
0.49058229209662696
0.5262316923450386
0.5067862827271958
0.5371443035042688
0.4783246662974313
0.5380780828611739
0.5681438682224107
0.5793248625640645
0.4666184769434103
0.5165527328924283
0.5355854131182531
0.5097495301461228
0.48355954756116504
0.46645990516182967
0.5755350720272133
0.5067822440926355
0.5902153500175249
0.5855728768552688
0.4609363385160439
0.4798753787188109
0.48029101510048655
0.5835755148964559
0.543440403521397
0.5315142187647358
0.5252942352750912
0.520594673237258
0.5450457734331139
0.46392596190851754
0.5424747737797879
0.5295724909173211
0.48410044574758815
0.5171775031852901
0.5209073643798393
0.5785065864640392
0.4986751775236623
0.4636279632651405
0.5256168379142812
0.5455332300190655
0.5327904423016356
0.5192293709609566
0.46028913705866725
0.5039447384567113
0.5582549394274786
0.5461301820277654
0.556189361510876
0.5142109699398725
0.5101732439161427
0.5045238925702573
