0.18716091160341783
0.18259220671718596
0.20004571324719642
0.19590659154405685
0.20633743413154
0.20676155442666505
0.1990716950898787
0.1773186914288049
0.20205133592293384
0.18439360841183672
0.1934623223268565
0.20538951323660667
0.21166672979932008
0.19940929452066186
0.2094923785539739
0.20141028246869455
0.1927189754407323
0.20785729863256647
0.20927251143704712
0.1914615599427979
0.19353160277622156
0.18253115160341118
0.19435928689024326
0.20398542602073397
0.21808120926084584
0.1866625810685114
0.19561984252944967
0.1986638528664881
0.2020739629079263
0.20606197474020368
0.1923001522494702
0.19969507878168152
0.19658966365297062
0.19770626416198708
0.1782957790505736
0.18460238653280348
0.1874895334330719
0.21113164114938238
0.20002803994638604
0.19212593276781964
0.19569814706771832
0.18754083581916178
0.19050365283871493
0.19948232651270364
0.20138722654764019
0.19019181888632009
0.19324726553481456
0.1957104153367309
0.20969226944979355
0.17374538543046175
0.19492554759192576
0.19041271237127722
0.20912612310694031
0.21414913656432802
0.2231518800864167
0.19678930639345038
0.18394179221402518
0.20744180591830796
0.20172666365148595
0.20975900719503504
0.1988546468180585
0.17957088466267718
0.20234883589867594
0.2044911414477024
0.18867757607462066
0.1708419184171055
0.18681828700255698
0.20542682355165112
0.20351275149844328
0.2120984130274821
0.21412799811671945
0.20577919826418628
0.18950127179083215
0.19348246964652854
0.1871611420650796
0.2134582199454947
0.20199511452665325
0.19050067851668775
0.21161909081741756
0.1885245054300409
0.1985648449162163
0.19710617716703902
0.2100752788703446
0.1942325339914135
0.20621737455980907
0.20401697232203217
0.18747721762663855
0.20161947915483652
0.19141139687193984
0.20273928066100363
0.20061748747501787
0.21148136530729889
0.2063760635638854
0.20462799930164688
0.18980787590323364
0.20166615763848708
0.20441885034888746
0.19331419213211606
0.2018437270323326
0.20623227326599275
0.19475085252404473
0.18541896101243302
0.19056849225466146
0.21017009216705387
0.19630559972662995
0.19837046351502013
0.1995103959001395
0.20729566567330715
0.18606922564728606
0.1982384202817792
0.20521969205439347
0.18868343292798648
0.19959818365081566
0.19192699947091155
0.20027913504564362
0.19505585611163148
0.1967533990328013
0.19439547982051691
0.2103541752042364
0.1971574931901174
0.19915503390439185
0.19652593166516158
0.18951144200737097
0.1973063631194279
0.19121467228890096
0.20991639682040342
0.193136069533428
0.19494508829379956
0.19250639254041227
0.21021486930686567
0.21250728553897935
0.18641924691726341
0.18861397697310725
0.19504142365620641
0.19722103966203836
0.20341735542351652
0.17573956191970574
0.20743560967925595
0.20457302913395323
0.19656719951368237
0.1986467636191586
0.19665813453262157
0.19013689296156705
0.19891735155942872
0.1894060709420663
0.2210907858821424
0.1881887793396263
0.1914983371902638
0.19906609445772763
0.21056193599746073
0.18909286981434742
0.20154889226061473
0.18604849628699346
0.1995611947323287
0.2113328650718974
0.19291244532703516
0.18339574560871402
0.1885322044540187
0.19126212502304593
0.1928891840608235
0.20393008889562697
0.205183273309411
0.21399146828342352
0.1920122551688695
0.1900772965774677
0.20271461229563073
0.22068241198136923
0.21122065192474967
0.19180880577177567
0.18648838061626283
0.20664823739079746
0.2032861254991024
0.19104879612741113
0.19935172325140096
0.19044425777235185
0.19825072201782706
0.19047599542872587
0.2016092157983972
0.20480981113030616
0.19334805352459014
0.18642967814481726
0.200548875785709
0.18200272323427347
0.18955814225969758
0.18867829352379573
0.18608580047566936
0.18666679071903197
0.1952096844323175
0.1982299447088192
0.19809383312112078
0.1997959394584495
0.19746898180824846
0.19631470870967466
0.19334796064515944
0.201838351148168
0.18642515057330727
0.20547545963309277
0.18467100334509692
0.20269390109009683
0.19466886782302162
0.18508427767224203
0.20530162186734924
0.21149014742866878
0.19118406227429025
0.19391621448538568
0.2031303503663643
0.18087075514291262
0.20437113813738483
0.17712819094550764
0.18717518544477918
0.20451891885563786
0.21491427064941948
0.19421653427693136
0.180801280903411
0.17936001143160485
0.19600633796850978
0.17954900221549083
0.18641028822322517
0.20095733227714094
0.20484127788071957
0.1910104836625634
0.1803807046984008
0.19154542234378175
0.18436566484637806
0.2161600439508084
0.20293603716737457
0.20465279047014465
0.1910152016603683
0.1912014331116654
0.19993318567525706
0.18787494674253852
0.219019605426146
0.17493027650641926
0.19187384107116318
0.20205099455695813
0.20246573750447033
0.18350220295251293
0.20327117325684763
0.20222901868950113
0.18372828269935426
0.19795900451823575
0.19647896980239338
0.1864270204965223
