1.0826344409641635
1.0764445200849488
1.1386205361245567
1.1434286635150401
1.1229833942169583
1.0970236738075114
1.0621283423876755
1.1709507286844743
1.1486631363414759
1.1612771531587638
1.1922785189565885
1.1270346713117005
1.1373046826874513
1.1407539310704198
1.1260324283820973
1.1389226302003141
1.133924264814815
1.1386239153294788
1.0745864712536026
1.1274028068091178
1.1646486579002249
1.1696642418756102
1.050798330596805
1.0654466500003072
1.1429294789965085
1.1290535814199556
1.162954008169893
1.071529153995904
1.1231346929311359
1.1386647197667759
1.1889955764026365
1.1561790579386813
1.1439133726404325
1.0649055504463394
1.0718018720524298
1.1376070187294838
1.1602267830837485
1.1235700420357129
1.1364300183599638
1.1345991406335805
1.0792041263581809
1.1482066890101634
1.1915936076914346
1.1611292779408877
1.1724557054059754
1.1615097394098415
1.1457975512436607
1.1601434861943147
1.1550833194555339
1.1335191974004797
1.1582936704233833
1.1312193318214383
1.118432239518167
1.152166359970453
1.0699877807337361
1.1693038949099772
1.1520896881487819
1.175529440435071
1.1373492887517451
1.159196188049205
1.1406315516113992
1.1481150417506742
1.1369825525408435
1.0618138673645339
1.144734077374554
1.137346372024755
1.1910730975467554
1.137642947614962
1.063850684787123
1.047169847278484
1.1584689532357755
1.1218114188061923
1.141638073053486
1.1594528662780954
1.1340562129923093
1.063771396364654
1.1530301217630723
1.1525497594378225
1.1846268422652857
1.1598838939937852
1.1622260445754335
1.159743073735126
1.1515742621419776
1.13902359762825
1.1412833653793515
1.1189255789793802
1.1462466380016756
1.1303445306215132
1.0801063378744775
1.1704789724410984
1.1636465569354653
1.1502036379690233
1.123341114401744
1.136379246697623
1.1356195962404636
1.168214569332511
1.145147470390417
1.1768414214430427
1.1942964162047174
1.1465119907778634
1.1998026666276922
1.1474512983793255
1.158166832926299
1.1529705484180472
1.1579469708453827
1.1402398994117815
1.1419532310295704
1.104028131476807
1.1746669498147733
1.0743579856660448
1.1358519874846353
1.1344418015287117
1.1391372043288586
1.1307699923088568
1.131116610639275
1.1576706618282837
1.1148382104050618
1.1348436451683763
1.1487621918383322
1.1307065957354188
1.1429604846193124
1.075777543756667
1.1934081742791847
1.1994075927643864
1.1627984751228355
1.151251516102286
1.1498662208502204
1.1496930916498918
1.1365157075810572
1.0862006734373912
1.140995787294762
1.0611807000067235
1.1446198673862913
1.1591857514738733
1.1870183473271787
1.1293985718847706
1.139638310615168
1.155049907392172
1.14531079223477
1.1353976600190958
1.1291418854035489
1.102151333299426
1.090182702440011
1.1580271509827584
1.162828335805322
1.1312351964831369
1.152216200872633
1.146648670961676
1.1471377948164005
1.154209902032422
1.1400592059488344
1.132619377382282
1.1471815075683527
1.1294406171726492
1.0764446698887267
1.1336827501337379
1.1464799868039
1.1337880965803961
1.1422164604314131
1.1427592664334452
1.141180422158699
1.0811748899338114
1.1485218045682808
1.184394291455901
1.1326905818952389
1.1500153030515368
1.0662206230792686
1.0982120553183916
1.0758079301116759
1.092185206301879
1.1680322140796038
1.1837204307033031
1.085478326493409
1.0709347834378646
1.070888474322033
1.1431022669268387
1.164262184274813
1.1380149254764877
1.1367438237792555
1.1350362767199824
1.0874284736723143
1.0678595326091906
1.1411028222554915
1.1842135200374113
1.1632450802050682
1.1388086797830526
1.132569212511851
1.1438970098591787
1.1523770270058442
1.1374716112504681
1.1392308997086646
1.1450509987764184
1.1484222206382646
1.1334210727709773
1.0570296923381624
1.1513835984004568
1.1717463123166934
1.1740553336771116
1.1402044727555811
1.0924631463886048
1.1302306855783413
1.134815960732662
1.0628674658828812
1.1481719990180332
1.0800821313258608
1.137930099681325
1.1856555366633168
1.1782031253845728
1.1531712468503983
1.0817191885268265
1.1465326772264914
1.1417322995565948
1.0699770141262985
1.1440494456343728
1.1182828904170812
1.1362362820844192
1.065677851250516
1.0698559929089944
1.155544436680509
1.168901142472893
1.156834355229596
1.1430052135472657
1.1446005329419586
1.1411682126932503
1.145014520283714
1.1514949932094118
1.1781664966477834
1.1349383566239601
1.1565625597114921
1.07363319016692
1.15046582375393
1.2160857995937406
1.0940321230311356
1.1434733056320263
1.1527451187997764
1.1724020065326983
1.1402329927562849
1.0676471219089148
1.0662142726765729
1.1665464439213522
1.1534920793844101
1.1414522773587645
1.1615696143494518
