0.5884060636557771
0.5119589954744453
0.5073216915379475
0.5884443938546037
0.9533787365577551
0.6414388795037813
0.5821152509765046
0.526889928099953
0.5744229017468898
0.6226009888082588
0.48780787242287316
0.5906575338015669
0.4518890979592334
0.5572140977998767
0.4218687990767307
0.7184729176181038
0.49454343191945377
0.6442248214752186
0.5207102920980613
0.656556922154703
0.5454493847791919
0.45397948197290594
0.5451718482056461
0.5725945496137588
0.6072117167132494
0.5059230665250656
0.614437464017326
0.5510402085026429
