0.188692098531952
0.20073823696789433
0.20565621826765096
0.21045559524163798
0.18705848414790077
0.20476062065043804
0.20892019121908806
0.20407924955598603
0.1953376334378901
0.1991322374787513
0.19282108531346873
0.19086157668654402
0.18333372071860884
0.1962577141094122
0.20529588254346062
0.21821797298621545
0.19567570944590915
0.1896636834476691
0.1845620625470009
0.20129067172026419
0.1945266344216738
0.20087660554658243
0.19049239837734375
0.18826930441861145
0.224365969764711
0.22788518519624623
0.18343935256998675
0.1960154945111463
0.18188495648244035
0.19506303742394568
0.1924691209979279
0.20921324133167044
0.20504222295557561
0.21332117041431103
0.20604655535990288
0.2089647105971123
0.20350835000967205
0.19618582495440917
0.20496775138479378
0.19733561092438573
0.20958119923187163
0.18354630544158912
0.21821061064405028
0.19070708144364726
0.21138397136629802
0.21878494008740237
0.1963199419606711
0.19686816971854726
0.2011915145578619
0.19575109910812072
0.19789292628288183
0.19764990551265293
0.18913264986489806
0.22341775749363246
0.22768919485012548
0.18156286284940928
0.1921208822338722
0.17539575885755712
0.1954588476478951
0.19211588342541974
0.2002298198758742
0.20488750315503257
0.2098523045823472
0.19621702890954684
0.19357547422157034
0.21006135058423578
0.20456420992607266
0.19895398904883166
0.19999955794620342
0.19620625315254933
0.19726607276168479
0.19597161930651044
0.20690154861296942
0.18165126316135385
0.21349409799419497
0.21807480256208028
0.19637651533053818
0.1936813675316837
0.2017925506860638
0.20424133550335674
0.1908514797896558
0.22440197364471876
0.22740105555350548
0.18323438089690858
0.18560851404455983
0.17966112868425832
0.19870148037464758
0.19329942562206404
0.20066963190094397
0.20389886259873433
0.20924444682725302
0.1932369303115994
0.1946664094357143
0.21239036517887558
0.2034172082782005
0.20160820125651077
0.20296455573158245
0.19744415336226917
0.20202272293612283
0.19319306765624744
0.19332025230520358
0.21078236489440766
0.21378019132526088
0.19067075197132222
0.20504580514180998
0.21965462098123634
0.19706859536559113
0.19231842139072147
0.1830525382598538
0.19667648834155793
0.1972107987378003
0.19991707459420932
0.19200291725422922
0.22755801080506505
0.18626984578929992
0.19798318090114336
0.1781208518749787
0.199834374644433
0.1946883866245221
0.20995681785666226
0.1998595167942306
0.19056721349054162
0.21103201836198668
0.2037189033463646
0.19967216701346371
0.19563364462280639
0.20353107000286993
0.1978313421392196
0.18772212609063454
0.215407981944236
0.1994673077598538
0.2128056489124481
0.22395364631760986
0.2100880121733027
0.19076504315663678
0.18350011789501391
0.20358267822983706
0.20026811271517353
0.20856703439303506
0.19969361858638887
0.18725776661237362
0.22923864150429274
0.2321593863360429
0.18614213303849705
0.1973009533686005
0.18643105939474114
0.20022973022181
0.20397178556928136
0.2071171514141986
0.21255801976022806
0.1910898058069448
0.1956215033443428
0.21080878522378219
0.204506370997763
0.21223668681922878
0.20169207183224502
0.1996348733014622
0.19885622062859426
0.19851271911526977
0.20796252495807938
0.18766209625280286
0.2170712424147862
0.20343996264928518
0.20907178392546233
0.22001267392388066
0.1994380214655831
0.20114665750857053
0.19064618121255203
0.2134210335404303
0.19740697772854626
0.2026991398859891
0.20879438756780272
0.19615081084902194
0.22727599082481742
0.22999134365994522
0.19505001874997102
0.19171641025052136
0.1817572012005687
0.19736457655517706
0.20008913482459167
0.20834533442294786
0.20820487876588764
0.21459915571013458
0.18330093805598557
0.1842999762734888
0.20713427550579433
0.19973711762058435
0.20107357359876113
0.20029560266595578
0.20328787423337102
0.20006448779273456
0.19801565883785088
0.19818395315490347
0.1987982237974224
0.1904886569290014
0.22264938107384102
0.20358315717916128
0.21294582835415757
0.22106932552339956
0.2043043440309394
0.19405895991181743
0.18692724166747077
0.2066036657853295
0.20316925980580403
0.20710249777213963
0.20261762469568337
0.22812517739229912
0.22775386150580473
0.1844917227658698
0.1854905964524101
0.1977706090311487
0.19550577801059724
0.20806055243722904
0.2061970344805877
0.21651643121508268
0.19180111436353178
0.19643436210230078
0.2025987966850665
0.205465957136574
0.20375495385574768
0.21304464915820875
0.20835660894443614
0.20059462437868436
0.20144099972286159
0.19526149233088605
0.19572621941592355
0.18835631620454749
0.2161624104183516
0.19984260664139802
0.20388550383180268
0.2202222315589923
0.20218418651898878
0.19476594818243054
0.18723172938266056
0.21439685299931852
0.19730718517907708
0.21305490759354007
0.2007626881133157
0.19564781605844095
0.22777732012067975
0.22775685236674456
0.19696441165751286
0.20355937912289643
