0.638866716657438
0.6206075157776303
0.6199433107431211
0.5908550848689944
0.6101721528719967
0.5098247662703904
0.5083005976661021
0.5488462334737592
0.5714269738693278
0.5731006415552957
0.4986354821475961
0.4385579481752641
0.598978883881033
0.4988966549406658
0.5421549127218508
0.5327775528005344
0.7039903887430008
0.6002635183570812
0.6275069542774633
0.6957069195884729
0.6190619978483383
0.5032035462701665
0.7361064215429567
0.634095733438397
0.5840096340655427
0.6207693686984719
0.5872787160589608
0.505356800825564
0.5390681439065931
0.5156037891287384
0.6268099995697562
0.9535277561465826
0.5548734171938251
0.6447387042492156
0.6688922055721397
0.5480153362768689
0.5603055381196327
0.5494396086788396
0.5444516371982502
0.5848133099428865
0.5100330645759532
0.6163713309774196
0.5412315595253497
0.5918337902804761
0.5853812185641545
0.5678966892554718
0.9887764547437728
0.6161757314572258
0.6366585798478637
0.48834815924136465
0.6957236682187657
0.6760863032160349
0.604599917047482
0.5022170989967266
0.5107666267527436
0.5028325467503234
0.7002918867400192
0.6035890766742802
0.5817407376460726
0.5466816143900319
0.6941168969114772
0.6457151230781082
0.7977583465478226
0.4981202494054302
0.4639634574862048
0.6580100418249736
0.6807437872165792
0.6376818311207035
0.5564550026303094
0.6632788404099024
0.5212244891691182
0.5488360455249854
0.665772524916163
0.5148341284758813
0.5638262291109877
0.6883536300632898
0.5364343976643803
0.6252022378764802
0.48883916269325645
0.5322528324945768
0.44306730712566234
0.6186268275305361
0.5020591401357155
0.6144297742832499
0.6618382081548053
0.6004076151658513
0.48687836122091355
0.5332488705176341
0.5481847971741634
0.4980777331896199
0.5204544518159666
0.5872130364796281
0.5979720105711313
0.5066549589416979
0.5541403841745248
0.5827624967474399
0.5219826998240362
0.6013603989422249
0.5586209162980819
0.595708715551154
0.538722465229922
0.6847203737792259
0.544514756880599
0.5225599153157886
0.6009413575357612
0.5403118233025144
0.7882447517556039
0.584628487802929
0.5103934505458169
0.8380348745992863
0.44599379244130033
0.7374849354075173
0.5305288819233145
0.5964867827853614
0.6736786282008362
0.6838673391220318
0.7150103411783293
0.4826676163148601
0.6516078513856736
0.5037630997451472
0.6479142467399691
0.5959860909753967
0.5931663161968069
0.6296925947401992
0.49260754169703846
0.5282170428835755
0.49426217485142343
0.5497679843734202
0.5538760358181634
0.7428032998664207
0.5178583195992486
0.6155814727662594
0.6458058124840659
0.6886445847883373
0.595347995467604
0.5895243939214991
0.6466259605239071
0.6868012770094777
0.651945121227619
0.6286169462483042
0.5486962642582448
0.7316017474184859
0.5333714766276898
0.5798289225083918
0.9381885656518643
0.7140358093673884
0.4801025588105456
0.4694395829031709
0.598299275630124
0.544042712618301
0.9190612301834161
1.006733487675091
0.4573157427333373
0.5109582279948172
0.5806924518417569
0.4339267415875132
0.5342714670721682
0.5670201712877865
0.5731537561132
0.6930164277202366
0.49240870666529524
0.5232890363726745
0.5831489308413333
0.4282984189161537
0.7072266775363393
0.6298694392180013
0.6233885196342874
0.4587440962933223
0.5267201680728852
0.79146028006294
0.5000326612175454
0.4963144335162892
0.5663721334573699
0.6734778609603518
0.6744609448917906
0.5444865605583613
0.695882105079025
0.4976055815131185
0.5425908598585116
0.4982388130551247
0.7009789685992187
0.6678732856860634
0.7799862789580692
0.6032790623471849
0.5883558255072315
0.5388611017024338
0.6227154348422491
0.5891227581915819
0.703193964377671
0.47818855051312437
0.6042211043201066
0.5942218301702799
0.5197378091594469
0.5174198913797823
0.5032939008816473
0.5010287561039958
0.9696030428776445
0.5655183605078468
0.5463187886993313
0.4505926320738115
0.6395403036515159
0.4897359928238859
0.6295148893987181
0.6220645614622059
0.5983929748689676
0.50623096341319
0.5503496194668214
