0.8590784804253796
0.773764903916761
0.7835771797804573
0.8820856933898116
0.7585006414202321
0.7692872742175295
0.8756729504207764
1.1943883631832823
0.8264374038924969
0.8597459110631144
0.8122386595283798
1.3158318389122388
0.7399136027735584
0.8007144645973074
0.7603249094878527
1.1700618693665177
0.8699476827424065
0.842768167501158
0.7831197333611966
0.7376759674709125
0.7647985804526575
0.9383701529811503
1.1473286593540923
0.8827563781730259
0.8079446625521968
0.7197272143401972
1.0034767604054935
1.2873130213957906
0.8814522218130112
0.7380025565892753
1.0743079625897805
0.9140763511426037
1.195972767731499
0.8431724669352028
0.8869211836184627
0.8438083242778542
0.9474243007118207
0.911571380443174
0.8288907383064376
1.169530455311958
0.8871751372331449
0.8471136150041053
0.8688557586544706
0.8628712421013279
1.1680850499726427
0.7038297442729741
0.8156226848054061
1.1609663400497316
0.7648993738216401
0.8598799159960732
0.769584938745066
0.7413426301448685
0.7659589716572913
1.1516426316535857
0.8092667549027209
1.1513305529617912
0.8607486410610984
0.7384423496337091
1.1595051512774155
0.9947170429498959
1.07322161802735
0.8471520075401158
0.8110420595033502
1.0682170322230478
1.100197580541669
0.8479675387344483
0.7323643746393945
0.9868621845497522
0.8928881502925923
1.1700661251275841
1.1889987711385124
1.178807206067475
0.7225156331970158
0.9076339196187283
0.8732459258019877
0.8333382651116776
0.8475641499204623
0.7553496847105542
1.3102477515394781
0.9384497840042864
0.8287041562820969
0.8676395055304686
0.9888759041592068
0.8563417372589248
0.9481193454618824
0.89755057480188
1.1434575016385868
0.900319662888187
0.873780984677408
0.8702969156509751
0.8790066649470337
1.0048947669154644
0.9137127194256663
0.7216070066125624
0.7669857775932305
0.7581966150446351
1.198323846303229
0.6975872931208256
0.8871084340761757
1.1557696493285865
0.7597283471711131
0.9245317771730082
0.946933678929271
0.916768362747424
0.9265175004689684
1.304419623389165
0.8643321098128453
1.1921110468002447
1.1679998799515252
0.8510011871481516
0.8111414180925062
0.7776713770367849
1.3122417326902727
0.9787942865319845
0.830526008378965
0.8419688675799142
0.804525729009662
1.1578694202536581
0.9131365714592924
1.197025680754642
1.2001837447228756
0.7915592155273864
0.8846538290959334
0.8324614786587546
0.8671500095650672
0.7632416355145925
0.8371154375919669
1.1379297683417164
1.1376194285954013
0.9315933127479329
0.9234843048291808
1.1552356087872386
1.1890371529540844
0.814187588162447
0.8825940906356382
0.8397810205517291
0.912916266180579
1.1047336278259476
0.9068242844730176
1.3328559864471854
0.8419808910312256
0.9814548425914718
0.8437045295086615
1.1962178786675268
0.9201721517624604
0.9981759213979664
0.8265038411904033
0.8634502993075165
0.8619115087872132
0.8293678952284192
0.8815807014736479
0.84590292875048
0.8375428031598388
0.8874152062647762
0.8107273209882465
0.8805618968586008
1.1900603994138275
0.8807237513518319
0.8564038416254459
1.201180165858009
0.766803376369065
0.8860981162931048
0.8561554596217492
1.0982706930635608
0.8996358629759657
1.1099080287268144
0.7047762897601084
0.853084028337909
1.1691825737340085
1.1813925492959338
1.0018327976779942
0.7693594644554296
0.7336916175754785
0.8841038787396429
0.9081199292845028
0.8850244229606935
0.7602831614350651
0.9303730566036448
0.8287371324756413
0.9135180989961411
0.826281357135338
0.9097295647709221
0.760302344494718
0.8588667827288228
0.7205499774233093
0.8640947512349294
0.8425463516732996
1.30990036843394
0.8317281195228923
1.1436332525010429
0.907890562990949
0.9150215331373819
0.8284092729205531
0.875304953742575
0.8569916517963457
0.8607662253721099
0.87480748838328
0.7373676794014042
0.9762916789407544
0.8475680766757746
1.1700470354678263
0.9059604922951522
1.3145311252408844
1.307812106086999
0.8944805396684763
0.8001594538777713
1.3259000980827316
