0.5709518462624238
0.5042835920163722
0.5525206804876538
0.5748292766552642
0.5014549073883316
0.5749727471616801
0.5518087086907936
0.5954118797489553
0.6086521668761458
0.57139226339855
0.5888104815738697
0.518555969946482
0.5427311232399192
0.5235469889616509
0.5179437450036302
0.5234483273495059
0.5217620241524863
0.5708143134618143
0.5567075133864108
0.5357441482316788
0.5651672603971776
0.5314953977812457
0.504626299468961
0.5303797513637509
0.580643277671798
0.5251976280417298
0.6660551644893241
0.5629056372069543
0.48351402106907365
0.5436840696785304
0.6802466997877016
0.5360342443597014
0.5805609497464816
0.5217319329695487
0.5383150111079587
0.540806557669342
0.6659404762088917
0.516068083111199
0.5115652075579233
0.5568945274363928
0.5973824708861636
0.5735473991683598
0.67040685436941
0.5960076865196712
0.5735783565734067
0.5984196966093996
0.5708448643013917
0.5732024917260538
0.5764918196771246
0.5607106610070579
0.5708155236042501
0.526462861551824
0.46704940712240606
0.5594183519251035
0.5203947442254165
0.5430380111063239
0.5063463056832169
0.5725211859963063
0.5308625432986008
0.6761287734313141
0.5314192956340484
0.5532580959511529
0.5533538707240189
0.5100806615341378
0.5529614214069817
0.47545655632215195
0.5745240324887427
0.5303881699012324
0.5202956802326878
0.5643484899940727
0.6708185484225462
0.5160956140728239
0.5596891912823628
0.5595736924383584
0.5398730793272128
0.5476791351761349
0.5730192291394731
0.5137725363908838
0.6703958945567243
0.5576690856437854
0.5303393135328929
0.5676643030391673
0.5986057686567803
0.5629007328720541
0.5589173972989473
0.48589805574497164
0.5875001760134669
0.5354015340419419
0.5630703672834235
0.5829187107359994
0.5759585782312948
0.5818566022169749
0.5008110430575158
0.5491370654024899
0.5447420683703126
0.6787506387844546
0.5556655053084941
0.5827450468340383
0.6813790230036366
0.5741046618472266
0.670539179121773
0.5638662287393374
0.5870043148519957
0.5881175541044146
0.5925012035051943
0.5740716789014817
0.5758801426887723
0.6669559643601832
0.6108853701531703
0.5886181149972344
0.47743927222991583
0.5351606712285375
0.533406850207642
0.5171119984768454
0.5131395893020634
0.6118035434456088
0.4673417034541061
0.5586670926924449
0.5175459382847452
0.5307366459589008
0.5774307335304424
0.5663943963562769
0.6702757260254322
0.6113415347992811
0.5592877023617072
0.5689472108595994
0.550429367475365
0.5836357369543012
0.5630581874347694
0.5675277851153678
0.5291266413006998
0.5578157454535809
0.5729814361711576
0.5514285511529167
0.536750149064046
0.5279646735604772
0.5556014520142369
0.5850104061354724
0.5581821823838237
0.5731227924861096
0.5217647020853213
0.5945303189811367
0.5970164223899838
0.6114199096369504
0.5625047206939835
0.5167763838109248
0.5807685246110573
0.5547375903152577
0.595515236168871
0.5554426323826412
0.516801773864331
0.5165373242931677
0.6119569956815273
0.5276873999276191
0.5719189662286123
0.5527854639603582
0.5184547453930383
0.5144449336922068
0.5599623154976889
0.5916645765366574
0.5398896869596003
0.5859683423523302
0.5272475639779296
0.5445495214781326
0.5131159300349167
0.5568760328451725
0.5564604063259988
0.6594137315153996
0.5563321092981808
0.6124420706386776
0.6660721525011251
0.6615784698872916
0.5861845057952685
0.5577227319695991
0.5534541623550457
0.5549949470083959
0.570769224999307
0.5063040199837742
0.5903947916392391
0.5546389063473931
0.5563853236947176
0.5718710831028957
0.578520570716183
0.5991507423961575
0.5668279889579809
0.5731940354233387
0.5167670550141981
0.5533714047325949
0.573161717897072
0.5762946249620168
0.5515035472529008
0.5723048118478303
0.5785870538651297
0.5460401274593912
0.465029184972912
0.5211570146795285
0.5985645665810447
0.5660723608329441
0.5604694571633387
0.6697761127107978
0.5133807281875387
0.5747073775784061
0.5494999523197505
0.5756153261192093
0.5842037816576178
0.5324770262899103
0.6810046035036273
0.5834080707425242
0.5802343764455086
0.5716090533664588
0.6077179165187255
0.5580034070053973
0.5459696103567978
0.5552807880415916
0.466839829489885
0.5634740374491448
0.581793236093713
0.5428857831324629
0.5223041191846589
0.5922979276791622
0.5612255954126633
0.5961450480627104
0.5828892594414313
0.5732809612052414
0.5568111275859666
0.5872921584260962
0.6818115421960568
0.5303690035571769
0.5680441821829155
0.5673751245301323
0.5240672129131687
0.6703325520748349
0.6597864962525855
0.57252075094793
0.5982725219287847
0.6772701672957177
0.5804610038906176
0.5434829471510559
0.5366161952943954
0.5827918845570046
0.5015441189189903
0.5593919952226653
0.5579196240086864
