0.367143632428359
0.5081310450091648
0.47487135471510566
0.40281380503972863
0.30387667698430576
0.3101463614832075
0.2758770042492053
0.3430908538724383
0.2386490368166495
0.36926403093264554
0.2688483086199748
0.24602090745541744
0.2439676123733952
0.2927624697643231
0.3430621000055355
0.27718992702248585
0.3139332187867835
0.2707850388884242
0.4234765730422583
0.27665975967375556
0.3047166952902239
0.28360605855100707
0.28711412812935067
0.31980923082557555
0.37527500298631195
0.26755693996302143
0.3398726357798837
0.3975740634201357
0.3590626779257714
0.3332797367410467
0.3053753763332362
0.40159483121384
0.4247770953385308
0.35722524013248635
0.2874966096474921
0.33026270850087336
0.3144422570483253
0.3739110642503577
0.3326289233531651
0.3603481376969452
0.32204342422550064
0.2504204781587748
0.493822547507514
0.3502026762607783
0.314872218578527
0.2963608684339921
0.4705705453395628
0.4677969707112394
0.40803641754870335
0.2706669910169513
0.24949645985493074
0.25539069938250414
0.33858297617826294
0.3788833469410538
0.3237347710298455
0.1950995865698624
0.36290629069851055
0.31237279702633547
0.3048084535400142
0.49728800209536217
0.42202460792999885
0.3706081870902374
0.3363921647986807
0.3063505069082276
0.3680048821221661
0.2825529940900906
0.2559098562456751
0.2633971771783031
0.372932158480627
0.32802957937696486
0.3769242804514398
0.4063320428571282
0.37786390186999974
0.36966414338653236
0.3073734576978672
0.47965100888335843
0.3647713652186938
0.38051659094045615
0.3995246380977235
0.2792996226875742
0.2849905108218511
0.29401606598027963
0.3763860948195201
0.367134245279676
0.3889979129648906
0.3690165583477262
0.3780022575565265
0.378980868775372
0.2891163676112758
0.4763950908526098
0.30437385903343406
0.3524744301591961
0.3711154576192077
0.22731120755175238
0.3440675711080068
0.47628972180518314
0.3905167806731381
0.49506362274724736
0.2833489695175868
0.2968479496896115
0.43943687164349077
0.39937170078855166
0.4085950151702226
0.4062805880975406
0.2661453574634465
0.23712053196935884
0.3670368293820587
0.25432553519139467
0.3453279358348227
0.4366072819497254
0.24076741281102162
0.27739810644461327
0.30727868167477
0.23973863155168268
0.3562047103882506
0.49109313690164247
0.33484087408054763
0.2836388686134611
0.5083297672782522
0.30639145166980736
0.2915243043396065
0.4910672377917836
0.36524888257754773
0.2804734880792002
0.29066791523539737
0.2551277601698629
0.24978124840702004
0.2883953258513461
0.37684737074949687
0.2990333466494316
0.2482409579727664
0.5231318416223778
0.28271990923715906
0.36933230934585015
0.2754727456925211
0.578562438783075
0.4938136719808014
0.2601038265779003
0.2776839300491926
0.2977796027412529
0.2782468331927424
0.2842589210371612
0.30982233397612946
0.3579122335398463
0.39788986311533336
0.3018906396289435
0.2742253498361731
0.19864265071921017
0.35887850123925946
0.40265626522292985
0.35535395593531927
0.37862206109138585
0.27239913990047826
0.4404951537143786
0.3064251217871988
0.2575919464470801
0.27075308061265346
0.3420865010178321
0.2643076539505732
0.31852571087401665
0.35721284188402025
0.3416892831661311
0.43980967864150633
0.34054758330438284
0.35119186776041955
0.3011707492926471
0.31767640888391846
0.29792666321943595
0.31024172819032125
0.40206479759794234
0.3415825488417178
0.35699179142334114
0.36811594725223934
0.3746230650546007
0.24883894349085434
0.2743592314222753
0.2897616011488634
0.24586171721112504
0.27592595858797875
0.486709839558092
0.3835029187114194
0.3985305526668519
0.35067192726849494
0.29394731995007706
0.2923331141796098
0.18946575294004508
0.3295648579847151
0.3338264176662044
0.3545678012986462
0.35799006559610935
0.22059938760888953
0.3425218081873945
0.2820358918624706
0.424921131234385
0.38533230719833644
0.3720323907631021
0.39987132396741126
0.3031081757836659
0.288166172153143
0.35662088518240975
0.3952068404868464
0.2315118127474879
0.45083724809212
0.36869541979501175
0.31624222273567254
0.35149618236202196
0.29792563394452065
0.3332525554922054
0.3821743675635303
0.24041246219230009
0.29660154344296297
0.29255265557433424
0.30672234448779145
0.3345525562410826
0.4240689641693875
0.286791842932601
0.5735969160415803
0.2843400599561936
0.3290731777179301
0.41068274021522133
0.3858185234050121
0.37479082807300623
0.30504873223502293
0.3853766491508223
0.3526052371107546
0.3331942967032542
0.38736045132133123
0.2773976576180145
0.3178665257845309
0.3179697972213956
0.260307796859967
0.4581571659975076
0.33154534020930204
0.24428886647137982
0.2610861621404171
0.28579851436047
0.29089382105604644
0.39699300474038085
0.2913085940853638
0.40864850518084517
0.4063807606535722
0.27148637784995966
0.29394773532574314
0.26670397311533467
0.45126068434860334
0.25245519810043726
0.35422950126408437
0.42791697027669096
0.20921500346806954
0.3807834746705002
0.2392095655850059
0.40283154643096974
0.4724762525092959
0.28082258336074234
0.35753842746676934
0.21295588884493824
0.338024803749884
0.3032271759020448
0.3858438825978247
0.31120810478814326
0.36937701252122757
0.30995341789859454
0.23484021689320256
0.335317864863773
0.315389688877376
0.32886381439144396
0.31635978363525624
0.3940825636145826
0.2454600775282433
0.2998279915165024
0.2484490759168725
0.4433217801382643
0.39118834265677194
0.4676422706107669
0.4130579692753198
0.2654417129462252
0.2739093126018127
0.3458959899225158
0.2900704458573833
0.3612955096492352
0.2677258261955963
0.2724750495133509
0.30703759311122725
0.39564966041239713
0.3273695538709094
0.33526471824269855
0.38505451491749354
0.3077210406559097
0.2733050973453905
0.4770551446034916
0.40243828637284507
0.3888399301891715
0.3892499662967892
0.23897969590597418
0.3998996936769686
0.33942494675916585
