0.12173953773990377
0.12440193282516031
0.14796274417268268
0.13046200886779075
0.14046561075179992
0.12598740549288792
0.14465583486062428
0.12366397633035782
0.1445698088848759
0.12458257930315465
0.1260966581115337
0.13145814679021842
0.13030202442707012
0.13637962907484447
0.1450582488578028
0.12753133632035665
0.13690025076557727
0.1368804602455509
0.13565337813729914
0.1288448936888064
0.13135216417242865
0.13136248759901237
0.12825376647457565
0.1368283156455266
0.12771040952542193
0.1352564121388582
0.13476442227481744
0.1235492845925545
0.12290255720176159
0.1491683379922624
0.12168825398310064
0.1274206002335161
0.13056960946047352
0.12771070245796765
0.14310168347038207
0.12982518429459436
0.123370071436517
0.1410116819052441
0.12576241729903326
0.1284110324398132
0.13995176355832703
0.12596545162600084
0.12627529111923513
0.13811596109425373
0.11858182599998224
0.13025118311537878
0.13332836030987227
0.12971686925866943
0.12236326560134639
0.1379908952778525
0.13629821482583074
0.12858907822234003
0.1420455172797751
0.14892987449807651
0.13099841553224234
0.12709177763809984
0.1361892583560924
0.13346553722452223
0.1411874240997638
0.1387930531194256
0.12128906570292519
0.14788547605804062
0.13881366375466042
0.11838231773954164
0.12324010045126661
0.12957888669565956
0.13215818761867482
0.15062689799611031
0.14939066742744272
0.13052959085206123
0.1482191581287282
0.12763195765417987
0.13193364408244143
0.13207902567794155
0.1351351193983637
0.14746334727602337
0.12836100423522823
0.13303465739924608
0.12737237771379412
0.1330866194653047
0.1327721177787835
0.14928735795586281
0.12608167123067288
0.12519002004899468
0.13486097904426556
0.14048060593922182
0.1409116003137677
0.1174073996666836
0.1430563403072469
0.12873095536441015
0.13490015409931877
0.13280619844340077
0.14157163501974743
0.12712897355539204
0.12093122913802017
0.13673473246475037
0.14109630973786846
0.13308543845768145
0.12769746860205639
0.12119188933892287
0.13077455230750776
0.1442538522163208
0.1319431890034403
0.140975178928799
0.14141912182268118
0.15121146697624133
0.1410701985456361
0.1381292147141859
0.13499916830964792
0.12785637778389972
0.12481092470192671
0.1366483022331462
0.13335163817971102
0.11833636287393602
0.14834094754243182
0.13816539100129974
0.13584379638300742
0.13320804975833841
0.12223156899030974
0.12626868401443486
0.1304122808784638
0.13420891339937618
0.13408302277366116
0.13315844080049094
0.13071184546881767
0.1255543638500812
0.12985672404830817
0.1378212601566879
0.14049437201352646
0.13594332957500638
0.12897573951735627
0.13379304114234977
0.12535047578357206
0.1426145061106525
0.13385140919657995
0.12683106577334413
0.12635185777412092
0.12665922426616208
0.12312998180113544
0.129822166440827
0.1456281216193506
0.14711007655561398
0.13699454730939795
0.12815536704918032
0.13604392347357475
0.15457097606467582
0.13630220065464868
0.14477650114409515
0.13177457515201532
0.13413840472411273
0.1294202475922627
0.12943135177816423
0.1371816334075147
0.13821779934104386
0.1367245449936937
0.1272421770155391
0.12409200705346156
0.1410375722882675
0.12432985394763993
0.12914362505215438
0.1301364028989176
0.13021864486086124
0.13959207585802563
0.13867793074518286
0.12896776347970057
0.12607966243082822
0.12266834078658034
0.13720294294779117
0.1284061256113828
0.13278683662136614
0.15413487069483
0.12909317776723567
0.12183195466764218
0.12744092167421323
0.12797296017986012
0.13833760132239972
0.13684881304832597
0.12647076701240478
0.1415739043399148
0.1246388932154139
0.12132878371500484
0.1171361981169412
0.14090999538174995
0.1263379552845783
0.13745280104827395
0.12841043876933417
0.12302327391625258
0.12516254247830885
0.13129034459010552
0.13885327526502544
0.13724591197061373
0.12044709135292292
0.13665090878103234
0.12386389158267527
0.1331365552627317
0.13320557866390836
0.1341820325475024
0.1289609703261605
0.1302936838113928
0.14198874058861924
0.13255559683369683
0.12119223733944828
0.13820002204363188
0.1337313126012295
0.1183533007829772
0.1296245669204252
0.12262346709589908
0.14809970586681306
0.12669449217583176
0.13293256667139525
0.14068113185381695
0.13639954866250717
0.13581120668306385
0.1316397023384704
0.12771766177775998
0.1387478224553098
0.13044691846308368
0.12803566267919023
0.12889231870480908
0.12367479868177486
0.12485142921131122
0.14061333318874653
0.12862030378319653
0.1275972164927224
0.1350275483610031
0.12139301976173741
0.13715357530696384
0.12122233877549864
0.13402689394306738
0.13638827475708504
0.12503558879928636
0.14162113744782603
0.12895936801182276
0.13433445179592401
0.13872084649646663
0.1315053554932534
0.12833931664354126
0.12936584342950017
0.12099479610418107
0.14233236449149855
0.1321666610179526
0.12167077415374963
0.136702698934841
