1.3665256243896484
1.3361406952667236
1.3028087810821534
1.556084799331665
1.315875491027832
1.1082547516937256
1.3827330741882324
1.4870767652435304
1.366314279296875
1.3777602221527099
1.4278576253509523
1.3706545561370849
1.1336498930664063
1.2781172388916016
1.5613942389373778
1.516635046447754
1.2871352874908446
1.5726393402557373
1.2785347641448974
1.6763402596435548
1.410317103790283
1.734623106994629
1.334231003189087
1.3779088719177246
1.444633451461792
1.3375272290802003
1.4393568617095949
1.193844334701538
1.52058225932312
1.5816922326812746
1.3229370911102296
1.308444326156616
1.1381773137054443
1.7016022671813964
1.3683887933044434
1.2008891732025146
1.077064947402954
1.3639676746063234
1.3228485407867432
1.485570911529541
1.5147602381744385
1.3205719923858643
1.4977868892211914
1.4216241907653808
1.3831140071716308
1.4199477171783448
1.3403311897125243
1.4697902453308105
1.2919350927581787
1.365704825881958
1.337274153945923
1.22155059034729
1.5969212781219482
1.7192210295715333
1.5428662043762207
1.4364346726226807
1.405862232269287
1.496427397354126
1.6297209377746582
1.3408037229614258
1.3811490866394043
1.4599676530761718
1.4196278356628418
1.4454559943542482
1.3977438875579833
1.4191834274902344
1.284209225769043
1.4717116946105957
1.388035302093506
1.373560561126709
1.4588502630615234
1.361936602279663
1.4272960325164794
1.2359404363403321
1.489457647125244
1.624797807785034
1.6520034343566894
1.4169496894073488
1.3975598883209228
1.6320023120422364
1.0635336702575684
1.6976594125366211
1.2311876681976317
1.2845161495513917
1.4080679012451172
1.4054160448760986
1.4205825184173584
1.0956483082122803
1.6192590354614258
1.1420265489196777
1.3734718817901612
1.4738562629394532
1.4087850315856933
1.625641829925537
1.5110624235076904
1.385337438934326
1.3658237392578125
1.1500182797851561
1.4266891550598144
1.4340233738098145
1.3872044281311036
1.2674757622680664
1.358988874359131
1.5783326425323487
1.4098238608703615
1.1882430515899658
1.5306134486694336
1.3619259537200927
1.4906022879333496
1.3360125095214843
1.562249216720581
1.4211148595733643
1.2108678617248536
1.3361347651367188
1.4610798054351806
1.4887512524108888
1.5669208107299806
1.1210928892974854
1.2556128696746827
1.3898900484924317
1.18420423286438
1.4359336421661377
1.429786422454834
1.1086116631011964
1.1363283189239501
1.335639058959961
1.466370766998291
1.486168371292114
1.5538978647766113
1.5981481665496826
1.3958787322235109
1.2068062690429686
1.4399300730895996
1.3780836531066893
1.4352181220550537
1.3353687454071044
1.4003761189117432
1.427791792251587
1.5435888038787842
1.4778421842803955
1.6671390400848387
1.208079179046631
1.235974094100952
1.2559213178253175
1.3900317086639404
1.5665046820373534
1.5668961665496828
1.3794011405944824
1.2585004992370605
1.4187641147003174
1.5275098749542235
1.31930569140625
1.3991331322479248
1.072082359298706
1.4171597689208983
1.2480265881652832
1.3483260731353761
1.2071066097564698
1.3992644421844482
1.2690470221862793
1.359743177307129
1.2987508641204835
1.3644060029449463
1.036389415496826
1.7616903241882325
1.649058275604248
1.375069313430786
1.1662048809356689
1.3669492386779785
1.4902248636474609
1.3572408421325683
1.4843850861816406
1.5502156547546386
1.217569152633667
1.132795644882202
1.6206001979064941
1.2880770428466797
1.2650833596343993
1.432895269744873
1.4376658581695556
1.232655776321411
1.1703192196502685
1.3616315550689697
1.1978506909332274
1.5494255423736574
1.5774258576049804
1.3542951873779296
1.5237971924743652
1.202530853225708
1.3358938006134033
1.4879051907348633
1.5085461266632079
1.2363581389007567
1.616152173828125
1.0935605162506103
1.1630222992248536
1.5243670220794678
1.1282508771820068
1.4398662028656006
1.4241282875213623
1.3761788264312744
1.5415057663879395
1.3606670017700195
1.122411480606079
1.4526817645111083
1.3875054581451416
1.597482489501953
1.31701957472229
1.448963077331543
1.3508086004028321
1.2172120151824952
1.3684772645568848
1.2927171440277099
1.5489765526580812
1.5261220906677246
1.4468575781097412
1.05339973487854
1.4318294065093995
1.333441403564453
1.0545542175445557
1.3558314652557373
1.4441026254730225
1.4593952903442382
1.2624179393615722
1.21571281199646
1.2990394963684082
1.3802295728759766
1.33597650831604
1.193394707595825
1.4179257219543457
1.2427400415649414
1.385563604309082
1.303462312362671
1.4102026468811035
1.507124318069458
1.2822366283111573
1.5154289399719238
1.5583759555511474
1.207995547241211
1.2209753585968017
1.551793814025879
1.5808462444915772
1.4860604140014648
1.2427321725463867
1.4022455082855223
1.2604329916687012
1.2839006250610352
1.32304802003479
1.3228754648895262
1.0883545183258057
1.2456114159545897
1.3568457430114746
1.1557905880889892
1.263997011566162
1.219165073486328
1.4400118790283203
1.367348194442749
1.3602169885101318
1.2648331394958496
1.383446049560547
1.061325066772461
1.16868652243042
1.5233165122528076
1.5165737932434082
1.1930729487457277
1.594928377960205
1.055175052734375
1.1568391857452394
1.4415925930023192
1.3333170077667238
1.2780847009429932
1.0536142257385253
1.1011899039916992
1.382550795791626
1.4368089422607422
1.3562923012084962
1.2526208103637695
1.4502221930084227
1.0877786939849854
1.4702927933654784
1.04100597555542
1.3099805361328125
1.2519697151794433
1.1762355407714844
1.1079049001922607
1.4743472834320068
1.1984384414672853
1.3212127249603272
1.0499738216552734
1.2369959549255372
1.4834985544586181
1.509771864944458
1.536611431930542
1.329667226287842
1.201939756072998
1.4192173360443117
1.3317853536987305
0.9940020250549316
1.3976583008728027
1.3874703654937743
1.1814114247894287
1.434070836303711
1.407754588897705
1.2534284303588867
1.4222488406524658
1.3510697558135987
1.1319808432006835
1.224062930343628
1.5667719053497313
1.242346492767334
1.3336271452178954
1.6227384303436279
1.1064809625854493
1.4338121485290527
1.1981576857910157
1.1235803770294188
1.0091187030639648
1.2088161772003174
1.158843297164917
1.6075310426635743
1.221329119857788
1.5359843187866211
1.1922306035308838
1.3347294765319824
1.3073859377899169
1.3142224855194091
1.0947367561187744
1.323920544204712
1.0970122254486085
1.349062895187378
1.2126531931610107
1.3753733199005127
1.2664154992980956
1.2976683239593507
1.3250819849243163
1.3139987130889892
1.3546134705963135
1.17389557182312
1.0186522461395264
1.202542030532837
1.3863742817993163
1.1415162756652832
1.1956655111694336
1.1560449739227294
1.2944586663513182
1.3263439776153565
1.5222223790588378
1.3884993237915038
1.4042971241455078
1.5765245031890869
1.5030083004608155
1.237535722213745
1.3767547011566164
1.434873770172119
1.053257750427246
1.182189656982422
1.5128270656433105
1.488682236419678
1.4856970313415527
1.5454670267944337
1.3423806741485595
1.2102926243896484
1.3367161154937746
1.7186138565216065
1.3068793330230712
1.3168372024688721
1.3841895065917968
1.295316545135498
1.4773644378051758
1.3357106288909912
1.3924125274658203
1.38635336328125
1.4425553703765868
1.7466602420654298
1.291390825088501
1.3124066149291993
1.5844311685638428
1.372416830078125
1.5564053605041503
1.430574889892578
1.5809236638336182
1.3708385138702393
1.3683008280181885
1.3865569974975587
1.3397827750701903
1.3390469226837158
1.5565424036560058
1.5109133248291016
1.4218639675750733
1.2521973969268798
1.3888843006896971
1.33318248777771
1.3176053555908203
1.3455389443969725
1.4352852826080322
1.3366616342773439
1.426938647125244
1.3527262281951904
1.3747534156036376
1.374496002609253
1.4567588804779052
1.3538166281738282
1.390526334564209
1.1778156297302247
1.4610078246002196
1.3388200328521729
1.7329422967529298
1.2740822348632812
1.3247680068206786
1.3304532108612062
1.429722190826416
1.35469910798645
1.4403041450500487
1.3677452448272704
1.4465385876312256
1.317340322402954
1.4699206786956787
1.5173769691467285
1.310000633605957
1.3951060335998535
1.4509934116210936
1.5140607440185547
1.6397826247711182
1.577796388442993
1.449490537536621
1.6059955503540038
1.4250673144836425
1.3956584390411377
1.4546896352233887
1.4341513786315918
1.438338674636841
1.3671043058166503
1.3780495197143554
1.3833085771026612
1.4308602801055907
1.284063253692627
1.3910449073486328
1.3328321298675538
1.4047463510742189
1.3472194970550537
1.4097940992889404
1.261816018310547
1.4493941924438478
1.49996891204834
1.3825444547576904
1.5813002589569092
1.3964458836975098
1.318108960357666
1.4696785276641846
1.4943095758209228
1.395911044128418
1.2910784084777833
1.3878148903045653
1.3482186797485352
1.317926393600464
1.2521090838165283
1.434240915374756
1.4229619809570313
1.3170304473571777
1.3709173273620605
1.3545823507843018
1.7276129162902831
1.2880946431121827
1.400237648864746
1.3702552605438232
1.417315096054077
1.393942338470459
1.2887201052856445
1.3394568864440917
1.4771577344818114
1.285434665725708
1.461696212524414
1.5355880646972655
1.3816433690948486
1.3849179624176027
1.3969693786163329
1.4276786916046142
1.4938763772583008
1.3896081586608888
1.3748264352111816
1.3104630558013917
1.4917177749786377
1.4355891353149415
1.4997926743927001
1.3379936788787843
1.3890660794677734
1.3573798777313233
1.4182657895355226
1.4093775752410889
1.2850393856811524
1.4048226877288819
1.3315222266540527
1.3856141965789794
1.4437826114501953
1.3504761726226806
1.449052519454956
1.5842575103607177
1.3003574063720702
1.38174205960083
1.278600693069458
1.4560835228881834
1.3977759857940675
1.1519786388244628
1.416369749191284
1.3829061964111329
1.2909592171478272
1.4231751363677978
1.3282023745422364
1.4004947906951903
1.3732092451629638
1.3466618663330077
1.192053524017334
1.5238674400939942
1.3701946071624755
1.363339000732422
1.5018496616210937
1.48409624508667
1.2985985881347657
1.4294676456451416
1.3322599931793213
1.4585065030059814
1.3866176448516847
1.4186815428009032
1.5321669062652588
1.5994022395172118
1.1960266274871827
1.2199427657623292
1.493374522140503
1.3656529616851807
1.528402508529663
1.4097998848571778
1.3639471885681154
1.372606691543579
1.3652779687957763
1.5992344191131593
1.2729010936737062
1.5326942857513428
1.3324223722229003
1.3736658574829101
1.3937934318847656
1.4243435930786132
1.352403330368042
1.561909065689087
1.4935356387786864
1.391449379486084
1.3501451118316652
1.4692257651977538
1.3550979667205811
1.4112889893646239
1.4690817108764649
1.3913695012664795
1.2553214275512694
1.5685180267333985
1.3348600144805909
1.3449507893066406
1.38317168409729
1.3757637013549804
1.3229133726806641
1.3981872287139891
1.2976775839538575
1.5470322830963135
1.3692475758209228
1.426116868988037
1.3367408499145508
1.4971904362487793
1.722026445465088
1.4254976452331543
1.4366516582794189
1.3551732830047607
1.456583358078003
1.3695342192382811
1.3166165263061522
1.2610499862060547
1.4704359056243896
1.2260357378540039
1.3106766385498045
1.2128132874603272
1.1792795821228028
1.301766550857544
1.294854765472412
1.1735059027709962
1.284879631652832
1.5202764337768555
1.3368590807800294
1.185632813446045
1.5128796295471192
1.2510156239318848
1.3616469113311767
1.1401833620452881
1.365208328994751
1.1752597430267335
1.537986950958252
1.325353517730713
1.308868667312622
1.1539493876342775
1.2225274308013916
1.1690677704925538
1.5330809938964842
1.2712867466888427
1.3925367399291992
1.2452422321777343
1.3507739981689453
1.2369968239440918
1.2824173971252442
1.2759643802337646
1.3786092542572022
1.2052337120056151
2.0012572945098874
1.299634974533081
1.399775313293457
1.3082938005828857
1.1045958827056885
1.3240134108123778
1.3064384323425293
1.3677306054687501
1.5201495092315673
0.9745001141204834
1.3128659197235106
1.2125001555938721
1.4146979729003908
1.5495601574249267
1.2733992878570557
1.4397693338470459
1.3157719914093018
1.2823691247558595
1.3585282932586669
1.8735876426086426
1.3713373282470704
1.3389877689208984
1.345314629638672
1.3750143393859862
1.396076791366577
1.3068125386962892
1.3286810906829833
1.3257996440124513
1.4240388014831544
1.284892917602539
1.4031567984161377
1.301048843032837
1.467367529586792
1.3272507533416746
1.4436895726776124
1.488199895263672
1.5496285699768066
1.2763372724761963
1.5052895752868651
1.2789486835479735
1.3238484714813232
1.3478365801849366
1.3226790770874022
1.4674196777648927
1.3318802059631347
1.0236241165771485
1.2193296094665527
1.127633281616211
1.369746837905884
1.3571937606506348
1.2671099910430907
1.1239602309417724
1.4238814192657472
1.2509888487701417
1.409190457397461
1.3303128094787597
1.5802116273498537
1.3457761728515625
1.2251948906097412
1.4484253464050294
1.298445806945801
1.5922776933135987
1.3044448173675538
1.28044795463562
1.670049423675537
1.2977615727844238
1.304678520690918
1.4387138695831299
1.239456217819214
1.3355553944091798
1.203380922897339
1.3506998432006836
1.2758624692687988
1.2964519642791748
1.3381849464263915
1.2634424048309327
1.2641329441070557
1.3512975981140136
1.2206843501586915
1.2929252531127928
1.019167212310791
1.537549013595581
1.3108681054229736
1.5181500767059326
1.2964579870605468
1.2164237965698241
1.2678556273498536
1.3668060509643554
1.3964854759674072
1.3913030491790772
1.4084287958984376
1.3917421031799315
1.2624825112609863
1.433478116104126
1.3843352933654784
1.9368326870880126
1.1906731866760254
1.2180265129547119
1.2357125489196776
1.3239256412353515
1.2436439339294434
1.265635378921509
1.779124551803589
1.5750150140533448
1.3205294556427
1.5997797259979247
1.2595107163238526
1.5072926934967041
1.2106356088409425
1.0840317878723145
1.2577811093444824
1.494207363357544
1.334274511566162
1.1357829653930664
1.2340516324462891
1.26474770022583
1.1427889065093995
1.244305512741089
1.3135989809570312
1.201030618499756
1.2293389649505615
1.4421393886566163
1.2526126578063965
1.1792230022277832
1.5054947067108153
1.203520126602173
1.1841992260742187
1.070754150970459
1.1389890918426513
1.3615359676208496
1.3068362619476317
1.3847229020690919
1.2086510661468506
1.3554890542297362
1.82273847605896
1.4432006484527586
1.3401628458251953
1.4719180476989746
1.1270942814941407
1.3344248402252197
1.9131340835876465
1.5915490138549804
1.924136353012085
1.515857412109375
1.2837802687988282
1.3183610102996828
1.4561620955505372
1.295057271118164
1.3265408354644777
1.2667905033569336
1.35888988520813
1.3241532654876709
1.3373894638824462
1.57687348928833
1.5057572463073732
1.1910418269195557
1.1545356589202882
1.232461930847168
1.3568714626464844
1.3266374944305421
1.28719563772583
1.33212689012146
1.3053918295440674
1.341328614440918
1.4736137912445069
1.3537002279968262
1.5223489589538575
1.3286343223114014
1.2803158571624755
1.0633928124084473
1.3278824303894043
1.2923847909393311
1.3740377497253418
1.2579969312744141
1.4781595817260742
1.2970289600219727
1.335717869277954
1.282110341156006
1.3359994699859619
1.3204133513793945
1.348380120666504
1.527916874633789
1.287775947341919
1.2541541333618165
1.386043689086914
1.283228815826416
1.437185229095459
1.211535249649048
1.281251478363037
1.2617653821258545
1.4002019775238037
1.2330942771453857
1.1934244048919678
1.345863813858032
1.2225194938812256
1.1758107419433594
1.2625411566467286
1.2874253138885499
1.3958067310180664
1.6781640970458984
1.3737122292938233
1.3931719716796875
1.3706590014343263
1.2949139655609132
1.3725048516540528
1.3538055435180665
1.3780349298553467
1.3322457016448974
1.3001000297393799
1.362519222595215
1.513685552246094
1.403787421142578
1.2425119688415527
1.2943827430114747
1.332981766494751
1.4311522038879394
1.3066951572418213
1.3046692155761719
1.2710355733184815
1.662476168121338
1.2921988448181152
1.3941549738922119
1.2030719935302734
1.4343028998260499
1.3105558821105956
1.2745635456848143
1.1793462566375732
1.4841015545806884
1.129341564315796
1.4608259631347655
1.1446457387695312
1.424554865890503
1.2425197112579345
1.3615228150634766
1.2811632023773194
1.226300839706421
1.2823824082946778
1.4551744520111085
1.3570440226135254
1.307678554046631
1.284061857131958
1.1760180339202881
1.2904900649108888
1.3030638710021973
1.3104336320800782
1.3882668824310302
0.988262893295288
1.322547389755249
1.9631843625946046
1.3712664839782716
1.2852497439117432
1.0216846740875245
1.1387863106536864
1.419140889541626
1.2033221409454344
1.642427459564209
1.2267651573181153
1.270038076309204
1.2385174181060792
1.2838803211517333
1.6349753509826659
1.3267449353485108
1.4348000500946045
1.4044188394012451
1.2658626097869874
1.3200222127227783
1.9781596324310302
1.3610409834899904
1.147453964981079
1.4280060211486818
1.2959545600433349
1.3417926313171387
1.2552437649688721
1.3929498594207763
1.4282607053070069
1.389783937438965
1.2915222660064698
1.3779337285614015
1.2520925414886475
1.5370462926330566
1.1081155535736085
1.3758048343048097
1.435998843460083
1.573930642440796
1.3198737582244873
1.3198424383239746
1.333644477493286
1.0046589525604248
1.3201428389434815
1.5048799969177247
1.262075067489624
1.2837434824676515
1.2908041252593994
1.380697715148926
1.2565212400817871
1.0768143986053467
1.4569718321838379
1.2879398131866455
1.3898317421722413
1.2860801346893311
1.6974678777618408
1.357907764389038
1.233527886734009
1.4246273507232665
1.2900373351898193
1.645124629043579
1.3245731261901854
1.2848361012573242
1.6643745846557616
1.3161582270965577
1.358157384262085
1.4171199214782715
1.315292485321045
1.3408528779296875
1.2406101106262208
1.2607675053100587
1.3496623425750731
1.1598522006988525
1.2704077968292236
1.3702616175689697
1.2725592261810303
1.029921698135376
1.3391855636901857
1.6498258264923096
1.2586131043243407
0.9849646693725586
1.5060277723236084
1.2827475864868165
1.4097577478485106
1.327900404434204
1.4018885864715576
1.2885622258605958
1.2875917108917236
1.1947839794464112
1.3568280549163818
1.430638930633545
1.4927520279846191
1.2616779152526856
1.3527585197296141
1.3833697907714844
1.4537808774566652
1.905640358428955
1.329877033432007
1.3089831613464356
1.43677114793396
1.4143951880950927
1.3407174098510741
1.3245241589355468
1.2170716780853272
1.3584158300018312
1.3078732234191894
1.377023577407837
1.4812640216064454
1.327987188796997
1.5345327338256836
1.461760171020508
1.2022032018127442
1.283137938812256
1.1381107250518798
1.5053724467163085
1.1784540955200196
1.2730454011993408
1.3998723824005128
1.4151112980651854
1.3005112554626466
1.2479185370178223
1.311273250869751
1.5014831300201417
1.260745201400757
1.3712220466766358
1.4126466262359618
0.9743541204681396
1.4124994948120118
1.074335018310547
1.39413301222229
1.3165134336547852
1.226577515106201
1.3204665199279786
1.2145823984375
1.3287095112304688
1.971667137496948
1.3602641570587157
1.4248845524597167
1.2816047727508546
1.781543733215332
1.4675664317932129
1.9000089048004152
1.340373899383545
1.3641395516204833
1.199353853378296
1.2571666028137207
1.2437918528900147
1.2017786913452149
1.3274062621612548
1.2781916798095703
1.3367034453582765
1.2936786410369874
1.4310214122924805
1.319920744644165
1.2578200778045654
1.1025543160247802
1.3257533524780274
1.328278205230713
1.2337407210388185
1.290223116378784
1.290723098098755
1.2547537437133789
1.2843373128356934
1.2977015783691406
1.3211621722259521
1.4285944449920653
1.444813086883545
1.3085772259521484
1.2378641907348633
1.0169177250213624
1.288953431213379
1.2901985852203368
1.2870195785827636
1.248040055038452
1.411627114440918
1.2632891152648926
1.3306395559539794
1.225617933441162
1.2945190325775147
1.2482029480438233
1.5416448526916504
1.2362703082122803
1.2960710121307373
1.2673124072113038
1.3558984264831544
1.2969361552886962
1.1932078812866211
1.2136198822631836
1.3094902980346679
1.2052116205596923
1.9497048598480224
1.278754633605957
1.3660667013702392
1.1803691865692139
1.300816674041748
0.9707363062438965
1.1485107028198243
1.2990182215881347
1.657435206237793
1.2943573939819335
1.3544665053100586
1.364070601119995
1.247917656829834
1.349531823791504
1.2214605020751952
1.38931607673645
1.2319150313720704
1.3252313739318846
1.4726860798034669
1.294113670288086
1.1913053473510742
1.3509787262420654
1.2771256029052735
1.2922337114257814
1.1995870015563965
1.272432056427002
1.3230812564849854
1.6044400544281006
1.2423914420623778
1.2798555036315917
1.436667272125244
1.210831358932495
1.1937782248535156
1.1832287642211914
1.379892728164673
1.3340591301116944
1.4488046048736574
1.1074428901062012
1.149295907852173
1.2201326236114503
1.3085681308898927
1.2656987902679444
1.231780880783081
1.2472272861022948
1.3350527956695557
1.4081107986297607
1.1947496483764648
1.2806694714508056
1.275957016418457
1.2480418561553956
1.2349357460327148
1.2809216596069337
1.2885218404693604
1.3371040213165284
0.982692122177124
1.1873905262145996
1.9590137347564698
1.3131933690795898
1.009275066116333
1.014138201690674
1.3437265833892822
1.1382325377807616
1.2908054407806397
1.363420481185913
1.3963486552429198
1.2413276838531493
1.1087222577819824
1.2733399711303712
1.2853207399749755
1.2419979260101317
1.6265125685272217
1.2579501876525878
1.3731193341979981
1.200794028198242
1.2699315471191406
1.313439522079468
1.7889064096374512
1.2614265893249512
1.2298274055480958
1.207378395767212
1.3153887509002686
1.2875898091278075
1.3021842318420411
1.222377209136963
1.4339551860961914
1.2797070886688233
1.250839033630371
1.346687051635742
1.2774462574920653
1.286817305770874
1.3758278890686035
1.2208315211181642
1.130397175552368
1.2096705971069337
1.2851418253936768
1.1810823496551515
1.311194659805298
1.1843176218719482
1.3161951516418458
1.3116218256225585
1.0371658274078368
1.239123540008545
1.3088473294525147
1.3368832932434083
1.29405579447937
1.1119651809692384
1.1710692641296387
1.2654445310363769
1.154724710067749
1.2271061873321534
1.6098513798065186
1.2595632406921387
1.2608231519012452
1.3575790802307128
1.2125173161468505
1.500333415725708
1.1895194112701417
1.2035491549682618
1.6540235426025391
1.3306942520446778
1.2588840664367675
1.3722145276947022
1.4255321412353514
1.1700661644439698
1.1629207149505616
1.2724224338226318
0.9819674698791504
1.181945351425171
1.324111363723755
1.1595421315917969
0.9244758566894531
1.231123408203125
1.1605757224578857
1.2918554146270753
1.29560127003479
1.5541203173065186
1.2577155665740967
1.0877219515686036
1.283257956008911
1.0844447683868408
1.2877486230621338
1.3579902244720459
1.2232583375091552
1.2529219929351807
1.2121796092071533
1.3466427137756347
1.36304505657959
1.3863658049621583
1.2682923087768554
1.2628522397766113
1.2139205021362305
1.3868744895629883
1.7861509438018799
1.0338040247955322
1.2627808779296874
1.3336526691436767
1.3901172162780762
1.3404803754577637
1.2116204848937988
1.1279423048400878
1.297147738800049
1.2352203084106446
1.1691971834869386
1.1920037216949462
1.1239462760620116
1.2994335435791016
1.3512366432342529
1.1721831792755126
1.1607683171386718
1.309740419494629
1.1859002060699462
1.2104340078125
1.2713927107696534
1.274165126663208
1.0729239792938232
1.417169399520874
1.030283524887085
1.2225785270690919
1.5158189815979004
1.230584755142212
1.027136709136963
1.1941769138336182
1.1959037796020509
1.1590629609527587
1.2201649231414795
1.254879833190918
1.2419241811828614
1.2949826776428224
1.6971369268188476
1.216812079788208
1.1593196247406006
1.1867686327667237
1.0486286097106934
3.4138131879730222
2.809975007385254
2.651779870010376
1.4551069148254394
1.2673593972473145
1.0840139268493652
1.3906599564056397
1.311415547225952
1.2889181125183105
1.2662315847167969
1.2613666536102295
1.2650183775939943
1.2453430177459717
1.331331610397339
1.1363319902648925
1.3977753668060302
1.159664541732788
1.4000753624725342
1.3163336796264649
1.4252748041381835
1.4406207253875731
1.2796273494262695
1.2867715497741699
1.2218190428771973
1.0972334686889649
1.3094565883636475
1.0577731339416503
1.4123774121246337
1.2814637827148436
1.2632165964813233
1.2734418258056641
1.3625792613677978
1.5980937755737306
1.2306166105804444
1.3736484573059082
1.3658566533966066
1.3240084059906005
1.2474626311950683
1.2707470868377686
1.389926798904419
1.6817369328460694
1.37951176802063
1.3190515519866943
1.1653270409240721
1.3537867411956788
1.1997677831878661
1.2541705367126466
1.0384770505218506
1.3373722254638671
1.1513182496948242
1.9365707385559081
1.1534554238739014
1.0726119289093017
1.236982465713501
0.9476148035125732
1.0876096020965575
1.1740056149749756
1.2388586266326904
1.5845265663299561
1.186967228652954
1.2719521074523925
1.2928629783325194
1.194088500076294
1.2030091368865967
1.2054541170043946
1.2794279140930176
