0.7582610638578637
0.7950218452630338
0.8171000763900419
0.7689225407496215
0.6598025465981754
0.6563983460253345
0.6047653597075651
0.6856688255254226
0.5609982312480595
0.7624345958099396
0.6094198097665404
0.6050565526321736
0.5651022692448424
0.6012028469348232
0.764205527651987
0.670218184695067
0.7776454080553965
0.6196350094681866
0.8541845030423125
0.7024151193786968
0.7478638899587448
0.6443535108213727
0.67113586061216
0.6847126106080963
0.7418259671414054
0.6906094311282387
0.639029843570251
0.7902310953153096
0.7690609995413936
0.6554887895875866
0.6929086494822729
0.815075864042303
0.8497677527537748
0.7541876945053192
0.668866113511612
0.7591887788680034
0.6920695545616928
0.7093969607774804
0.730812053255433
0.7500825025449842
0.6694326127178446
0.5808260372891187
0.8781243375375702
0.6669474472379572
0.827569057494405
0.6833706174656534
0.8085131040563047
0.8473055414671733
0.8432524611677079
0.6422158186920137
0.6439599228040657
0.6197813657649798
0.6238765022798441
0.7856628953020219
0.7207805967222614
0.5695506104031216
0.6880472244550324
0.6435812019822289
0.7003936190514224
0.8156437095110516
0.7627781605586161
0.7760686257613887
0.6252932332419588
0.6793029724858023
0.7410293184502186
0.6586803711724745
0.6326494610233975
0.6368064405407812
0.7197055090223956
0.6648950544307267
0.7107248389918925
0.7319210987733341
0.7822465505264691
0.7258197118906453
0.7455573360367018
0.8588086348506073
0.6959178269818314
0.7440280118451379
0.7890958075428811
0.7102406162156487
0.7213800179787194
0.6816897863785649
0.7837241056977622
0.7351989373013401
0.731001469586358
0.8137415250719642
0.7036786063554901
0.7013125399395357
0.7118759264816148
0.7840856449468943
0.6900369461225845
0.7603145934032935
0.7023530817468324
0.5971027254780603
0.636484158736381
0.7901667817958686
0.8111569068744628
0.8583615919971068
0.6533963315865695
0.6227523812138538
0.7707572969066715
0.7956913084596966
0.8032493578096489
0.7614504464259453
0.6571510675361536
0.6090706264206105
0.6748312669773235
0.567426833571693
0.6864608982640796
0.7536015799965614
0.5594049080970529
0.6644260855139368
0.6255530157217262
0.5769808520345078
0.8155581299428022
0.8718581079101625
0.6550061491261423
0.7046811905920582
0.9288619585620089
0.8315488813772464
0.6645104801885987
0.8598345667707005
0.73110991983961
0.7224434823713098
0.6513848266217388
0.6677111674231306
0.6442459670351002
0.7284448243857395
0.7480562790550416
0.7488188507709053
0.5773616640793845
0.927572593826175
0.6662033695213261
0.7616983671752919
0.6786731080026531
1.0536857998633307
0.8946051697199582
0.5879662654487214
0.6529922738680105
0.6587903023650654
0.747725193073296
0.7104642973615833
0.6860666029996185
0.7111179756558319
0.7607291021237521
0.7671785200331298
0.5854376143720121
0.5715941079372153
0.7784869334408796
0.6990703916439243
0.7765445544513713
0.7288776309471254
0.6437580951823128
0.8199438952822959
0.6674139741533853
0.615882970166435
0.6095792170167558
0.7211120211311398
0.6426138232412382
0.6583678542560583
0.7258252373377212
0.6674580158306557
0.790895814103054
0.7048915398682177
0.7768092587100381
0.6418390306737617
0.7188583175160388
0.6850493103000783
0.6792325728153341
0.7746780014612147
0.6943768435643514
0.706369342541807
0.8184724263338359
0.7986724137144651
0.7031458928611434
0.6821390153882401
0.642135440511959
0.6434924212378758
0.7083498930793637
0.901262911396801
0.7710515268904304
0.7444898071212418
0.7375197410536587
0.7179458505687799
0.7215486505362576
0.5239394422540349
0.6354961091543446
0.74757476910972
0.7572816409759896
0.78105752432996
0.5556309071634303
0.6386959974587119
0.6735293763936134
0.8023375414334151
0.7499463921409074
0.8093883892152544
0.6812101159524839
0.7054983030101079
0.6496962256512114
0.7060092632320236
0.7760697061420352
0.5840636926673801
0.7906313849927312
0.7508115970072593
0.6883450428341504
0.6715634984871648
0.6308836153646524
0.6351258523260042
0.749453934203194
0.7572858297215219
0.659105278278703
0.6948037373027677
0.7121893948039285
0.6705089491066477
0.884885705865466
0.6899740303342903
0.9517680341944529
0.7260185655818339
0.7390372245928543
0.8123040556597907
0.7107818110204419
0.6987939137396443
0.6440608654761899
0.732854305213571
0.6945103616177962
0.8223195576960143
0.7342645912652563
0.6839642843749022
0.664430400233284
0.7199247020058352
0.6337686346501388
0.7938394860623044
0.669832858002515
0.5496320664386953
0.6055949957488145
0.6430101670061871
0.6858820671122933
0.802064858996022
0.6755471028462845
0.7437884334010493
0.7759484993582175
0.6999586039580973
0.6630173271158728
0.6183988290952548
0.7755457967720973
0.6784609034612408
0.6442348561575554
0.814272883246523
0.6132890121984089
0.7297003301364205
0.5536741186466788
0.8062873617844784
0.8208718285842158
0.5502345548671509
0.7146235141141661
0.5855298270730832
0.655954134579536
0.6756232551796961
0.7509736250803032
0.7142939104068816
0.704035777677645
0.6342439820362109
0.6075037580811133
0.7246534610529933
0.6477127169467327
0.6672311312752215
0.6785867612702038
0.7165604898017847
0.604781466994897
0.6889109075825122
0.6067498114941128
0.8559842634346023
0.7354521326463153
0.8055074105318404
0.7685264535194563
0.6723071779122365
0.7769758845280511
0.6926660890551868
0.6604866284513449
0.7579805554676644
0.5914056230957403
0.7039252598586878
0.7570815058729962
0.8441236572276779
0.695273431854547
0.6999861855438938
0.7046119102321051
0.626633769347413
0.5572540066610547
0.8245378560664987
0.7757321454964304
0.8553440430610444
0.7847229353930676
0.5886474281353005
0.7008498197361942
0.6396933807756949
