0.8202713914321499
0.854904461706079
0.8912054218130488
0.7801705636565741
0.8289193970251889
0.8199535659036934
0.8742775761644864
0.8228898099985086
0.7688867859161912
0.821472143307492
0.8582076528407427
0.7722761704399461
0.8398996208432501
0.9202025038375844
0.8258693057301462
0.8232048524561402
0.750656151611904
0.8715081058558503
0.8341846069825778
0.83749194305286
0.7587337069000917
0.7652472223075641
0.9244609083391546
0.9353633840388018
0.7710082403136949
0.7557069069676123
0.7466471459468318
0.8160084997102072
0.821181562421536
0.8713532813837744
0.8561789504596484
0.8915927145323812
0.7557595212251418
0.7354543961362519
0.8280807938394642
0.8195321915720035
0.8738781250651171
0.8223781437769857
0.7687691067153923
0.8204155425853903
0.8240529337939992
0.8268374547132142
0.7745851475844421
0.85936166107126
0.7718605131421076
0.8851505326999017
0.8249940815450245
0.8228645675003518
0.7992369053044843
0.8392335226507761
0.835078642770982
0.8369404796518177
0.7644688546518354
0.9242353833397691
0.9343136215637711
0.7692465413915784
0.7524771657154359
0.7462569671459622
0.8159160476253342
0.8216156759293356
0.8739085735163383
0.8558517301871582
0.8920206946354329
0.7534196397154272
0.73550705856347
0.8284569799180599
0.8193772316806667
0.8748761707730113
0.8215742010440857
0.7677988815798804
0.8186017573479816
0.8223779852228399
0.8284673259440616
0.8186011946597134
0.7742536703464058
0.8561341290718056
0.7722743075555853
0.8399495653532446
0.9205528050317358
0.8255803296236741
0.8215729680457455
0.7970648239175466
0.8745337938108326
0.8338114358252948
0.8368867487354776
0.7590477157541224
0.7653355892210953
0.9235327280762826
0.9339847500813677
0.7684278784334669
0.7574723556729024
0.745008209586629
0.8152848507878344
0.8213812397141511
0.8724630351325326
0.8559129285679279
0.8906222286839347
0.7572260705910194
0.829320068684579
0.820598004392229
0.8202105969897319
0.7687847702906911
0.8209756931426226
0.8284948838208173
0.818030665174674
0.8539884767256796
0.7723405828753889
0.8394957641500986
0.8839804753777627
0.8251742333828321
0.8193843647301842
0.7978281289277775
0.8400928798980964
0.8346062362958535
0.8372098145455455
0.7593015466328557
0.764700840676513
0.9345415635250471
0.768609797455081
0.7557736053818365
0.7435732384496211
0.8158443972436332
0.8850850031187025
0.8649444658167657
0.9022909220414772
0.7591800292142654
0.7922603895414466
0.8408439149262921
0.8322584350603869
0.8830424598623066
0.8298158661946118
0.7782088633692141
0.8309477080400268
0.8339209509429029
0.8399500033522376
0.8292257557167025
0.7836674010022885
0.8698035895331169
0.7851085997153234
0.8562621466718162
0.9263877416058522
0.8356219307761927
0.827903581500338
0.8107840302909523
0.8504850706569788
0.8454141540358899
0.8502039674913661
0.7727276026489499
0.9362394358436767
0.9450601984190774
0.7746590978415762
0.7605423566181091
0.7566053608268961
0.8252483730421747
0.8333528593293414
0.8816586042175847
0.8623872210679746
0.9017897176896752
0.7691299715423587
0.7427421071977245
0.8363944239939269
0.828819283281266
0.8851559742893806
0.8353678088727994
0.7822094974013133
0.8267658449772963
0.8272165792450006
0.8734651978662076
0.8216303793869
0.7813059125903643
0.8610830539101453
0.7843504290036512
0.8488360681685462
0.9266584158415143
0.8335066814402311
0.8291588603378115
0.808331689203861
0.8832405221493753
0.7684676031468101
0.7773099227587905
0.9320665593101847
0.8227137245124925
0.7593646464177448
0.755716676429962
0.825096459978842
0.8307107423982499
0.8858690020753648
0.8646507353432092
0.905426937015064
0.8054676339852975
0.794879398673717
0.8418221792967495
0.8362731383071382
0.8858743556680517
0.8612424150021594
0.7799665820844504
0.8301427385140109
0.8415990622467032
0.826245391766236
0.7842076562029544
0.8716524368725616
0.8636229863445664
0.9268661727483116
0.8271659309124295
0.8114436062186065
0.8877911588944285
0.8510032178580204
0.7685158130029888
0.9354064724867807
0.9435156640811099
0.7739067539902187
0.7585503314950957
0.7616474524030975
0.8260478528971356
0.8337260181784318
0.8327211637303045
0.8593384166929783
0.8209066926337047
0.7905962359743159
0.8397533122737497
0.828009448633434
0.8877293901093977
0.830875730660491
0.8350036291826104
0.8313385905695312
0.8726876086449207
0.8197920281836315
0.8562397697795627
0.7858020923443926
0.8463545554108888
0.9271388379647927
0.8315557497402775
0.8279702235397737
0.8089432321388015
0.8447394377217858
0.8449585903927357
0.8413694990482152
0.8166127243606778
0.7763660625281131
0.9299919074506031
0.9425403139772999
0.8212935000683034
0.7624767488646056
