1.9314568871487483
1.9259269479405636
2.0657953974558665
2.068608741695408
2.058958363775146
1.934953984486453
1.9246401532091775
2.117460813617599
2.0723102915749934
2.113357152369229
2.122721577438142
2.0611390797102107
2.0657159628771673
2.064849841686694
2.060804135539363
2.06419815720542
2.0632584287037035
2.0670392303920124
1.9281881106268013
2.0626230978846616
2.113802640327358
2.113211521726241
1.9195248329561494
1.9242413996512409
2.0684374942913926
2.062447224706361
2.078125048777684
1.92822473280722
2.0582453125672626
2.065321420959049
2.1266560641808754
2.1106664939365865
2.0688380422524197
1.923777170072955
1.9266687833544591
2.0647354193474308
2.077504385108708
2.0598484012995466
2.062996221544494
2.065698263127248
1.9317526211327274
2.069696564844065
2.1267802950837047
2.11509827400694
2.116284266496091
2.0745735510236023
2.0688347362129633
2.072676098814036
2.071552248741665
2.0646827555019014
2.0718846244147766
2.063028095455359
2.056071465671033
2.0697621249602154
1.9252452295584321
2.1140857104881636
2.1076730301209023
2.117346317566334
2.0643488275327986
2.077892616818961
2.06521153425286
2.0682293000164416
2.066111209331039
1.9227679131475903
2.0678264214471205
2.1019393902590915
2.1214689358701517
2.064501819379835
1.9236176274467776
1.8815604771408418
2.0779208036956356
2.059321760089474
2.066605386675111
2.071490376070306
2.063745431724118
1.924982291052871
2.070994646850484
2.108044496932954
2.1249861189213406
2.0717411101768093
2.1117517392688487
2.0726070646768706
2.0723465591317574
2.0671955048844124
2.0675637932424396
2.0573251613784165
2.0702486724409885
2.063315202845928
1.930175305341136
2.1167195527863583
2.114366576257069
2.0704375781641344
2.0592360425629677
2.0650317286119697
2.0654204175892583
2.08033240477607
2.0675786971535284
2.1182862215508926
2.1281941062181993
2.069188535071471
2.1288189896116534
2.0689307637341487
2.073159455366775
2.072073509503141
2.0736591141652063
2.067658722463814
2.0681535538845663
1.9421424050163505
2.1194717650789934
1.9300879684427785
2.061090550704343
2.0642184497839637
2.0647701376730665
2.0625799852611824
2.0620686028024746
2.074676091460785
2.0550126880902315
2.065238113745367
2.1075957014838145
2.062693723399624
2.068445998703241
1.9292284428830186
2.1271229708605226
2.1255428525619684
2.1129761509472442
2.0701383468180894
2.0691595425405818
2.0705740285039296
2.0659279376675093
1.9318660582376828
2.0656019686986853
1.9247533598782793
2.0681285598131565
2.1118266331090902
2.1182815976524316
2.0622884855566572
2.066226340936326
2.07196351301812
2.0679618566364355
2.0658947062982076
2.0621668213508872
1.9376199032088526
1.9348525170926776
2.0747022439385367
2.1131508145407154
2.0615495202008876
2.070850067330182
2.0681340240621533
2.0711711107497313
2.070104951016211
2.0646996537358384
2.062943878239414
2.0718241584950974
2.062608376168162
1.9290269051002653
2.0651266724036073
2.1069709021360032
2.062827610718606
2.066814751954837
2.0693110431241806
2.065436836846221
1.932089291120752
2.1077385007322493
2.118360215495392
2.0622831643048474
2.069495840502146
1.9263367819429869
1.9402351471245256
1.9285542704059901
1.9362266994076238
2.079422733545826
2.1242818853259258
1.9325068061038473
1.9272377302878676
1.9271029167726668
2.067164433267834
2.0733700591200805
2.0635524538165004
2.0674499696646738
2.065189706987442
1.931314370782316
1.926976881348843
2.068208118802028
2.121175281225527
2.1136592911606336
2.06774321032342
2.062932158086539
2.0670268047058755
2.070859056138581
2.067189413872657
2.0659991575056456
2.0690633415782256
2.0695658831624195
2.0641364334213703
1.9187437985500337
2.108781584626812
2.1179107769201715
2.116717636987809
2.0674251588540873
1.9394423962559326
2.0618846891452938
2.0662388261374756
1.9245749233575817
2.0697220941835726
1.9315369053297706
2.0648172368693203
2.125418774701085
2.118705249784855
2.071322465530462
1.9308514078681265
2.0716208123876716
2.066906873760198
1.926627078933319
2.06741322565989
2.0560523013426977
2.0659221950962636
1.9272248871437185
1.9268427065805291
2.1098562183402545
2.116666888309617
2.111131195697981
2.069898328698766
2.0695422593535415
2.067692710013762
2.0681356754424036
2.071809035066244
2.0833769807841347
2.0640688691929694
2.1120042311666074
1.9285191340398573
2.1077648354344807
2.132493512958989
1.9391194691694777
2.068783201772675
2.072370187624021
2.081615072723161
2.0678141940758397
1.9263144180973144
1.925437894958976
2.1157510621916678
2.107407165791912
2.0670525251152707
2.113525734430989
