0.2717745230894425
0.2622314529551563
0.27739292007487626
0.27952098931151553
0.28891824526225957
0.2905679165080911
0.2791279046257683
0.25809765959510406
0.28757838625728205
0.266636330308418
0.2797175476614078
0.28991755239072226
0.29043112918173875
0.28693295028788635
0.2900093487592309
0.2778431271128125
0.27758519789794056
0.2945085254205663
0.2992262591931883
0.2718252445793239
0.273729002785022
0.26740373225737185
0.2742561913879965
0.2892517546662801
0.3022001224268992
0.26938776547152327
0.282863110836428
0.28208668839064127
0.2912828013399748
0.2950026178422793
0.2716042906748405
0.28416081477012317
0.2833958168718182
0.27766307495265796
0.251849177871635
0.2609672338016532
0.27059169935074906
0.3048048712588237
0.2828127605565217
0.2799996556136459
0.27916510217020496
0.2735443346230809
0.27758138347825584
0.27901222216342164
0.28879419487032026
0.27389833546407966
0.27510534937988584
0.2857274855328126
0.2898558644921506
0.2502206794109695
0.2759244362978526
0.2701750091486318
0.2975931848027592
0.3052522762750634
0.31126628166808656
0.2804554515238772
0.26281302766914727
0.29026056820467905
0.29015815434629655
0.2897342045724569
0.27515006100752487
0.25526625628384303
0.29070566427146666
0.29141054978432246
0.2607460329241915
0.24401412765925284
0.2528026592851376
0.2983511584892717
0.2875364956687176
0.308423726703607
0.2831253186834186
0.2869002384443144
0.26849465287812185
0.2796421813099276
0.2711778499067706
0.30019751321763105
0.29144180330362757
0.2749333623999032
0.296215732884722
0.26544248749787974
0.2850296777977772
0.2833991229236101
0.2840636173295292
0.27564197879902047
0.2789106077907054
0.28849731109307897
0.27366533758089745
0.28971321069474637
0.27528245730731116
0.29551872230451837
0.2754055059951355
0.3046030003419007
0.29255563868620865
0.29537565148325007
0.2711717649659615
0.2849162222580476
0.2866605335878474
0.2738752883405228
0.2873279136945663
0.28922645867947694
0.2758049285112256
0.2579709220177583
0.2685081763319326
0.2972944970341228
0.2790241843909719
0.28513208154186254
0.2847746388649337
0.29768661777601574
0.2694000468919817
0.286225033737586
0.28554058280599964
0.2686621561608332
0.28400898776139216
0.27667837799424616
0.2861823826646771
0.2773123847768052
0.2779837004539639
0.2696620597307754
0.29819270481262417
0.2833779506907638
0.2882857423459495
0.28185109254660234
0.27210426592185455
0.27587348747302687
0.2687754995961421
0.2906553760113859
0.2699762459802004
0.2736269375569784
0.2739997331584445
0.2919657148130117
0.30505773556112964
0.2693343400297162
0.2609844869001041
0.27846215658667184
0.2850997273538559
0.2903982654401749
0.2543535178927612
0.2865022582398142
0.29743849106935094
0.28085855120850806
0.2746469532355789
0.27840471021644075
0.27531581068876065
0.2860477830643339
0.26847580355595657
0.301415227858952
0.2750480561768324
0.2737129404800287
0.28288143833730917
0.30039647542476255
0.26825550913636415
0.2856356809601916
0.2671045112597585
0.2760560939458826
0.2924894350854313
0.26745851893375233
0.26660866993280236
0.2717678363362005
0.2732385105357412
0.2811210839742298
0.29073226689392906
0.29509507612899105
0.31095516981010907
0.2697878869599463
0.2764957926181395
0.28817586109577586
0.30056907251750836
0.2962364359767931
0.27278139873151874
0.2706118849650263
0.2938893434418861
0.2916723075147087
0.27248639690513066
0.28469995176400387
0.26616119772235763
0.28301394036778105
0.27261266024148556
0.28343695891897597
0.2947416628032437
0.281087654057377
0.27227765707578316
0.2719908090320988
0.2587158199566417
0.271358915843078
0.270820268015755
0.26971997511074863
0.2629200761343007
0.2725240831756468
0.2750744597375865
0.2745896878171081
0.2860350856582625
0.2781199974142466
0.27630770658357356
0.27298368419354563
0.29459963198540995
0.272735686610254
0.2869813053916681
0.26703310659601587
0.29345813269978405
0.2767117476458625
0.2696186131517197
0.294148458784975
0.30699068420231634
0.2779747357829769
0.28160494434561345
0.2897279720128819
0.2566332013286012
0.2880403477562835
0.25908650163641156
0.2617858357460389
0.2897197600001351
0.30905304910635
0.27738631474658054
0.2573590766213887
0.25530453302803924
0.2742763797396499
0.25799454699602425
0.27244490217737716
0.28522218429686935
0.29126413411597957
0.27605082985817153
0.25693895290765956
0.277572827675207
0.2667316618235178
0.3079790688587639
0.2939300714317461
0.28863899013136207
0.2760292337781886
0.27061560916015504
0.2790558474285482
0.27081613685550127
0.28449744318565867
0.24847416349202328
0.2702473209049904
0.29200677208150694
0.29042274418774
0.2618799873361551
0.291309011676469
0.293218383714936
0.25997781262046
0.2866443891302948
0.2812033430084521
0.2712206341280811
