0.16548790269730268
0.1511806607003891
0.17405590612244895
0.16884543625285603
0.18474244120940647
0.1841090094574415
0.1840497737556561
0.14882036096756457
0.16957026101694914
0.1661049264433357
0.1784224598930481
0.18322919841511734
0.18879310344827585
0.17948811968319153
0.1750268869198312
0.1750538103688933
0.16706691578947366
0.18267338908017708
0.169060192476489
0.16948805958429558
0.17023887586206896
0.16387924696734057
0.17068533684210524
0.18232899022801302
0.187451057165231
0.16651244133202742
0.16648778309859152
0.1818181818181818
0.17926758938869664
0.16869009016751638
0.17041233606210301
0.16949725212649944
0.17905542412977357
0.1716938258064516
0.15364168169014084
0.15385534124847
0.16653525049928672
0.17930786904078114
0.18264331210191082
0.1650019022113022
0.15288394901960783
0.16473794944103856
0.1649924348623853
0.1845070422535211
0.18017915309446253
0.1670019955408753
0.16911209307645994
0.17677383592017737
0.1873015873015873
0.150393499209202
0.17017355318127247
0.1695361621301775
0.16994362491103202
0.18185714285714286
0.18653846153846154
0.16908894254143644
0.16807091290743154
0.1849388379204893
0.1796449007068327
0.1874401913875598
0.17434106826222684
0.15270141919385796
0.179885993485342
0.18145385149201942
0.15781408199233715
0.15155059372900334
0.16103560701168612
0.16600179802387813
0.1829578947368421
0.1779524330235101
0.18367529905728786
0.18548034934497815
0.169731909255079
0.16649707697491575
0.16586103949428052
0.18436863543788187
0.1790942928039702
0.16664465960945526
0.1731416895883777
0.1707237941544885
0.179885993485342
0.16754621426684277
0.17928943810999223
0.16970038886756236
0.17889328378063007
0.1828300921187308
0.16460268053691274
0.1798225050234427
0.16728027375037413
0.1652524991793669
0.17583407826086955
0.17976190476190476
0.18250528541226216
0.17910396716826266
0.16834615555555554
0.1708730088748019
0.18435483870967742
0.16994362491103202
0.16953217303370785
0.18445121951219512
0.17008446892177587
0.15649357468805702
0.15473547628128723
0.1711090257602862
0.16953000949935812
0.17963975858166728
0.18093184686579722
0.1801605504587156
0.1659484947368421
0.1788328729281768
0.17381422204724406
0.16886049576946657
0.18149267982176956
0.17888257575757574
0.1807726999398677
0.16942824961915123
0.1706001238095238
0.17359059999999998
0.1827115987460815
0.16760755568400768
0.1784042553191489
0.16796975309446252
0.16748543568075117
0.1724374107538218
0.1711626930232558
0.187012012012012
0.17221353644996346
0.17162780930232557
0.16910853478260868
0.18647286821705425
0.1804394954670871
0.16631770646636185
0.17359392409972296
0.1686961118110236
0.17858239508700102
0.18107985480943736
0.14968001561674837
0.15930209767441858
0.17776315789473685
0.18062015503875967
0.17446062012072433
0.18223905723905723
0.16606458047099365
0.17958015267175573
0.16965443928571428
0.1787717193526635
0.16440557052037938
0.1683427283158544
0.18169856459330141
0.18152901785714284
0.1694984972407231
0.18230478589420654
0.1673637707317073
0.1744371863453815
0.18719366407650925
0.17357746816050024
0.1491982178001679
0.1667776689655172
0.16841779812426727
0.17700793257312838
0.1813517915309446
0.16780852114695338
0.17814502038439137
0.17127768487084868
0.16527122015503873
0.18181003584229388
0.1909090909090909
0.1847465886939571
0.16921600620384045
0.16558405372460494
0.18192688290269377
0.1801605504587156
0.16868787330374127
0.18082977069568595
0.15608586808510636
0.1688599641618497
0.16807195806350203
0.1837355404866374
0.1796706586826347
0.1774590163934426
0.16448791258840167
0.16191544040404038
0.1528252905592303
0.16799506096654274
0.16750685766871162
0.17775545350172214
0.15457019371515457
0.1845565271705184
0.17380266082852647
0.17397803866535816
0.18041176470588235
0.18317717206132877
0.1712363478005865
0.17053253548387096
0.1769736842105263
0.1641973995310668
0.18514492753623188
0.15012849901351843
0.16649782433460075
0.1694408463054187
0.16488850209790207
0.18050248376003056
0.17827783558792923
0.16538447351778654
0.17766836086404064
0.1812297209604153
0.15306570711610484
0.17145634965612103
0.16401224048865617
0.15575571401320615
0.18253663642707604
0.180198973042362
0.1685951791680103
0.15254690295857987
0.15247980257460503
0.1722168295081967
0.1669642227045075
0.16436520634841287
0.18200863382427626
0.18187361419068734
0.178415559772296
0.15241519008746354
0.16597444115029097
0.16601914715378077
0.18203812316715542
0.17842124019957234
0.1833376222336593
0.1664421054452274
0.17000021281708944
0.17291108192771082
0.16675630203644157
0.1874036030959752
0.1525959070422535
0.17086077543859646
0.17879357484620642
0.18017241379310345
0.1682419481828839
0.1803735926305015
0.16621184019957233
0.15365425714285713
0.17830882352941174
0.18032194480946123
0.16514606038543894
