0.34405207601499066
0.31126600069821564
0.30735421461318047
0.3467537866805411
0.3064898905474328
0.3022127416987274
0.29737171697302867
0.3375006754850088
0.33823411102172163
0.2895074934219419
0.35010404322766564
0.3175198359810626
0.30515114280180755
0.27180789523809523
0.3126883520977164
0.2989091888276947
0.3154176523566287
0.24140433670276773
0.3352314161616161
0.3277674405063291
0.3015730748910562
0.36915084145717936
0.35100282320596454
0.34729705194805194
0.30260428275862067
0.31992460829666874
0.3240202790668348
0.33392123246753247
