0.6683038319955203
0.6004056416073317
0.60648024539025
0.6681630442192659
0.9288142249312918
0.6832081975172932
0.7063117325740349
0.6449007522945807
0.6867084693056702
0.7037700095956855
0.5871942382385074
0.6630647705789133
0.5504606798990087
0.6644943112486895
0.5281340901473095
0.7600352707100726
0.6089626579505661
0.6589711936867679
0.631535127352978
0.7419969790524704
0.6723748552400695
0.5380797031854316
0.6143699716275595
0.6194068472290863
0.6798066427013538
0.5772335275162213
0.6963365833310573
0.6412417299202553
