0.3175782437994531
0.3362366996315071
0.32051886451145417
0.3336733324026023
0.3187328901577577
0.3236180680246447
0.2929709747931272
0.34264567444531346
0.33029755441942127
0.3530046247463921
0.3211019350768429
0.2960358724169188
0.3303586772631897
0.32811068838379176
0.32499355543309644
0.35571065582579015
0.3252255684669481
0.325900312253945
0.33678639510934416
0.3851877912744235
0.2989159653984681
0.3564449505243318
0.3143746774957802
0.3072284794729239
0.31889110043495933
0.328296364390189
0.353255779159343
0.3084586455580779
0.34146537652624925
0.337536044058422
0.38572098560077617
0.30287881976184655
0.3465396521110939
0.29936146883462406
0.3173670540182773
0.2979606464345586
0.3194217155950905
0.3325882169454281
0.3055979831053491
0.31164338113252904
0.3409421498889834
0.3853796555099123
0.32470424262085706
0.33080895285743595
0.2938836238278196
0.32580469213827407
0.30960901343330105
0.32506896452118783
0.3154674779797888
0.30611342805500324
0.33837811109729793
0.29968520910491464
0.38174731127457606
0.32191452012771976
0.3856180920154877
0.38429087688134206
0.3836262464030246
0.33820313570034144
0.27989825194124524
0.3173458457020652
0.34494897955994386
0.3207535777147491
0.3183681635803682
0.32565058571896754
0.3400139086355076
0.3230401573010586
0.27548270972461675
0.2945904099884922
0.393561708493123
0.3195253322045466
0.3832149989958468
0.3252195837517472
0.3331051597834995
0.32633632077676955
0.2986679376315552
0.3294562291188763
0.3547946373282762
0.3298642234501142
0.3306288868872208
0.3761304048384248
0.2920352744916975
0.32111359879875845
0.3365429800090746
0.3222569618892474
0.3278513576498141
0.31445061611809744
0.3350355386273253
0.32840644442578026
0.38213912180336324
0.31294044273796584
0.3797879167521127
0.3144289600307263
0.3283808652032515
0.30706006761509536
0.34614144017073883
0.31722671219966436
0.3153296006185493
0.3590715023690794
0.3223867123661919
0.32633014598732885
0.3115051670489412
0.34514269489233085
0.3813859502797332
0.3115929444437447
0.33397141016878645
0.3084369641687698
0.34313584579925366
0.312431959325705
0.3140721806578958
0.3472414300344907
0.3012999079657549
0.3079640064833462
0.3244404095346735
0.33441367938625244
0.32792091250706307
0.3020052019299129
0.34354722015838074
0.33024637601838036
0.3397866367411813
0.3184177349179907
0.32925849800274287
0.3083351346514749
0.3145667345965747
0.34312701645359206
0.3236281551753185
0.33821541079570766
0.3844009857260776
0.3113628612836927
0.26757119480739566
0.3371112327813244
0.32855504931173635
0.32914577896595615
0.3164602876651734
0.38915995511942075
0.3730552177619717
0.3017787962164622
0.3185742399535868
0.3205258043714365
0.29600916973398655
0.3183451671510263
0.3176765502397236
0.29766778726742377
0.3870992671760783
0.3198626640092749
0.30801774353448275
0.3478731137440943
0.3305623712540786
0.302402659737262
0.2955997192937784
0.3118309298083451
0.3199844733940075
0.30533882213973806
0.32247023738347724
0.3263302201883525
0.292842689063623
0.3442325093667182
0.30463715834013183
0.31429358084189496
0.3112992508855242
0.33771232312241717
0.38505509910876456
0.38979292500622953
0.30283001691238753
0.32404114148453705
0.34546369297014173
0.34294026286965296
0.32641634882101833
0.3083576011067872
0.3181325577414136
0.33883418571503604
0.31880569093017375
0.30400493463958167
0.3346622666743097
0.3152570084759241
0.338085435010584
0.3484971460919581
0.3135146015795207
0.3312634536815588
0.3408463637574428
0.31085936868831643
0.28825246885114425
0.31586338536164704
0.30366741893504523
0.26781348805523114
0.3278912069238346
0.2664616568542213
0.3197360195561163
0.3186089161635496
0.28443317722858186
0.28535347008086104
0.3273940622596424
0.3060092287600461
0.2963208474834711
0.30920812524537433
0.30901011038830983
0.34851124318458876
0.32738883979733063
0.29577438186138805
0.3185526919393496
0.3427269472979639
0.3813897570016087
0.3254480731177834
0.30138459016393443
0.3221803062959973
0.3154049309817832
0.35827470879542317
0.2739818028478946
0.3274541123274285
0.3298482647099973
0.38475060433472646
0.32281839508914467
0.31859342252145256
0.2992918215179747
0.2698188848256797
0.3236160472732948
0.3181082879367153
0.3257654359551418
0.3201834936515105
0.32208709897821275
0.32805695405392576
0.29561469634410403
0.33995694407151017
0.32385451449748015
0.31848294783677206
0.3292647981053032
0.3120564510265396
0.3217313425414894
0.3024765479829688
0.32616062292541587
0.2926487836417932
0.3056865577298064
0.34352845291074535
0.32786167232702634
0.3350052207279785
0.28142428760166016
0.33704463200864954
0.3747954982159763
0.33104211410624645
0.3294588718527712
0.3213384756566494
0.29716609285078727
0.3315475731065012
0.3160668964289818
