0.4703413334816098
0.49158875722657125
0.4854689381776403
0.5018812713563578
0.4997863845810425
0.4502851293829515
0.4892150409873533
0.48201649953864434
0.5332906456061657
0.45503610558244517
0.4648257971320463
0.49220378649585916
0.47431057681378674
0.48461602619270855
0.5321379375057748
0.4833760766563317
0.49764104741914034
0.5067866818459769
0.5730031741399639
0.4743977415200396
0.533235260599005
0.4716883243636988
0.4614484184788509
0.4753143780627415
0.4917499450071928
0.532853519291362
0.46885285775576147
0.5111220262795038
0.45369067469610147
0.5648726272782241
0.4655338774999882
0.5130719249998184
0.4708874851964613
0.46097406913697475
0.4803413813092396
0.48900487257770076
0.47369381869784244
0.5574978013964229
0.45628954702820546
0.5054628890864605
0.5604607599074038
0.4851709909672735
0.44954128368169227
0.4884899001274326
0.47391057603642994
0.4876125200265547
0.4853310587290816
0.48390186202929386
0.4529985815845965
0.47508015123223
0.465410432534093
0.5627716442283243
0.5517444651006598
0.572283688679875
0.505625589936971
0.4431728397571026
0.4941366614681993
0.49358255894583625
0.4933443857474852
0.4829918351954191
0.46205499941386985
0.5018230334942212
0.488315523271146
0.428119730859287
0.4431780730431081
0.5733178958347277
0.483887772583286
0.5697151403086047
0.5005178545532306
0.5013669703746975
0.5155370366114462
0.46461138206441904
0.5225746352981999
0.5089192743827942
0.4813748090009547
0.5621867587847266
0.4440194122034752
0.4756254584317443
0.5124174829029047
0.5063687384609508
0.48274684036515275
0.48768843274671103
0.4838897224429701
0.48414208848259577
0.49403785969517494
0.47918316024287877
0.5682411263818312
0.4675986366203708
0.5559422994668578
0.47489120804618384
0.5045548668411816
0.5173901713233233
0.4788008260306331
0.512820518801199
0.4688952254026413
0.488207755220412
0.5298677129867386
0.4866603159082757
0.4843002592041638
0.47343228514841085
0.5128015251178775
0.5653783925126419
0.4993864331009458
0.48207038271107017
0.5255534167204747
0.5242556683450481
0.4653924972743159
0.49145320939428805
0.5121972238441709
0.4607809223342687
0.4459139000814999
0.4809578794393583
0.4923128294042488
0.485075781813607
0.45659950280350725
0.5235329173981565
0.5203122397726347
0.490999810627097
0.505269946442988
0.47349450377907765
0.48150903594546157
0.4595495112318834
0.4916170043515024
0.45878708891440817
0.4792851976016179
0.476082602224796
0.4908640556590427
0.5453975995587921
0.4693985706523373
0.43311032847157155
0.49075623809645497
0.472037402936737
0.46199805026072716
0.5816120133940252
0.5276024372634239
0.45360096331138566
0.4741307443613697
0.4714578633864058
0.44949023251116266
0.49475151926776456
0.46192327521826887
0.5699351798616223
0.4992217300264908
0.4756106725
0.5188316031908541
0.48221746400229015
0.4714451912499976
0.539628720097234
0.4578157699684892
0.47140576715005417
0.4759089794481718
0.4552323340010681
0.4829512326142613
0.49646803201191153
0.5198715420666079
0.47835655374993175
0.4645845915006374
0.5605883145692427
0.45813680234449755
0.4992669828955368
0.48458961334593176
0.5139179976268753
0.5185175736289691
0.4853834434546836
0.4792014099999897
0.4681477208696532
0.5050555326208331
0.4978337960563307
0.47057555569710996
0.48661796650436945
0.5142570416566856
0.5090077555304261
0.4650438259082983
0.48994900464936575
0.46739022736796754
0.5178076601720338
0.47515016249998987
0.4773914402301372
0.5264844289317012
0.4819754071872847
0.45115566999248025
0.4628192191470718
0.47466489356199115
0.4276890839103388
0.481539906668029
0.4721943891476402
0.4728421627440551
0.4494234575048747
0.45070765039390887
0.4826010011251988
0.48289684374938463
0.45015177611682977
0.5173237118340329
0.4733563723595061
0.5183659795548515
0.5572150961228863
0.4753314344010357
0.4859316318379305
0.5067250447473428
0.5641006202449254
0.5031148738577012
0.464670952499989
0.5012106245364552
0.4763574858080038
0.4297399384470528
0.48323961941493065
0.48616239853697063
0.5680921166303294
0.4961844774621766
0.477637959307351
0.4803994680216715
0.48251952037777607
0.432156909700914
0.47291094502336906
0.46929982838148687
0.499943551144155
0.4938505214674276
0.4535223353568402
0.47435340403898024
0.49320248182042103
0.45635099287170044
0.5612256946323011
0.5145960250548414
0.48408216518088626
0.4894667908833577
0.48619008553032234
0.4986972861318432
0.45836510187557666
0.495966803085295
0.47942108100471675
0.49252705454389906
0.4446198591941576
0.4598263307581136
0.5102554153793439
0.5029213421444738
0.5016843412202328
0.4403587166471991
0.5505509887787082
0.48447269852837227
0.4870340634264865
0.4904832573396039
0.46021356524291346
0.49580020492191246
