0.6472224870205713
0.5404771532078404
0.5171459570838727
0.5772166737766736
0.6687139333680201
0.6018045173659868
0.6512297633866396
0.3948620122261569
0.48224465166345026
0.6008574073405776
0.5584764279688867
0.5308052791995184
0.6717851467185629
0.6275923530758888
0.6859910553321857
0.5766062978220894
0.5630976470461154
0.6020445794779226
0.7099677242690072
0.5100883261797526
0.5437111744389778
0.5394414626074336
0.5591595038031574
0.448511559193163
0.422163747089215
0.4197980242460395
0.5377744225865014
0.6165893841749566
0.5120877146513241
0.5331652802877251
0.45632450007944764
0.5781937613882997
0.6376748229669453
0.47344945888259143
0.5807619764029727
0.6948315220130588
0.49651566896591126
0.5595864594402092
0.5145599451797644
0.532958357561192
0.4659363514971074
