0.6423856233892227
0.5017609897346085
0.5837699941867723
0.5959406327097362
0.5461063579388281
0.5243323305024752
0.5277073473253071
0.5319046302357113
0.44740623289896064
0.66893665209465
0.4908168141950841
0.5314788993428865
0.44581674482994516
0.4918038590498207
0.6934669201085144
0.661928216305742
0.7647363267756178
0.5678037744959281
0.7446844400900712
0.6779978164274814
0.6923208911705359
0.5447626174727854
0.5881322686462167
0.5355667807680824
0.5933278807370453
0.66074686284037
0.4326872838942958
0.6500812900932319
0.5811279110878792
0.43455836970148154
0.5986997270388867
0.6654578632259607
0.6877446636359548
0.6412276478180081
0.5539214840834463
0.6976293863345139
0.6435026617837747
0.5208591546013139
0.6425857326308229
0.6595917814035075
0.48360119509032734
0.46076149849092235
0.6710286870172785
0.4829042784525115
0.8752888765939235
0.598010260994516
0.5709104294876579
0.657767197545126
0.7419752503345481
0.5554178195915043
0.6549119507405877
0.5459478447708949
0.41105967299504964
0.6780467249394375
0.6429890540387343
0.574161196495541
0.5313214930280518
0.4879281103507765
0.6258300578031692
0.5940222241115033
0.5528013980990891
0.7252564733198961
0.4167679436326444
0.6106874531717152
0.5962228392081925
0.5414703799136784
0.560850649283678
0.5641516908800618
0.5439612983357912
0.5059219598420738
0.5188368303718922
0.51510964279949
0.6673626616670776
0.5665253640439233
0.6502249179203974
0.6294774287359692
0.5163589554105733
0.557786344264903
0.5848260882461517
0.6825283337698974
0.6661324213150405
0.5970066824546958
0.6792049375040444
0.5864624108066543
0.5516480831104902
0.7053560526370349
0.5015770686500048
0.5022137265596023
0.6771529922445627
0.541434316056539
0.6043395535489178
0.664037923469779
0.5186088898612831
0.5345385855184853
0.42662246336422616
0.5189083485412813
0.7067781295588286
0.6355722643243571
0.5612223199942875
0.5284799239203569
0.54510564887417
0.6652259679178415
0.6596580516903944
0.5847740864059806
0.6306709504342721
0.5552101891089697
0.52117946082427
0.43442254492247956
0.5223406587414269
0.5450613446158962
0.4322168591201602
0.6278007957187766
0.4290415047906597
0.4721047438973056
0.7467424141060405
0.6624924647363556
0.5311837258768818
0.6635519622018506
0.7516030423691973
0.8912360327539044
0.5658611103095177
0.5507163746773295
0.5404852325189029
0.702319712433277
0.5108898286881506
0.58038865586338
0.5959377095512394
0.7074181582993897
0.5481677156470814
0.7298860898158447
0.4948914199625509
0.7249063652484379
0.5922082550210425
0.5979741742827408
0.6238295343546727
0.9022454710073461
0.7120273564089986
0.520680157490129
0.5666673489877352
0.5443678506540974
0.7701830896942723
0.6745353929182654
0.5539173130436448
0.5517145375124908
0.6481157248296892
0.7709192244183846
0.4392825675496423
0.5353648996091391
0.6976696509382551
0.45760288772387825
0.6997803111268807
0.5905593367367561
0.5622126823777536
0.6765940041449534
0.6093601632879024
0.5221303127742957
0.45673383601982753
0.6007908025431195
0.5716367468662152
0.48093219803903425
0.5835575531929873
0.4881002887163056
0.5802440055072908
0.576431638544663
0.7000495916800424
0.5023303632517772
0.5464172050880278
0.5375298395000886
0.536076815345073
0.583782098570853
0.4843005269953953
0.5447320365402901
0.7108570155264895
0.7136090905989972
0.726862267615253
0.6075372920701363
0.5224298176879179
0.6075608510536743
0.6437132443127691
0.7299097759555518
0.6736483749749199
0.5582592049304739
0.6192769618841898
0.7102698899880967
0.6919703591689667
0.4513180522346392
0.42762531959644245
0.6699834352690153
0.6632575891959417
0.7576468685219467
0.46669750957436223
0.4334167533167209
0.608171697299071
0.630563198415373
0.5938956882982522
0.7337098550091425
0.4228664265572465
0.6699532307483855
0.6009982389286577
0.5462510550485047
0.6612577484017337
0.5051271068654603
0.5995680297539889
0.6172325198915838
0.5331838381705681
0.48692600741923736
0.4855862959533969
0.4350562085021525
0.5606756223028261
0.8472814396928925
0.5476609711630128
0.6332045021281086
0.6398624355694141
0.5073757937127609
0.6970450288412752
0.5687286513152721
0.6895466838575366
0.7039850119777891
0.6277913023817354
0.6133467181919454
0.4619613563330928
0.5047733548191057
0.5079911645176364
0.5522630523183402
0.5338734401857363
0.831546358053384
0.5491186484463798
0.6312434240092596
0.5253546847533903
0.5477048640623429
0.5152506780342538
0.5565211215117967
0.4803696249598627
0.4357554670360785
0.4584178666737512
0.5315477832496489
0.5834966579338884
0.6731935967367813
0.6484374170731523
0.5354064338308264
0.6350682280668811
0.6343700498542097
0.5571196574572965
0.5237409633396235
0.5890576337133653
0.6917266077611031
0.4545159096514829
0.6531095768334889
0.6290399736529771
0.558316431415503
0.4244629140905337
0.6809376026056333
0.5934577941751892
0.4062685884981335
0.5678113888106813
0.5427412667815313
0.477755669008658
0.5768801835214202
0.5949372871489919
0.6957835183259469
0.5246772493227944
0.4794120977591469
0.6030547730002654
0.6185435191159265
0.49992813359850113
0.5695184103841007
0.5547520616259504
0.561812614930686
0.5198409981962617
0.5778341420397545
0.5269108647729239
0.705701418917448
0.5522257845660644
0.5643217945620086
0.5852069987210318
0.6858987798622416
0.8311580747513269
0.5336064702367049
0.5607021299992394
0.5642004633207659
0.4136374448035331
0.6818889939467272
0.7054893443329405
0.7066560484387973
0.5707498170161345
0.5396000125461888
0.4944101629345001
0.46047907546590805
0.4335264030719838
0.5867007464122019
0.6151977771172976
0.7667537933053582
0.6604397628540835
0.5270871612815349
0.46325169829681123
0.4426571640633998
