0.4235376481396015
0.4150370888530287
0.4249248716278362
0.41514311559680395
0.4187037052901662
0.40211069881672756
0.3763096706324056
0.4184597347054168
0.4369790733947413
0.42806332858432417
0.4037350234964939
0.4078392838146623
0.42198414488208114
0.41474940567370944
0.4283849977331152
0.40600318961679416
0.3897937868563567
0.41542090742150256
0.3872496048292218
0.4258909130503845
0.4003867682623766
0.4354962421546741
0.4013602770964859
0.40901604118018975
0.3947965388861475
0.42687702627602525
0.44244294695056907
0.38425263745835725
0.40260732708528724
0.36705195123209755
0.41500970001685533
0.39060402757240087
0.5768293310152022
0.4491123662801292
0.41131233340163725
0.42317313468340356
0.3919054504839363
0.4453365203343391
0.4078956652546738
0.3943577235136563
0.42162308403567894
0.40564386406747566
0.41705415114637545
0.43566156850766224
0.43257932637892427
0.4103746507819088
0.44720543658735
0.4304814952691679
0.41861988458989685
0.37642119166673393
0.394712292806758
0.415797830860539
0.39884011395636065
0.3874435574285868
0.47104483681713033
0.4214895112656636
0.4045295418438627
0.37758312507607594
0.3747950500854326
0.4520878466989574
0.39098123313572575
0.42600729316006214
0.39671008654004714
0.37874003696435815
0.38793236321917934
0.43769195733482014
0.39828149483367814
0.41965739122854584
0.5365053570486905
0.4061936405149656
0.43640156196917296
0.4160114707609585
0.41805599440853564
0.3924726681861394
0.4140431598969585
0.43154289871593554
0.412650175129484
0.43507434777841003
0.38472633487176655
0.442193473805816
0.3839366394704817
0.43404234622303217
0.3951418209966271
0.4183667724457806
0.4284137395849895
0.3701089404113776
0.44681757087322704
0.40511481447441267
0.3888652104241097
0.37967666969239694
0.4255270654150413
0.41484244335074383
0.4360385550382093
0.375094682102188
0.4052071743716388
0.42198377936402365
0.41078377332082794
0.3751556146509064
0.39135104966650924
0.5481680769459781
0.4351177089097927
0.4255272701867641
0.4285398832309256
0.4245959578248344
0.4064838643028106
0.39123349021099063
0.41820693780935647
0.3966705814858371
0.4203630388970525
0.4510989156164983
0.3855437630072861
0.4353436637508963
0.4381280509448241
0.42411820793683763
0.45064197170647696
0.42322522344186164
0.40876880564089335
0.36885956786022767
0.40732478475850975
0.39186015862307266
0.4346502040809493
0.44966844159335595
0.4182657667600406
0.39170893469957
0.4006438474550619
0.42886355686724914
0.3728380839208947
0.44474287828906134
0.36662036398029907
0.40631732581764624
0.44649894114081384
0.41139160438697797
0.4060541366973701
0.3789947562311423
0.5664419189484639
0.42706664961945223
0.4561601404042239
0.41800720137595593
0.40850669003678153
0.4499964987821601
0.40495328652706086
0.46391421106988007
0.38811105970200954
0.38819381965940636
0.428179342009814
0.4165363764168762
0.3898738170079419
0.3874162754493776
0.4167849089178054
0.424896244192308
0.3663600676032981
0.4534714534721551
0.3742938997316045
0.37485985152712153
0.409897098132412
0.38331039784131815
0.3891646801181694
0.4102837764138678
0.37542377548374073
0.3793718473428118
0.4128615751737729
0.3920712311363252
0.4141793807401275
0.3719985180504116
0.4150144632900152
0.43954120628968296
0.4344747005128014
0.3714189945692661
0.39866440557664884
0.4112054068358474
0.39917579019496086
0.37274761731162653
0.37984393211616696
0.4274503100020459
0.3895159511500137
0.4583004593461118
0.4523107348464015
0.3675543595361541
0.3808091771713308
0.4078358382731348
0.4410273636225621
0.424478223689566
0.40310778438236783
0.40751075348462906
0.39642454464491855
0.42247413461571653
0.37141985913530956
0.404147187938112
0.40957752374551315
0.38885368891864835
0.4018851967744107
0.4142362375334311
0.43537612850003515
0.39232412408126927
0.3672466478397105
0.40457683484499096
0.42021631771494355
0.40625938771404513
0.3998424682006566
0.3742436305128046
0.3863303827351914
0.42660188293758583
0.43143422618862903
0.42497907141316726
0.40648442396231554
0.3942522927079966
0.3846408488642611
