0.8054497293655216
0.7152881960126246
0.7423986956682633
0.72987432534619
0.7789834225491158
0.755241684122817
0.7790551722933182
0.8232134990274258
0.7293837350729886
0.799748763748141
0.7375110941130987
0.6868168134366561
0.7398605974837534
0.7027113170249131
0.7380843909601151
0.5667277093551218
0.8477372701128774
0.6480401675965771
0.7343950363798837
0.7810619536822567
0.7370247875255563
0.7659262206465889
0.7305029781588473
0.6929679451457027
0.8125564551080211
0.6190980522591146
0.7229641745250326
0.7552530387616344
