0.14739850623495906
0.1601069630094945
0.15952104846342818
0.14623418689049983
0.16189423349367701
0.1564620368949461
0.15747999999076762
0.15418971431980083
0.14462313527222959
0.15636002168220747
0.16560239321396514
0.14961359066304425
0.15884741202339672
0.17357337704864084
0.15342487357298684
0.1611571817227357
0.142394392381273
0.15640575640082133
0.15294081128578857
0.1582297065935208
0.15437374475237473
0.14587457776226426
0.17044967340908884
0.17573320546616664
0.15199211609796068
0.14857465623937643
0.13941545940025313
0.15446217786076946
0.15089859414815432
0.1558528795088772
0.16075028968722596
0.15926616041424502
0.15991393598159287
0.15142111754390672
0.16150398304103758
0.15642153669684067
0.15701993686045065
0.15542858070803106
0.14570364752674336
0.15231649353440643
0.16736694508390842
0.15080351709581313
0.14372711934488014
0.17047472175030776
0.14842596079095893
0.16889381469415568
0.15348344849030252
0.15932286424222147
0.14720859457184593
0.15966835684169434
0.15571129630827607
0.15622942860422828
0.14775419916965943
0.17026529003236876
0.17540361825511736
0.1470175886205322
0.14317100166540353
0.13892963187907115
0.15401361487465667
0.15102534947765117
0.15725222492738708
0.16042271916985423
0.15979280607088953
0.14929395789117697
0.1474534417433789
0.15707045364929006
0.15614241903674
0.15648569026912126
0.15133987754717038
0.1436303180722321
0.15029650699478175
0.15914737369063217
0.1542017984212
0.1564563665046941
0.1428246252410887
0.16200394722832068
0.1496046162440186
0.15841537554785576
0.17220608193684506
0.15439118802519192
0.15180686184661182
0.14125144497886738
0.1605415499850902
0.15433916625542193
0.15577180801075183
0.15619810525137418
0.1479273813807358
0.17014027998813153
0.17506049046428102
0.14603243701716423
0.15428781248853987
0.13670257546272768
0.15169846405486415
0.1500001765408027
0.1560318069839199
0.16031226302151397
0.15894144166088575
0.16432631188375346
0.16391952294729806
0.15610082511742557
0.14701073658522978
0.14486131658290127
0.15270593315410846
0.15206817874933393
0.15733632941719905
0.1575555741210878
0.1499616335017451
0.1598259142208318
0.16803646782255016
0.15464367281454378
0.15149362286258364
0.14237783605551063
0.16031834740997833
0.1571460998897258
0.15882188464362051
0.15244049332206303
0.14502981778296492
0.17589681454348302
0.14745907859281143
0.1464870816276253
0.13418194355583998
0.1553324717888702
0.16211454694282512
0.1628526472216897
0.16068484411888787
0.1446960074163638
0.148416128151128
0.16438038986113523
0.15938661168679566
0.15478258986560658
0.15771105971325955
0.14811086752033462
0.1588344353674865
0.1567402762763917
0.1536257758694414
0.16000075747668485
0.1461535990395978
0.16972792103934087
0.153283585090293
0.16328251894136686
0.17243980620816193
0.15444619371851848
0.15841720357127376
0.14611474905704439
0.1570025307917853
0.15586523909074257
0.16401756281997965
0.14534342148425292
0.17986924197514667
0.17842175559173204
0.14872794244599305
0.14822649409430685
0.14221689253745967
0.1545093638754152
0.15636023808505628
0.16261813036083883
0.16392793597698058
0.16343494442649323
0.15248531969398585
0.1494752242693247
0.15854175441542112
0.16004082299851724
0.15589855227635438
0.16596240972578932
0.1473174933280398
0.15160157960756426
0.15086822591477284
0.15788346101713094
0.1515265505757752
0.1469418974025371
0.16332501238074104
0.15590409557853668
0.1583303686673381
0.17011719380400112
0.153655735029897
0.1617411230590861
0.14851817259176323
0.16598183354579665
0.1585600310381492
0.15324256264787636
0.1760673213299644
0.15248957329372334
0.14752759815783476
0.14170817178933837
0.15814094180023183
0.15130802688512723
0.16207033311312888
0.1620649919245731
0.16501598169836496
0.14483642596257887
0.15055119807739187
0.16231928026598674
0.16299845984895328
0.1563834059123391
0.1532653780034746
0.14979062831673737
0.15727362152397245
0.15716654389397308
0.1533443973630257
0.14546405049788916
0.17366541245169023
0.17411460762804082
0.17092973351165375
0.15858916961612418
0.14288704792824802
0.1605205802242314
0.1598144679740852
0.14255906410734348
0.17417374800214688
0.17676986030098654
0.14967932646579496
0.1490360629933752
0.14481792934391602
0.15586415226021022
0.1548506382742424
0.15385359423852485
0.15825359724988922
0.1613211573588494
0.16043361170387577
0.17249387845022426
0.1591662022485095
0.15695257745179564
0.15969219133782359
0.15617680304060674
0.16777725424047665
0.1567409399708421
0.15666595791269233
0.16339200110613455
0.15864828419542237
0.16437158442059846
0.1697877241885177
0.15726715499525185
0.1614970199138514
0.15036899057473047
0.16073098751859438
0.15775295345223517
0.15859929104299558
0.16706158642710428
0.1498587071129353
0.17365683357425812
0.1759702281158901
0.15322935648907016
0.16257076663785225
