0.06965938249929392
0.06809219201180576
0.09104666224519861
0.07777808844699585
0.09052788886602484
0.08816600641531565
0.09037252659502786
0.06652291824977472
0.07931111659310609
0.07180626533877979
0.072117481444202
0.08579692401264763
0.10032184891367742
0.0780674923037784
0.09269549327225635
0.09339074002568903
0.07184070377192983
0.08457407904499395
0.07824283873158058
0.07838917758710424
0.08152019604750138
0.06362008267836443
0.08043183520868567
0.08614699599262415
0.09593665302297616
0.06972273701254031
0.07145243750461398
0.08135957738272752
0.07614377840522935
0.07435243855288283
0.08164537251762932
0.08488879297322433
0.0740510443837226
0.08535762904240515
0.07611296984077423
0.07729018994961401
0.0709834755456657
0.08011776537329336
0.08429624189218152
0.06515787901051666
0.07318357110766838
0.06654472420381004
0.06951805750175509
0.09463131406487149
0.08001445540470944
0.07344275216117276
0.08035258463732234
0.06971849594884436
0.09756763438096483
0.06889662681655852
0.08059449748191458
0.07930156774907995
0.07689087913822418
0.0829460793149187
0.09408119076923013
0.07823986154741082
0.07343015879207175
0.09039984703925115
0.08145393612977145
0.09666055811971813
0.09185699972780678
0.07400578520896144
0.07579137966884446
0.08104848009966388
0.08466713124270082
0.07203686643219302
0.09542819119782958
0.0704559115460611
0.0899791234285864
0.06980881468448953
0.11671654827306732
0.0916107977924198
0.08040220273632386
0.0708155632180549
0.06969094423171596
0.08971254080940759
0.07344686368757619
0.07673101396035475
0.08915272988444473
0.0820603794119687
0.07761208796129
0.07612163514848291
0.10589611261709958
0.07976834978042678
0.1017801522917262
0.08686187846669217
0.06530813104458438
0.07722733469126858
0.07438502770443142
0.06919526949984237
0.09687922890183849
0.07627553344915385
0.08935064365274095
0.07617357278978565
0.08191190474100091
0.08799155143779572
0.08926980289835001
0.0817097081390117
0.07813663550106004
0.09104702767920822
0.08252566357228455
0.085241655840719
0.08075147042212406
0.08399136935047874
0.08398537969082404
0.07910796984123666
0.08241223587159399
0.07864594777428692
0.06678820201885464
0.07395225717334164
0.08936005676537742
0.0759554254546136
0.07997218087998817
0.07738432747909152
0.07599457531706066
0.07743147794115748
0.08150115137818029
0.09083714857199192
0.08538179255554283
0.07931091128381582
0.07609597667120234
0.07484597889030843
0.07408266921632728
0.08704138819418775
0.08521537246653765
0.09644145018107446
0.08749821749483605
0.08799741136928883
0.0776821510869559
0.09539653230952408
0.07905324096321739
0.06983870547240564
0.09431075698896378
0.07669832399215454
0.0732560204942672
0.08097029184802243
0.06623266699274391
0.0923457419827492
0.07068437105263094
0.08124878541326655
0.09525263082700591
0.08349261044456466
0.0678322791501095
0.0766300620084191
0.07923251559677771
0.10599200447037051
0.06535288537420479
0.07451383384357957
0.08040232045520608
0.08362854836604497
0.08212989817962552
0.08312809155121605
0.07426195834785415
0.09710714873626179
0.09648121700685877
0.09223949776802143
0.06372769703804354
0.07058904739726635
0.07646424999742059
0.06901599966295283
0.08205257872533947
0.07258187853371245
0.07436856245851096
0.08395894894730452
0.06763908075921546
0.08176746868400109
0.10670352431280994
0.0903118230010804
0.08264844779640573
0.07328428992724752
0.08672327215111633
0.0795208446375063
0.07711264144071134
0.07931230784139671
0.08272819428601859
0.07749080480992314
0.07344748065455145
0.08913362102864486
0.07617513198035482
0.07034963089819235
0.06660544625341328
0.09911264190035307
0.07464660143613552
0.07613204299207586
0.07607226254437408
0.0701942895785563
0.07875763290027238
0.09029515790270289
0.09208754032932658
0.09143371774595013
0.07957757843873549
0.0870418777254217
0.08390338750177806
0.07846840637719375
0.06725952072983678
0.06639296731919689
0.09072726884312285
0.06603277592334765
0.07340144773009744
0.0795804816770369
0.07170228918851966
0.07778320346066178
0.0713599183094957
0.06927995163097757
0.0701473890609745
0.0821400583458386
0.07442313123169349
0.08959897278734855
0.06569576395823414
0.08283617597235474
0.0887901250002647
0.0789092445144504
0.07964240365218009
0.07339808071675674
0.07373748555402422
0.08605929509164037
0.06894721221860516
0.06536737648251821
0.08407897963562691
0.08331080366263788
0.07264957137518395
0.07346780782539403
0.06863833907375695
0.07092062088823166
0.0824368611799184
0.07542161031730106
0.0872859266724411
0.07117515916786764
0.08249832279511438
0.09406172832215781
0.07127681736937402
0.12715112339329013
0.07319818730985349
0.08769037349732561
0.07837850684512988
0.08008511494527093
0.08147288306827301
0.07869692959525565
0.06995295069593051
0.07813209851647136
0.07085902706594047
0.07890958476685483
0.06767056936254685
