0.10518976819283268
0.12148363115074777
0.09303117559107586
0.09104598115021299
0.08283667884339165
0.13468975216608245
0.07634707796708813
0.09133875095428615
0.0842858187576569
0.08412552494485181
0.1345068544804116
0.08253037707094715
0.08860286149670721
0.10794607792339816
0.08113345196855429
0.10567926288216811
0.09345151962962962
0.08408841942953216
0.09814267425072054
0.07324436110508413
0.09372972966387735
0.11704500269838096
0.070123338983583
0.09182767251223281
0.09038206128870635
0.08078359151003091
0.09672487984626912
0.08626118897245147
0.08854558265402376
0.09661170420859672
0.09370336822771642
0.08412550382356652
0.0912369118162221
0.09311394717081296
0.0985003536471272
0.09681165187053611
0.09083020293554887
0.07865767037897356
0.10486127464750461
0.07844923989142197
0.09002528800544912
0.10137015136135473
0.10268142462477647
0.07102752332540381
0.10552880177085028
0.11680744238746282
0.09842059399257447
0.12527733607733843
0.11414042299104063
0.08165711050813335
0.12394665182246585
0.08483117364288216
0.08632795733759567
0.11594486817417247
0.10185639396748537
0.1093815251431329
0.09013883809487266
0.10956222717566375
0.09861573902048251
0.08411867349045762
0.10487684950272555
0.11158619853418392
0.08453299247172391
0.08863220132257746
0.10163925960403458
0.07539644382861127
0.13894527241257687
0.09863010140204209
0.09025416457426863
0.08223462424417888
0.0811522356873696
0.0757667188193166
0.09866589354244798
0.13119018415056072
0.09044650095712446
0.08012729060501338
0.11035300537619126
0.08921254794645464
0.08912578437443308
0.1310228039033596
0.09929028665093576
0.12425281452001045
0.095086970390862
0.0844820358195797
0.09041747709597081
0.07917603819704735
0.08994678283124938
0.07943975587106684
0.10481036546683528
0.09488315521439217
0.0858614073038681
0.10362326150051987
0.082196728273261
0.09001269144478781
0.0843274590711016
0.10082204907583643
0.10499376797818266
0.10778044631713468
0.10277265680688907
0.09858811244128698
0.11919724798132633
0.10401343495556675
0.11428588647915902
0.1023588155659624
0.10985286722296878
0.08576881602530978
0.08871668994348864
0.1095500634941435
0.09098154072738526
0.08359545274296508
0.11638558737034482
0.08850600736456586
0.10237638520358358
0.08635007689314392
0.09134918025142479
0.10148065642982787
0.08029384528956855
0.08269143267319001
0.07805111830220002
0.08529025531729649
0.09043865089005235
0.095178357517601
0.1071095120651393
0.14128415405849526
0.09264975864661437
0.10975966409844304
0.11154293293865028
0.10070074304129475
0.08407853760195237
0.11579541975076939
0.10344981708955926
0.07193094890193719
0.09902986541318008
0.08719793721526739
0.14648605674577048
0.08323747715419617
0.0937959255960875
0.11105235435979038
0.10285564270979225
0.08006922272546867
0.08313805080709788
0.13498024343407877
0.10942462620476275
0.10264701737701717
0.09150565136707298
0.09553720118952902
0.10830107853869411
0.1066999764068681
0.08669162290425769
0.12124198040648437
0.10638747570753343
0.09075771072889219
0.082155787595041
0.08109403684530074
0.09916450885525092
0.079082409202231
0.07387729447559846
0.09603596983154314
0.09935633556454349
0.0834457019529928
0.10534037891026739
0.09509016567907
0.07610949208727402
0.1359485959655988
0.09578542820700481
0.1096880999803861
0.07968201771171543
0.10118123091330239
0.10014786750123905
0.10714002821224751
0.10667873197254724
0.09075190232588669
0.1084371167272532
0.09110899899123787
0.09190368166052312
0.10020469479358235
0.13593187457970923
0.1068790493318512
0.07398674877551921
0.08377196122634943
0.12443321032211882
0.08130115820325409
0.0850922691962653
0.1149931913183699
0.08942824842269892
0.07972186884697596
0.09065146932195556
0.10421564358257401
0.10884749842442465
0.07862834286865035
0.0938834848522773
0.09393773598716773
0.10313007965598373
0.08521775589584911
0.09942596132477538
0.07947410460868894
0.09112223297819842
0.10848712166079544
0.08731585272177994
0.0850431832339834
0.08930684335158115
0.0753811025942936
0.07962540218035935
0.10105451814680191
0.09491486066392284
0.09745027332993017
0.08991970147279077
0.10993791801042176
0.10852898621218493
0.10607125975142852
0.08115432426943268
0.09685324724163574
0.09186616536003558
0.10201266865940774
0.08589841391748505
0.08305806722769465
0.0712251273171859
0.08985376567436734
0.0875479273361018
0.08926658556774933
0.0832697808470042
0.08015184484849058
0.08877775783394333
0.08905169613526502
0.10047831389280842
0.09865592171880544
0.11671842561580552
0.09146989698166996
0.07595110250409619
0.09213683754732255
0.0833071551366736
0.15461658515149293
0.09333036949807408
0.0899595086384438
0.09936610054619902
0.10749910121749248
0.08462317512783352
0.08526373295321152
0.08612987246634907
0.08691267912113283
0.09738214795899347
0.09474047313335661
0.0840230866247953
