0.2797546986829291
0.23328331496173763
0.31621715563782304
0.21622451627263153
0.26107564601782174
0.3364187692395552
0.32314781861418995
0.24446775276213278
0.2328496363617783
0.36747201019906195
0.2678694656400906
0.2295623596972164
0.457305508980848
0.3293396240891632
0.3972380157858819
0.5004322359676621
0.24755615862999858
0.37547669879623374
0.3638415122190235
0.5511780674055752
0.3575429444523455
0.475779254137355
0.37060712348251285
0.21816208849517432
0.22728672072932343
0.34484547280654393
0.32680268720688754
0.29310168309349616
0.18066305730273904
0.33570965844284173
0.3950427362675548
0.2585008220693751
0.37431655512372825
0.21050510165374017
0.3780914892155357
0.2443634163159025
0.22842375363668838
0.5207128998411376
0.17816951361981082
0.3532795891480286
0.2649005962787615
