0.4518868369629085
0.47552532597888314
0.4846707053426044
0.42019757356995646
0.3950987355552017
0.4574493935316762
0.4681952451825281
0.46268229202132993
0.45172727188939427
0.44688629107978295
0.4517342728937644
0.45335796099163905
0.45520441640220366
0.4882324202364131
0.4285325991956645
0.4664281466397471
0.534181920082971
0.4748032217344939
0.4246929871313977
0.4603356043941101
0.4639529300854579
0.45966957909866546
0.42669868231810565
0.4436310985163982
0.5432486932504369
0.42254382919084055
0.43679330995684423
0.41758674112058997
0.45700673309220546
0.45384950649481365
0.4744108707509898
0.48852245486427376
0.48369114255400086
0.4266629208693519
0.4017878415945238
0.4676418566389706
0.45808929804723547
0.46841536533756023
0.46387120097750617
0.4504437670773211
0.4469049854580013
0.4562174157341661
0.4513474049790549
0.4541122767437914
0.4275574207554569
0.4900833413532464
0.42726099465059353
0.4674049302381965
0.533175923630955
0.47150203312400946
0.42474875185800165
0.40570819738588076
0.4566376544733483
0.46562317364973443
0.4554488547118271
0.42656662060294337
0.4467123328087539
0.530818777245253
0.5390848118574045
0.42310581625153193
0.4402961026870452
0.4546933846964688
0.45465974356729666
0.47403821979899746
0.4873252990519998
0.4837538097020395
0.4238804692158555
0.3982880472145768
0.46520891000325615
0.45467649638226215
0.4658745204281546
0.4624918741518062
0.4556171488160777
0.4450574471928288
0.4482061013655808
0.4539489576500293
0.4528394803429501
0.4264742152242638
0.48770722922584353
0.428177809532583
0.4741288712419043
0.4309700682316391
0.40914915701390364
0.4565138517287897
0.463457714512545
0.45613009921818504
0.4207825577521786
0.44314097732622626
0.530141317617438
0.5429559499376533
0.4245446702776266
0.4323623830383976
0.4188524502770516
0.4564588556682255
0.4752688500661039
0.48718296815193435
0.4271884433772211
0.3953446127982341
0.46269934610112395
0.45853221530126714
0.4663484871958379
0.46358782238983837
0.4511372189292745
0.4450664187654297
0.45171513585527107
0.4543742396361659
0.42592525705839857
0.4264777405316235
0.4663450448228954
0.5335174758913424
0.47234103404432776
0.427857719833303
0.40873886001434717
0.4579843511092812
0.4659005513950867
0.45437153782727624
0.4266336735427354
0.4418232173571832
0.5296421838879655
0.5403359896007272
0.42351698163390655
0.44021145296629777
0.41553019570820476
0.4557254883117283
0.4621374792868954
0.49758977395971926
0.49732471571757586
0.4380579694200627
0.4039767483173951
0.47823092819365876
0.4732814213253062
0.4829881457842024
0.4704958454200109
0.462874826301386
0.46030941603058556
0.46447146295762526
0.4649216042666839
0.4605300776448544
0.4369192823544176
0.5027817959748151
0.4439937374426067
0.4907472337248207
0.5410627496382853
0.4800104376795157
0.4193780665554534
0.47730795817757493
0.47410018535152265
0.47078923655144495
0.4414270387144161
0.44740781875780705
0.5451568206235998
0.5531451598234631
0.43135383706504077
0.4391666712389242
0.4354434235018725
0.466456908295739
0.4651428587693284
0.4868282330337878
0.4995296193253131
0.4972849610787529
0.43165534653979704
0.40302935182610183
0.46663716753810064
0.48177103409291816
0.47989981602676546
0.4577996032513882
0.4629545732147124
0.46077855935490464
0.46199095200582785
0.4343955869986013
0.4447855744918951
0.47251057828039483
0.5447675161146596
0.4877410447472789
0.43012717652298615
0.42171468545904717
0.47535704130639755
0.4778808610499825
0.46451690141046453
0.45667927312159246
0.540775316788442
0.5547158334029818
0.43417355780252764
0.4349223025416052
0.4706300648816324
0.46469908850213537
0.4884353752708242
0.4962423095104142
0.42734324829039805
0.41303029012190606
0.4778267344526927
0.47464278805976357
0.47742804032290576
0.46882193105497855
0.4750053416515846
0.4561532956517781
0.4682072958864711
0.46224192474870474
0.43944588277357427
0.5047875988086676
0.4463730422610654
0.4885160816588511
0.5421600918492192
0.4829014053435099
0.43183241023883545
0.4217948739034816
0.47260309898494657
0.4732426880926326
0.47170046755533307
0.4394483747558083
0.43884068304744517
0.5431211535082199
0.5489136752406741
0.42776485025772154
0.4496938231812926
0.4664567940783097
0.4645037470692864
0.48789938942590105
0.4947635818114037
0.4357910316288208
0.4030784518632171
0.46676686191942585
0.47608597941111563
0.4678980598837248
0.4866964604582803
0.4559943337180908
0.45560191478224665
0.46478257326066386
0.44866382365608826
0.43268083692953463
0.48902969616461744
0.44694334903497984
0.46678712999096106
0.48700143923044203
0.42783944837041754
0.41271605871535805
0.4710058341331068
0.4380706123961246
0.5354731188028116
0.5470310145593132
0.43069435758689467
0.453662318407243
0.44980115915979
