1.4534149641651388
1.3302522582718472
1.3730697725847367
1.3783751606401107
1.259118149491433
1.2211584107965803
1.362675757367406
1.4181587794344421
1.3533033428621724
1.4603234569356198
1.3278954927011524
1.2307995344816118
1.3487656706046083
1.3343088953309952
1.2863973162462763
1.2316964207650984
1.4147600423652547
1.2000643688676313
1.3405904918422988
1.4973395852785791
1.3895470491889097
1.22410078478668
1.3317636440871512
1.3357096882731843
1.3534182988643515
1.2009460900012887
1.4587350428901251
1.4601386898140232
1.2751082303106915
1.2498531242157207
1.5118390106933386
1.4288301768689948
1.329171141890712
1.3731670166733096
1.377799838972913
1.2674640210067947
1.21526173904418
1.3534459319674788
1.394842467320031
1.4208598589252668
1.2919356406225093
1.3562124207802122
1.3401868260602745
1.287727717906916
1.2082763876244036
1.4197894584972157
1.1983733304646274
1.3381632165815915
1.4932814646210457
1.3867902159055117
1.2243743579866786
1.252408326839467
1.3271001088846162
1.3336936131775818
1.3687673428950873
1.1836565237067207
1.3447737993178448
1.4597289891906504
1.4588951779607902
1.2523473616241063
1.250538764509071
1.5098179818879782
1.4189425146287757
1.3229549969161776
1.375448855916019
1.3783174417377173
1.252679299664596
1.215610995437527
1.3561436581031212
1.3863739776738488
1.3614386334798765
1.4298182250934222
1.3287795499901134
1.2261081729196337
1.3534108858873555
1.3384505986976358
1.2857630362465167
1.2049518155870762
1.4166273282819293
1.1998452526369405
1.3343626092063214
1.495541865655556
1.3915951539691642
1.214770498186064
1.2474434315537766
1.3289814778170081
1.3352284590868204
1.4580921691408464
1.4596071091983194
1.270884701143352
1.251240077840398
1.5103378793376505
1.445041404158067
1.3559898179999286
1.4029209231178301
1.439808064088155
1.238501847374355
1.3851438446848707
1.4107335155161307
1.4385529833268889
1.4561147995723736
1.3119689704120883
1.3719532920142923
1.3820868511558737
1.3745603344914683
1.2339869991687344
1.4355502667859048
1.2251214233145247
1.3848737301945708
1.509444179007688
1.4049243687973874
1.2542929053233625
1.2806408568607834
1.3709408619079229
1.3789577654696008
1.211639275202135
1.3599499768506642
1.5114690876179186
1.2586063140084855
1.5099024717993297
1.4368530851805699
1.3475839418560587
1.401748020094784
1.4059212697764856
1.2353631012073436
1.3808226326613458
1.4360113412937987
1.4340002033077468
1.462186660651327
1.3490920759567608
1.3017581004422456
1.372907260066705
1.3705134218657298
1.3777962563538295
1.2262555697652906
1.4209643039121338
1.2313492249089486
1.388112615646455
1.510988262095649
1.4051444912197313
1.254987021912085
1.2961083459248184
1.3484961060103708
1.3660020032055251
1.3833785131658245
1.2156057055554705
1.3632972391765148
1.467684986850782
1.51704693699309
1.2642325198567872
1.2751075854389116
1.3597903675316318
1.4207746840766646
1.303010257161287
1.232081700263104
1.3813160026387057
1.4550281648992618
1.470505644471727
1.353457374420455
1.3103626735010152
1.3769005655335378
1.3809540857375706
1.3656668473682718
1.2439661658618177
1.4358274193767173
1.516479306557971
1.4467229009140214
1.2550619527761755
1.2831647618715811
1.3533760844441665
1.3744608199767132
1.3806122299318577
1.2181473599112222
1.368473200031247
1.2678912671654439
1.2785300219788125
1.493358220327986
1.4883209918738305
1.3583066976594256
1.4104502462135753
1.436482400130598
1.2928895633855322
1.2402609657691364
1.37851920664058
1.4327654221541792
1.4678327836549796
1.4590176782490205
1.36261135122882
1.3760164611828765
1.3702954104736047
1.3168018434122235
1.2341824310700962
1.4183712931181054
1.235876076685935
1.3908195452586414
1.583322923045193
1.4347888198379892
1.2961373039362716
1.3540177363935255
1.3708476741624533
1.3850818326521108
1.212108422281392
1.3856941957226534
1.4744356705746897
1.5225487235114732
1.272365417677799
1.2825378734031463
