1.0011551382869661
1.070102009300651
1.0822108711506608
1.0840709432094617
0.9123228667737665
0.9716465596772467
1.010391011584339
1.058739772029667
1.000188086572047
1.0035938382713097
0.9998109561153871
1.0577554341784103
0.998026407298681
0.9987268726968808
1.016602829606257
1.106256636303762
1.059497742042876
0.9967657974888355
0.9798388410871066
1.0651151973985136
1.0628459365334013
1.0633657711490658
0.9883575142902061
0.9939289108592937
1.111434296600423
1.1187846457951216
0.9935126159128516
0.919787779863914
0.9105138250742197
0.9984943449971087
1.0010179598331477
1.0829449787666818
0.917756612743929
0.9739007184923758
1.0090597811893725
1.058983822304213
1.058726653810158
1.0011479083982928
1.0045292326797108
1.059778956084185
1.0049470132125395
0.9287427775022068
1.0343816068873704
0.9964958121242515
1.0185749442633014
1.105984042789574
1.0590678204229238
0.9978646450834108
1.065760637894822
1.0630279376380214
1.0103470549743165
0.9910420957104894
0.9243422664220642
1.111393662016574
1.1188024950994606
0.9916807197426621
0.9179196450899453
0.9084663027724178
0.9988102959736679
1.0026703087765174
1.069249639930807
1.082600488419505
1.0830654587773105
0.91529593354413
0.9690371641066575
1.0108081200521069
1.057170335320747
1.0699348849267156
1.0573286979415282
1.0016357860964789
1.0012204911091196
1.0006295548213362
1.0038045423162436
0.9271502428186034
1.031887173138271
1.1070983551473268
1.060665751850591
0.9987604041659852
1.0659761593414754
1.0129122046749066
0.9244075359598993
1.1111560671856422
1.1179777630572203
0.9929306802562531
0.9866637335525271
0.9083123430826876
0.9990558999151926
1.002109483921119
1.0693215826413751
1.0818986514199302
1.0829969879259862
0.9144469905893234
0.9689550929273265
1.0115728808270998
1.0568638953577059
1.0697762667451738
1.0581308903770101
1.0025638914976038
1.0032943702423343
1.0001056060166742
1.0586303682102967
1.0045334970462347
1.0320308700502654
0.9964491183013174
1.01715213332976
1.1070899063005557
1.0608822036866925
0.9974089586213619
0.9797862116537468
1.0646014259786925
1.0639488922052769
0.991354335357248
0.9940632269112288
1.118235425019731
0.9928000970112284
0.920698480989085
0.907756377142569
1.0003578848809764
1.0617022711456694
1.0904146344631267
0.9234773053219327
0.9751659493962693
1.0187602277864096
1.077465409524017
1.0617489985938682
1.0070634077046772
1.0100267783629922
1.0677734029316523
0.935060516630486
1.040518446211321
1.008538809828137
1.031429224317267
1.1128529808116117
1.070795434259304
1.000094436945925
0.9879683469717075
1.0754235523627669
1.072236914800508
1.0738222081820692
0.999645633814194
0.9297922940333223
1.119840661336045
1.1267568719635803
0.9275809737252786
0.9240517113309202
0.9196221072347355
1.0634215577361656
1.0774424540632803
1.0361093455970907
1.0922707664194027
0.9941873127085442
0.97407459760533
1.0114185772061917
1.0784935833388132
1.0673080582789614
1.0124394709475875
1.0063987888357702
1.007981600340208
1.0659041986511881
1.0070600327518457
1.0039741554634798
1.0361335529210147
1.0082651522190926
1.0763046608168891
1.1127513927430202
1.0133007726615562
1.00423025713794
0.9890689698233048
1.0749084683512689
1.070108120775647
1.0697225113517561
0.9988644233531269
1.004646400679272
1.1168502255666337
1.125729089302383
1.0006405491070944
0.9228744231063146
0.9158677663900423
1.0059108742684757
1.0116458634484498
1.081898308694331
1.089015021888021
1.0939141381533128
0.9881301678364998
0.9756802450209225
1.0181724276957531
1.0650050047943318
1.0780278214413603
1.0612426287872583
1.009970817718018
1.0087483720548585
1.0142517582374493
1.0678879520721498
1.0069091349004657
1.0072315976139092
1.0422565004389204
1.012033025406129
1.0331359821681718
1.1126099496978359
1.0165669044981243
1.001032054536135
0.9906184807506552
1.0770245333883774
1.0738571632895715
1.0223779457982998
1.0027595993924039
1.1195468642812827
1.1241206508359358
0.9186399581399498
0.9220070938877493
1.0578948352766335
1.0627754855995026
1.077176944120528
1.0342104170090056
1.0921570747059934
0.9971405037371992
0.9735698855896965
1.0130187051219863
1.0097544666666298
1.0793325460530863
1.065646379633114
1.0167871622282285
1.006356268701316
1.0078464850403062
1.0635226750115707
1.0008684926773328
0.9334751567836002
1.0307306077842515
1.0072073676321087
1.0719079384851031
1.1125040318871051
1.0129119440010759
1.000438339249437
0.9870484854324888
1.0739745774363136
1.0701539999404863
1.0702915126559
0.9959791604609682
1.0041480596279178
1.1158496271017178
1.1233199613012277
1.0010995345807032
0.9259571615872562
