1.4259574712272443
1.337888509807597
1.3641899759828875
1.3790079494669827
1.2699945614819677
1.2185305909262643
1.3563815960369137
1.4180179820808276
1.3651783511452455
1.4059439455241673
1.3303733049233348
1.297560308839249
1.3515368985590779
1.3347816553704006
1.289455161244255
1.2289771040773818
1.4159966470717227
1.1983492639844304
1.2904887677217263
1.4940140687494075
1.2363749117650455
1.2620611645448654
1.330066422935592
1.3368971047209375
1.3556562467317828
1.1974861924590996
1.3293794288331213
1.4595747052971304
