1.8362849638306158
1.9931403565465124
1.960701501558765
1.9298193821324308
1.9580605429775324
1.9700037910009773
1.7780676907993507
1.9437438966389518
2.0840695736007246
1.9577031633261084
1.9979910367732212
2.0418119063491664
1.9514572159564614
1.9356311257487566
1.94427803120951
1.9048553394175909
1.79362710485994
1.9541354711370325
1.8967505921519425
1.8466785996572068
1.9205465418552226
2.074380333190593
1.9242435050512652
1.8248289814778895
1.8041509619828602
1.9610218524850738
1.9650382380074798
1.7805662623958944
1.8019952600554558
1.7699720934543197
2.074294753601761
1.7905775583739438
2.0272790519087422
1.962274616418662
1.9205813665843359
1.9340508050948526
1.8942514391985048
1.9698762622454082
1.7958663592717679
1.9294603130415535
2.013280326264418
2.0114458805426207
2.0772482409859476
1.9266354367429566
1.9446714205665474
1.9443288018502438
1.9675541713783824
1.9573820102324788
1.944129613993204
1.7557868373927192
1.9457987360796636
1.800627589243016
1.9268300166946895
2.043168374379301
1.9848169668498743
1.8191635171281213
1.816794330743889
1.7573539076973257
1.915144577021849
1.9870327017867746
1.9080589122151004
1.804796804137052
1.792239196250658
2.057919064980918
2.0229679253742714
1.8205050690146012
1.8038625711310985
1.8868966756408905
1.8991731269509706
1.9371938950604202
1.842092506336575
1.7934701033246057
1.9626428555850064
2.0222197211243276
2.0799882835346346
1.95205183479841
1.895891844679104
1.9488797788088088
1.9045160233299163
1.9717173455316424
1.9058442365677242
1.826224002006461
1.933628956728515
1.7983283101819414
2.0791085125173203
2.0029868824594517
1.8208125651589413
1.7777364443569221
1.9251994648722703
1.9260031346795436
1.9533762868661457
1.8008620554668917
1.8360497190137266
1.906298250017476
1.991837245300977
1.8240304193640238
1.7906004909617645
1.9771203527897823
2.013743564594542
1.9377911515257382
1.9498803558439823
1.9833112250040401
1.828096037101636
2.0898987855476068
1.7799496690390357
1.9357087381531062
1.9674617040478888
2.0717194456969947
2.076149743338829
1.9722667026772538
1.8863748217883247
1.9510120206739732
1.8518049152599867
1.9624681431323685
1.8342997137183112
1.9551035178599043
1.783420997190189
1.8848778211271204
2.22121039721181
1.9930458348892786
1.827201466852235
1.9551058164835067
1.929903092929116
1.7845567602213
1.9208041061376966
1.8075214256826102
1.79512898721546
2.1180552547096667
2.025873979632473
1.8192232810864635
1.8298313312920018
1.9177612800731068
1.9503428154978917
1.9242672899060342
1.8291841459494669
2.0950447949171225
1.9797720369246476
2.0398904129085813
1.811740403864335
1.829637872388512
1.9824648475676818
1.9830224972243848
1.912241007871024
1.924866721604153
1.9100297615056123
1.8034075608453004
1.9141113093114503
1.7503869823734446
1.9268940280640705
2.0116033170605254
1.9876197770769823
1.9650159386694261
1.9176847063762152
1.8885247882023135
1.7883342092096284
1.8871749178584636
1.774784221443648
1.939088047009532
1.7096829470340962
1.897678330449608
2.083881324776782
1.9388534465908707
1.7613107303113111
1.7756893618144818
1.9426820757526433
1.9429006595180296
1.8145821466666474
1.9273024092034126
1.8100144994896925
1.7879538874999774
2.0571282504875197
1.9882352417861324
1.764275483000772
1.8371077675743002
1.982496340998884
1.9801963417557504
1.8415640462514427
1.8930740162036714
1.932855547919952
1.9091320320080745
1.816062618440964
1.8236554763188482
1.9292622043823682
1.9325100795176293
1.8952238439080136
2.0416611295737
1.9026291667698316
1.9196435104538354
1.7948671916339594
1.9132760074262989
1.9004486652106487
1.7897093703578584
1.8238615331432726
1.912818408847921
1.7318198467368475
1.8994730329758323
2.0909582042079293
1.9558881874657907
2.002669946729085
1.7177553792731355
1.7936736151515973
1.9404250746748177
1.9417533506080205
2.089131608991718
2.008600077544026
1.8131339025078175
1.9163050150541792
