1.7355813899632533
1.644457951035861
1.7554049042513111
1.7696051086858302
1.6907096565326207
1.6883125037848532
1.4405629106230133
1.700238703885976
1.645854176567326
1.6413992827279038
1.7000602382166035
1.6680273166231885
1.6474564187699785
1.4370218574296756
1.7410806643784797
1.4744670873391863
1.7830290583101278
1.4488043250346148
1.8118750522777767
1.7155898861095469
1.880628009249525
1.684703219772013
1.7303260027053882
1.8462800904336527
1.7262220026148996
1.7424079781903818
1.7083550230785423
1.7812095312219474
2.1586079239689475
1.8938301889114406
1.7558451120974583
1.9219138061806136
1.9857055138981101
1.7665018451295174
1.857294558061289
1.7717986621612745
1.4821045666672479
1.741542081179254
1.7247593753575088
1.6358677835536972
1.9022046081907293
1.6870342595744643
1.817289168768785
1.68979240493766
1.776848688039238
1.7357634022387405
1.7513697595753221
1.771819184491806
1.8077344060523377
1.716932294618152
1.463582137872621
1.674747240259539
1.6685574835676926
1.7486563708629461
1.7204324331925913
1.5264692867526368
1.6033536236467656
1.7134717133281254
1.711723836552738
1.5280785527362106
1.7644889506974806
1.5201674906868983
1.7015600328059506
1.5724154230017942
1.758581525381897
1.8524923336006778
1.7134335021075993
1.682799631363376
1.747000416843583
1.7229892383662815
1.7419312562306402
1.7500125350764208
1.7790285840867637
1.750506603844482
2.023373380969298
1.92082584523398
1.703400133508683
1.8710533630654262
2.0367982681125256
1.7514419261633798
1.884852398266749
1.7351238503188258
1.7478979254808844
1.7556367908687291
1.7192209728884171
1.9725479292026489
1.7381594175492021
1.7047844338910214
1.719263845009312
1.609897954287124
1.7384285940804005
1.770162913553793
1.706112056746432
1.697809064493416
1.7066117734321173
1.7733045223533332
1.7927966815074068
1.7748416655637707
1.7214779634732573
1.4478190672622429
1.73485010722712
1.783869078320187
1.786876932543995
1.7333261733317373
1.5649169473724553
1.6710046725417815
1.467881199890002
1.6476293999381408
1.732473641513839
1.5980250214032392
1.6768605789293654
1.5675746818227858
1.8327935400078206
1.6861029479027758
1.9106802125314322
1.8143036704231201
1.4607917341375394
1.7481171002465241
1.8422220097244193
1.8118130411491875
1.7264397872641106
2.192609722941586
1.9299562620588426
1.773693414025161
1.8478871583197647
1.9881179430430416
1.72007654601755
1.75999854409545
1.969655288033672
1.7695292357359276
1.525216897524003
1.8400713326273732
1.6961537612273738
1.9454539119965668
1.7354095095921276
1.8680603720506246
1.7938133210562983
1.433404699375545
1.721834357406446
1.7228397649557086
1.7389924170788398
1.7510623105243073
1.8479828561621887
1.744036891987048
1.5094627707928177
1.746743766454333
1.6550050244898291
1.687411439055431
1.7469253552653314
1.7012509771325477
1.7462677727211813
1.5909670899833666
1.6855142955047548
1.6321342381753559
1.4700853783810406
1.7045467178418383
1.8281397247874478
1.7508163688864093
1.7177751906903866
1.8487325531257486
1.751754607227213
1.7229560079153277
1.7773316234694374
1.742535610401035
1.778868395753178
1.7136859890210911
2.136641156219948
1.992853887034097
1.8604106050449416
1.8848365370000375
1.993338615769291
1.7416596469794057
2.007144826968371
1.7878941166260618
1.7187519699387093
1.8494868208596575
1.7149810369513323
1.6880298873225827
1.9270533405424715
1.8300324979705274
1.6124094301118819
1.7573284124363604
1.758489840621053
1.5937500383007577
1.7239719868608931
1.6635487026780935
1.771641794961788
1.7654030061704338
1.76837644117765
1.5240235300919682
1.6448681329640948
1.6758697378597909
1.700031686538432
1.7847701764219372
1.7294388931934384
1.793725491315622
1.6922421278985507
1.5863612279868895
1.4626980441233157
1.7415094963624111
1.6138484911451736
1.6906087069122888
1.615857523387008
1.7635992564642737
1.912619192000191
1.6920634009771236
1.7083136845951672
1.7069869556603015
1.889732449029308
1.7797941532359614
1.7231213583606293
1.7420894458400058
1.7497130188492636
1.7252561659113486
2.3084764466331036
1.9965282234805708
1.8476064541769575
1.7751658001069341
1.8896258790164913
2.0477507469215688
1.9493754493901287
1.7359405203373144
1.6824067768241167
1.7525933417959747
1.7038848643301787
1.772286740331602
1.7531283103258002
1.7379684301131477
1.7237639235428546
2.137166337320895
1.8898329023320755
1.7770275841526475
1.8533923921403777
1.5432394839009835
1.8751047735753419
1.7158322034071702
1.865803132792788
1.7874211942038931
1.4758262580715316
1.755951902850461
1.6447148396009157
1.9231338282732149
1.7254210045676794
1.6728969938179992
1.5118303698866302
1.6094138459898013
1.58143887107552
1.7906769702605227
1.5798484819963656
1.7514125922038886
1.6740363531377724
1.7569862734848318
1.7576057256128628
1.4117123341948443
1.7138503845926896
1.6611799211935094
1.6852936696063703
1.6990013751032376
1.7299218967819752
1.493984646932764
1.7071609031402528
1.6768115288689702
1.4460905565128588
1.7533347812611793
1.6832716439245634
1.4677464308239707
1.7312759054969804
1.4868758223354697
1.699987123084522
1.8504613287912561
1.6686649943852514
1.810826406972167
1.7533630427104068
1.7821463944154803
1.7363279589025853
1.4767281852197405
1.7866832966944053
1.7356435353164457
1.724492770208961
2.152622809878262
1.8670623333902254
1.7488403981751826
1.9012124637428354
2.065800247717153
1.7388519971772736
1.868700184658555
1.7379395098289452
1.7051242239950637
1.4161141977292095
1.79110093869423
1.7411368870208592
1.992198901372826
1.7471309297747162
1.5640583890397586
1.702451936895124
1.7087448313274447
