0.8256249900308551
0.7039165112741523
0.7500107308819086
0.7332674488651144
0.7312523962728843
0.7660965059228618
0.7751356954266849
0.8281205289169393
0.7249925790476023
0.8453213123606564
0.7253648651330582
0.6514131986502812
0.7283728438511163
0.6994142255455817
0.7340573312268972
0.572369620112712
0.842052000266635
0.6579218134809423
0.7491555623509358
0.7881524000830229
0.789904683891864
0.7049508372101689
0.7489011167835044
0.6859671626537236
0.8029833800289321
0.6233711520007988
0.754945478358013
0.7887024602705024
0.7174575154624248
0.6820928971765811
0.8867443292331743
0.8152183042921926
0.7121224307967771
0.7486774403041531
0.7301008207631998
0.7870135883290345
0.741289949658671
0.7647155221222544
0.7315568875217691
0.8105248779323481
0.6788754657313727
0.7503332987918551
0.7189653257418737
0.7369904898124354
0.5622146530381905
0.8505998224288172
0.6498319268140109
0.7509295600934357
0.7773598265152597
0.7784373779778109
0.7439116423561192
0.7552008746780524
0.7258305065518581
0.6859907708630724
0.8219110988186231
0.5924357967033188
0.7516115662466072
0.7556102751648475
0.7888858379704713
0.6459270344345888
0.6733797373370178
0.8717606080944412
0.7984646729260396
0.6984192989049441
0.7561959797559266
0.7328161578192621
0.7286948952457852
0.7510124606607795
0.767340062819549
0.8165356034135807
0.7288946643253661
0.8247771160379208
0.741484751549542
0.648668977303534
0.7390471288485736
0.7120764995138534
0.7327926433112684
0.5610797213058536
0.8468224860831179
0.6560965395306781
0.7428986622870244
0.7895500669981597
0.7901191738301696
0.7288268970609738
0.7498285372356454
0.7627411119435591
0.6921246837366446
0.7538885483089619
0.7893729209993656
0.7132193415023392
0.6853839070430384
0.8830248480906306
0.8352739647943483
0.7329731365551518
0.7756102617015594
0.7737568689670209
0.7827511006809986
0.7994424209459481
0.8441541744050715
0.7792776288081412
0.8113509613155176
0.6880881113451507
0.7549907050947717
0.7722454370705051
0.7836741218305696
0.5922043714809598
0.8672360439358652
0.6588340756274498
0.7816018572915934
0.799736585319503
0.7938472056535419
0.7647172602042618
0.7740184934604069
0.7222193301578073
0.8132425527604807
0.6277574135583271
0.7670805486817088
0.811705755599666
0.6521953209046996
0.883236343838953
0.8060620851195059
0.7156891138887366
0.8000238547900013
0.7586246756082925
0.7795207903915942
0.7989634524649291
0.85463464413654
0.7662443016183477
0.8274763198134817
0.7550827738917104
0.6850076777679499
0.7740545994667711
0.7310393761247619
0.7920874263678707
0.5770913675916644
0.8540598778274268
0.6860257325971584
0.8010420815010999
0.7982084467484214
0.7985144769622075
0.7573147364882316
0.8270359220645278
0.7532134303561626
0.7115202773626926
0.8373710323153253
0.6506525433540712
0.7727071570947007
0.7563275562345773
0.8274351465846536
0.6754189163740538
0.7275185586722415
0.7272541067896274
0.7778661725781105
0.831467574880622
0.7559186126942559
0.7809270815375287
0.8450847219450878
0.7964014100084406
0.7552167759262208
0.6872794317558187
0.7560114678648461
0.7505727378694652
0.7553345220951628
0.5982832850199762
0.8533968673829079
0.8065264339766874
0.7947402028092393
0.7536526978779009
0.7540051344753367
0.7414811521863526
0.7220916210754353
0.8007018814956339
0.630926488187689
0.7642268475780256
0.6660018257042222
0.714648502378858
0.8624089114173668
0.8391822628538956
0.7143616428835056
0.7920447379543978
0.7580288444408012
0.7863963139847762
0.7848145043437001
0.7845475884878795
0.8324504186937468
0.7812575363131993
0.8254818374439252
0.7510640292119865
0.7703153367995539
0.7239565559846439
0.7723282694839336
0.5812270313913538
0.842756908723173
0.6912307647691356
0.7955245275584322
0.8113704229567378
0.8190747197650889
0.8081153948558258
0.7625741904993345
0.7185837919636497
0.8302006565183602
0.6339558974287037
0.8139366196429473
0.7758421735523643
0.827963420770602
0.6925272931229773
0.7337776062030279
