0.35670070623495903
0.3694091630094945
0.3845210484634282
0.3555363868904998
0.37119643349367704
0.3657642368949461
0.38247999999076765
0.36349191431980077
0.33299493527222956
0.36566222168220747
0.37490459321396513
0.3379853906630442
0.3681496120233967
0.3985733770486408
0.36272707357298684
0.3704593817227356
0.33076619238127297
0.3814057564008213
0.36224301128578856
0.3675319065935208
0.34274554475237473
0.33424637776226424
0.3954496734090888
0.40073320546616664
0.3403639160979607
0.3369464562393764
0.3277872594002531
0.36376437786076943
0.3602007941481543
0.3808528795088772
0.3700524896872259
0.384266160414245
0.34828573598159285
0.3397929175439067
0.3708061830410376
0.36572373669684066
0.38201993686045066
0.36473078070803105
0.33407544752674334
0.36161869353440645
0.3766691450839084
0.3601057170958131
0.3320989193448801
0.37977692175030775
0.3367977607909589
0.37819601469415565
0.36278564849030254
0.3686250642422214
0.3565107945718459
0.36897055684169433
0.36501349630827606
0.3655316286042283
0.33612599916965946
0.39526529003236877
0.4004036182551174
0.3353893886205322
0.3315428016654035
0.3273014318790711
0.3633158148746567
0.36032754947765117
0.3822522249273871
0.3697249191698542
0.38479280607088956
0.337665757891177
0.3358252417433789
0.36637265364929006
0.36544461903673997
0.38148569026912127
0.36064207754717037
0.3320021180722321
0.35959870699478175
0.36844957369063214
0.36350399842119996
0.36575856650469407
0.3311964252410887
0.37130614722832067
0.33797641624401864
0.3677175755478557
0.39720608193684503
0.3636933880251919
0.3611090618466118
0.3505536449788674
0.3855415499850902
0.3636413662554219
0.36507400801075185
0.34456990525137415
0.3362991813807358
0.3951402799881315
0.40006049046428105
0.33440423701716426
0.3426596124885399
0.32507437546272766
0.3610006640548641
0.35930237654080266
0.3810318069839199
0.36961446302151396
0.38394144166088573
0.35269811188375344
0.37322172294729805
0.36540302511742556
0.3563129365852298
0.3332331165829012
0.3620081331541084
0.36137037874933386
0.366638529417199
0.3668577741210878
0.33833343350174505
0.3691281142208318
0.3773386678225501
0.3639458728145437
0.3607958228625836
0.3516800360555106
0.3696205474099783
0.3664482998897258
0.3681240846436205
0.34081229332206303
0.3334016177829649
0.400896814543483
0.3358308785928114
0.33485888162762534
0.32255374355584
0.3646346717888702
0.38711454694282516
0.3721548472216897
0.3856848441188878
0.33306780741636377
0.357718328151128
0.3736825898611352
0.3686888116867956
0.37978258986560653
0.36701325971325954
0.3364826675203346
0.36813663536748653
0.3660424762763917
0.36292797586944137
0.36930295747668485
0.33452539903959777
0.37903012103934086
0.34165538509029303
0.37258471894136685
0.3974398062081619
0.36374839371851847
0.36771940357127375
0.35541694905704435
0.36630473079178527
0.36516743909074256
0.37331976281997964
0.3337152214842529
0.40486924197514673
0.403421755591732
0.33709974244599306
0.33659829409430686
0.33058869253745965
0.36381156387541513
0.3656624380850563
0.3876181303608388
0.3732301359769805
0.3884349444264932
0.34085711969398585
0.33784702426932467
0.3678439544154211
0.3693430229985172
0.3808985522763544
0.37526460972578934
0.33568929332803976
0.36090377960756426
0.36017042591477283
0.38288346101713094
0.3608287505757752
0.33531369740253714
0.37262721238074104
0.34427589557853666
0.36763256866733807
0.3951171938040011
0.362957935029897
0.37104332305908605
0.35782037259176325
0.39098183354579663
0.3469318310381492
0.34161436264787637
0.40106732132996437
0.36179177329372336
0.33589939815783476
0.33007997178933834
0.3674431418002318
0.3606102268851272
0.3870703331131289
0.3713671919245731
0.39001598169836493
0.3541386259625789
0.3598533980773919
0.37162148026598674
0.3723006598489533
0.3813834059123391
0.3782653780034746
0.3381624283167374
0.36657582152397244
0.36646874389397305
0.3626465973630257
0.3338358504978891
0.3829676124516902
0.38341680762804076
0.3959297335116537
0.3678913696161241
0.352189247928248
0.3855205802242314
0.36911666797408516
0.33093086410734346
0.3991737480021469
0.40176986030098655
0.33805112646579494
0.3374078629933752
0.333189729343916
0.3651663522602102
0.3641528382742424
0.3579231942385248
0.3675557972498892
0.3706233573588494
0.36973581170387576
0.3817960784502243
0.36846840224850946
0.38195257745179567
0.3689943913378236
0.3654790030406067
0.3770794542404766
0.38174093997084213
0.3659681579126923
0.37269420110613455
0.34702008419542235
0.37367378442059845
0.3947877241885177
0.36656935499525184
0.3707992199138514
0.35967119057473046
0.3700331875185944
0.36705515345223516
0.3679014910429956
0.3763637864271042
0.33823050711293534
0.3986568335742581
0.4009702281158901
0.36253155648907015
0.3509425666378522
