0.5907646980288175
0.560366853602823
0.5357318962660116
0.6474601664375013
0.5926137609475116
0.6465753182581758
0.5348872721757317
0.6171055383881221
0.6375343960044324
0.5716612886225867
0.597075143026303
0.5745961845611143
0.5381979577438033
0.5657141914067292
0.5129741753907304
0.6003831081729384
0.579315063248764
0.5683433990322168
0.631839521085123
0.658871480555991
0.6058946162905043
0.5921791416951075
0.7118695496804376
0.6660378758431542
0.5982087435390168
0.6601284068287419
0.6106265456817164
0.629230118638431
