0.3789441249806591
0.3485044507516483
0.3601941148179008
0.3743530160385806
0.32894681278736637
0.3898141616672897
0.3517219066285964
0.38707942420505714
0.39385535700677615
0.3685548526360565
0.40368608043884074
0.33966237309598646
0.36073841626391223
0.3524358419385057
0.3383205247462469
0.3497301019544383
0.34771453185185186
0.36815194224529496
0.36446233100864667
0.34886558101453974
0.3687087717749115
0.36091314554745707
0.3280478664419125
0.34651523776769616
0.37365638026770537
0.346419372984747
0.419637105641263
0.3671425667694848
0.32426224608557325
0.35712531832449146
0.43149314963549307
0.35541311484320853
0.37543277230313954
0.3439770481098414
0.3569663158265951
0.3542210688399707
0.41784663822873075
0.3341737346885277
0.3440318031967916
0.36278957150752106
0.3835810741629116
0.37749266379388374
0.43020980238256373
0.3798163312917071
0.3783455412502033
0.39806293502318024
0.3739042707680366
0.3870122434543772
0.38386773638222954
0.3571542772917851
0.3834266599158626
0.348404345457146
0.3141115886800788
0.3747445117690147
0.34930684458697736
0.36679623119626775
0.339526442254751
0.38268368007648196
0.3519530652085143
0.42115579720198865
0.354848577929184
0.3681754867046855
0.36352569768597504
0.33999115025295196
0.36830183536193045
0.3146258000383807
0.39663351153156756
0.35269728593897604
0.34379986782967803
0.3658879758786
0.4219179810634486
0.33221012952768086
0.3629640162779217
0.3799761138274808
0.3507257926405089
0.35259714564665207
0.381941642432639
0.3415357728206493
0.4243004872843517
0.38123598993654934
0.3575210956602855
0.3868907549438711
0.3917585687296647
0.36883235315764
0.3693815844481321
0.3217405696383603
0.3825941932209868
0.3509416737167301
0.3727644838836886
0.3827127598798165
0.3731196424968724
0.3806375898752428
0.3304377808815974
0.35709966575850627
0.36019499557888307
0.4295557351008402
0.366385685470246
0.38764948077127925
0.43709594683270375
0.37559703183512627
0.4366902002124281
0.3731958491950908
0.39168704800631854
0.3888940220856665
0.3950607539810144
0.3708239042389836
0.37262016003756937
0.43021648692319736
0.3969765366537402
0.37680420950094673
0.33229793452008716
0.3534446373943982
0.35321911764453867
0.34589591182448076
0.34234576942442013
0.4017904558863956
0.3102106354534321
0.35964901183564585
0.3416935360257456
0.34667455316926
0.3736860040052923
0.37016759944598554
0.4309512740839973
0.4160389821850892
0.3648993859640968
0.3778842067539439
0.3727280955795455
0.3819193091052368
0.3627262350072122
0.37870983397125796
0.3570559698357782
0.35320454321560973
0.3703268888951688
0.3604326507190803
0.3794783471138208
0.34512745005479006
0.36213793350035534
0.38652655740223024
0.36870724868536986
0.3634079922932528
0.34455414832283915
0.40277391389711703
0.3946375474411286
0.4016726404204289
0.36599334441632086
0.3389287720991719
0.38166747021505953
0.36873881722843777
0.3877848729451592
0.3753037648778124
0.3520304191502995
0.3467453188264228
0.39192940831393946
0.34714111373811785
0.36834405673071713
0.359864503276097
0.3395205842272993
0.34506623133476055
0.36384124416582625
0.3793832628479985
0.35585141808885296
0.38415915122576305
0.3427997610317695
0.38208074600579034
0.3424597860348343
0.3747611367725074
0.359306505971701
0.42266289734225193
0.3658285865089964
0.4018303111672909
0.423879723429603
0.42051852152328273
0.3833884978698957
0.3613012470920621
0.3604754878874425
0.3653705593726668
0.38815863094866526
0.34632376404441173
0.3722847468305082
0.359185103343644
0.3741967940689714
0.36209201454524376
0.37364970252858715
0.4002417838134427
0.3689141992639993
0.3725096022434457
0.3467104417443666
0.3638539422302616
0.38159633768224305
0.370034959784629
0.36100988826920044
0.37596458707950725
0.37648387572887454
0.35373631567998653
0.3180641568496854
0.3471860628912319
0.3893227224357442
0.37983940978029135
0.36935743846169383
0.4221884189270849
0.34187746206720815
0.36607571869371225
0.35071313678221905
0.3776838035604394
0.38149808904984334
0.3544862362185891
0.4262465287562918
0.38924189831541317
0.38392678191464025
0.37580125953454974
0.3911470574999045
0.36481815241999094
0.3581592938722044
0.3662050877157987
0.31410841625959995
0.36291302294855204
0.3654245967193873
0.3596361277881926
0.35073504803322153
0.3836379712032359
0.3578629682833995
0.38294513283429327
0.3793900335090994
0.3702987739334765
0.37005670660441137
0.38838182985643444
0.4410794797002368
0.3520900775358356
0.3636678316970944
0.36734350572155183
0.34141308777753254
0.4471806432625379
0.41886650425975086
0.37543384683949566
0.3909731057539137
0.4344148602020734
0.37182444788034846
0.35802217829568117
0.35355870959618885
0.3796604428895903
0.3367029975607075
0.36597433885072095
0.36939980887876894
