0.4884937238493724
0.3630685145422604
0.6342161775232642
0.5807724837891175
0.42898134863701576
0.48938053097345136
0.44476744186046513
0.4852652259332023
0.3534790365744871
0.49462661890327914
0.39391363481808905
0.33215156215377795
0.37861842105263155
0.33673469387755106
0.40443109275253475
0.3583967686810626
0.517349260523322
0.3099656357388316
0.4168618266978923
0.3797565860422123
0.45487283367094306
0.4124567474048443
0.47282321899736146
0.4249525015832806
0.32000799520287826
0.4978282659538924
0.2856425702811245
0.6564158887058393
0.34976525821596244
0.3963747543131688
0.6466124661246613
