0.0
0.0
0.0
0.0
0.0
0.0
0.0
0.0
0.006279434850863423
0.0006246096189881324
0.0006246096189881324
0.0006108735491753207
0.0
0.0005065856129685917
0.0
0.0
0.0
0.0
0.0
0.0
0.0
0.0
0.0
0.0
0.0
0.0
0.0
0.0
0.0
0.0014577259475218659
0.0
0.0
0.0
0.0
0.0
0.00149402390438247
0.0
0.0
0.0
0.0
0.0
0.0
0.0
0.0
0.0
0.0
0.0
0.0
0.0
0.0
0.0
0.0
0.0
0.0
0.0
0.0
0.0
0.0
0.000612369871402327
0.0
0.0
0.0
0.0
0.0
0.003316749585406302
0.0
0.0
0.0
0.0
0.0
0.0
0.0
0.0
0.0
0.0
0.0
0.0
0.0
0.0027100271002710027
0.0
0.0
0.0
0.0
0.0
0.0
0.0
0.0
0.0
0.0
0.0
0.0
0.000508646998982706
0.0
0.0
0.0
0.0
0.0
0.0
0.0
0.0
0.0
0.0
0.0048721071863581
0.0
0.0
0.0
0.0
0.0
0.0
0.0
0.0
0.0
0.0
0.0
0.0
0.0
0.0
0.0
0.0
0.0
0.0
0.0
0.0
0.0
0.0
0.0005
0.0
0.0
0.0
0.0
0.0027210884353741495
0.0
0.0
0.0027397260273972603
0.0
0.0
0.0
0.0016155088852988692
0.0
0.0
0.0013850415512465374
0.0
0.0
0.0
0.0
0.0
0.0
0.0
0.0
0.0
0.0
0.0
0.0048721071863581
0.0
0.0
0.0
0.0
0.0
0.0
0.0
0.0
0.0
0.0
0.0
0.0
0.0
0.0
0.0
0.0
0.0
0.0
0.0
0.0
0.0
0.0
0.0
0.0
0.0005571030640668524
0.0
0.0
0.0
0.0
0.0
0.0
0.0
0.0
0.0
0.0
0.0
0.0
0.0
0.0011160714285714285
0.0
0.0
0.0
0.0012315270935960591
0.0
0.0
0.0
0.0
0.0
0.0
0.0
0.0
0.0
0.003316749585406302
0.0
0.0
0.0
0.0
0.0
0.0
0.0
0.0
0.0
0.0
0.0
0.0
0.0
0.0
0.0
0.0
0.0
0.0012539184952978057
0.0
0.0
0.0
0.0
0.0
0.0
0.0
0.0
0.0
0.0
0.0
0.0
0.0
0.0012539184952978057
0.0
0.0
0.0
0.0014084507042253522
0.0
