0.758131742477417
0.8320951461791992
0.8685271739959717
0.839085578918457
0.5529186725616455
0.8644757270812988
0.8654050827026367
0.850653886795044
0.8226728439331055
0.808474063873291
0.8138606548309326
0.546638011932373
0.8377492427825928
0.992142915725708
0.9511134624481201
0.6710009574890137
1.020559549331665
0.5913181304931641
0.9712293148040771
0.8205652236938477
0.9146435260772705
0.5699875354766846
0.7066457271575928
0.840836763381958
0.8133018016815186
0.8045225143432617
0.67291259765625
0.7106597423553467
0.9955036640167236
0.7238280773162842
0.8028860092163086
0.5893104076385498
0.9894287586212158
0.7886648178100586
0.5793092250823975
0.8441061973571777
0.5814127922058105
0.8027348518371582
0.8274276256561279
0.8646259307861328
0.82851243019104
0.9044036865234375
0.9517233371734619
0.8734862804412842
1.8693041801452637
0.9428787231445312
0.9428400993347168
0.9035704135894775
0.9181320667266846
0.8996784687042236
0.9049632549285889
1.0904855728149414
1.06477689743042
1.1025164127349854
0.9245126247406006
0.908604621887207
0.917640209197998
1.0970919132232666
0.9296669960021973
1.1398677825927734
0.8517608642578125
0.901625394821167
0.9252548217773438
0.9268860816955566
0.8972856998443604
1.025831699371338
0.9153909683227539
0.9139289855957031
0.9172639846801758
0.9812004566192627
0.8757584095001221
1.2349026203155518
1.249211311340332
0.9932646751403809
1.1024982929229736
1.8452990055084229
2.709462881088257
2.2783780097961426
2.0953118801116943
1.9911634922027588
1.4570653438568115
1.5084381103515625
0.688148021697998
0.9130239486694336
0.8311169147491455
0.910189151763916
0.9077386856079102
0.8698258399963379
0.6381947994232178
2.096214771270752
1.0004937648773193
1.0600309371948242
0.9697186946868896
0.962472677230835
0.9908967018127441
1.1243422031402588
1.8636670112609863
1.1507856845855713
0.6650807857513428
1.0377850532531738
0.8310995101928711
0.865830659866333
0.8888871669769287
1.205662727355957
1.0695412158966064
1.1112306118011475
0.8994965553283691
0.7513241767883301
0.8427753448486328
0.8414978981018066
0.969918966293335
0.7318742275238037
0.8928735256195068
1.0978751182556152
0.5645856857299805
1.1097850799560547
0.9791960716247559
0.9688940048217773
1.1147854328155518
0.5934963226318359
0.7867636680603027
0.9594922065734863
0.6242446899414062
0.8305497169494629
0.8429586887359619
0.5548701286315918
0.7102100849151611
0.7665963172912598
0.7338337898254395
0.9432601928710938
1.2570703029632568
1.4301762580871582
0.9519691467285156
1.2078685760498047
0.9885618686676025
0.9525144100189209
0.9074134826660156
0.8633108139038086
0.9970924854278564
1.7285172939300537
1.9038901329040527
1.17997407913208
0.9018480777740479
0.8671231269836426
1.200824499130249
1.2668812274932861
1.1334750652313232
1.112093210220337
1.4407224655151367
0.9927835464477539
0.7077393531799316
0.8345322608947754
1.0548956394195557
1.0557339191436768
0.8910243511199951
1.031226634979248
1.2950294017791748
0.9963724613189697
0.9331908226013184
0.7457747459411621
1.1109321117401123
0.936826229095459
0.9025893211364746
1.1633992195129395
0.84372878074646
0.6110773086547852
0.8551290035247803
1.017486333847046
0.8195106983184814
0.8611903190612793
1.0865094661712646
0.8321764469146729
0.614717960357666
0.8695249557495117
0.885418176651001
0.9885063171386719
1.0094983577728271
0.6906948089599609
0.5894930362701416
0.702892541885376
0.6939551830291748
1.1375389099121094
1.0253877639770508
0.941474437713623
1.197199821472168
0.9925930500030518
0.9025492668151855
1.4323196411132812
1.030909776687622
0.8247847557067871
0.8486700057983398
0.748990535736084
0.6474266052246094
0.9409542083740234
0.7937774658203125
1.3177599906921387
1.0751543045043945
1.2909817695617676
0.9909226894378662
0.9757282733917236
0.9379768371582031
0.8279473781585693
0.8447558879852295
0.9915556907653809
0.90006422996521
0.6966001987457275
0.8261175155639648
1.0253686904907227
1.0247695446014404
0.9571011066436768
0.6058547496795654
0.854224681854248
0.8060979843139648
0.5819733142852783
0.8669686317443848
0.9914267063140869
0.735969066619873
0.8349471092224121
0.7496039867401123
0.9473700523376465
0.7153115272521973
0.5990095138549805
0.5727357864379883
0.8234620094299316
0.8124308586120605
0.9590358734130859
0.5924465656280518
0.7396106719970703
0.8289401531219482
0.6804828643798828
0.9850969314575195
0.8222799301147461
0.741194486618042
0.818211555480957
1.0261096954345703
0.8499131202697754
0.8133540153503418
0.7941830158233643
1.0034587383270264
0.923469066619873
0.7113096714019775
0.8304765224456787
0.5955467224121094
1.00189208984375
0.6966552734375
0.5852766036987305
0.6939103603363037
0.9137036800384521
0.8900673389434814
1.1646418571472168
0.9722557067871094
0.6560511589050293
1.0391120910644531
1.0410184860229492
0.9535510540008545
0.7826864719390869
0.9071691036224365
0.7359397411346436
0.6532711982727051
1.034778118133545
0.8237185478210449
1.2093312740325928
1.1325180530548096
0.7716538906097412
0.6865248680114746
0.9591927528381348
1.1249783039093018
0.8093388080596924
0.8340249061584473
0.9435410499572754
0.6014852523803711
0.5645983219146729
0.5763461589813232
0.8196930885314941
0.7994813919067383
0.6966361999511719
0.8215680122375488
0.8048975467681885
0.850536584854126
0.7003786563873291
0.8182048797607422
0.5968916416168213
0.6886394023895264
0.9532561302185059
0.8648855686187744
0.8098154067993164
0.5747678279876709
0.576174259185791
0.802525520324707
0.8102755546569824
1.0107207298278809
0.808128833770752
0.7039334774017334
0.8290665149688721
0.8567016124725342
0.5573580265045166
0.6807594299316406
0.5495457649230957
0.7470688819885254
0.8599894046783447
0.5983994007110596
0.8568048477172852
0.8242840766906738
0.7252275943756104
0.9427435398101807
1.1446099281311035
0.8026123046875
0.934117317199707
1.0720362663269043
0.8085935115814209
0.7581133842468262
0.6354219913482666
0.6259660720825195
0.7418828010559082
0.5773582458496094
1.0040905475616455
0.8578076362609863
0.7902264595031738
0.9702315330505371
0.8260114192962646
0.8193538188934326
0.6995267868041992
0.5832173824310303
0.5910723209381104
0.8027033805847168
0.5886962413787842
0.5880486965179443
0.7365992069244385
0.8564326763153076
0.9092252254486084
0.8961935043334961
0.8998086452484131
0.868272066116333
0.8655967712402344
0.8877427577972412
0.8087184429168701
0.6290888786315918
0.6628596782684326
0.6620447635650635
1.066103219985962
0.63816237449646
0.8542718887329102
0.7638063430786133
0.8511285781860352
0.9326455593109131
1.0208804607391357
0.8926587104797363
0.8471879959106445
1.2386155128479004
1.1264688968658447
0.8380112648010254
0.8600397109985352
0.8855230808258057
0.5798115730285645
0.6231472492218018
0.9426860809326172
0.8418483734130859
0.7133820056915283
0.9865288734436035
0.8970303535461426
1.0536167621612549
0.8203845024108887
0.814441442489624
0.9060542583465576
0.8236088752746582
0.8083968162536621
0.9109241962432861
0.8976287841796875
0.879040002822876
0.8511207103729248
1.0031204223632812
0.9579088687896729
1.3109090328216553
0.9020226001739502
0.8534705638885498
0.9849853515625
0.8289363384246826
0.919398307800293
0.8479783535003662
0.8688075542449951
0.8855063915252686
0.8745079040527344
0.9858419895172119
1.0919835567474365
0.9037661552429199
0.8722941875457764
0.8183410167694092
0.9221601486206055
0.8662171363830566
0.8858034610748291
0.9498612880706787
0.8267374038696289
1.7186775207519531
0.8656017780303955
0.8574972152709961
0.9225296974182129
0.8989334106445312
0.8333835601806641
1.0186505317687988
1.0242486000061035
0.8437285423278809
0.9483814239501953
0.9429540634155273
0.9256548881530762
0.8371322154998779
1.2692127227783203
0.9151604175567627
0.8188223838806152
1.6704425811767578
0.8381350040435791
0.9124507904052734
0.8400506973266602
0.8253605365753174
0.854100227355957
0.8000838756561279
0.798835277557373
0.8223569393157959
0.9888627529144287
0.8168613910675049
0.8364541530609131
0.797269344329834
0.9392836093902588
0.8466739654541016
1.0011193752288818
1.0006654262542725
0.8174858093261719
0.9735937118530273
0.8839890956878662
0.8449094295501709
0.8221042156219482
0.8440239429473877
0.992053747177124
0.8046631813049316
0.8376753330230713
0.8468725681304932
0.7904212474822998
0.8452017307281494
0.7949814796447754
0.840324878692627
0.8241150379180908
0.8238101005554199
0.8422801494598389
1.1781177520751953
0.8420553207397461
0.9716227054595947
0.799858808517456
1.1722955703735352
0.8050546646118164
0.9393606185913086
0.9892861843109131
0.9876148700714111
0.833930492401123
0.804091215133667
0.814424991607666
0.8183465003967285
0.8379848003387451
0.8624980449676514
0.8210024833679199
0.7804620265960693
0.875781774520874
0.829343318939209
0.8338584899902344
0.7854254245758057
1.1761209964752197
0.8217606544494629
0.8056116104125977
0.8658590316772461
0.8677678108215332
0.8416345119476318
0.8408939838409424
0.8392989635467529
0.828554630279541
0.9633159637451172
0.9729349613189697
0.8226878643035889
0.8389561176300049
0.9774880409240723
1.7138526439666748
0.8359968662261963
0.8096034526824951
0.8257861137390137
0.8066270351409912
0.9247989654541016
0.832787275314331
0.8351199626922607
0.8257508277893066
0.994941234588623
1.0206947326660156
0.9273924827575684
0.8214278221130371
0.7927796840667725
0.8307714462280273
0.9269194602966309
0.7642815113067627
0.9257519245147705
0.8477494716644287
0.8497741222381592
0.8357236385345459
0.8087656497955322
0.9869017601013184
0.803797721862793
0.8323631286621094
0.992617130279541
0.7685492038726807
0.8132717609405518
0.7874410152435303
0.8502945899963379
0.8371543884277344
0.796198844909668
0.8300919532775879
0.8485009670257568
0.8410727977752686
1.687556505203247
0.8324508666992188
0.8231353759765625
0.9811289310455322
0.7952220439910889
0.8058650493621826
1.6847383975982666
1.6588685512542725
0.836331844329834
0.814950704574585
0.95843505859375
0.8758220672607422
0.8711726665496826
0.8232483863830566
0.8489797115325928
0.8402459621429443
0.90753173828125
0.8242039680480957
0.9842348098754883
1.0251271724700928
0.8219795227050781
0.7907533645629883
0.8591139316558838
0.9948816299438477
0.8274993896484375
0.8220272064208984
0.8701956272125244
0.8201465606689453
0.9975368976593018
0.8258309364318848
1.0203704833984375
0.8074667453765869
0.7979631423950195
0.8287322521209717
0.8432435989379883
0.8257193565368652
0.8181581497192383
0.9972596168518066
0.9343011379241943
0.8359103202819824
0.8212616443634033
0.8192775249481201
0.7928683757781982
1.0140089988708496
0.830432653427124
0.8367483615875244
0.8333537578582764
0.9913942813873291
0.845911979675293
0.8500628471374512
0.8376660346984863
1.7370240688323975
0.8383264541625977
0.8469016551971436
0.8525705337524414
0.982428789138794
0.8239290714263916
0.8384032249450684
0.8510932922363281
1.1852197647094727
0.8727262020111084
0.8718128204345703
0.8537154197692871
0.8798532485961914
0.8084583282470703
0.8455805778503418
0.8788068294525146
0.7831563949584961
0.9823038578033447
0.8423964977264404
0.7784945964813232
0.8227620124816895
0.7930407524108887
0.8703720569610596
0.803135871887207
0.8362812995910645
0.8339438438415527
1.2029008865356445
0.8120567798614502
0.839184045791626
0.8078446388244629
0.8362305164337158
0.8079378604888916
0.786083459854126
0.8457069396972656
1.0375502109527588
0.796879768371582
0.8245623111724854
0.8288259506225586
0.7913124561309814
0.8446738719940186
0.9949979782104492
0.9549047946929932
0.8404495716094971
0.8517320156097412
0.7986700534820557
0.7900488376617432
0.8416497707366943
0.8431394100189209
0.8810932636260986
0.8043758869171143
0.8447232246398926
0.830676794052124
0.8174905776977539
0.8121533393859863
0.8645913600921631
0.8200304508209229
0.8108155727386475
0.8715214729309082
1.0462453365325928
0.7893869876861572
0.8388822078704834
0.8555338382720947
1.1543080806732178
0.8430259227752686
0.8425478935241699
0.9692082405090332
0.8293156623840332
0.8152618408203125
0.8380022048950195
0.8122744560241699
0.8175725936889648
0.8287136554718018
0.8743343353271484
0.8162393569946289
0.7934648990631104
0.8506476879119873
0.9814865589141846
0.8267977237701416
0.8296546936035156
0.8619236946105957
0.9382915496826172
0.8197367191314697
0.8654367923736572
1.060276746749878
0.9913032054901123
0.8367190361022949
0.9682528972625732
0.8722002506256104
0.8340957164764404
0.8375799655914307
0.8780710697174072
0.8005568981170654
0.8309197425842285
0.8432762622833252
0.8000023365020752
0.8405168056488037
0.8753023147583008
0.7989742755889893
0.8399648666381836
0.8089351654052734
0.8604614734649658
0.8215382099151611
0.8247067928314209
1.188070297241211
0.837864875793457
0.8312146663665771
1.0195603370666504
0.7844114303588867
1.1589033603668213
0.8219387531280518
0.8061263561248779
1.1547670364379883
0.9244565963745117
1.0050122737884521
0.9945592880249023
0.8354079723358154
0.8403277397155762
0.8206357955932617
0.8206753730773926
0.8295235633850098
0.8685104846954346
0.8383803367614746
0.7822432518005371
0.9031510353088379
0.8362252712249756
0.8490371704101562
0.795034646987915
1.1910512447357178
0.8098621368408203
0.982029914855957
0.829974889755249
0.8396315574645996
0.8440015316009521
0.837230920791626
0.8507707118988037
0.8335041999816895
0.8159043788909912
0.9449548721313477
0.9713964462280273
0.9633545875549316
0.8346295356750488
0.8453464508056641
0.9602348804473877
1.483435869216919
0.8564848899841309
0.840160608291626
0.8583929538726807
0.9799380302429199
0.8282341957092285
0.8102190494537354
1.4562249183654785
0.9276101589202881
0.8471269607543945
0.8510534763336182
0.9882104396820068
0.8031537532806396
1.0682787895202637
0.9307854175567627
0.8469562530517578
0.7919633388519287
0.9568295478820801
0.9808123111724854
0.7890720367431641
0.9550065994262695
0.8244130611419678
0.8498461246490479
0.8427295684814453
0.8562929630279541
0.8628840446472168
1.035872220993042
0.8379156589508057
0.8447771072387695
0.9903345108032227
0.8019576072692871
0.8111791610717773
0.786592960357666
0.8242347240447998
0.8610143661499023
0.8009462356567383
0.8337292671203613
0.8002791404724121
0.865513801574707
0.7993006706237793
0.8258852958679199
1.4350550174713135
0.8422713279724121
0.8229951858520508
0.977790117263794
0.8030569553375244
0.7942185401916504
1.4360277652740479
1.4368112087249756
1.0192458629608154
0.8395044803619385
0.7998430728912354
0.9700789451599121
0.8233020305633545
0.829963207244873
0.8272719383239746
0.8233952522277832
0.8774340152740479
0.8116171360015869
0.984426736831665
0.9959020614624023
0.8295435905456543
0.7930359840393066
0.8382670879364014
0.8455297946929932
0.9638757705688477
0.8240892887115479
0.8196213245391846
0.8126327991485596
0.822350025177002
0.8268756866455078
0.9860544204711914
0.8235540390014648
1.0412583351135254
0.8109970092773438
0.7849867343902588
0.8019731044769287
0.8496136665344238
0.8056423664093018
0.8018667697906494
0.9507482051849365
0.9243152141571045
0.8324427604675293
0.8259787559509277
0.8061442375183105
0.800443172454834
0.8229484558105469
1.0416512489318848
0.8383564949035645
0.8284275531768799
0.9754531383514404
0.8267548084259033
0.843477725982666
0.7983598709106445
0.8459446430206299
0.8210568428039551
1.457740306854248
0.8273236751556396
0.8220572471618652
0.8202621936798096
0.8438355922698975
0.9909214973449707
0.8286423683166504
0.8035955429077148
0.8221383094787598
0.789562463760376
0.8457317352294922
1.165372610092163
0.8325753211975098
0.8829281330108643
0.8407413959503174
0.8182463645935059
0.8071184158325195
0.8461005687713623
0.8409609794616699
0.8968017101287842
0.8247530460357666
1.0498335361480713
0.8769619464874268
0.8233695030212402
0.8726727962493896
0.8430750370025635
0.8937592506408691
0.8432438373565674
0.8915002346038818
0.8950996398925781
1.2241640090942383
0.8575856685638428
0.8889343738555908
0.8178677558898926
1.0329012870788574
0.8799381256103516
0.8501672744750977
0.8262753486633301
1.0211362838745117
0.8865845203399658
1.128129482269287
0.8318831920623779
0.9059031009674072
0.8363051414489746
0.9047791957855225
0.8671376705169678
0.826688289642334
0.8835883140563965
1.0112097263336182
0.8796353340148926
0.8765914440155029
0.846484899520874
0.8318021297454834
0.829442024230957
0.8839471340179443
0.8695831298828125
0.8507862091064453
0.879845142364502
1.517655849456787
0.8848285675048828
0.8580532073974609
0.8542547225952148
0.8482859134674072
0.9174833297729492
1.1037178039550781
0.831167459487915
0.8220510482788086
0.8819608688354492
0.8494062423706055
0.8571608066558838
1.2407591342926025
0.8902454376220703
0.9808530807495117
1.049633502960205
0.8762171268463135
0.8547017574310303
0.8808259963989258
1.5333099365234375
0.8595516681671143
0.8788485527038574
0.8558371067047119
0.88995361328125
0.900465726852417
0.8614761829376221
0.8204605579376221
0.8730952739715576
1.0465729236602783
0.8659303188323975
0.8668789863586426
0.8735673427581787
0.8485701084136963
0.9682812690734863
0.8660635948181152
0.8863198757171631
1.1360394954681396
1.0746479034423828
0.8515653610229492
1.0173060894012451
0.9209163188934326
0.8761045932769775
0.8525960445404053
0.8283190727233887
0.9048440456390381
1.0451021194458008
0.8435497283935547
0.87485671043396
0.8228073120117188
0.8648386001586914
0.8879251480102539
0.8462464809417725
0.8844008445739746
0.8328347206115723
0.861189603805542
0.85658860206604
0.8800783157348633
1.0218207836151123
0.8162415027618408
1.214695930480957
0.8593013286590576
0.8201160430908203
1.2168502807617188
0.9690356254577637
0.8808345794677734
1.0391874313354492
1.0404601097106934
0.8715479373931885
0.8526430130004883
0.8701145648956299
0.8693044185638428
0.8683526515960693
0.9011332988739014
0.8705391883850098
0.8258235454559326
0.9200315475463867
0.8754708766937256
0.8961367607116699
0.8390891551971436
1.2127139568328857
0.8483903408050537
0.8379189968109131
1.0291588306427002
0.8520772457122803
0.882617712020874
0.8980185985565186
0.8814477920532227
0.8627448081970215
0.8775069713592529
0.8580200672149658
1.022780418395996
1.011878490447998
0.8516244888305664
0.9100573062896729
1.0152840614318848
1.538935899734497
0.884831428527832
0.9258735179901123
1.0049858093261719
0.8777456283569336
0.8468647003173828
0.9653444290161133
0.879565954208374
0.8700296878814697
0.8741850852966309
1.034365177154541
0.8398206233978271
1.1328856945037842
0.9089486598968506
0.8237075805664062
0.968956470489502
1.025242567062378
0.8842692375183105
0.9689152240753174
0.8993308544158936
0.88150954246521
0.8647394180297852
0.9382829666137695
1.1165883541107178
0.8518085479736328
1.1087608337402344
0.8631305694580078
0.8587813377380371
0.9400417804718018
0.905909538269043
0.8749053478240967
0.8971788883209229
0.8746764659881592
0.9101846218109131
1.3562607765197754
1.8544588088989258
0.9308469295501709
1.1315243244171143
1.3161628246307373
0.8901863098144531
1.5848240852355957
2.262356758117676
1.466365098953247
1.1531076431274414
1.4452927112579346
1.1005401611328125
1.1658282279968262
0.9062323570251465
1.0665087699890137
1.194720983505249
1.5580787658691406
1.5513296127319336
1.0175442695617676
1.2873249053955078
1.1760380268096924
1.0031325817108154
0.948782205581665
1.016681432723999
1.1911091804504395
1.0511176586151123
1.0464859008789062
1.177260398864746
1.0668363571166992
0.984375
1.0561292171478271
0.9892187118530273
1.1152358055114746
0.9435291290283203
1.0627212524414062
0.8498063087463379
0.8320727348327637
0.8617634773254395
0.9083302021026611
0.9515860080718994
0.9953629970550537
1.3587822914123535
1.047764539718628
0.9615106582641602
0.9331343173980713
0.898099422454834
1.172973394393921
0.8905589580535889
1.2180514335632324
1.0817935466766357
1.0170745849609375
1.2369515895843506
1.0754845142364502
0.8890941143035889
0.8252615928649902
0.9143996238708496
0.8511159420013428
1.544424057006836
0.8673396110534668
0.8552370071411133
0.8787674903869629
1.0264387130737305
0.8791015148162842
0.8441338539123535
0.8559226989746094
0.8177790641784668
0.8787622451782227
1.2214934825897217
0.9186692237854004
0.8869447708129883
0.8520472049713135
0.8996732234954834
0.8426740169525146
0.8913631439208984
0.8736412525177002
0.9298300743103027
1.310417890548706
1.1607096195220947
1.1715400218963623
1.7446856498718262
1.315720558166504
1.4652752876281738
1.1387460231781006
1.146009922027588
0.9347813129425049
1.2469353675842285
0.8672122955322266
0.8830916881561279
0.8281946182250977
0.898674488067627
0.8442609310150146
0.8391287326812744
1.0371456146240234
0.869518518447876
1.115764856338501
0.8403856754302979
0.9297738075256348
0.8486413955688477
0.8928937911987305
0.8726382255554199
0.8322079181671143
0.8865556716918945
1.0374267101287842
1.0216233730316162
0.8885540962219238
0.8785698413848877
0.8597795963287354
0.8436405658721924
0.8401694297790527
0.8797976970672607
0.8719017505645752
1.0073809623718262
0.9644668102264404
0.886044979095459
0.868457555770874
0.8517365455627441
0.8904781341552734
0.869389533996582
0.8605496883392334
0.9040629863739014
0.8345546722412109
0.8396377563476562
0.9454441070556641
0.8620853424072266
0.8685047626495361
1.222271203994751
0.8871564865112305
0.8577451705932617
1.014833688735962
0.8785040378570557
0.8671035766601562
0.8503451347351074
1.531390905380249
0.8637521266937256
0.8761050701141357
0.9238550662994385
0.8897032737731934
0.8635661602020264
0.8251030445098877
1.0422227382659912
0.8737185001373291
0.8785040378570557
0.9639697074890137
0.8685204982757568
0.8803966045379639
1.1318182945251465
1.0441231727600098
0.8488540649414062
1.0112066268920898
0.9288113117218018
0.8758933544158936
0.8530678749084473
0.9132747650146484
0.8434462547302246
0.9297921657562256
0.8518550395965576
0.8818910121917725
0.8254392147064209
0.8689751625061035
0.8963217735290527
0.8445765972137451
0.903184175491333
0.8356618881225586
1.1631107330322266
0.9826576709747314
1.0814790725708008
1.1222343444824219
1.5132200717926025
1.2779202461242676
0.9867861270904541
1.1246063709259033
0.881293535232544
1.3161556720733643
0.9466931819915771
1.0107641220092773
1.7592558860778809
1.1918518543243408
0.9659121036529541
1.1554327011108398
1.3510656356811523
1.0243165493011475
0.998680830001831
1.1681084632873535
0.8873615264892578
0.9186086654663086
0.8666746616363525
0.9116497039794922
0.8905889987945557
0.8581326007843018
1.5564680099487305
1.0353424549102783
1.259371042251587
1.0689585208892822
1.1092674732208252
1.0817797183990479
1.0633885860443115
1.0792829990386963
1.069077730178833
1.1499555110931396
1.202681541442871
1.197291374206543
1.0039241313934326
1.074995756149292
1.0403892993927002
1.4756710529327393
1.7606627941131592
1.0152983665466309
1.1158950328826904
0.9567580223083496
0.9175229072570801
1.690877914428711
1.0632224082946777
0.9589765071868896
0.981003999710083
0.9761312007904053
0.934058427810669
1.2132503986358643
1.044823169708252
1.000389814376831
0.9013431072235107
0.937943696975708
1.108147382736206
0.8978517055511475
0.9862527847290039
0.973846435546875
0.9474854469299316
1.0058434009552002
1.2296934127807617
0.9802074432373047
1.145683765411377
0.9027373790740967
0.9302847385406494
0.9887149333953857
0.9434773921966553
0.8814516067504883
0.8731918334960938
0.972465991973877
0.9729130268096924
0.985586404800415
0.9131348133087158
0.8773646354675293
1.588343858718872
0.9895906448364258
0.8725926876068115
0.9971258640289307
0.8335793018341064
1.5599162578582764
1.2091803550720215
1.5057194232940674
1.0956323146820068
0.8406407833099365
1.0280849933624268
0.9291749000549316
0.8654601573944092
0.8700177669525146
0.8688521385192871
0.8626408576965332
0.9255657196044922
0.8563930988311768
1.069580316543579
1.052574872970581
0.8763117790222168
0.8348848819732666
0.8809740543365479
1.0247762203216553
0.9120159149169922
0.9017171859741211
1.0121498107910156
0.8703651428222656
0.8575453758239746
0.8480374813079834
0.8743321895599365
0.9529218673706055
1.0980100631713867
0.9549417495727539
1.1470885276794434
1.0455212593078613
0.8853063583374023
0.9621174335479736
0.9338746070861816
1.0029566287994385
1.030884027481079
0.9649982452392578
0.9686744213104248
0.9012446403503418
0.9674229621887207
0.8924639225006104
0.858522891998291
0.9485533237457275
1.1203603744506836
0.8279259204864502
0.8930797576904297
0.8765513896942139
1.0362491607666016
0.869936466217041
0.8947925567626953
0.8381097316741943
0.8992838859558105
0.856475830078125
1.5853760242462158
0.9036111831665039
0.8809816837310791
0.8666067123413086
0.9129559993743896
0.9367153644561768
0.8459715843200684
0.9410619735717773
0.8197753429412842
0.8831386566162109
1.2194931507110596
0.8639466762542725
0.9286537170410156
0.8958821296691895
0.8649599552154541
0.9056816101074219
0.9195866584777832
0.8892714977264404
0.9769244194030762
