0.4637952054726132
0.4539991262317189
0.42763332957258343
0.46282638794454994
0.4978101686572446
0.49972404086664995
0.47876032205756414
0.4484339692597791
0.4705783019967713
0.44462000686349096
0.44355483887568486
0.45279098725164574
0.480920400214936
0.44202716432020117
0.4526454968183819
0.440783659999989
0.4540540656748697
0.428821862065751
0.45774226403744867
0.44836707300154316
0.4230513470218165
0.4939211241378005
0.4241122962457032
0.4312311182369909
0.4555370638561293
0.44071524227920383
0.4651814835782898
0.41160195003051936
0.5455055076651548
0.4396681458073537
0.4495966453875485
0.4463564201214548
0.45340186875881827
0.45405559375634863
0.5405548730161299
0.4506763786627521
0.41928590392756576
0.443760718443436
0.44904664128210225
0.49921046633210714
0.4615692178853063
0.5436697639926756
0.494269845598904
0.47431122435926165
0.48380055123644305
0.4740028618902392
0.46141009630497537
0.4489813054866214
0.45423707604015
0.4404195837499971
0.4040798078969732
0.46839172768538284
0.4407836599999887
0.46488468123070675
0.4226550822971091
0.46933105245036877
0.46066294680599784
0.545688837033415
0.44842989507770886
0.4533510514651437
0.4440832339576447
0.4363136269626453
0.45504423824564905
0.4056041585326652
0.46439939392900365
0.4417625613430741
0.44078365999998886
0.4643993726935781
0.5366351067700852
0.41994406694466696
0.45381223716096053
0.46811241656201075
0.4470283600021483
0.46234732907222226
0.4615315735305483
0.4313784689429501
0.5435989889095483
0.46232730808321487
0.4410322587499753
0.4625015323546414
0.487056938373191
0.4674959041142831
0.4526091463864077
0.4145965215403947
0.486143590477501
0.4289736907227505
0.4601946023350511
0.4581824510607925
0.4933915381914365
0.4687749516427181
0.42689625935378517
0.4394644025385527
0.5541268777097843
0.45783797098478585
0.5473571585153009
0.47208349878753025
0.5436220954276714
0.45861013486260704
0.42498185995025045
0.47743077413737556
0.4669480602578143
0.475838253575436
0.48008581383529
0.4687077201157881
0.5314883343586277
0.5022534719035538
0.49585480889287326
0.47068174417668956
0.41250933629945097
0.43248334317460674
0.4185575322112903
0.4317423520559169
0.5073651067972929
0.39769363525687695
0.449314443473489
0.41886462485712656
0.4480702720617684
0.46847504233059023
0.4693622034411624
0.5438801606681278
0.5044602766561719
0.4541732647070367
0.4598281873298979
0.4491229859593824
0.48935225714658814
0.4633873300203052
0.5056275197656848
0.44087523999982514
0.4794922627596263
0.48273683618216695
0.4293362634187856
0.5168306105097352
0.4526759646490096
0.46318739553983507
0.46204127025221853
0.4715538224602037
0.4392138799999893
0.48968820418401
0.4870963832012722
0.49976395874128365
0.46097459864117746
0.4197548935912639
0.46023475962652144
0.45028053379803956
0.47890834176958563
0.46490204931704093
0.4506244018951391
0.42287428934186416
0.4181483554164173
0.4895691709227395
0.5002796492695508
0.4459809849999562
0.4826866898830211
0.5347211014440234
0.4501123210806714
0.48762044631378154
0.4339792125624858
0.43921243865360904
0.4614334834422985
0.4488496063158295
0.42763612969530673
0.47682417544895594
0.45616759871045803
0.46387899868712074
0.43947444818344317
0.4269426923090002
0.44909938282996964
0.45094628210186705
0.5167886404497548
0.4672106455687093
0.5088998526589004
0.529647413189346
0.5166114295591944
0.484472970597299
0.4670370432338301
0.4501504300127897
0.45451431346129506
0.4549200365284806
0.42736268154548507
0.48773727429182556
0.45041885393078007
0.44358961582786693
0.47762976682233754
0.4618933317048237
0.49232629304483033
0.4588631684643092
0.4627641932804841
0.4901584153397339
0.4329252738235371
0.45297709812301823
0.466215745794585
0.4838823619221153
0.4661277181671967
0.4766845582642575
0.4603979123824636
0.40335665741879567
0.41969091769213157
0.4736250996561374
0.449771241583436
0.4238669582085367
0.49015179268405884
0.44624873173916724
0.5394222190297
0.441144025739668
0.4714751616996954
0.4311276130637811
0.4584451084962471
0.4758294215307015
0.5483322227260015
0.46416440552177396
0.5405437018335056
0.4498575532000286
0.46681057371306767
0.4714776720267022
0.44588653908997444
0.45695631351448807
0.48675770782228184
0.4829883258322792
0.4392001413107173
0.4490292379893568
0.4244704729761315
0.4673701120086954
0.4487882573321357
0.48943790908463813
0.4641443636754335
0.46787589683017017
0.4556434865734871
0.480618435141451
0.44755764993575803
0.46594883785374025
0.45847219440848264
0.4525786498629113
0.5409775089229796
0.523254766736734
0.4741345332777216
0.49023141010437
0.5517455103310539
0.4496903450483385
0.43341841966182676
0.44746188579224905
0.43167755186824447
0.46857662474523465
0.4550274001723472
