0.49132896046512275
0.4736290789782065
0.5977144880806566
0.555857836449582
0.5738937597408473
0.6369470738000549
0.5545094743166837
0.6692971026558397
0.6894032154228656
0.6282506620844915
0.6007671531047633
0.5787022771920247
0.6802695047099819
0.9848947700268688
0.7403120042475352
0.7616923992423569
0.6268898409020893
0.7228129225428124
0.8380774849821203
0.6783065093415579
0.5750055946677399
0.5893791017518365
0.6564506446611925
0.5778166015531668
0.5388607150935457
0.5352117753688005
0.7034201776713314
0.7445507023942755
0.5951377925567451
0.5380670839577762
0.7963182260713232
0.5063460104916468
0.47977664858117997
0.5407869217237273
0.6079482354958349
0.45453176553538305
0.49878416548748417
0.6316252240050709
0.4437477104190557
0.5630282234381707
0.6792653726858544
