0.49058525820410737
0.4387852712629662
0.4798078384045957
0.497166651513279
0.4400843404846666
0.4937824335981188
0.4757732447762739
0.514836163328812
0.5234735141995998
0.4956563892725808
0.5100585014833315
0.45337978949053864
0.4722936984898053
0.4572032136368395
0.45292342821088755
0.4572179890671555
0.4558525724575835
0.49396668824807777
0.47965709397866624
0.46668989306908354
0.49084491232059557
0.46464410170602766
0.4389987218091918
0.45910029550513953
0.5016114381891762
0.45848704403245644
0.5681229857939988
0.484521345799659
0.4260664608315017
0.472905427567786
0.5803215392110972
0.468192234824739
0.5017081671218074
0.4523399867771455
0.46529316592219466
0.4709630691430943
0.5680882208016965
0.4514645341256117
0.4479144085499087
0.48314018800608327
0.5111424106892384
0.49619568468980646
0.5726993927616401
0.5147243339597442
0.497384618145825
0.5154375418073108
0.49399045001219355
0.4960119055804108
0.4990957205062188
0.48619647531589516
0.49438608558714
0.4595225846554719
0.41326064998409356
0.48537372537897655
0.4517507326763758
0.47377822277966597
0.4450878045203799
0.49651793857551374
0.4629929195207546
0.575877934891022
0.4636224151227784
0.4803643458447725
0.480516832576566
0.44324100341544054
0.4802932846179063
0.4209623438061182
0.49823484727122236
0.46266866692408404
0.45145354069819005
0.48432552360698866
0.5717564847456954
0.45144839987511864
0.4854281272845447
0.48584996109837886
0.4699909800754428
0.4725149755815917
0.495766602481328
0.450799824732915
0.5726278378413353
0.48377335829770973
0.46374181559930905
0.49171553671627
0.5158667357290353
0.48782173642688165
0.4847135312325146
0.42797955085940664
0.5071104188230778
0.46642341536595483
0.4844926301467405
0.5046065292284839
0.49918788637518563
0.503075879949253
0.4395312381736141
0.4773315277017115
0.473688275399132
0.5779986630915223
0.48277295004494347
0.5046390309428197
0.5812032512777099
0.49693338758378564
0.5729898015182252
0.4886530484859705
0.5065589115515522
0.5074247643034335
0.5109321646450091
0.49652516349016607
0.4979067776468229
0.5654209653149683
0.5263930120013425
0.504421114980553
0.4215538014983673
0.46632586437864926
0.46489676854376116
0.4522812430383766
0.4491085694571604
0.5258706169194683
0.41348799157541577
0.4846070332934183
0.45369852977702396
0.46290976584178645
0.4993666642868999
0.4873203511228277
0.5724883646864471
0.5278982237522672
0.4861643462813279
0.49260566542641204
0.4783642555111425
0.5040473831975263
0.4879456420175814
0.48815358101565637
0.461899673902223
0.4803918563613865
0.4956812641377683
0.48005167311893515
0.4695335395349502
0.46070334245876476
0.48213446267773985
0.5053043899572193
0.4843010599594414
0.4957743752407371
0.45586060625608954
0.5090642736134393
0.5110024241036101
0.5256263019475986
0.488850379696853
0.4520258988744541
0.5019826044881492
0.4815588745668568
0.5131901031632059
0.4820109362976098
0.4528290789570995
0.4519881989996195
0.5260431145472075
0.4605134497831386
0.4914053167359096
0.47995682599042133
0.45441345762081414
0.4501238373161608
0.48556001776128926
0.5102246357248554
0.46991420096857794
0.5023050858747605
0.4612442386495007
0.4747327484198143
0.4491830506564387
0.4832355969120775
0.4793907006040187
0.5594369428945067
0.4792806866680709
0.5231072974869653
0.5681944311984314
0.5658539388220438
0.5025193500759566
0.48033598712750597
0.4770915688012941
0.48200897515195035
0.49452469618077305
0.44410400021111746
0.5091959490527416
0.48143182478963326
0.4793901492535976
0.49130022019114106
0.5000475898598635
0.517231136535943
0.49208269049925624
0.4958175831070412
0.4521976692948448
0.48053595659466003
0.49579244725327826
0.4982464463063848
0.4790699781273329
0.4951558735487611
0.5001224369874635
0.4747309949787648
0.4083385649892515
0.45663725143822803
0.5167692772423595
0.4914413028700676
0.485942138926269
0.5674671105163307
0.4494266106037481
0.4969946270054269
0.47394598914486963
0.4977008092038294
0.5009121780681283
0.4644450945217822
0.58087845424391
0.5049955547855567
0.5013643258878777
0.49124095406370466
0.5227304402203606
0.48402609105576844
0.4712266634127516
0.4819771702039092
0.41333625169661853
0.4883485661451952
0.4990261683108897
0.46891336778825127
0.4576089807494936
0.5118927402551311
0.48767159643207136
0.5137359448056046
0.503358312898891
0.49607944224277123
0.48316281051961885
0.5068756727384671
0.5802978661524886
0.46250922498891534
0.4929749416978232
0.4878830130654513
0.45881026762053423
0.5729013962887258
0.5597575097612897
0.49540185048543495
0.5155332118285083
0.5768335397881027
0.5014696696927026
0.4694148090895158
0.46387975189564085
0.504561117618411
0.44134411974449134
0.4852754526174357
0.48511182935163344
