0.7301885628749475
0.6710398855921338
0.6762546202493174
0.7515510624145967
0.6568503538863428
0.6643317818590164
0.7408505014982051
0.9934921489314152
0.7125603129952182
0.7336656287132347
0.6985303688452345
1.0899535332805594
0.6415684446217292
0.6857525602901325
0.6549040549857448
0.9738154831001848
0.7420336715444764
0.7222131372926579
0.6769050571970052
0.6377120266557801
0.6622937727027849
0.7972633848289604
0.9635729646993101
0.7492420722922204
0.6899372343289477
0.6264749970421686
0.8449980068769717
1.0603704728181724
0.7449947276402413
0.6344831124107955
0.9085400059231429
0.7841166745582004
1.0311779539995645
0.7237665061866673
0.7585476424541181
0.719916811094306
0.8015615561443779
0.7722387425697194
0.7096503149790809
0.9707793291855007
0.7536116680305786
0.7281735942524422
0.7437160320533298
0.7416356614995814
0.9729088999210519
0.6124640602805971
0.7118908511868643
0.9683660201503239
0.6622323854284604
0.7331975542657473
0.6637220975090682
0.6452602144081581
0.6570792969668224
0.9599533985815051
0.695854844338935
0.9587763121675609
0.7343274117101956
0.6363819726256282
0.9639824538333658
0.8368288651333924
0.9049110910462647
0.7259143136205664
0.698601974104141
0.8901156797282578
0.9240262158121719
0.7324903656030637
0.6339377523786871
0.8297918079415605
0.79684400060724
0.975235625390753
0.9874545804278194
0.9812265720825503
0.6248438669144989
0.7651862415807524
0.7444362792079976
0.720067181374856
0.7288217484943206
0.6532860451634235
1.082384430525745
0.7929064508449744
0.7072498023469382
0.741031614269076
0.8336933395642295
0.7275970513077586
0.8046142011278021
0.7597295628331084
0.9561686472807036
0.768233222839654
0.7398898019232588
0.7363440326059384
0.7470388370268837
0.8475071039047155
0.7758104116799415
0.6212604306575072
0.6569208045898587
0.654910693215713
0.9981200346638996
0.6056135808433322
0.7504319648124651
1.0008051518495973
0.6562171477616411
0.7906887766366684
0.8008482291959383
0.7764541172575617
0.7892248643589681
1.074726698697228
0.7494736635458671
0.9882390325838515
0.9713696398556946
0.7361514435988892
0.6989172873008828
0.6802383217176342
1.0839707022454894
0.8274656008288652
0.7128521783472251
0.7184242906058786
0.6956499265080319
0.9590752607620963
0.778835977379488
0.990147146557634
1.0005896809238186
0.6915208788538565
0.7558130446055933
0.7100791315984781
0.7378737861441659
0.6567804014763674
0.7106790975640582
0.9486271862772216
0.9458099208281656
0.7914611278962895
0.7863734719477506
0.9708748176875958
0.9876221248766223
0.6987521998125862
0.7878553893529856
0.7186682085176938
0.776378894217847
0.9284598275623455
0.7681531164948866
1.1080060901472208
0.7192852071674064
0.8350559638241023
0.7162289272446316
0.9917213499148708
0.8026912314385148
0.8484963683625611
0.7065054106275245
0.7335826828472167
0.7366206983075049
0.7094171381680738
0.7587292515668737
0.7354343348270124
0.7097377072125901
0.7550459759005187
0.6985182977756315
0.750488020250108
0.9903066690114021
0.7506088154089692
0.7321616407702021
0.9995649080423502
0.6595977718904678
0.7488584652159934
0.7315964117471485
0.9102139512908523
0.7687603662849238
0.9346375995815485
0.6141074925124314
0.720909133757217
0.9689605114318781
0.9911460669277357
0.8428773326770959
0.6575381241644882
0.6375258862465697
0.750467120084152
0.7707127960471731
0.75671272115828
0.6627594688690018
0.7835253646243079
0.7055605273175666
0.7836402341201847
0.7128441119936367
0.7760092234815424
0.6585397416668289
0.7340237693653777
0.6264139604658421
0.7363014380950036
0.7191839990403062
1.079557864299418
0.7159838912685303
0.9531553022831223
0.7729131609800945
0.7812598307479496
0.706451508177974
0.7446634811656386
0.7265201903818949
0.7327403563042553
0.7576434354980499
0.6339345912388231
0.8194881301261987
0.7224959940832194
0.9721795660611706
0.7663374832186021
1.0943846299345026
1.08370336796992
0.7642867401392022
0.6802462461636957
1.0916596290599132
