0.4255248629614973
0.41682398780170443
0.4283923445573214
0.41386263455115324
0.42747298027781466
0.3949113435288649
0.3752879460284621
0.41132877128900613
0.4265159056159074
0.4239480755748146
0.3916699005108192
0.38833714592416807
0.4188957297899624
0.4033710739573541
0.408625702793073
0.37140725480100506
0.3884272432224798
0.4241188314814691
0.38568250949579425
0.43651989526137286
0.39106275801512663
0.4160290435644472
0.394928146692605
0.4173819519482113
0.3986866972851924
0.4281046907244083
0.4274679540916206
0.3754720048958946
0.3936399723677543
0.3691988421708632
0.422760900743044
0.3847010102996695
0.5576297618248403
0.42978718984777364
0.4072279709950348
0.4159815742130317
0.3615305875969931
0.43198652376668295
0.4053963854231123
0.3827094336092083
0.4297794750877807
0.40116612325914514
0.4177522227352821
0.42643811880612975
0.4248828745157789
0.41212853183630666
0.44849944869971675
0.4202198865070866
0.41171253432899874
0.37046441848950384
0.4011081232880326
0.40815839085523836
0.37823430093519445
0.37620777182034526
0.4608151634908141
0.4272685489899829
0.40977151422845337
0.35138784036494375
0.37300582392961773
0.449180046458692
0.38004528946520494
0.40948034696863816
0.38454884690406343
0.37536111465692124
0.37361627435111433
0.4438534391049413
0.3971982023373522
0.42487542198349326
0.5049547715282031
0.3952033342301543
0.44572589319172734
0.39997536018090024
0.4124168915268285
0.3896271145455246
0.4090704680402662
0.4291741798662192
0.3992658455931563
0.41161123339051325
0.3755568214833163
0.43512076700058916
0.37988352161992667
0.43108615353297874
0.40763781062677434
0.4237661473909401
0.4032832009913
0.370168153316919
0.44116006355572457
0.39856689877970747
0.37971131004720304
0.38368498273935026
0.419889703309951
0.4087425817455627
0.4217889632028205
0.38264770931907666
0.3930421665505607
0.43006145549121894
0.40614017864972385
0.3838220482781177
0.3803946766516446
0.519950372747177
0.4204052469865821
0.40730389827565716
0.4350419476382122
0.4167847710123428
0.3955025501433036
0.3908323931698565
0.3994556986511549
0.3850246979613152
0.4026134961516556
0.4404493711620547
0.37774775702433905
0.4344032821802042
0.43894835364637697
0.4306634262377383
0.43470541831192716
0.404707392427271
0.3910005949352499
0.34068199465732707
0.4132276552538813
0.3963027466668246
0.43199132773888305
0.45473239148352207
0.403381663066318
0.3775091366842834
0.3912689711377022
0.41161616348454166
0.37601367753722326
0.44197979590793524
0.343083242256703
0.4144865566254432
0.451487541750664
0.4047031292871949
0.4024774653318205
0.38194499648312447
0.5489119524265745
0.4217933510329216
0.4593614617131925
0.42160766750440665
0.4027180143673189
0.4501024357795935
0.3978537050676855
0.45348382649767593
0.385044042353157
0.3795579979315712
0.4108092290364226
0.41873732348571513
0.3872738115503296
0.3581213948734446
0.4125581288333446
0.42678781127115906
0.35911804481948056
0.4435341126679644
0.37605168731584254
0.38048984945358133
0.40386728439344144
0.37172450762581916
0.3851887975967446
0.40877746113951363
0.3555228548107285
0.37145274539528506
0.4138764430224283
0.3941171490908783
0.40367396743944334
0.36891323737294224
0.40871563808965705
0.42381122535720567
0.4177479327179334
0.3827937322407787
0.4040427508961017
0.39532567022135867
0.38811822048753536
0.35768638825374105
0.3789439700288195
0.42515315325019165
0.3851280560820639
0.45982658087447975
0.45517287413616786
0.3701736851854428
0.3910735485855017
0.4114566501847729
0.4249160596922385
0.43136319859817257
0.39933582350589436
0.39968861229177016
0.36368444154744256
0.4221255019782876
0.379714355960706
0.38808816920164263
0.40114521593664954
0.38666717877692247
0.3875532883139313
0.409095740561096
0.4254059347290306
0.38243359533388716
0.3654299303551901
0.38555035909094604
0.4168871655306723
0.40869380322321436
0.4045493035594105
0.3676231530052851
0.38451810292674643
0.4220628303189314
0.4252132686262132
0.41578759971955775
0.3976606932291243
0.40393245860619414
0.3710390541066492
