0.8018551909767759
0.7910889343983412
0.8322219927408586
0.798950448336615
0.6983909077986175
0.6910079210065049
0.6452177380959948
0.7154053419614691
0.5953455633049074
0.8099121764656285
0.6455012622081756
0.6510663721721748
0.598451615220061
0.6328455114987177
0.8206574620511717
0.7323337083312711
0.8506353543401787
0.6674344531875791
0.9039032322076826
0.7677393681142637
0.8108871516641172
0.6868109781526863
0.7199811515620865
0.71947279634334
0.7761730446256428
0.7548764707284801
0.6532177602831887
0.8298617951834536
0.8051496583188703
0.671972060513895
0.7403693549562895
0.856786263770458
0.8911320597877193
0.7997206085775089
0.7122093977641886
0.8185552008577315
0.744850995440922
0.7321924045291627
0.7806051358533559
0.7973725234466535
0.6957131241404364
0.6154781307959705
0.9043269219219627
0.6871183749815124
0.9182500386821655
0.7322146926086792
0.822650814032645
0.8758807887459544
0.896202366067812
0.6886295070896703
0.7096096976227291
0.6665812154029459
0.6346321737747729
0.8332907735812352
0.7711653526443997
0.6309611799837447
0.7130940819554137
0.6716915079943357
0.7523636454358995
0.8281597778018961
0.782072117580046
0.832135082329654
0.6363769143848185
0.7279664310222727
0.7772375457683183
0.700785130030575
0.6824512984607988
0.6857919005944104
0.746446366773728
0.6932065182175395
0.7326158140459882
0.7477853090705601
0.8280320778639687
0.7561100054095251
0.8014728783251402
0.8808326687023025
0.7193827738072418
0.7716371219492796
0.818346398963485
0.775898051519561
0.7837057742216511
0.731017540056151
0.8318165589662173
0.7698166216079416
0.755492908411519
0.8679491563399553
0.7226887726159197
0.7202174125700604
0.7748113760602897
0.7918551493451639
0.737541727239218
0.8100685175887752
0.7251511736121119
0.6476880647423122
0.6479188217081474
0.7943535687941315
0.8610781599088679
0.8784259030398618
0.697904504043089
0.659883421466239
0.7860681856153691
0.8363695439811452
0.8423468386383293
0.7885173335668734
0.7163751956398949
0.6604504000174065
0.698084132527687
0.596905466149941
0.7143204885481964
0.7689110163180157
0.5911176970850911
0.7210599826885995
0.6452679143134665
0.6151324135279832
0.8784278264486421
0.8971584089938787
0.6860066544927843
0.7664957605173004
0.9657870851978785
0.9262598037940968
0.7091185624998992
0.867384186466436
0.7589182594251811
0.791151880741915
0.6873573858172013
0.7206695762705566
0.7007484900438753
0.796198624043785
0.775267517096482
0.8187127100407687
0.6175143747786302
0.9573984029970046
0.7164885560018555
0.7980692368092586
0.7353196851619206
1.1025858743644792
0.9275547750333835
0.6298048817412314
0.6999123344609974
0.6986386399356239
0.8277406837814825
0.7739660999977991
0.7257812497302305
0.741698038285884
0.7993033664439277
0.8431684290113692
0.6120849958322184
0.626407367812224
0.832677165253112
0.70655900545254
0.8316604227939438
0.7618742739780243
0.6910562345890838
0.8560601765068062
0.715420228561297
0.6592272601218367
0.6402995445267587
0.7622116388577029
0.6920245348655012
0.6841786348098106
0.7617204951847374
0.6904940197883196
0.8117464915094146
0.7411687069364394
0.8327485221792622
0.6743979199211495
0.7565018854737288
0.7246431813533588
0.7158651498869031
0.8030114150389537
0.7174969273974579
0.7357490688655179
0.8735542950238324
0.8515011111028129
0.7812379718630478
0.7364766784802177
0.6799292257690366
0.7026420717137473
0.7686151393617568
0.938533329470572
0.8161909086130381
0.7681380488423806
0.78033454174108
0.7853293217846304
0.7863252903377608
0.5666797197973863
0.6508419681737
0.8013887586572328
0.8050623443234353
0.8444983610838972
0.5962756911749962
0.6527178229103464
0.7266132130293301
0.8337782524653028
0.7825286272295646
0.8670263217050449
0.6838794595909934
0.7645272229308948
0.699894972903709
0.7354334703988273
0.8176485040112462
0.6283254884379198
0.8121274702488058
0.7900350570819721
0.7236663211667088
0.692721805909891
0.6611779653136001
0.6509654481453531
0.7775920864286913
0.8564378598403043
0.6995908343441286
0.7492487689772582
0.7661691900177581
0.6977937974944208
0.9276833039835002
0.7362529753282785
0.9671110096018557
0.7942025348993703
0.7875292309813562
0.8444243054872698
0.7212827112351367
0.7175884277782705
0.6767696302323343
0.7584657328683151
0.7229715278680073
0.9029707737961946
0.7594628052008443
0.7415436511342623
0.6971572557095617
0.7577988159381912
0.6757044258442007
0.8074346426246095
0.6936829066291843
0.5809956111157308
0.6376014853402237
0.6828847483260791
0.7334820304552521
0.8459805149214981
0.7331210584756075
0.7626451294260257
0.8113182788459041
0.7593686232713686
0.706027193438685
0.6596376430857407
0.795140867717739
0.7499514034928658
0.6582900636822864
0.8484234829258299
0.6820791567852367
0.7563063347810784
0.584139470473297
0.8501508688972645
0.838353936673666
0.5699209490096482
0.7477032165529363
0.6397798182977092
0.6778673786491305
0.7198829327848726
0.7836749104385851
0.7760870007905569
0.7281882864534919
0.661407897874155
0.6673537462267507
0.7700030546223131
0.6770096807138026
0.7050778074326471
0.7168048134662077
0.7418307107078292
0.6498105868854525
0.7340900719781401
0.6522426632395185
0.8973845679401482
0.7593315595505151
0.8188013643378209
0.7949493615421774
0.7404196555765956
0.8677489505967726
0.722379819868818
0.7043808374889796
0.7892970889845146
0.6155998771602736
0.7705065319296337
0.8216245809697624
0.8938274574995096
0.7342105554431839
0.7324146454196032
0.7207658839981487
0.651075238630374
0.5827098831203876
0.8400663680575369
0.8093838460974364
0.9147760131166722
0.8273662485931554
0.6356653225436142
0.7101838962918643
0.6543083601978066
