0.911946294442427
0.844193329400728
0.8554048011614105
0.9146728839728488
0.8607655269958105
0.8138203352071731
0.922532757581302
0.9385694737039199
0.951356675463606
0.8566043386780486
0.9032401340256839
0.8655562792358897
0.8223672744433004
0.8458122160861543
0.8324211283755001
0.8491208284902569
0.8864730979896784
0.6868452777115108
0.918328095960623
0.93497688132355
0.9153525655508734
0.8386536500512789
0.8830042710324574
0.8266301982311055
0.8511736225139686
0.8417242510592804
0.9126080962301393
0.8890661433555198
