0.07818276975197813
0.10079612717724867
0.06439201181538537
0.061227751151844145
0.055491844341942494
0.11163920725158008
0.04620225663857531
0.059740192327889546
0.051333745572141196
0.0540044769148917
0.10718554153115141
0.05319310682848816
0.05948921091666744
0.08286854217199446
0.05283798619523462
0.08151448626987733
0.06630845776692651
0.053490557944703254
0.07201853559406168
0.04511226133005267
0.06297613741021738
0.09317791783649394
0.042180618180108716
0.06529910731913117
0.060000850879154174
0.051847948608157286
0.06422575685966478
0.056758758364086254
0.06355692014579573
0.06956385604535281
0.06035530016942093
0.05324106779478751
0.061784697107523656
0.0667583500845694
0.07243779465212846
0.06822906415293603
0.05613686114699989
0.05066268360739459
0.07916568563923218
0.04687749995118351
0.06101930441282553
0.07498326636657505
0.0684597331360571
0.036850762785830285
0.07557395408532393
0.0886640558173991
0.068960715217135
0.0993945863148098
0.08588152331249904
0.05085676082788178
0.09851841111067748
0.05517521935879174
0.06357177924343588
0.08952256953670462
0.07946041250559555
0.08466161504940276
0.06502240534742625
0.08166007476827764
0.07003843440565805
0.04804312867885335
0.07946946649128825
0.08523688674416312
0.05403788918556246
0.06301384824084703
0.07427515033559653
0.04794688807161768
0.11185092471603673
0.07053042494753878
0.06700777239529042
0.05328144352334557
0.047143803884758424
0.047227697136037534
0.07114417439759219
0.10661458616805769
0.06141006391474084
0.052017909929720024
0.08379902993703794
0.06165658722561237
0.05355058750971391
0.10882508505700106
0.07027048358312604
0.09804582275095594
0.06417084255706056
0.053727874069226376
0.06081505933111819
0.05176372089420215
0.05912398685239252
0.04984981996048647
0.0808893072033892
0.0635618798267982
0.0566713835902926
0.0740866553821778
0.05503548213327858
0.060501026186385184
0.05535008238559062
0.06658963786640255
0.0770387250753627
0.0797873075657099
0.06783241540468626
0.06929356316428756
0.08635554402053078
0.07687829337548306
0.08857108787856334
0.07216960013069096
0.0811000919972445
0.05446605183533027
0.05913298850393833
0.07792961114016252
0.057651963987864985
0.054359633729141044
0.09338005287281285
0.05925981100205518
0.07614150025961613
0.058546925413918594
0.06452415915474477
0.06949228834181506
0.055399642817030414
0.05278386951076355
0.04908113538781419
0.05656974252310828
0.06025004799094681
0.06676120778274237
0.0732338358954909
0.11447188802262229
0.06317402573457179
0.08283326624725927
0.08711087766252816
0.07080954133073031
0.051661746287987226
0.09112126230703357
0.07688446890921717
0.04241417337663761
0.07026464402232802
0.059883701855392726
0.12558295157427418
0.05371061859965677
0.06507829893946085
0.0826073316098857
0.07393879582308652
0.048959937111716305
0.05430489999681841
0.10961903949313921
0.08423987181273326
0.07152675552897933
0.060946492757510726
0.0704477865965295
0.0802984159937783
0.07872223526816578
0.05339364116929738
0.09547323719233382
0.0799839927266105
0.06229259485669404
0.04872926098163441
0.05197967571550634
0.0711481474571368
0.04919030572489451
0.04302115764352238
0.06916968137800569
0.07106287924646894
0.05208883518106659
0.0817825720625101
0.06877544397498044
0.04523593464351781
0.11188684920926471
0.07029409293739873
0.08322509549813553
0.050686154207250124
0.06886567231202512
0.07354949266574906
0.07885646282724659
0.07396810775518925
0.05466919159838043
0.08213652394101352
0.06337783718258208
0.06522788262293631
0.07310857287306836
0.1108561121559333
0.08206483224159061
0.041931334574882836
0.053348849232979015
0.0997445654966802
0.05194714001623579
0.05315789631631149
0.08346098545578029
0.059157699575316
0.04560863238712566
0.06272051045130467
0.07691728103758719
0.07934244336821304
0.04531610037409568
0.06553189639099707
0.06337287153985315
0.07356062272662577
0.05550544542756761
0.07691263397767303
0.05043640486939516
0.05912745382407554
0.07904236393117195
0.05681650037159858
0.05153162977010731
0.0642140332628591
0.04354031098441283
0.050480326254728876
0.07216236018083398
0.06587240713672662
0.0713946384272317
0.05202046842209505
0.08102227087274706
0.08049852185379744
0.08207026043015506
0.04766761719851709
0.06835612401734054
0.06389633620747086
0.0722133282542895
0.06053219079948063
0.052405961714707815
0.04028575755785738
0.062170045795068934
0.05835992471384549
0.05754814764941597
0.05181954510512041
0.04797596375551037
0.05777624463683871
0.058587059734414394
0.07243611406181379
0.06784481732086226
0.08422566155947062
0.06270184399041612
0.04396098311926382
0.06304805615028126
0.05382559847228889
0.12777478944989193
0.06084966659953868
0.05988412844582677
0.06708919219136275
0.07469409146674691
0.05571254064935978
0.0573857851037104
0.05893816728790395
0.05486993028067727
0.07027532428992182
0.06615091430143816
0.05238506094040081
