0.038685992759743805
0.04340220306505629
0.0646334692146688
0.04947008818194297
0.06145190904805248
0.05976306311955949
0.058316876280691196
0.035966895703591364
0.052507614367569955
0.03993873041123865
0.04175055342405422
0.057090470025871504
0.07359196454509742
0.04570188154008684
0.06890508231408238
0.06763285365837499
0.04399848421088229
0.055957852772586296
0.052294286563088495
0.050514314391287465
0.05294492230178406
0.033445877954292394
0.05432303904311073
0.05435587719238075
0.07093313811356045
0.04144887832260586
0.0428732601398848
0.05205003608380862
0.04553340878658954
0.05073113514424614
0.05322151443630902
0.05191210237055652
0.044030010969310585
0.057682226822696775
0.04952230120326461
0.051166901223439504
0.0416500625146418
0.04715490974928918
0.05456942916303886
0.03816349493714276
0.05031788289908595
0.03666610997274526
0.03786681675752283
0.059655505123009295
0.04795107413144709
0.043396957427929206
0.049767580579302334
0.03754572455661455
0.0691197874127081
0.03974117315286033
0.05299579454663349
0.05047312464570597
0.05472386749291236
0.054739141808340386
0.06924326206568485
0.05029361368067636
0.045324501222980734
0.06218151743218826
0.0465236125720052
0.06951592172017199
0.06522707519808432
0.047122978537829444
0.04729701010906272
0.05200922216355993
0.06284260154670668
0.04247141342786025
0.07148140064399879
0.0431577984360478
0.05602405507430196
0.04355093834766401
0.09370105262303072
0.06340861455785929
0.05086495989591372
0.042542847649187435
0.03972252227273704
0.061600357318365426
0.04503888798769284
0.04245583422349044
0.06402287510395216
0.05345740133414159
0.04666634494531944
0.04606106915795873
0.08084265233948038
0.051565946964019976
0.0790992395950518
0.05575308460570206
0.03627975998475296
0.04699909381314701
0.04437321545191814
0.04062848894174211
0.069668131970474
0.04847440744539637
0.055244025628042454
0.04550457535100408
0.047066744749304376
0.0560621620364198
0.06005547147391853
0.05208854566377498
0.052367212932355064
0.060625433078207475
0.05271922242560717
0.05863142319111951
0.05460607171268593
0.05813508691752628
0.051438181897099866
0.04594996220157918
0.04972908505501554
0.04888413999753896
0.03978346743244242
0.04368660595856542
0.0648244543625214
0.04830806040318271
0.05130158566894032
0.04277276590508459
0.049415133451684246
0.05094722496069205
0.054485354865255256
0.06239924663675282
0.056480136828710246
0.04624001465392987
0.042648770426145684
0.04714085831770066
0.04462645055887064
0.05968109039163194
0.05512492600163854
0.06835276617010061
0.058364168394358776
0.057038651666537654
0.049634217597315095
0.06690488993185056
0.05052759055396075
0.040867392448326836
0.061444896439192855
0.04891110341776669
0.04282127074089813
0.0507913781523566
0.03809163703314095
0.07010231737548323
0.04177094345215011
0.04837274169327954
0.06552451649409406
0.05288484808615149
0.04078387235746585
0.045875538237004035
0.050633898728439625
0.08124046251553352
0.03585082577988047
0.04733896818686178
0.05178480627990304
0.05322981671386251
0.0501485261932888
0.05388255397178732
0.04371133474701924
0.06561182785922569
0.0690934332800642
0.06211559688922881
0.038029340379696575
0.04249722564655101
0.047508126737916795
0.03772578782438282
0.05163221351300624
0.04813588207088351
0.04440141244832443
0.05557727828050244
0.03857016097135228
0.05270253494453265
0.08097232118881406
0.06227729947067249
0.049816484861519475
0.03884099044883538
0.053682714294837876
0.04821588330183817
0.048222780753849864
0.049419094696583406
0.058336454309576374
0.04990113189699816
0.04641643830340444
0.05786692620705902
0.04710902041792528
0.03905527668032787
0.035786370214140925
0.07621381375328597
0.0478723720924631
0.0460498597281239
0.044547098000387225
0.038668337584062004
0.05349666988415697
0.05908085621238188
0.06362738197515455
0.064091857368404
0.04833200298163702
0.05562586380506583
0.05617952867546386
0.0537300364516126
0.03912218133171221
0.03497863490407017
0.062426264206159585
0.04082599781728963
0.044080162222240475
0.050917717707777824
0.03667488543954617
0.04950161408908756
0.044353456760137126
0.039069214595122165
0.03973148259212167
0.051159838839992144
0.048351534512998964
0.05813338317878926
0.032914810959407376
0.05687451427748032
0.05502158766226205
0.05026063689257548
0.04849325340173945
0.046898832813290395
0.04647223127917034
0.05885169385085364
0.04151823010399157
0.03544228789390669
0.052961316002513165
0.05323358573202927
0.04132274664458284
0.0464628676926878
0.04076824025254973
0.03969579734600968
0.05557701612278869
0.043326117860041174
0.057268860171855465
0.041978937624582
0.051893607788303826
0.06143464741173964
0.04232833011387194
0.1048727206154
0.04605645453510744
0.05439612750796189
0.04421287366562199
0.04811210567603241
0.04572633433342976
0.04880517507197888
0.04320828144706227
0.05046265029116222
0.04218434389029419
0.04752967499334678
0.03761411559786198
