1.2274605904143416
1.2559913617706011
1.3271367508373566
1.19370955226005
1.2337684474960438
1.2275245197578806
1.3147145615231342
1.2282189898690923
1.130207672639188
1.2282528807774389
1.2582727923337416
1.1331414489194915
1.242523167754939
1.3502303897782695
1.23077557497732
1.2280873121131073
1.1146403672001746
1.309971208109965
1.2381568847417066
1.2404884065227937
1.1214909933406825
1.1262644204354482
1.3537860016157217
1.3625004776557044
1.1315132076568435
1.119935610995151
1.1115374013198365
1.2227005410231317
1.2272385422625067
1.3107142604638327
1.2571029265665064
1.3267043379094379
1.117598153730321
1.1015716958324404
1.2335397669003338
1.227264483801429
1.3144362502572173
1.2276251724448781
1.1305203894948437
1.2276528187938913
1.228981674696104
1.2324114270707904
1.1356074462203343
1.2594462195775247
1.1325327658460567
1.2803731132649672
1.230281192066097
1.2275593830427263
1.2083844670063193
1.2414919596107006
1.2385392826351287
1.239762413403045
1.1260250939290266
1.3539561315176722
1.361818939942048
1.1305577581957886
1.1176568513195646
1.112254053437453
1.2220480319831544
1.228447186364777
1.311971972521692
1.256735838714043
1.32745153491309
1.1166358498427602
1.1016564802365862
1.2339376564593958
1.2265421583587217
1.3146667246548456
1.2279216037699214
1.1300118005244064
1.2253201858976674
1.227017585887948
1.2340274812769936
1.2250904195714767
1.135536616742384
1.2574811186051913
1.1332683206964116
1.2432067790342658
1.351107136978284
1.230954458618451
1.2277514610234772
1.2087954791460076
1.3114822956689798
1.2374530684824698
1.2399613630044666
1.121819597226307
1.1260815631309762
1.3535110106555945
1.3614122366448755
1.1300916392167304
1.1206046067885813
1.111043822113202
1.2217563807064282
1.2276151698263869
1.3113166532532752
1.257239219620979
1.3262366860892256
1.1182412574735499
1.2350879968448418
1.2273799499829776
1.2262915939903558
1.1304152644417855
1.226790814590069
1.2333586480741814
1.2242950232053966
1.2556841916930737
1.1331595504646472
1.2431067485211413
1.280250934997853
1.231694208428134
1.2258394321158401
1.208613142421749
1.2417048420693957
1.2377893981442667
1.2399531873316003
1.1222021261679684
1.125625311781101
1.3619912516316677
1.1299435737275376
1.119322367244633
1.1102924616906424
1.2221675797705105
1.3209997159774893
1.264856470411115
1.336282573903096
1.122460217788161
1.2024675003448682
1.2429144609155114
1.2363351665877533
1.3208735772949283
1.2334920773264266
1.138227115648394
1.2351488924640843
1.237543971898813
1.2430107288927263
1.2335821414223884
1.143216644200467
1.267819015396795
1.143584852051187
1.256476618553525
1.356104671658359
1.2389843360802002
1.2322855198525045
1.2186056822985387
1.251455888353442
1.247465304411027
1.250853049722898
1.1327738838035908
1.3637391535144847
1.3713869477513174
1.1353588801704237
1.1240662010161242
1.1209590867686139
1.2304900854006273
1.238267092181685
1.3187378726244519
1.2635427905869627
1.3359593772344154
1.12957555262838
1.1070363955770057
1.2397604697339908
1.2331055118973797
1.3225522351318033
1.237716408548974
1.1420976427833514
1.2322465725739093
1.2326272381789665
1.3110950874994578
1.2284722421408856
1.1414591951867927
1.260609432597364
1.142093576666023
1.250475943024206
1.3560272882937705
1.2371991913771074
1.2334434925399644
1.217041010870192
1.3189312203248602
1.1295248430806795
1.1366483130339393
1.3601036272290146
1.2292526497562388
1.1229616739287214
1.1198274642022523
1.230725482567021
1.2360147151294612
1.3223384777898075
1.2640233077920493
1.3380043268105073
1.2157944558576887
1.2046768619987516
1.2442168742488595
1.2388793598569228
1.3231536895841556
1.302024714023609
1.1398202668264952
1.2343116731553962
1.2438129687574528
1.231900089572913
1.1439334735370505
1.2686556498944608
1.2609237804833722
1.3560535389903001
1.2321147668656234
1.2192519651205995
1.3226130266753058
1.2515104960942636
1.1298307021214435
1.3627265340598127
1.3697681294891133
1.133708101995114
1.1223979214230375
1.1242700211810532
1.2312583018195737
1.2383332668692983
1.2239233135045913
1.2613437196529467
1.2268082235518416
1.2001955377864169
1.2410327213775103
1.232560582266723
1.323639390008364
1.2344323761394311
1.2397854709068878
1.2339200003656248
1.3104845312889486
1.2259894908112292
1.2567854500083842
1.14352950755252
1.2479941145478841
1.35640525287424
1.235543120301669
1.2323319464009592
1.2166230544745138
1.2464757232354855
1.2467068602639038
1.2435680112303864
1.2219579669504816
1.1361145667094743
1.3589195216253618
1.3694684047811214
1.2288407375341044
1.125070641950101
