0.5126311237764252
0.5400600069106667
0.5516217958350587
0.4728638351754805
0.438753393629908
0.5151476120429349
0.5315626658861381
0.5243432050785031
0.5091239706711929
0.5059379781349136
0.5109685574074023
0.513141926083764
0.5120818079742946
0.5533287460509174
0.48633814117936885
0.5274343653904803
0.6079621686881668
0.5351755952364887
0.4808710508815255
0.5205256782189652
0.5269034684933526
0.517916619183123
0.47919283536872814
0.5009033735601464
0.6167250832392663
0.480644448627215
0.4897890992635183
0.4714304326845156
0.5147746122557537
0.5135190183530918
0.5388880879543395
0.5551743113506759
0.5503534811965136
0.47723694929255595
0.4442812663396255
0.5254177575516645
0.5159164131417282
0.5307166266088164
0.5246555127112085
0.5089822190634237
0.5059402541638197
0.5144947805434805
0.5117926605043218
0.5115199397127577
0.48726271160403745
0.5543690629818318
0.48519830543379644
0.5283740250682649
0.6068202051652641
0.5323688523644423
0.4795016978786557
0.4585555663966287
0.5175823894261236
0.5286628918312616
0.5144802998130977
0.47989119874001956
0.5039664182186103
0.6035304470819727
0.6132093898431128
0.4803969191676669
0.4914297501155633
0.5131065072648847
0.5155436370170524
0.5387042110398917
0.5545701566764194
0.5504766476089711
0.47560436670195105
0.4427278679130047
0.5234193715972519
0.5134593466830915
0.5298648596701534
0.5239270099647931
0.5121490115239432
0.5037219797357595
0.5083416529600311
0.513941224287161
0.5111520971361291
0.48585866665644817
0.5525911829620176
0.4860590895290202
0.5351505747766796
0.4849452618968946
0.4621045310928129
0.5183825557961631
0.5266044269518562
0.5153497713159871
0.47459183070837224
0.5002877861544838
0.6028587452511254
0.6164394529899712
0.48223878018508437
0.48628927885380635
0.47169433610420847
0.5141239594673556
0.539365007978283
0.5541275886524559
0.47845044523400326
0.44010693345500523
0.5210131998772494
0.5155134693411728
0.5295696040246967
0.5244219686024078
0.5089221918900607
0.5043127020084692
0.5109754118512391
0.5147170709465284
0.48489504674923845
0.484432323459546
0.5269010754849264
0.606703501594895
0.5332669952746777
0.48168847759114675
0.46140021298162665
0.5187211515934121
0.5290323635108576
0.5132622577288414
0.47968544997953205
0.5000755503757031
0.6023384341600484
0.614433382100613
0.48086040442260447
0.4927242165373187
0.4686249376728263
0.5142412764172662
0.5247970099814743
0.5663628905921275
0.5667124626927459
0.4906376793372145
0.4523954277747892
0.5390942213134847
0.5333815770773009
0.5475312465136648
0.5332133185343759
0.5232821275217738
0.5198227830357356
0.5267178911517872
0.527272720250246
0.5214573266881327
0.49883580131432925
0.5684742264556893
0.5041746609733687
0.5539990321264198
0.6160656023368029
0.5449643097289704
0.4748922339958952
0.5397468019883506
0.5401359402230512
0.5322390711889843
0.49651610546953673
0.5075371605405706
0.6188171506507731
0.6282434543291106
0.4899227038766612
0.4945918419601311
0.4902011929402607
0.5267982099651061
0.5279038808001464
0.552367965048263
0.5670665970522103
0.5665794807439276
0.4889957600356799
0.4495365934386291
0.5265945636421868
0.5471111469772724
0.5401309028035953
0.516837939430158
0.523587854626586
0.5230880289169241
0.5204147985049442
0.4948048261899059
0.5036019613990612
0.5360120894633085
0.6193157418016492
0.5491105100066348
0.48682815331440554
0.477013700796077
0.5362341897448635
0.5427055549346542
0.5257438667958774
0.5157394309345713
0.6144740099033621
0.6287129330832484
0.49276389270162135
0.48977311603549767
0.5299889155452627
0.5260634288504238
0.5548679971514231
0.5651249229377715
0.48095180756997874
0.45931197097174586
0.538568899524882
0.5344677090292614
0.5428654464857354
0.5308917928143072
0.5310037018301653
0.5160956022494838
0.5306809897761915
0.5250601895278685
0.5009068057055794
0.5700502765591714
0.5064633297781912
0.5526479847271162
0.6163025422138042
0.5460757803344674
0.48728860409374947
0.47706599515088977
0.5368288241223643
0.5382714668039513
0.5332770521038204
0.4970189125157773
0.49908263396384944
0.6172725186250961
0.6240035840285576
0.4866649835051428
0.5061429280332721
0.5259242087028845
0.5267359335209958
0.5516259109439025
0.5630933417479268
0.4927558879990757
0.44808428292816216
0.5274208700012438
0.5311769138695255
0.5305458134863171
0.543708764784712
0.5146497853347379
0.516238784342629
0.5257087617994549
0.5084483107793719
0.49282216473538865
0.5522550425356877
0.5033776682989982
0.5289597275084668
0.5460078672874744
0.48481858281670914
0.4677354855069268
0.5304060761077616
0.4897331111642698
0.6088091662722341
0.6214511503061201
0.48878438422459475
0.5040261124494813
0.5061135523569514
