0.8856258947087761
0.7572124241008544
0.8068398466045575
0.8211681091255851
0.7305671444135711
0.6605212300048637
0.7974062521340184
0.8220483494476362
0.7775123740542337
0.8224289342725053
0.7477508567586477
0.6975275275629769
0.7710612543390902
0.7678552015835249
0.7768000909707765
0.6726779263348419
0.8587367472608383
0.6738678706638572
0.7656343715411476
0.8955790030066832
0.8280002608459479
0.6770179370759701
0.7366888082192891
0.7569464487800323
0.7639462030425576
0.6540631944693608
0.8383234069942838
0.8768476067495846
0.7607359115606819
0.7240717974645728
0.9709069031568047
0.8880533091035805
0.7554974495404694
0.8077348971682741
0.8201956256564504
0.73346545771535
0.655014737346864
0.7852619144238522
0.8016482437483013
0.8060716364217629
0.697601909954674
0.7789667870942574
0.7723687232573498
0.7781162804334298
0.6772257947857038
0.8647306225165456
0.6740656527487058
0.7607907074434215
0.8889377012706198
0.8241982071956588
0.6981899220256328
0.7149522360963494
0.7337048067378901
0.7541734111269837
0.7847495162783763
0.6293956698889126
0.8708663213244571
0.8392508772186766
0.8748211815980785
0.7361718741240644
0.7258545692949584
0.9707966713714752
0.8745522637416694
0.7464161567407555
0.8086469123506841
0.8204734820489186
0.721153210612771
0.6551489261029056
0.7894794791990299
0.815913587487084
0.7893249040206243
0.8188913627024077
0.7480203825700208
0.6923319613314001
0.7759518758278988
0.7705683614446299
0.7752413059183404
0.6715409728728169
0.8601845045489805
0.6750440528595547
0.7565705714398331
0.8914146531044498
0.8290458286397456
0.6849504453867521
0.7073520305875163
0.7438799351667016
0.7545634008316894
0.8376577022363619
0.8753213697955351
0.7544261261432358
0.7261342588872768
0.9693390068203542
0.9106854243947852
0.796943595979837
0.8529264998121651
0.8733328021759497
0.6863320496620717
0.8167736106365354
0.8520567567627209
0.8403737502789002
0.8220239578691695
0.7166787576729615
0.8041451538030737
0.8195706959902193
0.8018280679169579
0.7156494624634289
0.888771084467616
0.6890193967315589
0.8209923760555994
0.9149123853978963
0.8526535349741449
0.7171417032374292
0.7586214059789131
0.8100156536345945
0.8051596841392189
0.671127899319047
0.8937992379825298
0.9153035138387446
0.7458491702584742
0.9686022350546989
0.9027979997966611
0.786659717720167
0.859861668450553
0.8617676596618727
0.6816196143965654
0.8101835904996839
0.8496011872595641
0.8356069254530708
0.8303765601528036
0.7790623932113812
0.7142015616199817
0.8022913390435548
0.8078775044990478
0.8065714236845412
0.7052369148843458
0.8672921247006354
0.694017662095951
0.8223026211731626
0.9165975160773507
0.8528393329102546
0.7188985529439512
0.7759277602977331
0.765092239943169
0.8033105132122753
0.8066352143052894
0.6726314843406548
0.8984976420624374
0.8530930017978132
0.9226447882313588
0.7511972511067311
0.7583104979986961
0.8041619570228549
0.8823771649868273
0.7840026897080055
0.6811032052989874
0.8149250298607947
0.8564914942851605
0.8482047108505574
0.7864666214845886
0.7140966683680531
0.8140769356262711
0.8214576373568234
0.7931707975089164
0.7310637342828032
0.8920002069617989
0.924358222514561
0.8528082672703889
0.7204638910828282
0.7675514697195287
0.7755650800267063
0.8168946107125761
0.8098608593158696
0.6824036600869667
0.8949205865737849
0.7589484859154801
0.7651427371618865
0.9457762841985097
0.9133619847234364
0.7891681312922596
0.8612604703680662
0.8697642832515439
0.7779256826337974
0.6888785341485334
0.808935147339948
0.8498207382868179
0.8480879112193637
0.8253964590193985
0.7871096790516403
0.8087938471982156
0.8082037802086723
0.8056991314116704
0.7182973422106318
0.8648825839425409
0.7003291517008993
0.8284687126433672
0.9238395100087693
0.8555188523491706
0.7792055794233034
0.7732501329105289
0.8104111887970075
0.8113326619157348
0.6708479635465906
0.9146489894586719
0.8606692666057318
0.9312167682466687
0.7607043051779936
0.7694201303492383
