0.4978501566477469
0.49644206632389365
0.45177488018123474
0.43608480894073043
0.47990024336916987
0.5625143642457998
0.44570884709604175
0.5452051997476812
0.5409402138934568
0.5455667998714777
0.5615919001820442
0.5472701600587488
0.5768661218367049
0.6057274678727215
0.5680914128015179
0.64117606617985
0.6097707730861631
0.6118322164821886
0.6007900017756286
0.6134501794084685
0.519114146708149
0.5738337399467259
0.6466554828807197
0.596695029321067
0.5979447929185142
0.6660373120100579
0.6308681383438174
0.7008556332718681
0.662421744680706
0.6071830222404369
0.7063903989900265
0.7058715038184435
0.694932963628345
0.9615567413822875
0.8087146394506259
0.7096884975529036
0.7241041483824099
0.7720571585539274
0.7134808360697378
0.7325889116657125
0.7274382917651124
0.8286374961793727
0.7169086839393214
0.589001391213716
0.7340154163518884
0.49939128885325534
0.5002819029986191
0.4615111816470888
0.43775682550199846
0.5715712163144175
0.4467085164354555
0.5355351444682351
0.5436170533202213
0.5845395188197005
0.5991323907711711
0.45786280895759074
0.5602636929604394
0.5782573931303845
0.5739919080912337
0.6336973268402184
0.6185526318424648
0.6073753530901898
0.6256348079493731
0.5787982356194402
0.6199492838680151
0.5179607506172761
0.5823202335338604
0.6377504826287057
0.5967545496535082
0.5978114137241309
0.6684765161010872
0.6431623942045996
0.6964571823816296
0.6631024681667703
0.6159993546294044
0.7046510146933507
0.6986853463348631
0.6899979417249461
0.9362087295514825
0.8188381397494302
0.7076337592135727
0.7265824467902542
0.7595108947959006
0.7086368801853944
0.7605668017336108
0.7255299554239376
0.7895021616948883
0.7212688007866463
0.5955977914771761
0.7342203091758136
0.49039954672853214
0.45311232526415857
0.4808850817634437
0.5362200766448928
0.4419420885348746
0.5443170908077662
0.5406925030192477
0.5507948554329245
0.5644161427455593
0.48717204731901453
0.5559603245096523
0.5790600543843515
0.600122558428634
0.5673299811893598
0.6396493090702909
0.6254803849813084
0.6211370141580479
0.5986334681282027
0.6090194442660719
0.5192250778197193
0.5693338848812073
0.5983558348934853
0.6688004995477865
0.6327386453708972
0.6950999593667468
0.6133471986867954
0.7075810249635938
0.6965071931072535
0.6887681831878452
0.9405385458408979
0.8106122100609571
0.7058750371855842
0.7302509422255724
0.7603838179776271
0.7128945822218489
0.734899861738179
0.721200902349142
0.824714941891398
0.7152944971395213
0.5833126214211481
0.7345649372358481
0.5378258448678298
0.5334775540875316
0.47794299275125296
0.47490968415126356
0.5796343015655294
0.4858018609370104
0.5809576488342598
0.5815952958896705
0.4937790872282899
0.5824694613352003
0.6107156297525722
0.6147620819623558
0.6715729846774962
0.6197194110982371
0.6376779609058262
0.6747407313093612
0.6056848148786848
0.646610100593973
0.5537498074410924
0.5938777457035608
0.6812870067877805
0.6209628825270395
0.6370995085667007
0.6904261748005691
0.6895442374367349
0.7043277573367912
0.6531348693187078
0.7411014677794692
0.7372885585361637
0.7471936330707555
0.8568923799608616
0.7419739421111131
0.7414355140656236
0.8079772523770812
0.7437399605166298
0.7812147387924004
0.7538690282228449
0.8255849297648786
0.7596815901939239
0.6119187225130818
0.7646245838391375
0.5201114382956208
0.5221374258672976
0.48450037960489756
0.4688164540187916
0.5323343227317112
0.6016804880238882
0.4844373925860687
0.5677093090787483
0.5799905411525486
0.5852145027933686
0.5806618703634422
0.49558911077149936
0.5822860849597834
0.6389701089942924
0.6042005957216025
0.6707261869934954
0.6362337007146828
0.6814312104213285
0.6161787039546495
0.6424708863007176
0.5488139955285791
0.6019363599259281
0.6780449885353064
0.6293942554999219
0.6984429179285871
0.7356715775064323
0.7059946458082335
0.6439125229564889
0.7325665575852968
0.7320757584776973
0.7317306031424593
0.9889545759358956
0.8596037161286499
0.7414567149552691
0.751714828720539
0.8074439390229835
0.7436853602742658
0.7804668720270914
0.7631347214270165
0.8315132920465018
0.749506938944162
0.6181778315824763
0.7608238973118812
0.5267803504685327
0.48306582755626853
0.484164649409214
0.5133501316444483
0.5664024186797887
0.47877275676457437
0.5527575870182073
0.5867322938296986
0.5795073505530846
0.500940076187798
0.5803065300638628
0.6101781371675572
0.6430246562326967
0.6186252250928943
0.6784781099401225
0.6332454862985425
0.6846343593210897
0.5604121085743801
0.624194034200975
0.6405246711579451
0.6869755775363356
0.6937725045230845
0.7432909579680016
0.7122727000171898
0.6417426859881846
0.7441315707776499
0.7506966002501994
0.7512405570680484
1.0086673934065662
0.8662191605439752
0.7359199844245725
0.7467139175486
0.8158937700198672
0.7455577690438662
0.787051101186734
0.7647936615349175
0.8415814269894586
0.7642405564254151
0.607652763439972
0.7655693443561769
0.5142086821354876
0.4796951451905306
0.5290477191842772
0.5943208018282196
0.4900964958284827
0.5681139425156776
0.5757641117761155
0.5852833063756642
0.5752922722323457
0.49714717507580464
0.5904859983991556
0.5914878348913342
0.644756174149761
0.6150251346420106
0.6764763819161457
0.6342125238998573
0.6233687385758389
0.6492975237343861
0.5583408593597285
0.5973666976347434
0.6871996133774433
0.6181980073847423
0.6392971099834097
0.6935089511322938
0.6981969126967202
0.7425216822198392
0.7198652914764357
0.643697518611057
0.7398729116720852
0.7377991003283642
0.7378379375947479
1.0069566418654379
0.8661912178537022
0.7499128975104978
0.760788563200982
0.8156462597216727
0.7805619641093642
0.7764985755727156
0.8366609290442788
0.7552859857522083
0.6209191572383063
