0.6184538616098656
0.654991708808431
0.5724391016578299
0.5568394165559876
0.633187771876691
0.7499991838546314
0.6321212037422123
0.6559946892055191
0.6342884939645186
0.6765023052986462
0.6718785672234859
0.588920333999144
0.6691849352181438
0.72149444458222
0.6665358162616273
0.7480636642885568
0.750082907576888
0.6725143723666325
0.6985447482252507
0.7411705150663135
0.707844809733676
0.5872516262799448
0.7127559044058014
0.7535597442685209
0.74192170587123
0.7682785262073597
0.7439338181208731
0.8503706004027062
0.759135745192884
0.7386007520954145
0.8025478683838122
0.7604277883307489
0.766564578470416
0.8410559699663033
0.8358425019680948
0.7554185433310976
0.8481991642380238
0.7604812697155359
0.8104295403360167
0.8073583917342315
0.682960601822113
