0.5325138631416143
0.5615960502951913
0.5790879703495515
0.5045430149466172
0.544322642778545
0.5369212268285878
0.5683717863348945
0.5360757161260756
0.5055852547287405
0.5373614894730909
0.5659590228812921
0.5103477649535738
0.549900412264456
0.6042594888269546
0.5377995615545011
0.5391946741202757
0.49184075017889806
0.5635568654804829
0.5436386363535154
0.5479532133745361
0.5030904029233718
0.5028094590111158
0.6056630719138447
0.6151588301335515
0.5100463931273994
0.4992659996926011
0.48795971167571983
0.5317728516345162
0.5338060401608637
0.564062474749547
0.5628111137141951
0.578473669495283
0.5022914726860533
0.4854481731738302
0.5440415177345942
0.5367085393569847
0.5679386216545177
0.5361495195523162
0.5064283741050813
0.535012903744075
0.5428965959789029
0.5380408528456682
0.5096608583966815
0.5692581833953664
0.5092421504614413
0.5853642992727406
0.5374711179491313
0.5378515870258281
0.5166690162291173
0.54936324611717
0.5451922057120517
0.546366793323182
0.5035833796433125
0.6057814715319885
0.6144869241317712
0.50701275153316
0.49493757331126587
0.4885078421465979
0.5309224630882021
0.535006182023243
0.5655795674584008
0.5623405272386333
0.5794027544252851
0.4966681078361451
0.48364521707869146
0.5422799166219976
0.5358784676370723
0.5677584457129012
0.534636135074778
0.505090875151272
0.5320098222613038
0.5373034915483255
0.5410092711695524
0.5346979729695349
0.5092148702229408
0.5637902205967423
0.5104706798295386
0.5503714887116853
0.6044332592065155
0.5384818009003304
0.5346873901014912
0.5146011808858585
0.5665492729549436
0.543656120525781
0.5463574591039579
0.504233597226307
0.5035850296974675
0.6053880809537174
0.6139696136940559
0.5062092443669449
0.5023624723347998
0.4864398616081841
0.5296338240817057
0.5337255734961117
0.5645743983826268
0.5627819239099181
0.5780054381363924
0.5047930887988511
0.5465382758170494
0.536503803292459
0.5311707854797175
0.5059217769877875
0.5342469261142325
0.5393254247732104
0.5344094847438581
0.5602249567937448
0.5105205585114652
0.5510112609178355
0.5850207552225721
0.5394052692272074
0.5329725537775611
0.5148318759857629
0.5497483308586335
0.5451965555190021
0.5477430461819133
0.5027961261679685
0.5018564716767404
0.6148568642798888
0.5067082324101724
0.49765337348163935
0.4847210920408369
0.5316780457899279
0.5751458166685062
0.5701764823871629
0.5870347229002307
0.4994049640568177
0.512425594278332
0.5527634905982135
0.5451743244824903
0.5718691525161672
0.5419232214756634
0.5137848744681504
0.5439334500528895
0.5448670999861192
0.5479066116700031
0.5431910545876545
0.5169854014820205
0.5756285059628328
0.5205034134546958
0.5633711464723069
0.6086201996086694
0.544952217719047
0.5413530928862125
0.524548863911199
0.5562878549405542
0.5525592249220279
0.5590523109284623
0.5078862093515607
0.6182183572116052
0.6237877480180731
0.5117694269330137
0.5024681787526734
0.49713604205053225
0.5381258199139016
0.5454999008541841
0.5736635231820726
0.5697759253547997
0.5880933428538582
0.5086389296083166
0.48884044277862415
0.5475463811948862
0.5427975833259512
0.5737427113222795
0.5491794643865375
0.5166479137174786
0.5382653347600246
0.5382274537314904
0.5650716956865924
0.5352663272472686
0.5159742235474106
0.5667628931076921
0.5203731436763324
0.5561972542610696
0.6073998933838478
0.5431266319533379
0.5438873518304034
0.5245098680130492
0.5752004274545469
0.5115702993913591
0.5147788127999664
0.6134407963889685
0.5363318490249774
0.5012185499375256
0.49590376508720807
0.5401054244757348
0.5412715474858504
0.5763398457788635
0.5690165983863404
0.5903129070336699
0.5219715470001791
0.5152327770869292
0.5529351260648403
0.5487954926842471
0.5744604046476764
0.5557437222880719
0.5158961672789838
0.5424839983224342
0.5501256797209081
0.5388265738344142
0.5172902991092684
0.5780383447074886
0.5717870599369864
0.6077782275881921
0.5413802686449829
0.5235620921047265
0.5755768027455582
0.557592620209669
0.5042891409612922
0.6146393927208116
0.621630326882037
0.510688095480456
0.5014979094469896
0.5008829268066295
0.5394095445380204
0.544792082128924
0.5459499059759497
0.5653703999250557
0.5383561255691327
0.516108885018624
0.5548971829159719
0.5419662282844222
0.574922812468257
0.54363460403727
0.5466707414236052
0.5468789117580299
0.5640427225417284
0.5355082980040364
0.5637353710934644
0.5228797433801845
0.5569688721032905
0.6075459372848865
0.5434892753404288
0.5428478573801876
0.5248720554616806
0.5539810061040116
0.5527668923634781
0.550595638716824
0.5369030145695292
0.5127912181006364
0.6114424574051782
0.6211058316817064
0.5364946063865632
0.5099618447473039
