0.5787367280684321
0.5950309382339571
0.6003547726466765
0.5444874684388864
0.5347783595421722
0.5958129855347329
0.5982400464973686
0.5866661588959106
0.5838392898714917
0.5777033735194423
0.580531370254473
0.5812441906872682
0.5886519279490845
0.6061591016132071
0.5445920701068626
0.5974681584077912
0.6414006642967358
0.6056554913492367
0.5428076923272261
0.5876494224444222
0.5866159586603736
0.5888467121443464
0.5518685407296036
0.5583486853261875
0.6491268966060288
0.5392096097544805
0.5588946337027834
0.5403443156506181
0.5869160169405945
0.5820434131941999
0.594712118325784
0.6046608895438461
0.5997444212564188
0.5529542662309366
0.542037893317101
0.5983243774011041
0.5960248973892741
0.5992697578981013
0.5892354034704181
0.581227944727049
0.5771751649774829
0.5857054260401102
0.5784527541994924
0.5867106105536526
0.5597622890822688
0.6094071447925719
0.5432372665374254
0.5987459840263227
0.6414894398558408
0.6020984077601838
0.5623656337467575
0.5313018229528401
0.583741146463058
0.5879905785807641
0.5842373413032382
0.5505256036176783
0.5789128664419749
0.6399876772614839
0.64539767819738
0.5590630508354273
0.5649228392145118
0.5841275882476666
0.5819176050415678
0.5935924689463753
0.6022283609886299
0.6002247978997883
0.5485196441411253
0.5347542504505097
0.6011591284867439
0.5904627355567205
0.5949268731146137
0.5873813203485829
0.5883137515194309
0.5752962607339915
0.5759597370967673
0.5816713029327674
0.5834099407203881
0.559146489599488
0.6123299281254503
0.5444737397926042
0.6041984687992412
0.5523470783458919
0.5506128906873725
0.5815534755988678
0.5857820965857861
0.5847562466483658
0.5440445167288367
0.5587254622509898
0.6390572278886267
0.6486165655793439
0.5586343603701688
0.5546397241768162
0.5429983687412343
0.586553419907687
0.5958781772271351
0.6035696900300522
0.5523232845153674
0.531823004134556
0.5984596420351838
0.5963187006768806
0.5961432206149666
0.5887276747360597
0.5830316407772886
0.574388788160177
0.5808184865832556
0.581744177127444
0.5593839927598843
0.5425828986357863
0.5930735191937224
0.6430192859308492
0.6036165940255227
0.5494704613470329
0.5335661207198517
0.5845777282968736
0.5878533956681298
0.5834995226404873
0.5500055264709491
0.5735893413587279
0.6387670035351757
0.6457730678022229
0.5590155838452089
0.5636470138103585
0.5400502111152092
0.5850860090571659
0.585531322782458
0.6103658087644501
0.6089293180670632
0.5608933782026053
0.5527145520602083
0.6085920499899421
0.6054025376855141
0.6080752130123677
0.5922923086015428
0.5906411184238847
0.5880957999791719
0.588170070975014
0.5882325496515137
0.5874702482342427
0.5645281571724651
0.6186278904010194
0.5557612275570518
0.6164732344917003
0.646197711935329
0.6042296462266106
0.5570316407321794
0.5992616490360338
0.591573233186972
0.5953067114354602
0.5608232330345727
0.5759939418797534
0.6514709208429208
0.6559567944329933
0.563884989003431
0.5586626699491144
0.5504296318856496
0.5923208145796426
0.5886226462116304
0.6035299766924666
0.6135494969412081
0.6085409598001559
0.5487549970148955
0.5539516078887596
0.5989662687636285
0.6060400046994032
0.6099545370007292
0.5864601259435753
0.5886405995842912
0.5841520077693767
0.591957195102839
0.5642213784970891
0.575114734764862
0.5939167413824809
0.6500410736310576
0.6152400439171409
0.5653727030991869
0.5583618443748672
0.5998291784942906
0.5962783447004334
0.5900218432039974
0.5855506675446607
0.6471537362733344
0.6593939382463421
0.5668941729034247
0.5718649747737723
0.5978519362327623
0.5899178500722244
0.6044571642663008
0.6085081976467404
0.5499179716093507
0.5458334801189919
0.6028213985759276
0.6002682490163744
0.5961830059160789
0.5915845171456855
0.606540656066644
0.5833571687771183
0.5909721317357965
0.5845749091179242
0.5682545034963903
0.620443017410004
0.5581489270146479
0.6124974678298409
0.6481354111544126
0.6088744208673953
0.5678168607868344
0.559067289750713
0.5926034740607515
0.5924461925693841
0.5950308944017897
0.5550150105903711
0.5686897404613914
0.6484573286882929
0.6526701723460799
0.5600653795103092
0.5834634168195033
0.5936203450127517
0.5880964947040839
0.60766764540894
0.6081901470310533
0.5522877378108743
0.5383052684385526
0.593036145064096
0.6140244928262548
0.5901519582920118
0.6163483274130469
0.5848576649314569
0.5820300064963723
0.589623534231647
0.5779082732757994
0.5631395856779358
0.6092876864468538
0.5631434176756862
0.5907528387508276
0.6179422615000589
0.5626717370697483
0.5514383783981716
0.5975297292419928
0.5616583799213593
0.6431160763059427
0.6514378170070896
0.5640810746991807
0.5777990662928673
0.5663967071556091
