0.5709695771327864
0.5981732049089235
0.5830138913676393
0.5943583750693956
0.5774294418818956
0.5902287970655836
0.5308824413544911
0.5971110980523111
0.5866415116439554
0.6157391724285581
0.5891528074052095
0.5542331067257941
0.5882906318073874
0.6002191837778552
0.5820802728583935
0.624704262010091
0.5891929256546443
0.584991221344854
0.5837647648515423
0.6395010133540127
0.5659322496266921
0.6361175201567638
0.5518220068647924
0.5535061808685746
0.5810000812624063
0.5866146284046556
0.6148617985865914
0.5481973929503766
0.6047535121194696
0.6026788988548776
0.6506834957176355
0.5653579526310094
0.6053970887050404
0.5471840139168103
0.5661731258451965
0.5566787099976649
0.5768311069451901
0.5885741324383859
0.5757900735380106
0.5680486098906989
0.586289918074435
0.6506833540796306
0.5936668919966791
0.5880244127114505
0.5666383004089602
0.6005299668635489
0.575865171068769
0.6004272713003715
0.5733782548839519
0.5624366738642304
0.6080116916486851
0.5588534133351574
0.6443259276267773
0.591111077890103
0.627590273975565
0.6562240065668224
0.6502112499647259
0.6138568832914482
0.5449553378220771
0.57416775452463
0.608699279104636
0.5928853587881272
0.5749524360354914
0.5721566678576735
0.6034023483154191
0.5853253403142031
0.562152666288015
0.5586169951787501
0.6347233066430195
0.5553454119371763
0.6382733813012663
0.5806396300904841
0.5973877427291223
0.5951960420094836
0.5597804732484599
0.5703287726332444
0.6249642475633842
0.59732208494382
0.5942528990450591
0.6582421891865327
0.5627405424083396
0.5956972146308792
0.5939046653563619
0.5812958932642058
0.5901629154387589
0.5716772097635456
0.59280278158314
0.5858346942850937
0.6347588253460233
0.5809637067138282
0.643675401200748
0.5713691632511038
0.5878593183550771
0.5646309178175245
0.6056989622946327
0.5804924909291098
0.5720647196726882
0.62978258243382
0.5917758687179941
0.5834303489484589
0.5845126423286698
0.6122876487184565
0.6550817946652328
0.5792400032672741
0.6030262520269204
0.5677200753842683
0.6044280923201284
0.5621372589303352
0.5786832276217415
0.5874084529846235
0.5738684104279161
0.5679536083847128
0.5930768538992327
0.5937657279405573
0.591879722575713
0.5681152893534572
0.6031728886075787
0.5869970843895393
0.6022782144825889
0.5764776056308984
0.5856833627558982
0.5506314866039577
0.5882411997128538
0.6070506162958944
0.5926705016320114
0.60811377367664
0.651813439082374
0.5760122053236849
0.5266321940123555
0.5907900133720416
0.5901123090687465
0.565913516772754
0.5825324730806003
0.6555749256308057
0.6491014908910253
0.5599785797455177
0.5829454974386168
0.5861049004166343
0.5611976702872676
0.5752870875867221
0.5763116813743814
0.5622862668983726
0.6387484531788774
0.585364615046307
0.5722832259477826
0.6121494179227855
0.595435083388761
0.5709970581747327
0.5549301777107623
0.5898309298083451
0.5716810364393741
0.5634707615856416
0.5778139656543506
0.5827548284737197
0.5420476908827631
0.6008083545415528
0.5648817713137708
0.5805593311282637
0.5777132855095495
0.595062469074841
0.6556685960412799
0.636828099374511
0.564269623119953
0.6140316488362689
0.6096223353823993
0.612517151232916
0.5657378143221645
0.5567112096385558
0.5679887990273718
0.5865808434084376
0.5840671517110566
0.5667408542741009
0.5875961699539094
0.5612247532992815
0.5827992597481653
0.6082535786023449
0.5852145070693037
0.5960638343344375
0.5945341326572584
0.5691378974911419
0.5487777395181215
0.5576249251846559
0.5610798039241902
0.5454898231019842
0.5938864732228385
0.5231061751266466
0.5771217158481216
0.5852362764989636
0.5557510066859461
0.5411499320328046
0.5890968007151627
0.5691849124898875
0.5624203665321577
0.5687593806189872
0.5589483256323022
0.60857470100987
0.5933225339652204
0.5723645012643731
0.5787783765515373
0.583416640872961
0.6413763762747083
0.5801246900332062
0.5417452383354351
0.5896359275977725
0.5629247447898469
0.6181992940141261
0.5379461181956882
0.6027936192763037
0.5993051516080936
0.6354813173955475
0.5780291341110246
0.5839031004335131
0.5450667884943448
0.5361923345947612
0.5806039756357358
0.5748449888136413
0.5619754345262576
0.5629360827298305
0.5843841178461373
0.5933317644061309
0.5601086240113735
0.5948536393423047
0.584886542967231
0.5756779037975954
0.5947826329661094
0.5757204330215562
0.5945564127005165
0.5660777844590121
0.5866188176819702
0.5379965131208629
0.5700170680181744
0.6327772450755482
0.57162875650261
0.5943905305678201
0.542705642317422
0.6038616366241492
0.6340047074251856
0.5706580561641885
0.5740858373700125
0.5841729480660174
0.5678139752832361
0.5919042598672855
0.5801934471441887
