0.521737881928327
0.5020531038641656
0.516696460429878
0.5275405568437448
0.48836678843391645
0.5394237903631146
0.49103463082137067
0.5425078051950355
0.5412624428957178
0.5253600336870698
0.5689539917927218
0.49693457478648173
0.5158002299752287
0.5149264905952917
0.49542862080913835
0.5120557867164179
0.5067374185185185
0.520429648840776
0.5079075675072056
0.5015706970585435
0.5283822499321866
0.5291166861165296
0.4700236641668508
0.4914975239538764
0.5267772223724319
0.5018684648290614
0.5658521504179985
0.5064887754196121
0.4863032841673563
0.5152966227605341
0.5791159807439444
0.5147390107791002
0.5284708130774751
0.4898342854420352
0.5019572860895926
0.5130097674070346
0.5626265468679976
0.49133022491649614
0.5072036738134644
0.5143943596985333
0.5209099265772731
0.533193039037276
0.5807876890968322
0.5305094609912644
0.5397306521912613
0.5544755227757271
0.5294029842607202
0.5481000395392647
0.5421984059527625
0.5108078652059442
0.5448007084560209
0.5046939522767958
0.47743051677218307
0.5353695548658721
0.49677957904216474
0.5315590789194806
0.5037139344370987
0.544453672916538
0.5117211269742682
0.5632759444814868
0.5159503785642793
0.5287454209246611
0.5168249042635389
0.4852606731250384
0.5258463030286396
0.4791413567896516
0.5645933563838331
0.5123269319469869
0.48882822473389415
0.4996663550617673
0.5629968877047952
0.48887098967151865
0.5206351965520762
0.5441975613499651
0.5082644016685092
0.4928825713409405
0.5394990014329879
0.505058370517774
0.571921777896665
0.5451652775273197
0.5210182400942631
0.5476927308981748
0.5428268084662606
0.5210983134673625
0.5233330624169945
0.4814382736249391
0.5338693363238038
0.5051178738485412
0.5166290849606469
0.5400481445796252
0.5295730072389411
0.5364145534769156
0.489378684889775
0.5132848091847201
0.5140710508880073
0.575104498994466
0.5253098266557927
0.5479293753741996
0.5863805267569577
0.5308216006033459
0.5910083021488065
0.5305179403921086
0.5485617825634734
0.5427058027184475
0.5499508279183105
0.5230961170973323
0.5254372771684848
0.5644912807874549
0.5503987701443676
0.513492898161358
0.5011976458553469
0.5098762501162468
0.5138790151836287
0.5031249519379751
0.5017641137270625
0.5528636052964963
0.4724571694732255
0.5131361638202883
0.501818200370609
0.5034344680665819
0.5268182384193791
0.5116241005273894
0.5827229997211605
0.5809823540680987
0.5249776904031516
0.5360407985054116
0.5324117380468547
0.536568631336735
0.5160416667930559
0.5247485114317445
0.5173037997434378
0.49090042963820013
0.5266956131326153
0.519722775064208
0.553003966620885
0.5015647426123572
0.5184981781165636
0.5434154927504461
0.526540966026691
0.5153829489041712
0.5010714067544362
0.5499853762762714
0.5356989024980388
0.5531203073069897
0.5255166115248071
0.5002661588442316
0.5386583024268632
0.5277264076672967
0.5370822296573938
0.5374198040648437
0.5141285641819331
0.5051413234093824
0.5390632292694677
0.502545437090811
0.5113530502451595
0.5122213922776913
0.49880269980995906
0.5053768804460157
0.5215524860802175
0.5293127625892639
0.5169007216180114
0.5229053183291614
0.5021264044808877
0.5519277922141276
0.5031947838621628
0.5334951730322075
0.4981706573685949
0.5558614690327732
0.5096167762738084
0.5408227013738118
0.5722843076772797
0.5693558713294291
0.5263095815582464
0.5032305825825357
0.5028029874790176
0.5230444332669215
0.5522412694976482
0.5096648241877448
0.5207218208836493
0.5130872593223177
0.5237073491831055
0.500910410351125
0.5251757675338304
0.5602826036952862
0.5272504135844344
0.5226339708617862
0.5050810805155416
0.5230289190472165
0.538765681918665
0.5203040472432046
0.5176129223712693
0.5297155241228851
0.5329087598063915
0.5091198366495988
0.47079624181918234
0.5066865530806647
0.5442554869188616
0.5418305778019841
0.5223777129400525
0.5506087619621003
0.5007694102250526
0.5161244587787569
0.4912085030141863
0.533252282059735
0.5207017816522423
0.513416760448623
0.5737340924349141
0.5498673120468512
0.5405530200165861
0.5194638178677935
0.5381287757762603
0.5215867710588914
0.500919743863107
0.524264399796857
0.4772983492366334
0.5158847263310005
0.5005635870564145
0.5015061161960854
0.5119908733610179
0.5391012361652983
0.51646076470874
0.5311975928699324
0.5309270445316041
0.5236622363879111
0.5269142864690679
0.5411746018034389
0.5892141906762964
0.5096757858908882
0.5189439733555686
0.5084239972030326
0.5031774181804074
0.6101734386738378
0.5504244690240021
0.5280862581340366
0.5434831222719515
0.581046221435833
0.5235590786056625
0.4988168152464009
0.4954708212152148
0.5351764085356787
0.5036175370679405
0.5218837140251946
0.5260120104676933
