0.6006386712642588
0.5515438414412752
0.6575127410801425
0.5967420332125937
0.6230841243615989
0.7141876923955515
0.6649911171763826
0.6417399416759848
0.6842592615321628
0.7337296151411506
0.6621878618365573
0.586042396972164
0.8180815412936285
0.730981246971379
0.8175160317811665
0.7450311785090118
0.6644792831971004
0.7836237796033945
0.7011429384064507
0.8740041897717006
0.6981567172507276
0.7773451861496699
0.7489591658596112
0.6248200409051896
0.602768311385675
0.6736838981983225
0.7769554628041065
0.6340476286026004
0.6334506673174358
0.6573730457230013
0.7518972797739938
0.6053742681331034
0.6212759016884717
0.5876944996101414
0.7163414522790046
0.5265549874505229
0.5757959779253251
0.8183713764601563
0.4982416815246625
0.6946854237131266
0.7042361889434936
