0.48274575950126036
0.46134434799586654
0.4850587434325821
0.44965487616307065
0.5033608972258793
0.39994910894962443
0.4066710014635114
0.42401163263720404
0.42457481984546175
0.4514296676206806
0.3761554485078444
0.3419355054221067
0.44866647718363256
0.39809811145821034
0.3740858545702922
0.2713743340961936
0.4224070808104263
0.4987579144906017
0.4121327500334264
0.5287458284668808
0.3897223550517447
0.37790053214874475
0.4053565339408676
0.4956589626977646
0.45501013177732585
0.4764518955271133
0.41605929037243355
0.3783837983856333
0.4012088071908694
0.41044030655481445
0.48667999186669175
0.40090668512041294
0.514253040338169
0.40050233233110555
0.4299054536163595
0.4306651237228505
0.2749664115705819
0.4278811021993242
0.4333626758726984
0.3772070247279166
0.5040925230992668
0.4180494653635609
0.45683255144016927
0.4290319416111221
0.4403282351706202
0.45856648625285945
0.5030890369656873
0.4248630562074014
0.4253303743489317
0.3754452284230708
0.46735577161272807
0.4180393881461145
0.33848360627949353
0.3634696693842646
0.4698205302295966
0.4921028197382108
0.47432509335664075
0.2831915996225295
0.40089597010077427
0.48852197100439027
0.3695382287545271
0.38707549978506123
0.37770159733178904
0.39809952224926226
0.341951322439438
0.5081316629965459
0.4347990982589046
0.4937833062247686
0.4006772575641185
0.39322965942721694
0.5298779618604502
0.376579471336833
0.4377445696166783
0.4185223186743008
0.4290239444613286
0.46033894287938537
0.37857047100170343
0.36433249913810256
0.37107885210910696
0.455015452863899
0.3946333888222765
0.4649284314468932
0.4913930109219551
0.49301448098077355
0.3474248093942939
0.40572942232756204
0.46119395240482525
0.4053648260137935
0.38249764985187057
0.4360305403353112
0.4405816671323988
0.4244556145928563
0.4113769235735438
0.4477202238867781
0.3878240985467619
0.5050230458092071
0.423876721373525
0.4533333625776054
0.3767552689945381
0.4340465698831073
0.40531950373553804
0.3737470598600159
0.5048206984409457
0.4285715168524008
0.38680993930491114
0.42906906380388027
0.35908487781987114
0.3802120961686065
0.37369414669112455
0.4461961551272045
0.37126884003536864
0.4697922564586022
0.48898721759219677
0.49931303064920773
0.4218902715119431
0.3795643055875323
0.35859705408663417
0.2620491504282298
0.4743875189144769
0.4539560105532139
0.46719290816919296
0.5113355576925217
0.3826579474471371
0.36109668418228336
0.38980221148202754
0.38719079472004103
0.4230415004023204
0.4797360506561289
0.2822171307013361
0.49033389242629744
0.5136990268606028
0.4102240676812849
0.4324642515854822
0.4298888199045659
0.5108194144568561
0.4443836800627122
0.5241579258529867
0.47676751871324197
0.42464318157291797
0.4939555676170969
0.4075436864869483
0.46216000865800655
0.41177707926271556
0.38420394685322756
0.37201564576260804
0.46534266520518647
0.4095396184121459
0.27452503830705693
0.4362797105326339
0.4771885170819818
0.3628765036494105
0.45537156931960554
0.417878167350789
0.4318727387283836
0.41583893517470927
0.352105648782314
0.40263799350231383
0.4413887906130679
0.3056988390454565
0.37634979570446164
0.4572565286490813
0.44231630306817027
0.4016993501397055
0.39254477528605247
0.4245442625264747
0.4017113617399232
0.39704009015384034
0.4636696008098042
0.46741277071647286
0.3711371297920202
0.3795383967065697
0.33227668973320357
0.4050099829514595
0.46651335732431315
0.40702963482697324
0.5117610220447973
0.5132154080356524
0.4134387604211932
0.46859242836863063
0.4517360028554344
0.4060142245637662
0.5014677235851591
0.4276806213147104
0.40726180269795664
0.2682030159089107
0.4629189119813536
0.44665011074840044
0.3679518265533413
0.40690355956190094
0.410274767602025
0.36676929788979573
0.42416471950430407
0.43264579137358167
0.37732741474318454
0.3909908014724504
0.3469178332572356
0.4460370958916373
0.4626085082490467
0.46559952283700856
0.36932820717037035
0.4174194574329771
0.4482868516676817
0.43848541541915914
0.4222064831164512
0.3975351223656633
0.48479555635138916
0.35492217752914934
