0.45388227920567087
0.3907915570455427
0.38363531856534816
0.4723022157957845
0.3824001413625846
0.39598678018342837
0.3862900824644719
0.45505971156522285
0.4989249356761744
0.3694344450117195
0.4782115100312088
0.3702836957071495
0.40339853795579117
0.3337459395811322
0.3883964606307636
0.36045370980435404
0.4048880522138345
0.24859283975939656
0.4802882973065205
0.4008856284592479
0.3782647066293337
0.4526089187730899
0.4814613909581912
0.4657085100214989
0.4013201238970785
0.4353871601585404
0.4253252673862043
0.4301654810987663
