0.29991109918270464
0.25241826098928
0.31111275262318433
0.23549427071536652
0.27982604883363105
0.3381362064753898
0.3348832190346863
0.23533436340672753
0.2345645818365309
0.3654088687071206
0.27569809294216246
0.23835047077758686
0.44792340160776983
0.3258998125149496
0.39335507751811066
0.4794305297903464
0.25800942488839285
0.36804557713717234
0.37529516812664454
0.5154152341933059
0.3545622816324143
0.4577347464483307
0.36266369944685206
0.22454614056128747
0.2328220827088643
0.3353066819797802
0.3219289416142664
0.30406228112853584
0.19940073231165645
0.33822105694519783
0.3816828869611867
0.2749444725054525
0.37825704608311383
0.22293015499903554
0.3723261426864504
0.2717409371763625
0.241749280579251
0.49643577004757017
0.20101762613260876
0.3509737916441334
0.2619545298778886
