0.13038164258926768
0.1495221394935294
0.12287862331792127
0.12157145221329642
0.1158088663591608
0.15680057340868425
0.10316641022252306
0.121249562490915
0.11357570480152997
0.1187049465416222
0.15552298379041568
0.11201420157266719
0.11974006341884405
0.13806314954566606
0.11427238555199597
0.1392803009148951
0.12485129922670546
0.11501712837956429
0.12699310678218506
0.11377067359221193
0.12081463977556234
0.14944176927820718
0.10209520769526502
0.11929881497913969
0.1194576485002274
0.11395252575213911
0.1256381644337429
0.11251939127761806
0.1242300824712855
0.12847278964927628
0.12655142009940418
0.11358250272927851
0.12298120996663875
0.11980294724941636
0.1257103305212709
0.12332539211258764
0.1162304547776687
0.11325565645598658
0.1331213042079414
0.10860635606270086
0.11910907231121837
0.13681420587938617
0.12736902416792256
0.10354498908741785
0.13017013811804073
0.14236579382582365
0.1256013574740651
0.1502708732819974
0.13785635021545872
0.11103341851687482
0.1503110173937291
0.11389424896916833
0.12782225596930133
0.14214660810988644
0.13644802134806955
0.14498010581171536
0.12995093697251128
0.1389321712808064
0.1235989663554923
0.11001984192373618
0.13632356841707105
0.13914624305457526
0.11451232876903394
0.11930113402901146
0.13201310620366793
0.11148474914913006
0.15652051608359405
0.12519818628970053
0.1279090182501933
0.11007540060203101
0.11515795320923507
0.1100041051356733
0.12915952616013562
0.15512261712933517
0.11857669630349299
0.11102558720004187
0.1409888091900673
0.12268210595769781
0.11642571830309748
0.1624585187693295
0.1259057903720196
0.1488480244390199
0.12370108888655251
0.11485774361342993
0.12088738904863096
0.1125386004571306
0.11987902936019358
0.11240821058489216
0.1381506496881127
0.12260697079658221
0.12320010655761379
0.1289751497389912
0.11641615364174637
0.11834518382231346
0.11826263653730279
0.12427131579550141
0.13121541439247913
0.13899213928455706
0.12673520853087666
0.1265314831436563
0.13973975801773716
0.13473717101616683
0.1472340417081922
0.12827350627442582
0.13701285084203285
0.11417361066445338
0.12093773290744124
0.1293956189794262
0.11804169539573223
0.11429841338254505
0.14343129785894487
0.11773041339832238
0.13245521095159313
0.119540558376832
0.12377842712098486
0.12529207595830316
0.11807058620510194
0.11467743175586084
0.11385551745640492
0.11651773820762269
0.12006527184453525
0.12011704344192832
0.13039918210507734
0.16251678766337246
0.12338034492025082
0.13875157408070612
0.1458612752970116
0.12697827757186758
0.10838691640357025
0.14171821730084752
0.13273490775374355
0.10354271762826701
0.12716645446720123
0.12664625300925395
0.1745173344996706
0.11291584808440906
0.1233786093932328
0.1365931812703351
0.1279455978502645
0.11079733710834477
0.11483227297271054
0.1527818496622133
0.14098293289164282
0.12835363553008944
0.11989241103361944
0.12998179897597292
0.13573458585864742
0.1323604774307949
0.11222519033851001
0.1464197115770014
0.13335299340825787
0.11956157553553826
0.11085587716331863
0.11370037878326664
0.12257584548945048
0.11327686390945185
0.10600164761162698
0.12618029270217287
0.1273190725220155
0.11489470369235597
0.14228023152495356
0.1294032550018644
0.10757977289272606
0.16124194297663133
0.1296397459567601
0.13943906602196565
0.10962787068880117
0.12221940624267513
0.126694585000292
0.1322913136154296
0.1300368533860497
0.11476097428062454
0.1348024289658977
0.11858028292645478
0.12189724010181863
0.1315917147074979
0.15734767612128145
0.1370943182899005
0.10735515922557046
0.11347792024795662
0.14427637541321855
0.10982372093366313
0.11260784243458179
0.1340733805037641
0.12052811988793338
0.10360330579925073
0.12111256796617689
0.13231783863848862
0.13143818281781738
0.10502046607074067
0.1242698421992569
0.12087545841988148
0.1277773250456251
0.1150342770003315
0.12835694955206672
0.11542492313985886
0.12045477670872723
0.13324649477859044
0.11690795064072992
0.11185135054292628
0.12802902691104162
0.10723784837612406
0.10730478708701133
0.1292089740336262
0.1205740147469836
0.13122765585484744
0.11020153265482016
0.13746055446961014
0.13623240766665545
0.13908705338473404
0.11009232708406688
0.12588285169003063
0.11750044602581286
0.12441004161694302
0.11981369508158396
0.11329896622520452
0.10161650304278688
0.11784433990584998
0.11907977414153646
0.11929078441166253
0.11205899697901399
0.1118423297692049
0.11816859156176168
0.11793325254597942
0.1298766481963703
0.12476522119335595
0.13855163388327618
0.12009934959103198
0.10866197557501994
0.11623494757879231
0.11443526656717908
0.17465663159205133
0.11765715287681904
0.12058336447070661
0.12122014105674465
0.13236366353648293
0.12109157590203326
0.11501449816827405
0.11646967427750496
0.11648659546185855
0.12636849486390034
0.12498047162208202
0.11429372794646653
