0.18107389938414842
0.19440614547996005
0.19537095079532457
0.19802917235524736
0.17171887519977175
0.1961351508041948
0.1920368753110996
0.19843888385722117
0.1853654472076478
0.18713352011244738
0.18386847431260345
0.19040452446433587
0.17828744608419145
0.18618846518913842
0.18871630130175876
0.1990220804218299
0.19309220895903392
0.18243373498668497
0.18218565242794765
0.1956088311714547
0.1918017150663145
0.19565344979631563
0.1843978137703847
0.1820573767323633
0.20194537837112697
0.20286241739851113
0.17913125057570697
0.1759913448924504
0.16881962383837334
0.18548703271191302
0.18344190961368834
0.19745218793574681
0.1819443430855419
0.20105994741364544
0.19048276174246165
0.20142916135265368
0.19808679417666572
0.18572642438578962
0.19059428832854247
0.19407400745579367
0.1933857765555514
0.16670788311853685
0.19366703300538107
0.1831279105298066
0.1921550952854088
0.1994209899181163
0.19356620183370551
0.18671602860402742
0.1954360025023243
0.19253034812951947
0.18519994476621682
0.1883775455405277
0.17093397811923597
0.20136383878629355
0.20273769075189496
0.1782823769853812
0.17389609154344732
0.16514486708875648
0.18567823371702658
0.18293777095775748
0.19423753648661035
0.1948266418859676
0.19782807546881712
0.17689089147073075
0.1896425419122406
0.19267326587088648
0.19901048627812318
0.19332749580156522
0.19614995011462139
0.18565498711253423
0.1863844087643009
0.18568284046243125
0.19191952287766312
0.16580622492452934
0.19116961717945358
0.1987880920820969
0.19332581092057693
0.18458357223242686
0.19577190053937144
0.18869806950640988
0.1719895847039416
0.20201569619574916
0.20270104085093088
0.17910436051252027
0.18165846844963585
0.16781888278976587
0.18764855679888592
0.18376907729626052
0.1944981193451764
0.1943340092992264
0.19746258976760767
0.1751875445745576
0.190333824317456
0.19398700583049172
0.1983513886972096
0.19500228582383877
0.1978519845270149
0.18626332079423533
0.18897924695305304
0.1840485581975545
0.1917797482911097
0.194202623547178
0.19132241702080577
0.18311341186128316
0.1884663733070268
0.1997701257296371
0.19371805855679922
0.1839706135146957
0.1812577803589184
0.19283343656050272
0.19327758331910416
0.18973091951412158
0.18435163365586138
0.20275403687560395
0.18101095652245705
0.17705565004397084
0.16695870510471622
0.18812725238603134
0.19209929667286377
0.19662584652083748
0.17774116467884438
0.18671865847753108
0.19190469626150727
0.19498666250394747
0.19518462114734503
0.18436377809265958
0.18875470235298958
0.19300334978785139
0.16821050643031005
0.1908693946186083
0.18648891346678212
0.19082126064957688
0.20144485274685925
0.2000898982007906
0.18254343420999428
0.1801248754224728
0.19525415332149076
0.19374625706450282
0.19862398545394083
0.18816268846496648
0.1688305975467625
0.20352042208265667
0.20414084807692656
0.1685193974505708
0.17605405530966228
0.1700709494114366
0.1952423225969569
0.19514758172174695
0.18648355163690067
0.19792036288231346
0.18376348072352702
0.19004396800591447
0.19303193958610756
0.19529816418157475
0.20202483004659688
0.187197273732499
0.18696188880163678
0.18620568860736741
0.1937485500282384
0.19201676846504134
0.17994855018045003
0.19265777927107164
0.18900188160660925
0.19850926919220263
0.19901624713499141
0.18564970769216252
0.18827412239532995
0.18437060043825554
0.2014495262748759
0.19233741362881362
0.19568868831686287
0.19394613308464875
0.18510150316848392
0.20281781748322567
0.20297237032300336
0.185108916964276
0.17279076789578657
0.16781723412620772
0.1856368622983037
0.1863391761931172
0.19709394745315192
0.19577974856365074
0.19890393489709854
0.1799733464077669
0.18273997751097187
0.1895867524353631
0.19466355493789164
0.19324776612313443
0.19565888634658318
0.1886134016417444
0.18682344551706648
0.18460289889289888
0.19320246194577628
0.18635459840866458
0.18114133919491301
0.1950643916253288
0.18844112766187093
0.19061399998393022
0.19969648658386246
0.1881070575884926
0.1844262760597254
0.1817951360779723
0.19685321783427734
0.19526761586402114
0.18884193899679352
0.1894406981917338
0.20287996109155068
0.20186090527326916
0.16903655927882436
0.1690760091967115
0.19466885469577613
0.19242160607562883
0.19773121459543044
0.18623984605536376
0.20039690994281106
0.1836958117192267
0.1906355203411355
0.1876602005076298
0.19000261707328212
0.19468711859096643
0.20281282023042024
0.19058428102961056
0.18756492742447373
0.18783332999344746
0.19214115472062396
0.1854893271068951
0.16887747957806387
0.19302521891755411
0.18695141659946962
0.19604825436368728
0.1991889658147012
0.1874212633564282
0.18496746107022635
0.18259964488708427
0.20221622299331599
0.1922675632248605
0.20201830253118
0.18945839943913242
0.18487522037628779
0.20330150436771194
0.20200081158949185
0.18621802541143845
0.17961006952675357
