0.19928393097954006
0.20161660667283898
0.2001951375358712
0.1951556912337895
0.205368233198757
0.21304659357186356
0.20427166538179636
0.20227111997793984
0.20775197970767578
0.2012685088459264
0.20297644406635051
0.20240730384841837
0.2109904417170386
0.2066504249738042
0.18633183172048753
0.2088409086046351
0.2106947904102596
0.21457821258041715
0.1883918315472062
0.20501151252732422
0.19977892332573732
0.20939023795125733
0.19909778365432035
0.19510919249248923
0.21582204758636792
0.18267795975448636
0.20260961787979714
0.19085415118551888
0.20922530865127675
0.20298081815463745
0.20132493576997024
0.20295920493579622
0.20040641130933556
0.20360456425640294
0.21156181654464007
0.21489225156025718
0.21300501704130656
0.20693624324002596
0.20512900672339274
0.20426146196128278
0.20120562644102358
0.20758936107009096
0.19972434805659828
0.20906488561825928
0.1900309809573794
0.20970808174352218
0.18535879544130063
0.20949220206213431
0.21069519289622168
0.2117028570531503
0.20074612825764712
0.18747628116997467
0.2013560724298665
0.20038856255744714
0.20536066474158604
0.19692678428942714
0.20548136846911785
0.21172960373652555
0.21229182074585895
0.19387440083543347
0.20910735046287643
0.20648200619915164
0.2004947176223959
0.20055890374535118
0.20076128681566616
0.20038702177308365
0.19925154860844482
0.20462522683428797
0.21545144292784044
0.20865964127981057
0.20147106125785497
0.2028589595772041
0.21182886545941232
0.20106908235233897
0.19891426428477083
0.20221524976738808
0.20597036023710086
0.19027987558356899
0.20993644260833025
0.1860249798169279
0.21261651663936104
0.19724280369313046
0.1974302704451668
0.19880923056206995
0.19901425209711499
0.20526081558041584
0.19269395040459084
0.1953087534192937
0.21131382931584572
0.21561037025872587
0.19334636037016875
0.19825506078113467
0.1940340335840721
0.20920768528531836
0.20268627374329937
0.20165653789346122
0.20210547462459244
0.20237467865117897
0.2138768867008756
0.21510023998239297
0.20358905832901786
0.20482515059580492
0.20653189878066447
0.19958733717256422
0.20296952255936956
0.20158064997385008
0.1910805519031833
0.18493859093873047
0.2071996094991218
0.21213695189544168
0.2121424965433058
0.19599506523849355
0.18931562870185545
0.20242010492989143
0.2002435964407271
0.20518358405332005
0.19745530160944058
0.20061607186455993
0.2111434989417184
0.21282817103293303
0.19387928384520883
0.20573587731220025
0.19181488284891499
0.20677399271478122
0.19963290917244159
0.20225010816340566
0.20050121941865606
0.20434607564052104
0.20635762788904558
0.2151627304315492
0.2146504134767328
0.2083389036194227
0.2035299924785346
0.2059358133675519
0.2066082310340857
0.2018328831865202
0.20175492349246263
0.2033866366362585
0.1890267993177047
0.2124647085149865
0.1881923727841376
0.2153939332707009
0.21111743222663798
0.20569679591198875
0.1962555743775916
0.20772786628789347
0.1971066150376577
0.20706626839546638
0.19978918946405738
0.19867956478505855
0.2164894275072679
0.21672183033745668
0.19461596400346948
0.19788088637077525
0.19479361835573952
0.20756585783118273
0.20098555469947915
0.2046820301968811
0.20627654746409213
0.20061965545524094
0.1892055840649367
0.21058349295004344
0.21155678009176487
0.20575707898866114
0.2173854141486121
0.20654202518871506
0.20505503298296962
0.19970632872852132
0.21035912750441202
0.19153416775044824
0.20060562411832672
0.20274334827649615
0.21408999434404588
0.21840174092160047
0.19870504909441364
0.19775127386692193
0.21071527641474178
0.20197023017441645
0.20450137462882342
0.20595274740676922
0.21413797604954776
0.2203785510544256
0.1960720229035241
0.20568230954174918
0.212208182522143
0.20423115595496244
0.20338167992738237
0.20120212449540043
0.1964176609885368
0.20743282375916733
0.2124063849783434
0.212931519010724
0.2004337842818073
0.20430343102583418
0.22287351374181497
0.2033697215851321
0.20307968671785653
0.19911948463784374
0.19160111581913053
0.21443223693964597
0.18963431488810897
0.21191337682388672
0.21378342280596238
0.21153693390365755
0.202527869198787
0.19798050600506245
0.20088806217951766
0.1992624343901655
0.207018779109453
0.19243587745760243
0.19422499661471535
0.21413537699848628
0.2147292148613728
0.19196152951030926
0.20914871191348006
0.20978323434856194
0.20186040035115926
0.20991392549775323
0.20190371332804818
0.1920767994140267
0.2056004966984632
0.2071076467237632
0.22849291878997008
0.2024268027513877
0.2263049711380523
0.20650150815479085
0.20137202621433672
0.20518046796285
0.20023682706895296
0.19136921066792548
0.2117222641908511
0.19900508007492965
0.20325583090806024
0.22399871400600085
0.19680970973279024
0.194113298455435
0.21217127074776598
0.20655767471038652
0.2124460669465818
0.21538058398755086
0.1955167496991944
0.21768425649427775
0.2008433516006133
