0.4371560557365939
0.3704989914845509
0.3958193805524503
0.3856233425436198
0.3884065062998512
0.40981149974668923
0.4108628632604734
0.4402900081327513
0.38207061440667417
0.44869318117990986
0.38321678983195756
0.3430988669477583
0.38392845857612745
0.3673431299183409
0.3890143571789677
0.29723878395369735
0.447948412846148
0.34763401914797554
0.39645599684174215
0.4143051536084647
0.4182800447992215
0.37425052166321837
0.39665682005177727
0.35978539637023316
0.4271669036753093
0.3276153367972502
0.3961204171617159
0.4154653934857558
0.37978706687138686
0.3602260574766174
0.4708834363537912
0.43184148418282525
0.3750650431907539
0.3949764614336626
0.38388910497253853
0.4205574974383911
0.39565558706407256
0.4049272489563647
0.3849699743416827
0.4294956391353405
0.35722054468969183
0.3964859098892496
0.3787220685565365
0.390722714494411
0.2920029753141657
0.452858553311574
0.3427878736400953
0.3976237247989781
0.40843566897211336
0.4119039930647987
0.39675348431409874
0.40249037865316634
0.3833597137034752
0.35977921572671256
0.43783929797847965
0.3104394993924098
0.3973874443706112
0.3965589826222287
0.41559883609299275
0.33901918574833845
0.3552905901399375
0.4621958171323126
0.4224543929513306
0.36748979707417684
0.3994706644148529
0.38545803208682305
0.38700574198420123
0.40109163368538087
0.4063364154469703
0.4340684022348489
0.3842232463810146
0.43740582060396865
0.39228421942345837
0.3413601042907671
0.3900922503482028
0.37480875403948183
0.3884028904176202
0.2914966125198057
0.4507635265494846
0.3464164189484408
0.39300004798548555
0.4152963044233219
0.4186636892573466
0.3883112424943556
0.3995742873137643
0.4046706511552141
0.36342943038711784
0.3954986402742519
0.4159417345753153
0.37746872728705644
0.3620405897767549
0.4687402830964457
0.4430578025707438
0.3862381644025539
0.4095865834381299
0.407409836867311
0.4189304645142141
0.42423630214197894
0.449232310298889
0.4109785718128082
0.42909317509195327
0.36178745853424493
0.3987273353133833
0.40817466977927025
0.4154557711236458
0.30843458769749604
0.4618959429184517
0.3472513177706613
0.41371721493117514
0.4204649989233997
0.4201255289711729
0.40783475088338883
0.4125124499993018
0.37956171088881085
0.4322503183573715
0.32982048264394015
0.4058147893808828
0.4274449033241879
0.34240270926697275
0.4688723522477123
0.42633335651507187
0.3764082213021812
0.4238138541171886
0.39955509064670747
0.417166111388058
0.42401924921288897
0.45473025292921143
0.4035095795720552
0.4380820009288825
0.3995798124405697
0.3602829253971623
0.40973327554275274
0.3846572228346844
0.4201058595181886
0.2999597600967628
0.4546551912359905
0.3628648052069304
0.4249504668751546
0.41969413608446837
0.42272877785082585
0.40363045879904424
0.44257318228716985
0.3984588878687409
0.3735767139664351
0.4462936293193819
0.34308595959848903
0.40894996901756897
0.3966308436511481
0.43625565175193026
0.35564974596374765
0.38569503447566583
0.3828313462943401
0.41032897878349495
0.44528995125272414
0.4035093586572719
0.4134720415524162
0.44848892592534023
0.42006656524278907
0.39950188780690105
0.36137583512938753
0.3989069657605232
0.3956835067950424
0.39917999436358687
0.3116629201288853
0.45383948946193564
0.42432467085820497
0.41945474011663675
0.4014004998453733
0.4006964387379526
0.3914869208652692
0.3792425003384578
0.42498467675560225
0.33131602019723067
0.4038829282161703
0.3500926280809761
0.37830548826009963
0.4571888248846528
0.4440040614552171
0.3755695081807445
0.41904068513572623
0.39852790080465716
0.419144699750149
0.4200725062159258
0.41574725455125655
0.4417640217907362
0.41116078913562515
0.4370331205237537
0.397042930863714
0.4073837922365752
0.38064565122655375
0.4103893382011613
0.30202728698622006
0.4482101118321036
0.36577906405073757
0.4215822102565475
0.42524284824540226
0.43397165228145423
0.4316460607872543
0.40361808053687875
0.3774747780866188
0.44201259233687373
0.3333860788488018
0.43212706840634696
0.40774005486006915
0.43646170214108937
0.3654353728559482
0.3891093846831809
