0.26286633033082973
0.2977053189421332
0.2315014552486642
0.24329229607296346
0.28502486405951977
0.35489948234173696
0.28344050152642675
0.3034734080443803
0.23929736910089
0.3026753998034602
0.27711776934931853
0.25970751738791087
0.27775248051426193
0.3246592898742679
0.2711763810642467
0.35828499630692245
0.2674009676753119
0.2740244993570285
0.43361330438641194
0.2787330098111941
0.24410729185457478
0.31195283478511304
0.3738598441635768
0.3507013958230785
0.27672769138507913
0.34154939800877504
0.32191986617358803
0.419999159132994
0.3382881959442027
0.32753250023425096
0.3056361454260589
0.370473799013785
0.3097984518176554
0.4195337951187402
0.3575853330906018
0.30822194780165235
0.385410585175819
0.3320415204743311
0.2966646209465582
0.3464405414231246
0.2921493574889847
0.4186036164709019
0.3560207756802058
0.31941183369040876
0.27599152412657313
0.27201987299602404
0.29922376532595596
0.24441682149295116
0.25795327356133424
0.34013141289894916
0.3048197053570113
0.2828948099063645
0.24528226246936075
0.3256596104322041
0.2835240023229333
0.29644800402421495
0.26524506305235096
0.2772153571815973
0.2821612574621284
0.3460985687840836
0.3912136613003341
0.2589609924433831
0.28255364270714733
0.39318700395766387
0.28799797732473853
0.24351303327990778
0.3165075541020379
0.3716669300381235
0.35074684283552043
0.2757107688559376
0.3447219796643788
0.3372006124513721
0.41842945896030137
0.3292967867609032
0.3374058588903068
0.29912610833198383
0.36654566547510525
0.30975395177776366
0.40492092656627404
0.3585376203489431
0.3066000577037739
0.38674678738147095
0.33005522991647324
0.2892497459859311
0.3662424500632691
0.2977765081170113
0.34223001671430575
0.3558930742345404
0.3353174169473181
0.2757160603925046
0.253855622348429
0.23266105260293157
0.286389709676561
0.30702577779321244
0.2955610791945526
0.2966640613778613
0.2395339281302063
0.3049751084829355
0.28348662022114307
0.3575286046536377
0.26848284294763114
0.27823774044133837
0.31484804567652347
0.2749745530394306
0.3592523801533185
0.40222658089084085
0.28047117780151753
0.4444723434983664
0.27578977247353026
0.24573266433705673
0.30096686650901583
0.27678718643682615
0.3492796872165551
0.32108277609821834
0.43116442368189983
0.34127842339927483
0.3050255321161789
0.36571036511582766
0.3055098958726439
0.41622204686062886
0.352642106884711
0.30495922067410436
0.394030123205865
0.3268831932360581
0.2980755519530505
0.3483482381113225
0.293792980547002
0.42366760184089947
0.35951904129855417
0.31748835832059685
0.276045378264297
0.3196924707542523
0.3513411248104428
0.27715630603931235
0.29997253219810577
0.3603941834769079
0.3579329771549682
0.26719884839879837
0.3207824939887678
0.342016154747636
0.2913477592390876
0.30590037308193985
0.3136316480681129
0.3633409207962034
0.3853258876861283
0.28534949603555015
0.3160037955449995
0.4125339609425392
0.30895746196871265
0.2676883504480544
0.32371403981384267
0.4123233549999875
0.35855705723388726
0.3036834052328706
0.3634929845307796
0.3581284989615972
0.3547017334518832
0.3854502570362788
0.32222623480232393
0.3855346325697796
0.331074569239429
0.38504532730830077
0.3323293567717077
0.3799025049635694
0.34756081553255297
0.312626619998336
0.3757221130093611
0.3118717048822899
0.40041335966508385
0.3769488448936109
0.3399612592552193
0.31812080329474574
0.2895365961232656
0.32300660671398823
0.2897744030831044
0.2854522241351498
0.3490185782118171
0.4045587951155022
0.34620439253557383
0.3237567496877859
0.2804521731784257
0.3443470095847513
0.28804513206966803
0.3394131309745487
0.29587794411118196
0.3567393209890234
0.31185655318844024
0.3728077789597842
0.4078030092848262
0.34213431405371947
0.4228913524958702
0.30578164885067793
0.2618691292216772
0.35489114965680796
0.4074267540182695
0.28919351838587426
0.3702721570840606
0.4502891766792942
0.35793064265801805
0.36467829254031325
0.31468065093866016
0.38720519894401717
0.33437410791037486
0.4192136235492952
0.3806450401461712
0.331444094299124
0.39914163119618934
0.35466057246267285
0.2995534567409059
0.3789224242706987
0.30953087795275147
0.392799087887679
0.37352228106269364
0.3557908880784893
0.3179081722432127
0.3528248589136525
0.2813966738289542
0.2967205958619221
0.2933085854107611
0.33871061862822177
0.3338766497863111
0.2885727280094346
0.27686288409140036
0.3061904539252626
0.34873833478582494
0.28599132700853125
0.3121244433360615
0.347844359982853
0.3129376246251312
0.3637968461428031
0.40407040441351555
0.3088902241101322
0.2816796126384632
0.36601747054361766
0.31091474650469675
0.3530906798788538
0.34464379126229516
0.443612043880101
0.3599044380814563
0.3745997782503626
0.3176578478478593
0.3964442114834514
0.3274121864810722
0.4273944158277059
0.3870849746118228
0.3216962379622133
0.379854259822989
0.34115767716154527
0.30844136938553984
0.38311035209109817
0.31245027119201507
0.4095463757284213
0.37017271880704666
0.3386339347731071
0.3316496793850789
0.2765163374482383
0.29373560803499
0.3327379947155
0.4013704274882011
0.33340395680217627
0.32652554282591195
0.276071975289126
0.3453534674005336
0.27403542996815783
0.33013115209250643
0.3000922940054269
0.283045015329883
0.3623105513684053
0.3308071754259604
0.3693509894180426
0.39440866109537254
0.41311377440496205
0.3101995954279156
0.2785397515875058
0.3479957660426497
0.40627310555999235
0.369468845844051
0.2996815800620234
0.35743843804934156
0.3727288606889666
0.4518846114682504
0.36573533390564167
0.3628432383687134
0.31604786589665745
0.38951676566171917
0.3376169564780277
0.4339428029918639
0.38721692654688
0.3429641953704803
0.40668005313305267
0.35372631197881754
0.37639462573633203
0.3138806862401121
0.3978006376187949
0.37918669150991113
0.3600331458859499
