0.7043105033790089
0.727889364270355
0.7625380318862058
0.6827145648257757
0.714965549379016
0.7079594502208686
0.7527692506090002
0.7085480744496574
0.6550445969126183
0.7087157477122409
0.7319417512694288
0.658929727879148
0.7194617423484039
0.7837164239349984
0.709794191888703
0.7116475567549098
0.6445111081668011
0.7508593215665829
0.713966850532215
0.7179344570145666
0.653806390895785
0.6536559602723029
0.7846424458244345
0.7926052360061764
0.6592638806274018
0.649771616820586
0.6411468176142285
0.7050410536835908
0.7062632619684522
0.75054504473204
0.728831022215489
0.7626345488756721
0.6545737421107453
0.6403109106165142
0.7143598633012074
0.7077206215418295
0.7523653023965671
0.7088004043912686
0.6554376130193615
0.7064571039015344
0.7147085525584873
0.7092000149420341
0.6576664647686032
0.7346006307744768
0.6582109061973025
0.7475080760290663
0.7093582107038244
0.7106961152074361
0.6931597584010321
0.7194568253284902
0.7156039156934751
0.7168019908080001
0.6540377126250331
0.7844461133503495
0.7919139558778235
0.65624213278316
0.6457965300251362
0.6407369013943258
0.7048035260658208
0.7065451134270823
0.7524791333990779
0.7285208765910745
0.7630815471011285
0.6488706558044046
0.6386680273464069
0.7126911067565747
0.7075215404789782
0.752665643678057
0.7066557174114853
0.6540539873882452
0.704651959444109
0.7103661285133398
0.7114886972005376
0.707245288349194
0.6571120055469877
0.7293352878181378
0.6589249687109473
0.7193061188376468
0.7833250897795851
0.7100489684441198
0.7068516934331763
0.6895082841582317
0.7541931756836341
0.7143592256998064
0.7165810290231994
0.6547398105027483
0.6545668075398337
0.7840236589825198
0.7915963907646275
0.6553964568669464
0.653106339823018
0.639141952608848
0.7034965168588029
0.7059900741825227
0.7512044635366677
0.728506578413231
0.761987043164549
0.6572034526831695
0.7160291826539038
0.708146539203247
0.7041152348725872
0.6550911913457957
0.7069158945610049
0.7106048351685706
0.7073155203728596
0.7263329979066051
0.6591101735140973
0.7196611871193495
0.7465312682293699
0.7099415429655089
0.7055679068527636
0.6903842935643084
0.720182798855831
0.7159594085303337
0.7180353064528642
0.6532912533107926
0.6530127025804657
0.7922415869262281
0.6560928949101736
0.6489277424652298
0.6373253859443647
0.7053211235130155
0.7604087582489276
0.7343296545232196
0.7688625249139933
0.6499664606038718
0.6899963431907099
0.7222884141132632
0.7156670970578017
0.7562465956604166
0.7136760389290628
0.6614194723081483
0.7147447454389557
0.7154278589284295
0.7172896758146265
0.714329537735816
0.6634682738073509
0.7397819401918893
0.6672288988355567
0.7299410114867945
0.7864945192486219
0.7153571819742144
0.7129668970301878
0.6987766260718883
0.72425623962653
0.7211084764781494
0.7270619882880787
0.6573693578086064
0.7948078049598916
0.798840843627612
0.6598109956833529
0.6521699957334498
0.6475675341351914
0.7099240127065825
0.7149688472617823
0.7588174255296082
0.7334364893945047
0.7697566701215104
0.6584829827881828
0.6433272245332549
0.7174882039611914
0.714132474568463
0.7578288505844547
0.7200723666597004
0.6631910168756553
0.7094983519280776
0.7094267999877993
0.7525115614104801
0.7067638841302737
0.662557300269681
0.7324962230603884
0.6679332344560424
0.7239474332117981
0.7856590373077448
0.7139110681390255
0.7150271151500422
0.6984978880406691
0.7610663099926381
0.6606921410406996
0.6631070594089955
0.7910107454600821
0.7077395490249847
0.6512558762863224
0.6468856072954908
0.7113731439047513
0.7114510125822904
0.760802772929404
0.7338434152015092
0.7723366959861873
0.6954402814501898
0.6922737458608581
0.7219354544787047
0.7193008769401583
0.7584110949462751
0.7441340617920731
0.6630518551251791
0.7136638924911519
0.7196484512430956
0.7099582471877139
0.6634622824217188
0.7424129088599545
0.7383760170773679
0.786110505030334
0.7126510666343835
0.6977647392427394
0.7611619068809545
0.7257129222301517
0.6539802654151913
0.7919713004676305
0.7973323959588943
0.6598156079804498
0.6514624325735767
0.6513164399359106
0.7109152287922651
0.7145296256830662
0.7083177469058548
0.7294426602594155
0.7105070413267285
0.6941804659670613
0.7251306184389099
0.7133379844380219
0.7596270800372811
0.7150680230161841
0.7157604376921556
0.7187158705062696
0.751621242432418
0.7079602918493606
0.7299753319286686
0.6698527156319634
0.7251850436565092
0.785773167008214
0.7144048598613046
0.7142987365636078
0.6995990445255714
0.722802098808769
0.7216635332392229
0.7201308904645324
0.7106640807907164
0.6611855095886638
0.7889038812157945
0.7964823665631642
0.7073035501366102
0.6592277906183617
