0.3143186106687003
0.3271647712922529
0.3306148194861568
0.29840364028712674
0.2927431355246314
0.3248051652073271
0.3243311230202465
0.32148837272558695
0.31954709946063775
0.3130263335756174
0.3166125630931911
0.3170320246459114
0.3231597066064176
0.3364318148859238
0.2968488121826047
0.32669536731062476
0.36045993829806383
0.33440957978440355
0.29638108770491367
0.32196436539551987
0.320441482615735
0.3245403991438003
0.3038799009734887
0.3097808387431216
0.3681995306182227
0.29158567225447335
0.31115298507479705
0.29443108639419086
0.32317677981208737
0.317608386222606
0.32636514907543235
0.33417499351317576
0.33029317221518034
0.30692349121835516
0.2999523936834564
0.33167204385086635
0.32511085428660014
0.3262130742360385
0.3238420620080815
0.3166934904840928
0.31306755843709144
0.3217301488924299
0.31436551514281696
0.3214375606446871
0.2965174712466365
0.33920951847686065
0.29562069846735023
0.32753619246244786
0.3598726884498697
0.33097751571451506
0.30219428785335495
0.28652236749150806
0.3177985476542382
0.32163498982934413
0.31990877160742864
0.30244557146303297
0.3157633295912328
0.3594791500574508
0.36383132470879037
0.2968188883354097
0.3169346462640073
0.32029371164770953
0.31631356533422833
0.32576498985376723
0.33226846704252855
0.3302465071105412
0.30285773939493155
0.2940383246541768
0.3301931894522119
0.320851436624483
0.3214778735553257
0.32169728202066605
0.3240427387202774
0.31218270568557405
0.3123479985413443
0.3171715395006129
0.3189713974052738
0.296164249887916
0.33751425740279645
0.2964437996317667
0.33283117133788304
0.3049273447209024
0.292590727084868
0.3162211548752344
0.31973143170713836
0.3201526040180648
0.29704280947183315
0.3095894877357691
0.35892796988005055
0.36795395506641415
0.29732516037016876
0.3061184731260639
0.29704654289819044
0.32290291845597247
0.32766122739339676
0.332634981720713
0.30624315173092564
0.29116757718775366
0.3280201108390986
0.32681856577716467
0.3230878028304963
0.32353562397175983
0.3184538184061617
0.3112590818234804
0.31655566709066807
0.31695086161235286
0.2963885421413752
0.29496645974062286
0.3261863867990669
0.3608791395873898
0.33155408926690244
0.30266856345409243
0.28924452326383066
0.3192086001128155
0.3217095417308361
0.3192720784193168
0.3029356965353136
0.31025484105611495
0.35856254667503973
0.3648757636807644
0.2970641088452088
0.31466034065940485
0.2939841694231692
0.320955129680522
0.31945473431819027
0.33803483255592215
0.33683937741378867
0.31283043966860724
0.29571151152208575
0.3363662735632056
0.33362768785705355
0.3342843554602222
0.3260487193530248
0.32364817908848836
0.32302614561622844
0.32198288525544116
0.3221754978396479
0.32094046364663825
0.30046899554767553
0.3471175480104533
0.3054171123048661
0.34255770953729814
0.3640084353930003
0.3312449548644852
0.29667978533965605
0.3319442164448191
0.3236229404867724
0.3283116538210931
0.31151072416333975
0.3117193081538239
0.3694317284554026
0.3735216566497347
0.30137288275343993
0.3091646638372084
0.30609110770007686
0.32661944396560383
0.3216966517661542
0.33459901520387003
0.34156453109721496
0.336956737398723
0.30009121563842517
0.29801189488083785
0.32854070026394266
0.33203544665936785
0.33871291397848474
0.321778344715079
0.3233504083127724
0.31892769618469263
0.3261146072060761
0.3008616868927939
0.3117222405420503
0.32640604473165424
0.36769965179254427
0.3431644913828539
0.303380178352118
0.29889332382799016
0.3328821955435726
0.3285851786245113
0.32365037651171114
0.3208471659965079
0.36586514444688184
0.37654010723395903
0.30359431040347234
0.3101765404430563
0.3315298908434975
0.32357632624444704
0.3344561052077011
0.3367816661245598
0.30261250378498933
0.30288514273778133
0.33507392344665143
0.3339943568966143
0.32724258239779724
0.3257457660290571
0.34040689703553845
0.3190149459650935
0.3246079264856244
0.3192843161523019
0.3032192295276514
0.3494097946461281
0.30746557378145123
0.33936462041785675
0.36626295289603944
0.33640492428927604
0.30673601802320605
0.29900210512693226
0.32532131896808897
0.32454810453599625
0.3288378387666868
0.30595743938869635
0.3046854249717094
0.367017538619574
0.3701498861319258
0.29797166701030336
0.31943649078186676
0.32801757186332814
0.32203149933269404
0.33835707711191865
0.33648324955068604
0.30400065511064894
0.2969650317866617
0.32636707660463193
0.3438860883954369
0.32408204214283226
0.34813748144433376
0.3209467443878372
0.3174625405291854
0.32434415694646557
0.31327587952761693
0.2999185450542614
0.3400632027379817
0.3137713684055544
0.3239535479647597
0.34635366649310195
0.3011049435822676
0.2921417641057765
0.3317642801470378
0.31430809188786735
0.3622036190911732
0.36971539445255963
0.30161144344919577
0.32885938425821337
0.31625269821237395
