0.6464146164406932
0.543892845242245
0.5834942783318645
0.581277479909124
0.5515832692080893
0.5407244296585761
0.5922224025561693
0.6231135015953704
0.5606676418889832
0.627397241963574
0.5501530211224298
0.5020268638243517
0.5597465642155499
0.5459082431685474
0.5706597570934819
0.4537067963346524
0.6459352106080001
0.497451556477303
0.5680116178316423
0.6291462319639657
0.6100454928908403
0.5188482391262204
0.556000980138267
0.5347459399863463
0.5914456381066446
0.4723673295655074
0.5917985773168843
0.6244765996439182
0.5568197731213813
0.5263960592601808
0.7074239300910052
0.6448260285593121
0.5470205871140775
0.5832231636666376
0.5794419271431885
0.5784339398885351
0.5271573680527958
0.5827421926809836
0.5706994726055478
0.607326957669454
0.5094083187816619
0.5729227483248013
0.5566677977490762
0.5725197493109047
0.4530499455505893
0.6521856959350485
0.493793832663661
0.5669674382905939
0.6216106973418967
0.603290561834243
0.5464938049434522
0.5566306791192355
0.5442053133077384
0.5336902831394886
0.6081827826387399
0.44860196382034434
0.6149410310847637
0.5924621259294205
0.6237818412164015
0.5143579982482964
0.5230602823459153
0.7004659696480018
0.6319008735588142
0.5372032597794955
0.587044033868383
0.5808020274738589
0.5467821403491205
0.5316962918830157
0.5855756594548033
0.6176879659936079
0.5670118850811783
0.618835577672274
0.5576966324728735
0.4987620054214003
0.5665541655562258
0.5527958926389438
0.5694765222661009
0.4503396609384005
0.6486938030187392
0.49706150011398786
0.5616377408401009
0.6281896359624004
0.6105466297061343
0.5344395084076616
0.5512279827962656
0.5659147805765278
0.5366713158906395
0.5910547231565831
0.6241990288441437
0.5524368522869395
0.5287082412842011
0.7051042094342734
0.6627871469800012
0.572584815325392
0.6130350822515525
0.6177473711293748
0.5583384040304885
0.6101295829891049
0.6443362177110794
0.6060982710956421
0.6115628582491501
0.5202372658796701
0.5847563076603076
0.5986529309518559
0.597103620812939
0.4816696877848387
0.669110283534867
0.5021795259555764
0.6035180787713506
0.6419286953004999
0.6213471468301519
0.5618649598009782
0.5821115685120775
0.5718889422399858
0.6120319797891522
0.4809551059957844
0.6309009140002231
0.6476033617532091
0.5209730905169667
0.7049184491005547
0.6462711161307955
0.560652236302558
0.6277305593071363
0.6085960270737784
0.555035016487107
0.6073738974836917
0.6459480308551584
0.5982494951519568
0.6222178707419159
0.5759118776467052
0.5186230519005851
0.5928420224629538
0.5751373676341393
0.6028110520484561
0.4706896292285934
0.6547678377282875
0.5166519312355927
0.612994430374801
0.6418715277597908
0.6235727327941936
0.5591241218191649
0.6132374410673717
0.5689156755271401
0.5643720177105793
0.6237357127244922
0.49210039090982316
0.635304888683107
0.598117072799733
0.6576866477434395
0.5337486272136907
0.5605304801559177
0.5727215558347722
0.6254034508002153
0.6183885613710582
0.5439430848200362
0.6008730491176265
0.6426699079304867
0.6147325857156484
0.578821504844636
0.5188709178750136
0.5890473450246486
0.5893758933846852
0.5806940861627352
0.4904039062718364
0.6639649414697262
0.6486954858794561
0.6180173502467214
0.5580360032831958
0.5763092734961279
0.5675287933270496
0.5744757523088839
0.6080521219656271
0.4867545868893052
0.6292548167951598
0.5323835218309795
0.5572182384678908
0.6865265761151345
0.6618189615954273
0.5602440395201793
0.6238255984282091
0.6091157756078865
0.5952491305444341
0.5602701612926821
0.6002402513559244
0.6357936002766593
0.6076981826135395
0.6193819169046573
0.5763918900407785
0.5936171735991077
0.5719938643808634
0.5986779903047657
0.4776216384154831
0.6486243363116725
0.5214817497784084
0.6128194406590329
0.644649591368021
0.631811783102799
0.6057655897116516
0.5763736775037425
0.5703631304436104
0.6222330191299104
0.4837082771003981
0.6597856357808495
0.6100377672571419
0.6612273819889966
0.5453013603559871
0.5676922068434122
