0.29071347439140216
0.3082719194624315
0.31701766736153214
0.3199678991709042
0.27470161460214637
0.28036495351718493
0.30355482369294734
0.3041070032577593
0.2926809619394896
0.29600980357492235
0.29166611178153623
0.2974280519746025
0.28681226856350195
0.29236558615429764
0.3061552576111718
0.3361261271517309
0.3010439494489925
0.28895441439265995
0.276952670541174
0.3059176059449425
0.3023368243891361
0.30547064536593566
0.28289032978360434
0.2869643142459423
0.3421004108928881
0.34735366748758123
0.283725119325701
0.2816596475303199
0.27087506316325144
0.29233165607684625
0.2921093808172971
0.31943477295040656
0.2850298813382232
0.2853975978826879
0.3011885075043905
0.3045144584860955
0.30364284670232605
0.2932101818809134
0.29935880116601893
0.3008561826352115
0.30093257363713743
0.281844483940228
0.3206574218820891
0.2892504643122044
0.30996021560679343
0.3362054962860181
0.3013429565827216
0.29291108484660233
0.30611536499974923
0.3027670859749095
0.30043517364041333
0.28761841897065493
0.2819992279708454
0.34084015307096793
0.3469832631890669
0.28215593948538625
0.27934069726352057
0.26669270227796915
0.292906317773257
0.2929074171450174
0.3080190753681693
0.3159811090379839
0.3197654351269078
0.27966296012465924
0.2738633720808329
0.30460157650841424
0.30189633761675777
0.30739575174955847
0.30098763939721224
0.2926640945608135
0.29474368609024243
0.2935039432645821
0.29960720994003165
0.28053537547258284
0.3174876076967592
0.3355577061777265
0.300944869530296
0.2916031326697972
0.3071185142557279
0.30410161782894707
0.2834581822525724
0.34157409190369914
0.3468534646493363
0.28386446051251546
0.2801535026110197
0.2690910152993238
0.2942514718415539
0.29298900788423377
0.3085563843185206
0.31589958533822965
0.3193776122585527
0.27810435424845226
0.27459276754584094
0.3053838349893583
0.30146042785618005
0.30818098386916326
0.30343865539614234
0.2932039745580555
0.29733967352510915
0.292266612078141
0.2990206372088751
0.30164369206274605
0.3177699885930321
0.2890423324178564
0.3062473256502464
0.3362404490721355
0.30094195671636087
0.2899123924090943
0.2763736187952788
0.3040346210383067
0.30420841545548055
0.28944622737788417
0.2885216692584243
0.34700569654213725
0.28513156902245707
0.28284258274497587
0.26782605635926626
0.2951536370564357
0.3016597180077918
0.3231695490820901
0.2858533175334807
0.2772248572820326
0.3096296604843135
0.3134306237992611
0.3041741653719771
0.296479836431033
0.30211690046472045
0.3062849991718032
0.2871637703632479
0.323381786397323
0.29877579966316875
0.3175664722284751
0.3418854375084488
0.3131641640580839
0.29130438077727444
0.28150275489165455
0.3133375928636887
0.31005121796331214
0.3140531877903352
0.29384414666761355
0.28460916987901164
0.34786837017186634
0.3530886255776504
0.28248129745056616
0.28477513011145217
0.2772679441322534
0.30422551005902804
0.3138374321522558
0.31666160569844154
0.3252703763649315
0.28738010110000234
0.2786290144114776
0.30560990083754064
0.3149289115722418
0.3120337620278326
0.30135800605602303
0.29832721255354544
0.2989238891090194
0.30606901305926976
0.301503686550474
0.29090997709964483
0.3221938968313037
0.3006445601055699
0.31596992963280457
0.3406148899260157
0.3022956801325103
0.29734536025473235
0.2848903309739754
0.31663493060292613
0.30794116095557866
0.3091046096676806
0.2969763436880509
0.2958377540984395
0.34561731174872967
0.35178557899654084
0.2926225357142788
0.2815209888611946
0.2739390688804487
0.2968794249522166
0.30148402490834375
0.3180132683152177
0.32208118356940973
0.32791251814913497
0.28035791801317617
0.2748817871080006
0.30784975032207673
0.3056815234743918
0.31275210798394726
0.3035706294928322
0.30069626400203675
0.29986086049719624
0.30263685285954145
0.3066755019814077
0.2981455404699353
0.2937029682412063
0.3278059570853548
0.302313377821679
0.3189311159653822
0.34045951764124005
0.3066001427491688
0.29296603140500804
0.284117750547227
0.3155532541501196
0.3120684649175308
0.31010830324048566
0.29731820288564964
0.347777256906301
0.35021415647679344
0.27613070321341715
0.27840554581217364
0.3003184253808815
0.30224160033022535
0.3156942879780956
0.31539977857641693
0.32728189759887294
0.28979437602395
0.2782030184349019
0.3033828442239743
0.30231117865872026
0.31523685301973053
0.3117955056358501
0.30703238937737976
0.29889511928980206
0.30029839037793227
0.30310486979137696
0.2931694402216339
0.2864335282105944
0.31840668322954035
0.2984315807292152
0.31073021079432156
0.3402787841938665
0.30307913973546385
0.29296127298351443
0.28291363477668185
0.3161623084032861
0.30791862262659053
0.31421165820804914
0.29227730387255596
0.295798702306751
0.345308010996648
0.3498632117272099
0.29328035666142777
0.28790324910554266
