0.988592550033139
0.8651579762426835
0.9066370341806481
0.9336374036775666
0.7939615908600572
0.6916629162913184
0.8666125444661651
0.9043852224098555
0.8966108694577702
0.896141098565814
0.8357914712110711
0.7902476934542909
0.8627173552348592
0.868042328535243
0.8658974093460299
0.7837272852433186
0.9389383886443011
0.7547984182038219
0.8534647594530125
1.0175742602654347
0.7476177236360119
0.7841719252932978
0.8204972376424168
0.8612875227387414
0.8422655048038514
0.7344758168511288
0.966791764818472
0.9556676624561704
