1.0151883931292858
0.9079252172681944
1.0026412780649827
1.0069927879941503
1.0633455313180318
1.0545141045816897
1.084030639753082
0.9654124198484072
1.002478030860154
1.021868319585781
1.0396681615462864
1.0536410685975954
1.0534483987772896
1.079231744146306
0.9915329598553844
0.9993440449372643
0.9908738146929824
1.0565119447766398
1.0057867965794487
0.9936390400851464
1.008250105766181
0.9922465658797626
0.9800612032664656
1.087423769126043
1.0424736287229888
0.9825120624771913
1.004938820920351
1.0442674445568212
1.0623893100346093
0.9692468031054999
1.004148445108334
1.074583942699655
1.0431608665572627
1.008689653352645
0.9277915877984102
0.9355272935868215
0.9975261946774545
1.1107483451673157
1.0540214949898485
0.974795615395586
0.9159267042053318
1.0007536374736983
1.0296071132673514
1.1223280455292035
1.080995024806425
1.0130201476793992
1.0304632008021704
1.06353589263476
1.0677435779102087
0.943694594373049
0.998812747935697
1.0034725672777007
0.9600285088007559
1.0628259914364837
1.0490918076922997
1.0048104129890438
0.9779447632581328
1.055329382587989
1.1164407785322743
1.051877391169523
1.0034552000315078
0.932167021445991
1.037783125339383
1.0522801858398303
0.8984201954507463
0.9451491685883031
0.9276969609244559
1.0083577588790777
1.1147811481204877
1.0261640381214554
1.0092813508752703
1.0527768938026274
1.010836098538134
0.9966742923784381
1.003393779416618
1.065364669146787
1.0343388978316752
1.0657963939288948
1.00883153033522
0.9991617336029837
1.0605419789949524
1.028728373305838
1.017297362787331
1.0039426025816303
0.978788900145994
1.0799904716217792
0.9897150071848215
1.057806519541728
1.0157081704598374
1.0170768288887093
1.0174614047512418
1.0478886125588676
1.1217103888586981
1.0681067323757405
1.0749753277810297
1.0684270363955843
1.060281138379913
1.0202638713105998
0.9890412246621266
1.0793480085917286
1.025862409875544
0.9487383248657908
0.9500422217545008
1.0107148753783008
1.0622212024896007
1.0872841760143266
1.0863792841122155
1.0644963655272104
0.9642526304988409
1.0491960323463285
0.9894537226905773
0.9837175563800948
1.0375580534887128
1.0904732854078358
1.0113573267609133
0.9836215867055276
0.9962112811161423
1.015222357149899
1.0653601812389564
1.0665905053701126
1.089994034631164
0.9989470683764123
1.0052267329662192
1.0054462011358338
1.0242617837386971
1.0631257348710383
1.0184697946533103
1.0438434715734746
0.9971990190217312
1.0676762921119451
1.0604753267820386
0.9903230071705831
1.0585338751044295
0.9983736640751601
1.0486753500029733
1.063520057658659
0.9337022272621847
0.9457943174200238
1.0432914802631499
1.082018086399682
1.0419952280605784
1.057181760747855
0.9735114606572419
1.0582574544945518
0.9987456949597213
1.0354081570259563
0.996713363511833
0.9826113980601672
1.0362092289755624
1.0820756045755622
1.0400570840483634
1.0504781385127866
1.0114422354457377
1.0659422052541427
1.057688852753099
1.0331806955239258
0.918128831503392
0.984676839592266
1.0045393195750258
1.0471075317313825
1.068165377389219
0.9759127242042609
1.076869698174602
1.004800089393582
0.997012917758927
1.049632187701746
1.0640970842131547
1.060509223510906
1.0557669947962829
1.057358802420165
1.1077627270676236
1.0754325763174526
1.0038217567533432
1.050964671958384
0.9306384711284237
1.002927164170282
0.9781271447741599
1.0788092736279051
1.0496142994550341
1.0490425173749454
1.0096805336132104
0.9450113705557603
0.9361307596835039
1.0141961458272184
1.029396864626762
1.0374171386756965
0.9305184832250215
1.0665095862135174
1.0239249337180503
1.0100231420893422
1.0679354167587034
1.0709025175643638
1.005455915619733
0.9605098539084702
1.0262703249124332
1.0165146401417782
1.0526898943554608
0.9165531312669097
1.0289734350292599
1.010072641652616
1.0603051463250273
1.042542240430607
1.0349230163296745
1.0138241938061918
1.0396759083701863
1.0732465112827487
0.9254837746034096
1.0694640044085695
1.013848126848491
0.9427732752230329
1.1136797725521574
1.0665324370468046
1.0384717928305807
0.9296182456458499
0.9360527519882049
1.0003756913777448
0.9580598110519857
0.9982130653166563
1.0720385405189778
1.0668469822205198
1.0465446896281296
0.9347924549602824
0.9865317608457893
1.0135998874127228
1.0505487412885695
1.0810096157802334
1.068711757105977
1.002964978387583
1.0282730162473408
1.0777271943884184
0.9939719505934168
1.0179222746142689
0.9255187779928868
1.0650619377224182
1.105807890588047
1.0820984195745071
1.072891664379204
1.0581742606776454
0.9952093705131013
0.9526198981225588
1.0276496030301383
1.0625196124766183
1.0014950777741625
