0.4079637689988676
0.41664954907395635
0.4299711312877461
0.3976090402385113
0.40521248209354155
0.4268178191917768
0.47450729330174807
0.419005286331405
0.42447059336491544
0.5157300795089964
0.3949911525419115
0.4271396608699678
0.41481909322915833
0.4938534377502633
0.43299693016614305
0.42762404356333505
0.5064756915680655
0.3932128513256954
0.41178097430175364
0.3887637982330401
0.44005801584951
0.5046594105355517
1.4409485305659708
0.4027599484598931
0.38730447376120203
0.43545220466017176
0.39920807066977126
0.4799494726441822
0.49297630388715546
0.4115892686333139
0.4220889744388324
0.410197169848471
1.5169017223469086
0.43142731096678943
0.40881042418402846
0.43582516126577503
0.4310191300703001
0.4066138106513001
0.49700890097233463
0.4111516378816601
0.43854737274220945
0.4264911841833957
0.4265609230563244
0.4805056732980151
0.48854654540160586
0.39012781809569824
0.4053451508906209
0.500666302546348
0.4134940223615756
0.4221888878123923
0.38531913910665544
0.43379524138679315
0.36972164769305277
0.4773666251481292
0.4401656692225514
0.424872693625186
0.381616917850903
0.46259013376873226
0.4253641005921338
1.386837729974664
0.47274128422529327
0.4423478310655052
0.3878896082692468
0.3945499818572227
0.45902062597791554
0.4508382527416278
0.4895098328717411
0.47955589646229924
0.5159563936199704
0.41706183423579407
0.5211771704138801
0.4175699645780662
0.3961324542992435
0.41307226076349063
0.39511065569908377
0.5321517278080419
0.448971895698932
0.41084651233418146
0.4108994780621391
0.43902108815044555
0.42246601193026345
0.4364178743112315
0.4316290565401948
0.472553022530323
0.4119271208333864
0.3901579339929586
0.4400217819172531
0.5029502498003454
0.4105399282183538
0.36573289036310463
1.4100285409493012
0.482763763758082
0.39475016704367105
0.4889510783333239
0.3660695491143606
0.4258173071931952
0.40022214451616767
0.4252551257859202
0.42164673867077035
0.5678420561365471
0.4339466896983445
0.4383612035675848
0.5311786369546101
0.4225327102834264
0.40279573578134575
0.4082893369684406
0.5033928098202474
0.3791924705371159
0.4265085422284265
0.4536647521378895
0.4211479442951972
0.45855530415456286
0.45194329126232674
0.47961524362404884
0.4506911561803245
0.47345938612162813
0.4982483160188391
0.39236637536173935
1.4150572710674285
0.4247382184700818
0.4061114124710826
0.46687266273524175
0.3991757120012259
0.4049307676228791
0.4999250877861317
0.4863262768930053
0.42120468014627327
0.4405449977639876
0.402591004232258
0.47537857368908243
0.5059590993716656
0.41997989570866784
0.40557400316966585
0.41877323004618006
0.5544481559225851
0.4087354026874984
0.4814540468759533
0.44775896616287547
0.3836880897674858
0.5416192000382896
0.3930789066207173
0.44033216790441776
0.4371740792521741
0.40482498860601135
0.5271544395240022
0.43485741784130827
0.4521342590075942
0.45492605953813325
0.43909204769844734
0.41412010573137237
0.38645419494065225
0.42708357458822754
0.38604879632449424
0.4578780666569745
0.4656035951025931
0.4193275422194052
0.4253769802577529
0.48370581461931444
0.4220911339469832
0.4031259000977734
0.5003417491746469
0.40638439994789466
0.39158376069397494
0.3943166658686935
0.4274334776131345
0.47879565272898733
0.4006720799698116
1.3558397494826828
0.40450333684210027
0.4851496756765524
0.5155298610072406
0.5019240469414878
0.4459371725526434
0.39670243153476514
0.38254566847993365
0.4555033553866937
1.4489157112383975
0.4252964150908579
0.4104680152247225
0.4235019157009227
0.44333674793010674
0.4120174126544056
0.41913770176427667
0.43998878946179487
0.435240821356611
0.4350695651577785
0.3830427300734981
0.39873321156631947
0.39810748904027216
0.4210298814238512
0.4100314868142794
0.5358733272539233
0.4092371910965914
0.48569130342995037
0.3947631672795861
0.42840817858350866
0.40842497140342204
0.39910066965962
0.44784959682051023
0.4511210713194308
0.3973103194014102
0.42923000147548007
0.3987797658570805
0.4532918877593396
0.4289075770238052
0.4622361693657754
0.4126087893507251
0.519920141297533
0.5185959537102163
0.4413001882316761
0.41249558511353124
0.3976618526765658
0.5151909106960179
