0.7061351959257572
0.5790289445670596
0.5812157834572311
0.6161553540415105
0.736207563053954
0.6640383085607529
0.7223653342555885
0.4253777798718162
0.5078790201694791
0.6733120565538117
0.6029840760704704
0.5792798770344918
0.7678986405788459
0.7080423911586657
0.7711209049291352
0.6887005090271768
0.6029398453999465
0.6717488547607411
0.795300744991898
0.607088648382613
0.6062849672200706
0.6241395805051062
0.6170772953066862
0.466421031178252
0.4387950766574302
0.4600114673588915
0.5696976297966783
0.6827024762068471
0.5193521029797418
0.5902607236902652
0.50488944963793
0.6234820271766235
0.7248230358798557
0.49290898204016553
0.658115914369915
0.7717996719331469
0.5254882432211823
0.6572787632358948
0.5430106978546769
0.5917726593964379
0.49273961422389606
