0.47770447605472843
0.4584655344817253
0.4383499031963456
0.4087332477508723
0.4497542010883942
0.4926297097254919
0.3954110464757126
0.5036037931527673
0.5302341327174542
0.5053924597020657
0.5272740112368243
0.5239025601642887
0.5438011631336334
0.5391049132955957
0.5397967316059334
0.5651378312913141
0.5800346218284494
0.5780549083237888
0.4737051693665937
0.5799054780487835
0.48605535005273054
0.5274245940575893
0.5420286285480226
0.5304417785791393
0.5756563622582281
0.5968457860614254
0.5782645540877346
0.5952727063063245
0.5990151153296099
0.5470465677876167
0.6524411383363948
0.6230765106386162
0.6415910773518856
0.8732991735786708
0.7424755238994061
0.6558447598646162
0.6459058147058063
0.7194152484752006
0.6642465678330856
0.6718226004340135
0.6788891560311403
0.6922875304455098
0.6403855495475369
0.5261799944535515
0.7087204357462786
0.47490782405702164
0.46196015751131275
0.44141796732678024
0.41553382655724647
0.5104367360887088
0.40024334141042217
0.5046107764755633
0.5296114660757244
0.5289999890748116
0.5604450794974034
0.40451856433971767
0.5339932398045378
0.5443567384427931
0.5387026853964108
0.5650171315729023
0.510238663064603
0.5804462453492959
0.585036889712875
0.47254262770364736
0.5819011651121793
0.4849678262863326
0.5329645905821703
0.535838380182516
0.5312397393266205
0.5758459743930969
0.597493216918386
0.5800928204929383
0.5926038167546801
0.6038164573263223
0.5502803185905292
0.6545730148523731
0.6197445025945113
0.6369303975085056
0.8564553519309349
0.750360109700446
0.654279677033467
0.6487981062648911
0.7156947959598026
0.6631688943748127
0.6877068022916584
0.674698423940498
0.6914041427985124
0.643908996833489
0.5348058112486761
0.7087747876096366
0.47167685643900303
0.43939181363378155
0.44985225071871876
0.4903435004247792
0.40000087265876094
0.5032742903948376
0.5296913471524727
0.5069996724240273
0.5275061292337764
0.4033355239073881
0.5266498509961516
0.5456313449345601
0.5393745441870751
0.5371675502883598
0.5643790641740047
0.5114053710671232
0.5824792790933813
0.4672844809535022
0.5766294896676529
0.4850581626226076
0.5284180426331745
0.5760728276204574
0.5967303075941872
0.5794736346835367
0.5958309230591722
0.5469398313748327
0.6556429740080459
0.6177566446996829
0.6382104079377008
0.8560288004557348
0.7451920066910009
0.6557140113853973
0.6486010662346149
0.710211441461071
0.6626210333683233
0.6726696520462925
0.6723890855959797
0.6855781743886441
0.6374065333011941
0.5227067083322449
0.7090974147103455
0.48863025038180685
0.4721288999081931
0.45046047119178817
0.4395246279679227
0.508921548260349
0.4211558400847774
0.5541932173057296
0.53113292128311
0.41602259888273063
0.5409163189079111
0.5602736726668265
0.5617680597192032
0.5918178181224432
0.523105372480584
0.5989191643235254
0.6162370951307863
0.48733041351612394
0.5960114348297566
0.5060810386436274
0.5414306243469478
0.5652839119937774
0.548078520235201
0.5998242757709054
0.6125930796672646
0.6144903925995437
0.6283579670745749
0.5671046029405873
0.6767949355702904
0.6465213291769124
0.6799924534932074
0.7804164640394615
0.6847702686998111
0.6635959347449857
0.7535106777419556
0.6855215943496076
0.7031939330594856
0.6954134163118239
0.7190927162818029
0.670116153142409
0.5482597618409721
0.7174260509701971
0.48627637286285913
0.4707759767276469
0.45153066466304365
0.4274769745845231
0.4715840710121317
0.5086338686122537
0.42508877883710006
0.5156953110929549
0.5478590233600911
0.5238095612109063
0.5439605035239405
0.41963903033535443
0.5395793437180326
0.568127537536735
0.5577766249735641
0.5869973981355852
0.5273067872039676
0.6110760794800701
0.4916426581143661
0.5949436650316685
0.5129133840828496
0.5339665809309893
0.5647461007693961
0.5992768858988169
0.6165147043900249
0.6253113324072336
0.6279422033862413
0.5669377050570198
0.6735054770687433
0.6414406282293192
0.6646280750210505
0.8995429382258282
0.7777504062997245
0.6765086387249198
0.6654517233060608
0.7494476935649044
0.6914349344564286
0.707961585542604
0.7046165688411502
0.7149795347066211
0.6631410438170714
0.5462637707289913
0.7140054449548254
0.4642894815292935
0.45339935831211353
0.4497714437607274
0.47947915574334815
0.5062156842437061
0.4251453493842653
0.5181798951945826
0.5662044840439233
0.5348414845959337
0.4194093577732493
0.540971008592273
0.5573180396760189
0.5729193872721516
0.5663484650736101
0.5980668759294968
0.5267926279095344
0.628167141080727
0.5145555850148579
0.5484761714912739
0.6003358956113487
0.6142780090739738
0.6240874973499977
0.6361328063129621
0.6336697363557693
0.5607184901232822
0.6826613712661911
0.6525884337769473
0.6842023490548803
0.9137883504700545
0.7884640727189212
0.6855672229874017
0.6687669906907479
0.7632522725971429
0.6887131321554721
0.7129134805928404
0.7045444779707024
0.7297053735166052
0.6773125526442928
0.5443148145807591
0.7124088782583802
0.4869092276895076
0.4333308871841567
0.47577855431284743
0.5041787222933944
0.42343208280041916
0.5148217475291317
0.5522786526131078
0.5236497881481993
0.5451359701694448
0.42431726391561453
0.5451212918447085
0.5540873845369039
0.5673510391690341
0.5582218985699579
0.5938686580790379
0.5325989981279013
0.5032800208347343
0.5983058815089229
0.5131070603669673
0.5320714446514894
0.5740773061590483
0.5416416179497773
0.6088070735489177
0.6179062234928171
0.6155620476403981
0.6329036618436594
0.6388476038145191
0.5680951158017458
0.6785741010926589
0.6443488959683703
0.6685014242145542
0.918162811842613
0.7889887473666222
0.6785810087355854
0.6702547963278107
0.7577772602432773
0.709866683057143
0.7152123641958064
0.7302576699823956
0.6662531201697651
0.5468317702606202
