0.847564825113811
0.7486290267714292
0.7821103723922159
0.8019698758965772
0.6886745077987577
0.6078324993725129
0.749200336104737
0.7829122492514019
0.7766815052923086
0.7735667784226777
0.7237607222220741
0.6902704542590051
0.7469669227519958
0.7496712022759031
0.7450851566921067
0.6830121940408584
0.8077562502249198
0.6544077439952887
0.7352455040168051
0.8739075492542887
0.649827004973397
0.681055024145874
0.713031805551638
0.7448491661372924
0.7304988900178233
0.6403128730139245
0.8251007105620968
0.8249428970375112
