0.8431040173823684
0.7326903748961585
0.7856931400288686
0.7696939516255451
0.7512612539943552
0.7082119494422447
0.6834968954177695
0.7878125069989081
0.802191359696343
0.8146117550258729
0.7106877252480368
0.7206132084999708
0.7907397233299777
0.7847110358280465
0.8525565683287415
0.8084716923317186
0.7318992327492049
0.7398427931112646
0.6719206531229654
0.8310760879166789
0.7291856768019178
0.818143792522913
0.7258171671732
0.7768425905935603
0.7371872939533561
0.7978532352133056
0.8909156783171818
0.7297871499999967
0.795007753754033
0.643367025669131
0.6817950571743397
0.7454329614854888
0.9045738016780355
0.9026315314177635
0.7554179117860198
0.8119436176364171
0.75613603203023
0.897304769574506
0.7396294769731115
0.7721995886469
0.7630070235327454
0.7142781456695153
0.7276653650133094
0.7946243587365314
0.8463299210153694
0.7457244002787421
0.8694444535733141
0.8449614745078429
0.7878515932841024
0.6366783780643086
0.7309942558326175
0.7796139677555515
0.8090963151898993
0.6880020511791104
0.9218740671812043
0.7681293627627672
0.7683583303087137
0.747223346647638
0.6799570618446207
0.8965631065616508
0.6997824549979047
0.836559143368276
0.7817089869318928
0.6976210064799393
0.6381510204631393
0.765590598193198
0.7611893758749252
0.8218070731479328
0.7913151084553485
0.790366216605317
0.819771262896953
0.8001248628741087
0.8417012811635545
0.7448341315760566
0.7671463098873652
0.7860180986438112
0.72319798171895
0.8848809083659105
0.6809030369320002
0.871441570621061
0.6587242989559472
0.8329869694696516
0.6593329220348084
0.816825255820027
0.8652962305204096
0.6737745828506471
0.8256080320643371
0.7025759115442922
0.7469450965013443
0.6835450388038639
0.8092416711238879
0.7726194744265812
0.8666051162181246
0.6590328139679845
0.804354575008321
0.7718182774560949
0.7328092462408139
0.6566280902332906
0.7599597588579494
0.8393415755712197
0.8423851771479992
0.8020915345676547
0.7913117892684753
0.8110702907052786
0.7325453779146424
0.7347088996649884
0.7554381079346739
0.7803569547135947
0.8195149437434723
0.8892296303039792
0.6143792952797091
0.77401276987538
0.8385212322721964
0.7756043378926024
0.9221159081276833
0.8828955086526662
0.7786380450987849
0.721098529395864
0.7178448391585721
0.7255237644490753
0.8344327822670363
0.7516214999996889
0.7833115972559616
0.7688544707403336
0.7302126999998884
0.8483352439613678
0.6613681935647377
0.8702991760346312
0.702276747515399
0.760427489220406
0.7994337908267545
0.7030010157182357
0.7944890033214232
0.6836278684581915
0.8786898704578476
0.8138188776840214
0.8965615042290996
0.7609649080834902
0.8083497899403176
0.823266732178369
0.7474218499999216
0.919238414534175
0.7299613103573341
0.7433564734516348
0.7285636493837938
0.7370077471917067
0.6762599552224123
0.7377507499999987
0.7750679846145155
0.7893001157873201
0.6630166451500346
0.9179865200292319
0.669842381207456
0.6112577749746415
0.7329414963237376
0.6374732046528853
0.6843474769380681
0.7457217174003675
0.6733208444673492
0.7105337010864579
0.7488876350870685
0.7319079499998462
0.780645257437354
0.6878424888307925
0.7810477532597199
0.8236266832164749
0.8669142789742827
0.6517735392526742
0.7473369718718131
0.7827943455723764
0.728990599999687
0.7039590706478243
0.6368602594390541
0.8669942864821722
0.7380276983364007
0.8492332176254113
0.8470084423054965
0.6440286203645705
0.6728219866890008
0.6220786364660332
0.8665341749745099
0.776075554413512
0.7845496175294717
0.7581483445171822
0.7702980472114211
0.7860225519082447
0.644318216182513
0.8171288250438525
0.7668785139461959
0.671686572987526
0.7462575379343425
0.7314575959352512
0.8615509682848408
0.709415270280673
0.6533803276331441
0.7668034776977212
0.7924197735451449
0.7810696848515257
0.7530748633934851
0.630554525357004
0.7354302444970167
0.8178038871177253
0.7726396396361397
0.8156701854432015
0.7274706862980345
0.7363488780324647
0.7425012189505967
