0.981909947878398
0.9458187076002535
0.9480933620735286
1.0073168282209592
0.9281034087717972
0.919163431899684
0.9752453072616305
1.03885805290218
0.9742707015330521
1.0012934774136224
0.9525292374566025
1.072642601565205
0.8894135388889702
0.9354290465164665
0.8884981163537549
0.9174422788346507
0.9731630621784767
0.9973818828583427
0.9246876371525051
0.8977960521741104
0.9049884917210059
1.059242877324623
0.957740711340086
1.0065422811544593
0.9373629490207435
0.8814594675269278
1.0968877752223831
1.0189802483083163
0.9805901210347392
0.8593701767504451
0.9629948816536533
1.0067345012988658
1.0938350608781486
0.9640812546614748
1.0064923796706566
0.963881917386513
1.0166403559398434
1.0218556067313278
0.9399614964247041
1.0048271622438154
1.044649876156459
0.9829681193765777
1.0282564535310588
0.9826774142436987
0.9653229528127051
0.8628762139877686
0.9621503393058284
0.9571584541055077
0.9180043461834242
0.9674246182297577
0.9253560431362777
0.8681377897904825
0.8909296968883648
1.0577516597071626
0.9643110203097502
1.0544865203986749
0.9846011401056941
0.8310342909717371
0.9512659990605957
1.1117055027100597
0.9027078313277258
0.9142129388586546
0.9238586286365256
0.9352858128318194
0.9449688872402104
0.9662615339497477
0.864657011796742
1.0969174458097368
0.9832949187704734
0.9622069034090797
1.0054250519315782
1.0421042255194217
0.8763705643800088
1.050993544795006
1.0292288463623978
0.9645468581302994
0.9591804001829168
0.8798023974382787
1.1063847918934355
1.0559905996830645
0.9629935429901121
0.9808394960090462
1.1154389679727248
0.9796529120076922
1.0564540361562584
1.029509260397946
0.9479243780587885
0.9978525073274568
0.9922242830366477
1.0121426991075522
0.9817868996578225
1.082342303572465
1.0084337141307285
0.8806809865626105
0.8950674140446867
0.8980843707080138
1.039897242252734
0.8718295146029645
0.9976684733049976
0.9241593189189721
0.8990864842697148
1.0126671358686958
1.0561574776060412
1.0519057863471941
0.9907360882669451
1.0766650377757647
0.9774622417861188
1.070773985040797
0.968482901152828
0.9838913217200088
0.923640306399755
0.919973084485439
1.0671083183380923
1.0959817329696757
0.9423316767606975
0.9605586691433514
0.891339523757341
0.9097978387778812
1.0854198530384782
1.05553587891113
1.022691574881958
0.9511257358192216
0.9958133437490748
0.9316746434727511
0.9832997279252561
0.8727253220656982
0.956120453911442
0.9743607601766766
0.9189965218938526
1.0421258919315748
1.0292428353364684
1.051507960380049
1.002660923345932
0.9599422945915284
0.9743443873041738
0.9735000028852987
1.0518942317981057
0.9793730408872197
1.0096231773707776
1.1122766182657449
0.9821551427846009
1.0856547117863249
0.9704775479277077
1.0394077237203918
1.0165746632607462
1.0826859180862947
0.9569481230487127
0.93348220105909
0.9958851985455148
0.9913753070298668
1.0041856326581673
0.9671231518472186
0.9750102362991016
0.9928428663639797
0.9103803708202045
0.988220462274062
0.9731375367665789
0.9858853073625664
0.928631801301403
1.044131857891133
0.9456040010624978
1.0172917053579442
0.9462465936945488
0.9264046497768224
1.0270109212906386
0.9534440000519433
0.8167662871113743
1.001222824819147
1.0084100538879328
1.0359698164600242
1.112487693324903
0.8990535685402092
0.842399354116206
0.9958793853083713
1.019799100218766
1.0281910924325475
0.8929453227084356
1.0456874707434665
0.9804534363073889
1.0423502276167147
0.9238257943784818
1.0152816769405146
0.9032524458911804
0.9843726928853697
0.8261211210264571
1.0102698717621121
0.9798509433145818
1.1004973399799591
0.9549489558126664
0.9515222984202775
1.010809408325747
1.0034241250145708
0.9377493063860647
0.9922531340593308
0.9608172538275414
0.9628290441551004
1.0002079576076766
0.9029949890658004
1.0979960422469968
0.93667005989525
0.9946913264596753
1.0338353747142999
1.125926325004372
1.0999372127938725
1.0184230168072532
0.9378148750097213
1.084627855814296
