0.2985053835479945
0.26263419607000116
0.2974562431490663
0.2948123855314749
0.3051376709566529
0.29163681375380923
0.25773778105026124
0.31433842780077764
0.27627880402079763
0.28430914914584626
0.29719317653254623
0.28242701518652047
0.3079329634555382
0.2513586418721655
0.29674715822400877
0.23891794715090756
0.2947636420897589
0.2615218088251815
0.31065159459778185
0.2861000416007012
0.3152936598682827
0.31613957516547353
0.3046122640012572
0.31561169295888303
0.27425759868855487
0.3103979017484715
0.29752087491477536
0.2975128951985498
0.3629794947904792
0.320087292229342
0.3139955385776316
0.33726179110022536
0.35317439463706624
0.295618457275556
0.31008219270760407
0.3023445728082438
0.25542731068155566
0.31652696496535104
0.3104132771701477
0.2623007924994229
0.34298114000117236
0.2962992124682034
0.29488665082598653
0.307330879519771
0.2923542424687464
0.31411591005520983
0.3088110943182398
0.31419100386222704
0.29564289440444563
0.3040473987337635
0.2585304037293469
0.3074424705544381
0.28365018942364884
0.29683052385096026
0.2922539555956922
0.2923292667612109
0.2728624375500336
0.3190049910753028
0.2932852935690452
0.26876078656193386
0.3198107568005394
0.25094691017912274
0.3200639750144524
0.2944701002224095
0.29702738535114837
0.31587610016350465
0.31369245372866267
0.2993170265111614
0.32055631251477584
0.3041529667765962
0.2949574244163133
0.3162735333778555
0.2812890514455496
0.29697827467968263
0.328985234463252
0.31355118424654205
0.29699830444635017
0.30950805219650324
0.35263508040558145
0.29921597508053477
0.31217801567384873
0.29352551265117155
0.30541740044337634
0.2936365846406854
0.2781342175397881
0.32615000669995764
0.2772187442659387
0.2910253736015844
0.28751199056220744
0.27256538888907483
0.29496238775303757
0.2955983991061092
0.31986841003348093
0.27852928090693285
0.3007103787805524
0.31265364631486464
0.3015806187685531
0.29125391896764935
0.31117477625833423
0.2534476909048389
0.2979241925296967
0.2842196020294392
0.30405107617220506
0.2933357318366643
0.2748818273404982
0.31342115611685323
0.24820745626757895
0.285258450850178
0.29911600050597664
0.29352130258506076
0.34706501203007173
0.28202108009821725
0.3347360984071114
0.29711527887851624
0.31000475258128946
0.301148843946632
0.272010713475091
0.2800877922079736
0.28191521143481135
0.2936761859847377
0.3090240217466649
0.361199803233873
0.35365216519904663
0.31882744767139215
0.36591541818288653
0.34201702298346914
0.29169224299431423
0.2838586281924096
0.35033187617685513
0.3198789510995546
0.2804331128139266
0.3194141512544236
0.3050089330487413
0.34341831656423955
0.3160829271505945
0.284674414578344
0.2859889958331218
0.24773112257947133
0.2953704783240743
0.3047878008222463
0.2947686582664944
0.32998787242402045
0.3437983420758479
0.2802735208646905
0.272264724766001
0.3236521043958341
0.28861596726093575
0.28880121728695257
0.3019769219268019
0.3247623276611769
0.28764226062840115
0.2804640002410949
0.31838309118991726
0.27148267388371916
0.26540295707491457
0.2995507297681541
0.3315082647706157
0.33873146887682054
0.31396422317025724
0.3062642539483061
0.28720448890205735
0.29448288490907104
0.2836032734613482
0.30017552663982816
0.2949194373761036
0.30507301743645077
0.37296487325146976
0.35895143126423273
0.33487033143573974
0.30675418628143314
0.33609100874349457
0.2954606208233548
0.33790926033958896
0.3192855178195241
0.2970622700134667
0.3160009980135176
0.31545829220260957
0.30319677618431834
0.34120686568656766
0.29759734686781286
0.2675887840766691
0.2876089139000658
0.28279397177672305
0.28085372143367604
0.3038388027741453
0.286480272694405
0.3194920638044231
0.29820072742116105
0.32905954956319305
0.2546998053609626
0.2849523996516499
0.28938329611970504
0.3109805496504771
0.3097393970538056
0.31039911775004303
0.319784056638833
0.3090701254428709
0.26085782459106654
0.26286385879181207
0.3002016914642697
0.2757261575319217
0.3074073077946387
0.26905031115392275
0.3101185707072625
0.3233944937498584
0.2776653803492096
0.3044734883102438
0.3047644655781807
0.30311384342505937
0.30112861834508864
0.28743450205589083
0.33890037035435505
0.293824663344371
0.2947925508348023
0.40281428957721394
0.3578440795620605
0.30750156868711476
0.30465753260890827
0.33213644185897095
0.3465191039803117
0.35783659236226745
0.30415640209104106
0.2951657366765674
0.28648288199518335
0.273132235301769
0.3141216079300191
0.31277196841281596
0.3199032128671021
0.32634960457807555
0.3755693589168313
0.34759740735738387
0.3003001873095149
0.32084784580432896
0.28326918273472945
0.34370494733573276
0.3007589570048157
0.3240741491254827
0.3068299762092026
0.24822757680124358
0.3170923289521433
0.25823649375366386
0.3441123969165621
0.30683809128555933
0.28142547939171336
0.2555429266718463
0.276261599482116
0.2599855582748566
0.3075219819709127
0.2645526033544034
0.28381803060209054
0.30746992825577535
0.2991469232978963
0.2911457641562491
0.24305677527161876
0.3077508678296315
0.29621057346148266
0.2870546310196242
0.27491810174628684
0.29066933406842305
0.2757471313667037
0.2915719148475634
0.3137114334641243
0.2534549911178082
0.2972398136002331
0.31673560906548676
0.25014728156373367
0.30829510733783133
0.2495063101076655
0.27774168745656524
0.3144064723665919
0.2989862282060234
0.29963452563138737
0.27918476132728465
0.3413059588133885
0.2955291590274238
0.2551694753790383
0.30925774823933083
0.2806947523599509
0.29322708051235213
0.3577246357662243
0.32079446505213755
0.3234917135827685
0.3158226354935115
0.34121413612683327
0.27723804851792605
0.33691763755615345
0.3469792944376401
0.2949372459242823
0.2709837186695866
0.31679959310016315
0.29650750033204076
0.31698667945243003
0.3172513643584276
0.29702327661705186
0.3140962311903883
0.29855575975675813
