0.2785445292233142
0.27319780522405046
0.26077319168173413
0.2880937894779197
0.27613143882678937
0.2993802564322212
0.28847299481133704
0.2685253456532405
0.30866086368161366
0.2994158956711298
0.2969385188830668
0.25615689924304097
0.3107747328481596
0.2781777151775072
0.32063517917733075
0.2534089282744595
0.30477235574756034
0.31138689142819953
0.29516843820521627
0.3062047727048576
0.29158463385813643
0.2968327472836861
0.3029545903154775
0.2990955694921882
0.29169433624795943
0.2910120340517953
0.33690720887994713
0.2737173671117774
0.32875172840085976
0.28818510911899337
0.3188516852284725
0.2871869078239317
0.24142680126297109
0.2904715896204143
0.2814974190718119
0.23782674726748904
0.2804749685073053
0.29644688374918543
0.25665780946994154
0.29520675479882896
0.3124834576718047
