2.110603667479352
1.9780399392613126
2.128746511036486
2.1547581089094354
2.108520904489587
2.096410152209437
1.7697435195117994
2.1245298455542483
2.070568682134205
1.9732449794999778
2.1367259098658793
2.0764289345723173
2.1031223951604234
1.7668839739476372
2.1037913571190363
1.7485681571676022
2.1365843335248997
1.7719143682241387
2.171319393084541
2.0823353887603044
2.300451831327978
2.11608664644282
2.1453295192026407
2.306314422699674
2.088639560600161
2.1464247764959463
2.150074072327942
2.1555583280699646
2.7078407463939778
2.3969328039940483
2.178064063864988
2.359677042781301
2.4405482195946218
2.1470358615218403
2.3155261900966377
2.1481694273536984
1.7716539319087528
2.173073163384323
2.1167065797105633
1.9499475279370124
2.4170216363375587
2.1332901306083936
2.1686660508259865
2.1196935168824083
2.0912259238846755
2.1561931230433817
2.1395846792239
2.142858176345788
2.153659943467478
2.1426320281894733
1.7636922507881703
2.1027293558003395
2.0954117245681076
2.11018067742709
2.097169685932771
1.9130077036590585
1.9635022147115342
2.1658761664012807
2.095231239514991
1.816613590600564
2.1838444159641943
1.7750467545667146
2.1724705426445103
1.933008626704623
2.151127053037573
2.3207388041346237
2.149708310536862
2.0955242043251907
2.1764943878500054
2.1533029444747602
2.1520531509469256
2.178402961998348
2.1357118337984904
2.152018178881363
2.4998964085613573
2.3292584286291893
2.1111158644108157
2.309979637910789
2.5402349517234106
2.1368061389694235
2.3150202371190702
2.1352009983920848
2.11834565517937
2.147795340204567
2.095693741349312
2.4038127733666244
2.1348119155230245
2.1077690457590776
2.085860227025198
1.9409215252617211
2.1383755457148212
2.1458205654018165
2.134997378287449
2.1102472773981606
2.154204390652698
2.1864447834040663
2.1573775626282017
2.1249321798372143
2.1518485808983883
1.7689281375942068
2.123981274982128
2.1424061538487615
2.1637799688938633
2.113133831599135
1.9062654001317414
2.1054824374539005
1.7756425234648978
2.082426484545589
2.1508630157423783
1.9551392397751435
2.182982162268394
1.9153642019665824
2.3458690341131962
2.1321236351074724
2.3027527574612274
2.1746330110105543
1.7937995943261547
2.1187681823069835
2.156566550547981
2.131832385063609
2.150888327407042
2.7288310241214018
2.4338666609209723
2.1767342019923794
2.3726929281650966
2.5055929043205163
2.1260185179943143
2.1225397643872492
2.4733280791645527
2.1598727303986043
1.9114273818453045
2.1970774798258517
2.10390478011532
2.423225959746398
2.1541704159689923
2.1272394703404256
2.1179675234404836
1.7572541892771023
2.134927437379192
2.148131973275894
2.089509017182111
2.1685609487369892
2.332449532751089
2.133551112546426
1.8024344853041174
2.122343091520298
2.0890435326532897
2.1158058471133057
2.111613144837019
2.146330765040006
2.0966512696374098
1.931473851221487
2.1161125953627202
1.931224492815303
1.781012374466219
2.1365736642509123
2.3359750322124757
2.1884441522351414
2.1512610650307225
2.318334001952867
2.1397539117853523
2.1462622849090707
2.1500692406255273
2.150229245705976
2.144225304579786
2.1497734700680295
2.711556978327612
2.530393567496117
2.3444486941611906
2.3103094137425733
2.515891220769264
2.1487440694063507
2.4563425327366835
2.1724030982818654
2.087704222997192
2.297716671682443
2.157865058811904
2.0956294227770282
2.404467177680989
2.169028662323559
1.917887850743336
2.1476752961485865
2.1335674315882756
1.9153658954009403
2.102443479588617
2.1135557095922524
2.2524047830351925
2.145202884190013
2.1798217081838827
1.776076469506986
2.0758470408868908
2.1013398178588356
2.109446552967227
2.172769985643346
2.126467723504074
2.1719548632228434
2.1307959855982537
1.8977000716273953
1.775530196196392
2.153425361971471
1.9281652813836097
2.140486986637441
1.9320330493726374
2.1639650547859746
2.395518252583627
2.0901020768821272
2.1489631344845614
2.1561498065835814
2.3242698795696377
2.129059541594688
2.130530463613335
2.179758615977111
2.136821420449772
2.145022568118753
2.8794634021764733
2.5268622629352087
2.1942900945276524
2.1631945979768736
2.3430889084188427
2.535422265796964
2.4841180046024522
2.1613026751560565
2.0994130485045246
2.144383903616805
2.084872868259208
2.1168676849628296
2.1710133390264716
2.158164037015709
2.1734855577256504
2.714177486280877
2.410717337343372
2.170317905066524
2.3350629195260884
1.9557220813714573
2.408107495933864
2.142338117196662
2.3295169506522
2.1642858467974375
1.7604883635044648
2.1792103566522703
1.9540551139100495
2.40682044432823
2.1492468092660726
2.07903032085097
1.795794183670683
1.9451946109637537
1.9506424722813713
2.1706743246963898
1.9274444515600808
2.1409265763307337
2.1433047406269092
2.116461738112711
2.12180614151474
1.758232861749081
2.119673612758419
2.0843805581475467
2.0974214263864197
2.077538606719508
2.1067991655847758
1.790437947908057
2.1062858862447027
2.119332357762395
1.7571438361732041
2.145457112130868
2.1229050381630925
1.7702517511910136
2.154563457614074
1.7806813552385106
2.112782308282418
2.3009450223665917
2.0934060509296337
2.1641993751216564
2.138144208552786
2.212753980514268
2.1163996947417094
1.7623864828517937
2.1431004393785713
2.1323071707822465
2.134961568545775
2.703475671477365
2.3870925213674274
2.159969577091091
2.321646213880837
2.5258378979202054
2.125040886017926
2.350670453782937
2.205945585011855
2.1415559672815676
1.7843755298722224
2.189368971778201
2.1149658717867523
2.3969500197678224
2.1327124402020625
1.9668537266728345
2.1350421771363344
2.150992877877563
