0.3272462130069511
0.3175191050444198
0.31264915518694436
0.32532574864264885
0.35183233414802423
0.3515960686591676
0.34280668531344133
0.3140238519006995
0.3418205217051924
0.31376091700417363
0.31891994173688554
0.32004806820494225
0.3408714733645256
0.31646481582240815
0.32344526520232575
0.3149465575611558
0.32359416310727906
0.31197081282945505
0.32036172606318447
0.3183987498657648
0.30137521926011057
0.349924146945757
0.30832172020465254
0.31101115409256025
0.3214039262475811
0.3152041826582752
0.3331336550549502
0.29038470371834807
0.3772984135837758
0.32030741586450195
0.3164058995304758
0.31401647163793245
0.3240196899259077
0.321673028953227
0.37854218828084285
0.3205120127540342
0.2983069275365264
0.3152538975177878
0.31916247432968137
0.34632552828347807
0.33008467045631884
0.3748094694447117
0.34807351014682625
0.3367801815230226
0.33811565535049404
0.33273534627144297
0.331598493014683
0.3164497287618138
0.3185214454565354
0.32003872403060574
0.2934732286632201
0.32280758255110353
0.3189271254585202
0.3333813804005872
0.30321989705562746
0.3341414328709096
0.3266302737221356
0.3752363340034831
0.3230890509189863
0.3237585409449971
0.31408178933587605
0.31996496163060656
0.3272694098535556
0.28845621590628195
0.32913594110855904
0.309627290506906
0.31766869563427125
0.33439368438546957
0.3815855319705858
0.29950380612396
0.3266059103403388
0.32761411378666894
0.3164626211074595
0.3276449185195007
0.33273192560964215
0.3137545386184346
0.37745014909061747
0.32776991241831355
0.31476054147828225
0.3289642877159309
0.34658635383015945
0.33947264854537135
0.32135208567007534
0.2941436334675781
0.3444762601749076
0.3147376590824207
0.3257825654863832
0.3244527665156719
0.345196758186509
0.32992816946095416
0.3051717021451712
0.3152461288481754
0.3856892489865286
0.32572905365552773
0.37639737714513666
0.33486993409108395
0.37856878948571904
0.3252604742002875
0.3078068224117171
0.3335203967506184
0.3330898792293029
0.3367370476841126
0.33709135423132086
0.334722251500509
0.37435511473696104
0.36013824079976825
0.35456144089143393
0.3357089337715123
0.29643532015046514
0.30817447442192425
0.3059587182465684
0.31390640344836807
0.35749769867600456
0.2804697564169816
0.3283480087365366
0.30764104578883456
0.31918903031512014
0.3306326086826914
0.323863288651999
0.37483439534462093
0.35428850676855606
0.32415776049515155
0.32589487589251454
0.324336647538468
0.343723219820808
0.3243789700932387
0.35552948059379696
0.31700167956321346
0.3397119858899235
0.3409021351023766
0.3089009097318828
0.36464498099217757
0.3185817741726298
0.3278067884707294
0.3243761877753284
0.3279269301104736
0.3141041360286434
0.3450135085432636
0.34393214096931246
0.35106722432768545
0.3331430584079762
0.30303137275131065
0.3289072167513906
0.31911159221355745
0.34244471570868507
0.3384867637178995
0.3226992143626629
0.3113395812000698
0.308060588024473
0.34702352402941683
0.3508454683372002
0.32134772479975116
0.3393430176777695
0.37487578570223834
0.3218019260166156
0.3435767754900352
0.31167815044183367
0.31215804660020124
0.32261789116485673
0.3150704087499556
0.3033266432459737
0.3369621509753127
0.3270502379273371
0.3302924348385017
0.3151722488853425
0.30575147224922405
0.3163888119607209
0.3234194758015143
0.3616357855783888
0.3294541250873868
0.3670218733329353
0.3632421296440277
0.35866604158935544
0.3364794983858994
0.3305277479383075
0.3220364457631709
0.3238296820985914
0.3193211168579584
0.30954378061084253
0.3370789609771867
0.3173148042152151
0.3092400354132985
0.33863917698897683
0.32697604092416954
0.3518948901197321
0.3242243317857689
0.3262401892110449
0.34543765174636054
0.3117581988456534
0.32285071543755806
0.3358322192185401
0.33511752595189137
0.3299006407416998
0.3304256674126794
0.3256333063246494
0.2880466359180498
0.3030706881586851
0.33680027128263224
0.3155716074964481
0.30930251596148894
0.34634728528009084
0.31593749511507074
0.37704911902544125
0.31852938922859675
0.32853853890462636
0.30728906238430137
0.3198067653737492
0.3421195353042177
0.3743258081159895
0.3298610539703557
0.3775432262689096
0.3219713936858243
0.33590108441174893
0.3383833826839904
0.31403761115450723
0.32394786080597415
0.3382668435152184
0.3380121412046703
0.3157659963565198
0.3167821106068708
0.308725981234408
0.33172969908623207
0.3144992943112496
0.3445937390551791
0.3336803312233311
0.3247342580992689
0.3264802383083931
0.3383018784678584
0.3192318254444065
0.3308235400909557
0.32057638930655596
0.32747081424342894
0.3738615064832589
0.36664378197083636
0.3394681885202981
0.34628945366437813
0.3838075439763057
0.31508452599398384
0.3076815840679466
0.3255481510234494
0.30786721600317013
0.3251239005271995
0.32731306433488017
