1.259829278196996
1.183125039854551
1.1680794024158365
1.268779530847398
1.1907237832861035
1.16603858912824
1.131560045262479
1.2448224110322839
1.1943143562506178
1.1252874233306733
1.2518805290947732
1.2506223542106518
1.1244727347065717
1.095184973932698
1.171108170087791
1.1906873591947957
1.1960943681228646
1.0591205722334731
1.200254831316332
1.2982619108505096
1.1902480316545567
1.2207302874872918
1.3035393907296946
1.2074162339822665
1.1463643998462378
1.2543805463190152
1.2545391406712911
1.2373113946707748
