1.2038898025392373
1.267520251992691
1.2582283329565782
1.2460334774208006
1.265729589209603
1.222224049317974
1.1614298860241912
1.2454388984410487
1.286472417864858
1.2507806693795236
1.2315397835088557
1.2661674598007298
1.218199535314204
1.1996406469007113
1.1678211805972918
1.1132019658366503
1.1684937961118365
1.283153142147791
1.2033258924012327
1.209530058336828
1.1882790192272186
1.2804646247253069
1.21340192545409
1.222241226666594
1.178640699243795
1.2331679445887054
1.2520956051545176
1.1538331725004298
1.1542102253045954
1.1326114896535662
1.3282544639405764
1.1638411830910849
1.3098861206913448
1.2025114149383394
1.2335669690325275
1.219604874343161
1.1467138886199095
1.2378337923093248
1.1622615126130005
1.2101559458035673
1.322605406174573
1.2673982282420582
1.3270824611311047
1.2210393368427375
1.2244984007817625
1.2194304472248843
1.2617871896257133
1.220336954013792
1.2117417193265159
1.1383513930067812
1.2464379434508492
1.1301489053992786
1.1513646115976508
1.2803943462820622
1.2434493809236264
1.2307927893682153
1.2028779609707718
1.0390833618560609
1.2142164539017062
1.3019050135983898
1.176253005553232
1.1210218444699351
1.123760332113881
1.2701667975368722
1.2336120090695657
1.2125363885181675
1.1439421278014537
1.2684138293721472
1.1802614514309309
1.2060121022727242
1.2386372333363396
1.1526506369904372
1.2084555394026917
1.2902351938799812
1.3099627695282985
1.2452058426273118
1.1857904091044305
1.157632442356456
1.2367307146127247
1.265980459849996
1.211302192046522
1.1894813952033345
1.3160444203360782
1.1952075165046963
1.2614603390091996
1.2802026700530187
1.1747541488331232
1.1607780171361535
1.2111005532358252
1.2536675443404366
1.2385991457336907
1.195741321925536
1.169781213946998
1.2167752206100226
1.2072447038710385
1.1945192487737182
1.1838954700328093
1.2494732139705076
1.2478577117501208
1.1909159901640582
1.1898477068103794
1.2270804911214783
1.2382162281245854
1.3140715174570485
1.1464115331742435
1.265270625817549
1.2087181254382358
1.293635432695691
1.2551173810073648
1.2377156775013614
1.1840704616156668
1.2377793794500522
1.236978328307317
1.3099788750224612
1.1470218603086355
1.1933329348694484
1.0992179041721175
1.1125744219453078
1.4201767658743634
1.2990856373379869
1.2028031578126843
1.2707147985191427
1.2059500305046569
1.11609826375098
1.2106554483550347
1.1086824174087933
1.1752629013713083
1.321474844459856
1.191978454495552
1.2294041278534658
1.2324474308921844
1.2410442108550126
1.2434380641483813
1.2348636346358703
1.188834691257275
1.301543060851488
1.2994709224343555
1.302545387576275
1.1766981469457163
1.2425497601946065
1.2448211541597958
1.2746390213186694
1.2163263557459447
1.2258313068114386
1.2023673947851832
1.2221551477009833
1.218173351991151
1.0604241139509392
1.2336366631004105
1.289115618546001
1.2455391657218824
1.2307161197081813
1.232224292035807
1.238165770976726
1.1417992444478808
1.190543908332054
1.1553391939678126
1.2432947054923507
1.0660367620457594
1.215879085148738
1.304797742886103
1.2568206252321399
1.1262983406635245
1.1391598233512559
1.2431257568379759
1.201916782167072
1.0980437523614914
1.2703686468124393
1.2063048476946887
1.148277150010963
1.3042542777439392
1.1941996908578787
1.1213254913454351
1.1964780225571399
1.2585937149809543
1.2916813448258224
1.1921833604829193
1.242943591247304
1.2657226452791648
1.2660473800075296
1.1330863245093827
1.2251391019244025
1.2045904488260517
1.2210961583271303
1.0869151628118383
1.3014227304674464
1.2451306762649024
1.2216126778499197
1.1489250664871704
1.2173052130887891
1.19529177398871
1.1728933116181215
1.1558046713412997
1.2067219654176895
1.1330356017853975
1.1680491247652758
1.3116491118501177
1.2346696721502421
1.3172761447350076
1.110204137537958
1.1721493557633098
1.2504619527581555
1.2768819472632882
1.3235496637667095
1.2639237644488608
1.1984810480735446
1.2202667245049723
