0.8552847742974967
0.8515298321868597
0.8921354067309684
0.8965342535771519
0.8755167275502916
0.8733715262248142
0.8313423603723356
0.9180352794091119
0.9006844129372206
0.9076285773689166
0.9447662009967407
0.8794129272573405
0.8902410611540091
0.8962810549189355
0.8782445070337828
0.894185788095051
0.8876279685185184
0.8908966426022062
0.8464815962536026
0.8784811123290149
0.9122403465229796
0.920354841087174
0.819462662939058
0.8367185753492199
0.8959567242033704
0.8811331474235722
0.9163059634771558
0.841858998186636
0.8764567268294408
0.8926756586911149
0.9359073004230796
0.9026720929714356
0.8970320167082291
0.836371155596554
0.8438240247241856
0.8916751087467949
0.9128357895169152
0.8755066617540227
0.8916488059954516
0.8862004478231229
0.8498435684045438
0.9026134686711804
0.9396801164534472
0.9056656429043913
0.921469291612872
0.9176910580911602
0.8998615906525276
0.9175391304774364
0.9110727304416361
0.8855960405988184
0.9155558812202984
0.8838009022767987
0.8715768936062174
0.9084874149954645
0.8425264415421719
0.9189401318768019
0.8995315021022703
0.9250178430862723
0.8916751055948193
0.9109016652548464
0.8957357931642389
0.9039432626095698
0.889362619480226
0.8327428878992104
0.89927469461471
0.8831501677780411
0.9442107104499811
0.8919626020426079
0.8349483997339067
0.8229142937768843
0.9097826261580276
0.8733953681198142
0.8958517229051182
0.9176889233468373
0.8873388877643458
0.8334648034941099
0.9085505357941248
0.8998501422237795
0.931024144476588
0.9180847308138691
0.9106573275943013
0.9170075459258185
0.905014834081209
0.8913398915579624
0.8943612548265877
0.871063207090654
0.8991212845615248
0.8822015930863415
0.8527742014705803
0.9180689058752891
0.9101732591461286
0.9048678787894006
0.8757756290396487
0.8895371414344654
0.8880089767714373
0.9219894492226963
0.9001425084320975
0.9260459106136714
0.9423205180888766
0.9005794510953238
0.949955010329885
0.9022461838348397
0.914090794022674
0.9073823131239297
0.9132613421028679
0.8927011266538584
0.8947762926597891
0.8766897921988601
0.9215986596431666
0.8442390100562887
0.8926874305226101
0.8874442525091039
0.8939356688202212
0.883575003202103
0.8846063131564375
0.9118299012816409
0.8672446275173615
0.8870273540071979
0.8946175862736842
0.8833661702035037
0.8959947282257278
0.847227872751982
0.9420592905582545
0.9526385365846111
0.9102915617370089
0.9067389273353398
0.905639788734749
0.9039656089709079
0.8888456237040769
0.8602249519184038
0.8958917122434574
0.8298076901318057
0.8988012412662805
0.9060219941017196
0.9413159233383365
0.8818093722704987
0.8932311249864255
0.9106113480701383
0.9000043317157198
0.8872017837304361
0.8815460067544362
0.8783970967402862
0.863211536567339
0.9123384825356009
0.9101616891672676
0.8853032745238179
0.9074742339787676
0.9018389823803612
0.8995355814748697
0.9112099020324219
0.8953891551874132
0.8859851878340093
0.898948102857432
0.881552549590812
0.8484300997328247
0.8853974527969997
0.8918190780698471
0.8878545341519883
0.8965099386922827
0.8948278565259874
0.8963337963918278
0.8524630437799653
0.8941142061201722
0.9373012216884591
0.8867527085380109
0.9055271140751588
0.835784152675916
0.8698729358530616
0.8479476247615235
0.8648411100451947
0.9226255875735796
0.9303687607290292
0.858500683636266
0.8419544448689292
0.8420197947103825
0.8974889671224242
0.9230232172921389
0.8934699343982313
0.8876657660042094
0.8873647080925313
0.8626183397261553
0.8376024175649429
0.8934461145812094
0.9342149988305901
0.910278329146969
0.8904698093511588
0.8859216606812379
0.8988187100828924
0.9077064843701853
0.8890180030030456
0.8928471920573515
0.8985131565864023
0.9030674477949773
0.8859951757350959
0.8295907399572101
0.8973638129738731
0.9187786915548682
0.9234353635278576
0.8928815502792845
0.8620423233269745
0.8834613392222183
0.8859851149615178
0.83251627546674
0.9025359043434771
0.8513762916590206
0.8920779126526676
0.9321345302938902
0.9276694382920045
0.9084344047451351
0.8545173749221131
0.8981782034520657
0.8956915755746946
0.8411284422561285
0.8986609427916692
0.8713720342829239
0.8884322280303651
0.8340818897320552
0.8407312827829623
0.9025304366805089
0.9157548253997222
0.9031903371464134
0.8946094916221321
0.8973585400593964
0.8940596090261136
0.8993861049831678
0.9054334547478733
0.9338727641875402
0.8883386657429712
0.9019096084006307
0.8447206512105226
0.8970039001964146
0.9707051864316218
0.8647187153772256
0.896426756675365
0.9067474905756436
0.9269879370758862
0.892535295058587
0.8379462647660575
0.8366735140558832
0.913138603690361
0.9019009532847033
0.8951258909228763
0.9078986870931887
