0.828455981027938
0.7464506518878224
0.8354323397974216
0.8298782859516586
0.8889776302203818
0.8845582550730939
0.8962819391591513
0.7661411132939533
0.8290871377677903
0.8319917848549823
0.870658708468782
0.8829773052202025
0.890689704338502
0.8879760652149906
0.8323483856299174
0.8355105124913563
0.8209407679824561
0.8833475226229037
0.8296965480988642
0.8254364594520723
0.8323320285133688
0.8170271321061817
0.8216815128855336
0.8952300939696355
0.8844209315205189
0.8168198028557149
0.8257559847061684
0.877252432368183
0.880930349158019
0.8145624074767228
0.8309342085302778
0.8578272900569612
0.8729419404045881
0.8345447774700903
0.7578426294855612
0.7612360351825866
0.8228573885699831
0.90033035472402
0.8823092349386146
0.8116184692540575
0.7520358503095836
0.8216321442069333
0.83352981411428
0.912241077366611
0.8896488242548175
0.8297084128289851
0.8396397706279121
0.8778977273421523
0.8943196533863056
0.7596563766421025
0.8284656336280602
0.8294372138933287
0.8126300383957471
0.8847303965745935
0.885790569230766
0.8293462447536286
0.8171747433736574
0.8860461261238806
0.9030791724024755
0.8881672244103929
0.8361571355797206
0.7582764354497975
0.8719536410152321
0.8799474664247593
0.7519354329695705
0.7618581386559259
0.768156274186143
0.8264431807850605
0.9070535118797741
0.8645990214814964
0.8515555190303112
0.8857832466040205
0.8326566723723641
0.8224631847162571
0.82426052705864
0.8892619572717495
0.8694675690582284
0.8503186410247954
0.8366285375578169
0.8293755652574774
0.8810571824774598
0.8367536092959151
0.8486217184689215
0.8298551454472394
0.8326637173512796
0.8929583176149347
0.8170273156256065
0.8798741148495111
0.8311732114344587
0.8288817904065975
0.8438498314657141
0.8758221116902136
0.9091915551206463
0.882988246985864
0.8563723088901897
0.8572905869829563
0.8872092295455136
0.8367241833996847
0.8236590921120417
0.8949709107537647
0.8391607804407037
0.7702139745095962
0.7682741954956025
0.834536146215721
0.8529280542949417
0.8914093324200649
0.8928562992570024
0.883023316853086
0.8087265048311153
0.8750444350379789
0.8298189599423726
0.8205892766292912
0.8741129731459625
0.8916249202237404
0.8626247106201801
0.8213457441490227
0.8280222457797902
0.8398133428599596
0.8869403107400966
0.8519843401056557
0.8907635712992742
0.8254340416828124
0.8272678631395394
0.8342884155096841
0.840030043728037
0.8920671107652322
0.8391844288912729
0.8485138816526456
0.8263291163043446
0.8931325323486541
0.8818054243667374
0.8196715519211398
0.8571426037813841
0.826221582165497
0.8744854931229907
0.8839198197966759
0.7546605527683217
0.7729683037121956
0.8711850131578915
0.8906754516141364
0.8517405193932455
0.8830073844338222
0.8125925569222878
0.8797151955382787
0.8277120529838884
0.8551412299041115
0.8195507041332644
0.8194219388662629
0.873861682020847
0.8919708668302249
0.8440182897563577
0.8804179556570038
0.8295837332026853
0.8612865029851912
0.8901466708083525
0.8469782936342707
0.7477566775215918
0.8180570323886305
0.8282982052039845
0.8716541182949328
0.88615865909901
0.8159945792874391
0.8851509078079887
0.8324063545766209
0.820882435320625
0.8793869252599099
0.8979115609579891
0.8878489135759022
0.8499067666038898
0.845458756182513
0.9028027268908208
0.8873978011691829
0.8283892853265751
0.8785475477573139
0.7624032437705184
0.8282723754947023
0.8172491591985668
0.8937534661324544
0.8763846419377023
0.8730596299007978
0.8248528510690465
0.7763138047879606
0.760035350656324
0.8315691036840471
0.8369659065869011
0.8688244903726896
0.760233304491225
0.8899829725241328
0.8435912586471571
0.8382760709672383
0.8847506372917167
0.8898090479116059
0.8326108131687142
0.8136470512408074
0.8632712878597102
0.8271797754002048
0.8852788562929089
0.7484287911256896
0.8353838880801449
0.8319438014886327
0.8456635214670738
0.8747203734362856
0.8685581763549708
0.8277655004473778
0.8696060685577315
0.8880202138576809
0.7561131398039106
0.8585220512819972
0.8258539474235149
0.7667949497077018
0.9060232000187695
0.8838915370780287
0.8421195279674467
0.7570406024003518
0.7595204643997291
0.8319513978625733
0.8076713962071047
0.8200940750144405
0.8886275035615779
0.8863618527551702
0.8733996595324662
0.7589258881065619
0.8176744819487232
0.8285643209803821
0.8800728689494454
0.8871935825914946
0.8891573739695138
0.8249024989783516
0.8400070644428616
0.8638639524541624
0.8217451630883849
0.8602315141800729
0.7554694210563098
0.8559274207030023
0.8976341610199079
0.8900807471401477
0.855392953207719
0.8807927339537605
0.8214778844846418
0.7677915592490234
0.8656921941532317
0.8824585677238931
0.8225000756492795
