0.9090542796130051
0.9292724223084112
0.9554321277908423
0.9615839691410162
0.9505109984624707
0.9265258421070346
0.8795038935881508
0.9768579399908068
0.9552189495395648
0.9868617821933791
0.9807279757073687
0.9363450735485002
0.9576725846309251
0.9689749084243385
0.9527874895577327
0.9832436098376335
0.9594416813187125
0.954631096443276
0.9155230589109253
0.9854258968442433
0.9589620515724224
1.0060314708325602
0.8911881358664802
0.896370789079405
0.9534436410884226
0.9552960826485799
0.974280207643575
0.8916781864753972
0.9681673615089699
0.9680248415918691
1.00872485586329
0.9568596276310123
0.9682280837314988
0.8928873765904295
0.905171319781927
0.9405161700262965
0.9502730744601806
0.9562430710123273
0.9538241043395866
0.9433912574376874
0.9150290581188416
0.9974608599054055
0.9763945492172272
0.9673288315684762
0.9616607181764105
0.9702080900082392
0.9520215656954486
0.9720893936332174
0.9536100105081342
0.9407849534358799
0.9764265522642753
0.9394425607296709
0.9916270031169468
0.96478033477408
0.9428480216788363
1.016408383087013
1.0092896523044168
0.9907515742167909
0.9338945096421648
0.9472294162438039
0.973386353947325
0.9650563686471094
0.948779568724307
0.9070124335700863
0.9693063965735012
0.9677372773937798
0.9655677804179702
0.9420816441914833
0.9448223279006658
0.8813743615597462
0.985065905456363
0.9509180969560856
0.9651744854000848
0.9702953165156771
0.9411205635843343
0.903938714987076
0.9838112109877142
0.9773298634238231
0.9740434229651189
1.0080666524240536
0.9583903782751924
0.9690414842836355
0.9618477143165874
0.9524836062460635
0.9590223723788333
0.9464265308361655
0.9602811034456428
0.9544721165147816
0.9473558769613784
0.9679781175230019
1.0039039642575098
0.9502842832632656
0.9566108144336934
0.943831182269462
0.9672423862263371
0.9543353023817625
0.9512308926703017
0.9998527321332977
0.9751600842454511
0.9565661458770118
0.9742073353207102
0.9750444059598965
1.0025274145533394
0.9546028254897763
0.9703187452281282
0.9445700088178839
0.967173754000427
0.903773012513486
0.965556672298474
0.9144867108151643
0.9552577551175092
0.9455760865994551
0.9635236555257201
0.9607474541935282
0.9607113575728877
0.9475239567374457
0.9657540005442263
0.955692184775838
0.9779915597861163
0.9501418825274751
0.9562648074238034
0.8949314183548784
0.9740425058742238
0.9926558798898962
0.9748472395618839
0.9736481221788696
1.0003257720646703
0.9524433509078367
0.9197071822042446
0.9231448535928453
0.9619008653591605
0.899583294263784
0.9562096820563428
1.0115389435830373
1.0195930161524673
0.9398444284644754
0.9555158014571821
0.9605612453347263
0.9442282653418802
0.9480588504901776
0.9496336029860485
0.9095969816443997
0.9503272065110508
0.958116899512332
0.9623593009477824
0.9737985756187605
0.9656739030030717
0.9509027331747357
0.9367945652800078
0.9650985578850071
0.9515365406453503
0.9434677536741484
0.9495149318551371
0.9530319889532921
0.8906373022802145
0.9632285369861503
0.9547276088137777
0.9548418987915058
0.9534975365231211
0.960347225592972
1.0016465563977741
0.9463899057785525
0.9547656163549979
0.9963260776738543
0.9722728038578745
0.9763291883775448
0.9009763359479346
0.8989161346386054
0.9064487908561794
0.9184299520343673
0.9577896886169954
0.9579378406056218
0.919625473400917
0.9005983102692722
0.9137216684702583
0.9719708674743435
0.9651463570693036
0.9663663148754522
0.9581955871542813
0.9452082286907635
0.8998024293970186
0.8963955710399969
0.9403971500756624
0.9505522599302767
0.9748410822407442
0.916521512384958
0.9516369465798918
0.95901648625732
0.9419777357945135
0.9271641860238065
0.9592441481869964
0.9470503999899067
0.9448845833700348
0.945374193113982
0.9016986715698574
0.9819691639233881
0.9745013271602121
0.9656827485198178
0.9515503499688477
0.9116086676251681
0.9899948715950279
0.9499454607860929
0.886717238335435
0.9607638050793735
0.9020575034069638
0.9775560771626235
0.9403900607263301
0.9840782722176726
0.968004143596435
0.947997888669787
0.9494503224275335
0.9566767018890672
0.8911143581043348
0.9290937962085307
0.9533050155667901
0.9484205068016983
0.8968637222862172
0.9013941134362469
0.9690640707076823
0.9742209513266052
0.9534907454737318
0.959479028525169
0.955344737168239
0.9500329764111384
0.9638641152987915
0.951733798274472
0.9658638756839207
0.9450871652658246
0.9677825685118038
0.8867698455422819
0.9597271631188796
1.010313365985939
0.9063078016553097
0.9613598400100339
0.9320271802318407
0.9696544708435901
0.984086508138795
0.9051054622699416
0.907418288628904
0.9683072244700242
0.9613985834104107
0.9610203376229498
0.9654985846764921
