0.5390546542119865
0.4725879405527666
0.453630517029017
0.5829743175279392
0.47541057383353613
0.5217395308269676
0.4501522622355075
0.5497640865172926
0.6075484672723394
0.4575272167526152
0.5694255723224388
0.4495359901917145
0.4831120775083794
0.42048106917079325
0.45123752218550744
0.45703754802249036
0.48970892047949327
0.35401310893624083
0.5889744474779482
0.5074231513568387
0.4700180065456129
0.5334854289444713
0.6240181139356591
0.5919222859303186
0.5024568826048585
0.5667463546156841
0.5218723197381259
0.5325689271383073
