0.8890434452146001
0.783223112668956
0.862465825442492
0.8590062635106019
0.7755676301995017
0.7602270709688457
0.7261224948728544
0.774878374833562
0.6640402274186032
0.9048673377770065
0.7176641670914459
0.7430860112521771
0.6651503071704982
0.6961308406265068
0.9335613308495411
0.8565647556036794
0.9966152469097432
0.7630333406263643
1.0033406905384228
0.8983878655853976
0.9369336750748622
0.7717259128153134
0.8176717334619398
0.7889931678138274
0.8448671995941177
0.8834105499289632
0.681593593709064
0.909123194919742
0.8773269758738237
0.7049386023665118
0.8352907659043225
0.9402070632267681
0.9738606738556084
0.8907864367218883
0.7988959662693419
0.9372880448371878
0.8504138771993804
0.7777832920325274
0.8801913010492017
0.8919525652499922
0.7482741469856202
0.6847823178096739
0.9567320906907479
0.727460230468623
1.0996120010576869
0.8299028428947307
0.8509262339853256
0.9330312833035168
1.0021021758680204
0.7814568838849836
0.8409092472600561
0.7601809146788785
0.6561435167646303
0.9285465301396616
0.8719348644886764
0.7537823191449912
0.7631877969561761
0.7279121200185497
0.8563036982048541
0.8531919143835852
0.820660031622906
0.9442679954661848
0.6585442766705378
0.8252933480952134
0.8496540004045174
0.7849946477467762
0.7820549733356015
0.7837628207016689
0.7999280822763927
0.7498294457911654
0.7763977641541794
0.7795137296650119
0.919603132538968
0.8166905924472847
0.913303962902017
0.924880736405693
0.7663126674580627
0.8268553421575628
0.876847581804693
0.9072129221273855
0.9083572867075144
0.8296730474113235
0.9280014655031275
0.8390519902211446
0.8044757860618408
0.9763644188759373
0.7607091051367791
0.75802715783111
0.9006822752176397
0.8073941581417032
0.8325512894724847
0.9095763659597383
0.7707473573426709
0.748858743270816
0.6707881476516804
0.8027271427906575
0.9609206659776784
0.9185545251253717
0.7869208489561281
0.7341455019710094
0.816689963032764
0.9177260150240424
0.9205418002956902
0.8426511078487295
0.8348234518473775
0.7632099472109987
0.7445898636284141
0.655862731306437
0.7700396691164302
0.7995298889609245
0.6545432750611675
0.8343277770379245
0.6846977114969474
0.6914355365149342
1.0041672194603222
0.947759011161311
0.7480076652260683
0.8901249003677849
1.0396373384696176
1.1156816486277978
0.7983347271225005
0.8824834258579072
0.814534938596323
0.9285686774831255
0.7593025042081261
0.826586393965409
0.8137535360614254
0.9317062233598765
0.8296899931793631
0.958500428580496
0.697819796177122
1.0170500213386635
0.8170589289629141
0.8708109760771919
0.8486128394804557
1.2003860233667765
0.9934539856602338
0.7134821143262517
0.7937524556469712
0.7783353150767409
0.9877716651978556
0.9009697052702307
0.8052105431914545
0.8028581635459879
0.8764518950842792
0.9951482469678483
0.665379758752631
0.7360338875622414
0.9410576288775765
0.7215362330697717
0.9418921594790889
0.8278675600398224
0.7856525134026262
0.9282927389558268
0.8114327373771201
0.7459158400326406
0.7017401995467647
0.8444108743108291
0.7908459581140272
0.7358001959173153
0.8335110108787698
0.7365660277036474
0.8534478463221356
0.8137230410728831
0.9446270491177104
0.7395156984159252
0.8317890213891086
0.8038309234599198
0.7891303040300413
0.8596782421944316
0.7637370950636708
0.7945085215129397
0.9837180324038255
0.9571585058795086
0.9374221298668564
0.8451520046641733
0.7555167962831917
0.8209413726654903
0.8891456319265433
1.013074165618114
0.9064696720582534
0.8154345322846582
0.8659641431159224
0.9200962642163315
0.9158785699407672
0.6521602748840896
0.6815336862124108
0.9090167377522584
0.9006237510183267
0.9713800345917716
0.6775652591981284
0.6807614738136154
0.8327808863007639
0.8966596745290786
0.8476930974068789
0.9823021866846258
0.6892181468680123
0.882585062772469
0.800292467408704
0.7942818847324347
0.9008060997496684
0.7168490799789993
0.855119640760955
0.8684819772313979
0.7943088778318258
0.7350384207553433
0.7217666652114952
0.6826446397840511
0.8338683908796859
1.0547419200778692
0.78056194647498
0.8581388323262394
0.8741287804454172
0.7523634942699668
1.0132785002195683
0.8288108653162551
0.9977969604166614
0.9305704735344431
0.88451324375836
0.9086648051422284
0.7422845116645262
0.7551774558555229
0.7421871597446228
0.8096885881778034
0.7798938603684297
1.0642732059965556
0.8098592330720206
0.856702384652983
0.762610966662117
0.8335470438029031
0.7595760082323247
0.8346249557492197
0.7413830038825227
0.643722700469802
0.701614464523042
0.7626339109658634
0.8286819571411698
0.9338118267724502
0.8482689697342536
0.8003585214759785
0.882057837821277
0.8781886618979111
0.7920469260843097
0.7421152710667129
0.8343310096090223
0.8929324035561161
0.6864004787317481
0.9167246822844437
0.8196594459588921
0.8095183440703944
0.6450701741265333
0.937877883122837
0.8733181528525663
0.6092937372946426
0.8138626214304769
0.7482798007469615
0.7216938667883193
0.8084022879952257
0.8490774811551489
0.8996731815579075
0.7764933040051858
0.7157357295500433
0.7870537225180256
0.8607022417609528
0.7356036082479425
0.7807711597474981
0.7932409178582158
0.7923711525199186
0.7398688266665636
0.8244484007693962
0.7432283667303299
0.98018517695124
0.8070904133589147
0.8453892719497822
0.8477951775876199
0.8766446109053138
1.049295082734216
0.7818072814960808
0.7921692555642492
0.8519301560182146
0.6639883852893403
0.9036690760715257
0.9507107311632954
0.9932350580431732
0.8120848026204575
0.7972715651710223
0.7530738315302359
0.6999581771962962
0.6336216360390534
0.8711233920396135
0.8766872472994486
1.0336399532279281
0.9126528749933311
0.7297011113602418
0.7288520494032047
0.6835383190420299
