1.0521782246945959
0.9761429658566114
1.0215259640768077
0.9955427268983963
0.9973650767240043
0.9377073844023802
0.8942065004354566
1.0058929635132692
1.036018423410939
1.036601760217279
0.9374452400532441
0.9427744116616483
1.0154357930376974
0.9958417731412854
1.0468921364149735
0.9799163971249151
0.9400173753281932
0.9863034668315727
0.9013656253537959
1.0550544046051311
0.9460538398564211
1.0362994535174135
0.947645484534515
0.9993088505988645
0.953846270703708
1.0294463744933897
1.0916267869557184
0.9256364811458926
0.9878283561517265
0.8610297344975266
0.9509959143357234
0.9454264093023745
1.0955431779575144
1.0950954485547642
0.9770188114505982
1.0261801911176134
0.9369660842173984
1.1004579932294745
0.9441810323799625
0.9847583059458658
1.016320965972384
0.953870846586068
0.983708469119266
1.0046699109532884
1.0582922462011533
0.9805361770244576
1.0952582048617039
1.0556125567998806
1.0063031097957678
0.8397570736829122
0.9753433959750495
0.9739325690902356
1.0051884636883766
0.9266559063662448
1.127847508838127
0.9852906188548507
0.9859715371868352
0.9133217493520995
0.9127909906747368
1.1171508933878065
0.9151891965887907
1.0136925187422245
0.9697605630830912
0.9503254440308804
0.8723915631637333
0.9821384428853499
0.9685591810529268
1.045874346358348
0.9547905697355634
1.0027559054387432
1.0408591706471706
0.9795943926209236
1.0613794063122277
0.9877393033593629
1.0129409772142377
1.0112625214507918
0.9292848332534476
1.071696596537503
0.9002100464124164
1.0861345771698052
0.887313173415191
1.0328871079249935
0.9154782830002701
1.0268673450694583
1.0734049065925766
0.9248209967411057
1.0199568351991521
0.9010757640721048
0.9647134001856106
0.9258920339319585
1.0289185813185755
0.9697954769835051
1.0491891666500546
0.9054020087474663
1.0232637296811773
0.992826467774083
0.9335623948622733
0.916581159185589
0.9887166638807605
1.0096168862577504
1.0450472165614817
1.008962809108824
1.008712155394433
1.0503039672384058
0.9227466552356871
0.9675750504437237
0.9628647715070598
1.0158357923929917
1.0418328331784994
1.0967113466172407
0.8372211313381428
1.0016292518460856
1.0473919354301096
1.016987104315245
1.0966684062981136
1.0792230857678207
0.9561160253769297
0.9082376519995353
1.0070746716859174
0.9755664376699505
1.0347682057691325
0.988821628983312
0.9881489662140921
0.9540440544340086
0.9469532936376268
1.023777203158465
0.8829023581934213
1.1154784897313113
0.9211901968295974
0.9830803368492171
1.0126167005587234
0.9239961648970041
1.0195716925737812
0.9242079576924038
1.0418825649856216
1.057167843469636
1.1244242270678348
1.0125847304607625
1.0059122725770335
1.0273188299999925
0.9761281288176326
1.125495881308244
0.9556750768443576
0.9621377675114249
0.9293344173704835
0.9489935278401173
0.9065400313254579
0.8978908261234437
0.9956127684481426
1.0310771394276002
0.902003430295754
1.1230587636876959
0.9090094446308754
0.8552255225614644
0.9313787694119644
0.8535450457665168
0.8889110195299406
0.9749303703847616
0.8459880998261893
0.9289701436286442
1.0054223467061996
0.9689691653407746
0.9643302662096573
0.8952709173337272
1.000966546539968
1.0245265865283262
1.0424498210255744
0.9080608712363338
0.9660533569095757
0.9632466034827127
0.966233625487324
0.9282079109410224
0.8483593951501811
1.0679324466256581
0.9728319024591345
1.0778263527716323
1.055173697692378
0.882800153931528
0.9260425396005774
0.8626103047993453
1.0426026028000328
0.9947489478272932
1.0068139653382877
0.9764824198408681
0.9464263734151518
1.0300164745163527
0.8925363018839023
1.0175572761062432
0.9605758878503319
0.9028463655435026
0.9511608764196124
0.9310997428173906
1.0487405133212981
0.9263325777733414
0.8582058015075625
0.9630264565369079
1.0400701876736451
1.0167299904979943
1.0024099863500129
0.8269682076212628
0.9429975179622327
1.0362171291233961
0.9915123753806077
1.0524117248937186
0.9592703814802976
0.9630319512781078
0.9530415268983021
