0.6256211482146593
0.646946611321565
0.6636489765903388
0.6736024995939508
0.6859735354190315
0.6224803904755161
0.6772016510461385
0.637493025571101
0.7085179262589847
0.6265821017089275
0.6365035455641939
0.6646257267975183
0.6322933445060944
0.6589675181246013
0.7075719441724415
0.6548253738428761
0.6716698886297942
0.665725076524171
0.7290100084089699
0.6466269229774497
0.704058769586043
0.6448599196828477
0.6339738650759437
0.6501697806850508
0.6629399287534881
0.7049929867932153
0.6432664490757193
0.6654515397616123
0.6099924733939801
0.7514812112840936
0.620979738827689
0.6686175951729021
0.6290898513900873
0.6333365648463174
0.6681479850828246
0.6610043554348437
0.6441248755120018
0.7416684457878311
0.613445627764904
0.6763640159345331
0.7331136401446594
0.6560299489009968
0.6329124270573729
0.663272593249234
0.62800184904456
0.6598070444925741
0.6586382217379312
0.6560596402763059
0.6238824264389655
0.6355965587540959
0.6403776368373753
0.7168134844270728
0.7254273125710359
0.7585304587057148
0.6773829796882149
0.6160071692647702
0.6680620056262034
0.6666211047275024
0.6689659670855975
0.6582096757515927
0.617500326670507
0.6904058861423596
0.6743890103028464
0.5838889142635424
0.5999928662204596
0.7272879102252912
0.6568598603577669
0.7455738508669805
0.6896521587603504
0.6731303183587295
0.7037086784024911
0.6220291566218402
0.6792626454095585
0.6809113938227634
0.6554349393146587
0.748329331351602
0.6172445668646094
0.6492044576245695
0.6679720100302493
0.678793885769921
0.6559670356108367
0.6772770403416479
0.6548362304744146
0.6400463209376857
0.6675242079596378
0.6403731662133669
0.7409175572909222
0.6215388890189655
0.740853753875298
0.6470636113373232
0.6776536255660524
0.6893019808492826
0.666156101474144
0.6682785574605699
0.6239606937666428
0.6735923706050275
0.7040675580236762
0.6598358665976638
0.6557697268637384
0.6284117998747791
0.6694754802635086
0.7392779639176006
0.671696429507771
0.6691022849173911
0.7000252199291599
0.7130926080668412
0.6420398372743159
0.677179015845901
0.6850378498961804
0.6331993344590251
0.6178835239314184
0.6665898704908124
0.6764133629154193
0.6386598926072578
0.6360053970203747
0.6969971150691363
0.6931252650518227
0.6640509176655109
0.6593831577657394
0.6448993577351626
0.6539897733451224
0.6451839295561752
0.6649362569198085
0.6330488109368801
0.6630020909444956
0.6471507552329261
0.6628032257452772
0.7031787021040198
0.6567529395843762
0.620330092483371
0.6476704094366612
0.6312704399675494
0.6187993503691283
0.7543467124444705
0.6994736116712964
0.611215682443019
0.6418552240246912
0.643070483727073
0.6207633008254017
0.6665310762997445
0.6402220837497374
0.7446132341473366
0.6842733703667095
0.6475638048497268
0.6917677427033465
0.6737756954904282
0.6462726198015474
0.7257350311415616
0.6316532060679805
0.6454684834412495
0.6335369299999482
0.6283871122508917
0.6686850634600325
0.670980742382282
0.6929949387000637
0.6499006844217807
0.6356033116993861
0.7335982718245988
0.6294804349043968
0.6706483418026155
0.6568610360895355
0.6703641180042339
0.7036999770624457
0.6715233844286138
0.6512885511598904
0.6396932545991807
0.6593225026879473
0.657220747284401
0.6280686436362525
0.6707471799875155
0.7044493493489934
0.665265777051679
0.6205562560962439
0.646382321792223
0.6395957172424745
0.6915473663205659
0.6610702368494323
0.6487152004636003
0.712023942609513
0.637778470937669
0.6217648937072922
0.6168511440756876
0.65090559836307
0.6008619966657568
0.6674178915253384
0.644362689531794
0.6284546198496992
0.6213765898546015
0.6246544618137
0.6578538046468665
0.6686541727396127
0.6057699013824012
0.6905196232626044
0.6292294464162262
0.6903507343736726
0.7277428923966507
0.6493040928920686
0.6577601192099676
0.6782056399321941
0.7372938314794203
0.6754869703695925
0.6199843482798055
0.6865883223781819
0.6611924000728707
0.5854377273386338
0.6406564139345037
0.6410957752882986
0.7431702592857309
0.6668668875222281
0.651106261557536
0.6673970084292611
0.6569575190604109
0.6193244894532396
0.6313929246591118
0.6266120275119217
0.6745005351571001
0.6658726528992202
0.6373286101410717
0.6466000828819556
0.6482564826449966
0.6279365146898823
0.7340699577092242
0.6852189800281034
0.6555265238144267
0.6631827982081356
0.6406963895381101
0.6727703311910468
0.6139287543483399
0.6691016394249729
0.6650249409330893
0.6627958272086556
0.6222421840884175
0.632648771685555
0.6829484429159152
0.6884074779425542
0.673760853766737
0.6137160971799148
0.7053172994922099
0.6389116855837156
0.6743292682216913
0.6742584964469367
0.6158562785230047
0.68088490628412
