0.9904903610014091
0.9298631803231603
0.9502533840901581
0.987228293545339
0.9587955891372153
0.8892513392515694
1.0510952002461884
1.0317872526034773
1.0360184124229825
0.9656743220429378
0.9672021357627587
0.9637784277529706
0.8976909728584515
0.9705257882349019
0.9129543572084404
0.9528689332931262
0.9840728743575955
0.784456344752794
0.995939794950933
1.048670145245375
1.0411176219019553
0.8941569403231753
0.9353515115982829
0.8726190151858852
0.9410760922092113
0.8989229815269901
1.0056875198419934
0.9741035617366889
