1.0169614092036092
1.0322669002226261
0.9182057418761914
0.8653880525732126
1.017097492941918
1.0992222565490204
0.9017299148052018
1.0649682918023138
1.0084009213058769
1.0646813311469074
1.0313389154169827
1.0129653917205648
1.0366956699810144
1.040150722244438
1.0289754472373707
1.1233243766758694
1.0366965739120118
1.0427544731638252
1.0742724670625816
1.0620283749679893
0.8882950775839265
1.08025366165871
1.0340399951772974
1.1198642754171184
1.1079373234588585
1.1156481940263252
1.1047463959129407
1.1936485037919438
1.1270434574669483
1.08740294817357
1.1096559849507432
1.1661037449105325
1.1107182739181942
1.4550934018555033
1.2645308970618607
1.1132142506201141
1.2437098179489066
1.2323984343243886
1.10405744032744
1.2121445701185571
1.1037257734978818
1.121714882312476
1.1565961612652162
1.0312104321057092
1.1732927771969384
1.0253159084408874
1.0347838103291882
0.9319976978720312
0.9381386811491188
1.1035785660671515
0.9806364029028461
1.044677403185097
1.0142079099195678
1.0803738930250073
1.0472225964650486
0.9173395652641343
1.0213859887107903
1.0363172824509668
1.03964773900396
1.1111034635191985
1.042310965033078
1.0283742054003249
1.0532784683393974
1.0335140118729917
1.0718635387853612
0.8873900979331456
1.086391237125515
1.0300784386616995
1.1201377112145547
1.106974575825394
1.1190057559267748
1.120549504020783
1.2053529208902098
1.1194238602827096
1.098200235630458
1.1037550554326618
1.161223609073537
1.109342151065908
1.4356680128322554
1.2677359231204992
1.1111451939990502
1.2458723891714398
1.2644408001907026
1.0963346586644491
1.2364848221466
1.1081555721000107
1.0450888860853094
1.1574751590441086
1.0916905058755113
1.1730328425666867
0.992191867045287
0.9196630279268692
1.018490352739052
1.0506953493431495
0.9713084999541985
1.0440281443478148
1.0084823987451985
1.053403586318372
1.0377740857165076
0.9780821543414628
1.0225256575179602
1.0377038389940698
1.030416515444259
1.0320224245503906
1.1240749699173198
1.0536572297671618
1.0504652575424835
1.0832970237707955
1.0581491409500026
0.8896355393720875
1.0695515358327798
1.1081158086140996
1.1233454893863228
1.1042547574363717
1.2681382159845205
1.1011183752206557
1.1099601818327633
1.159820349315737
1.1054638124262728
1.4468472612765533
1.2603638087964257
1.1169324953556465
1.2530994278443264
1.2246104479392212
1.1050039329154286
1.2142942815531204
1.1035122335744247
1.1248619088090834
1.1592432793846097
1.0282945892726667
1.17345433961011
1.0769091994347686
1.1038431819270693
1.0094307263798232
1.0291224259032266
1.1234084258370076
1.081834645750619
1.0431478533432925
1.0901428429267992
0.9661945829998447
1.049466707498491
1.0695499938438904
1.0777082365593138
1.136003154545473
1.0822093655377236
1.074077342985129
1.0956429655823672
1.0570860505185746
1.0968545290629288
0.9175977614890909
1.0960165896272562
1.1212578441410668
1.132759005872516
1.1488164840245578
1.1561276644357124
1.1513052682757525
1.1518406669017618
1.165088229305018
1.133204302108121
1.1878630980488973
1.142966213094631
1.337922802748147
1.1947143906859394
1.2362377291764226
1.292750923458826
1.1260980183839382
1.2503893795977856
1.1281693381142395
1.2094398500313133
1.1860186886485848
1.1001783340669258
1.2179093750005165
1.0460807883697967
1.0610854572076016
1.0223545929868312
0.9550133025878706
1.101364969929569
1.1674908432904318
1.0712297579176024
1.0887063528572016
1.0545914084241659
1.1116149699307245
1.0610705045050797
0.9646248253560785
1.0536148994591912
1.1366695602852332
1.0888293888951728
1.1440927498556657
1.1058868913431026
1.1202989081908823
1.0686755119571176
1.0933736388597262
0.9558406103882056
1.1250611156370904
1.1162075828095255
1.1341702000712506
1.1640273011954962
1.295685943081361
1.1549507864826585
1.1442685796994618
1.124718872958301
1.1880820355809656
1.1418759293449607
1.4622714487566748
1.2976691419460926
1.1493586910776725
1.2630254092836353
1.2986898277669312
1.114714380871314
1.2900435201400142
1.1284579833359372
1.1445037549467134
1.1805992364389997
1.115437679715344
1.2167194279445914
1.1030870822077363
1.014510776203844
1.02879815122213
1.0479107156231462
1.1009517569835663
1.0589181781818156
1.054232212350744
1.1053719795325214
1.0766103923812436
0.9738844084353248
1.0441259008920378
1.0749295975292097
1.1151070420606106
1.0783229003604484
1.138244524979802
1.1020073838162396
1.0919379787046257
0.9761202940712798
1.1403330338268387
1.1561940023936537
1.1462067681857033
1.1405625905051515
1.2991189885409473
1.1585610198973904
1.1524131468570147
1.1303120396381996
1.200506135419722
1.1405066576396095
1.47452235881915
1.342261766817229
1.1913273016728996
1.237666928591774
1.289131097903586
1.1228246357156748
1.295646275117624
1.1313567791836443
1.2216050538760228
1.181298676705416
1.0977238817961812
1.2300047731731876
1.0332413453595262
0.964969232944749
1.0862828102334563
1.1630295767148853
1.0018093518880102
1.0912255564056639
1.0795472760357283
1.1125757783000192
1.0473966500165706
0.9566794846398248
1.0594126631039151
1.0449271251975698
1.1279822768452723
1.1079072321602341
1.142599177440625
1.09400460341763
1.0622228946434575
1.0987522187161793
0.9725665688352108
1.1176242645145038
1.117719993034006
1.1418316795439873
1.1684361582188572
1.1515911590472894
1.1662118171576517
1.3064689434235817
1.1658713064240758
1.1427642143120693
1.1275342662088457
1.1912245359383964
1.1462254491107573
1.5244305635183246
1.3425436257944865
1.1614708978663617
1.2719361377981415
1.3001354434768966
1.2880600351812301
1.135835161724628
1.2100171147566223
1.1871528115584153
1.11984222310327
