0.8666094278793672
0.759026098309156
0.7951952565110922
0.8117881394123881
0.7151469798526298
0.6338361137817349
0.7686654165904635
0.8047824999007526
0.787487585461085
0.7923204704276746
0.7381715364893433
0.6987404792226906
0.760238083671536
0.7581891667498838
0.7636596008479509
0.677336872941781
0.8342606205654937
0.6647049559889762
0.7529421303724166
0.8829922494870273
0.6716294968017333
0.7059418863727212
0.7261724527845471
0.7514622290798573
0.7554454977531448
0.6456441714266229
0.8386324279280023
0.8321093693618541
