1.1247595986675982
0.9982779222276226
1.0453213757805493
1.0606893451035337
0.9433954480520036
0.8649395131933563
1.0294515823624655
1.0621254207226356
1.0196812150141072
1.0734858428902894
0.9864470603102328
0.9223125018058126
1.010730985800303
1.0071929347866169
0.9900047708147733
0.9182099955681875
1.085264654000848
0.8890567346816023
1.0002200434362278
1.158250747441269
1.05997294622582
0.8917386438939823
0.973671274785119
1.0029997764664524
0.992320351353694
0.880360393626122
1.102878041156389
1.127146253105078
0.9762013557803435
0.9446604010246973
1.2047676128667661
1.1193396753848757
0.9936256346396544
1.0460039689501284
1.0607583251923542
0.9381210655215741
0.8634349695924878
1.0171830918039906
1.0557762371756918
1.0509253386774737
0.9404027982061764
1.0158819464113797
1.0103622418748115
0.9912520219819934
0.9147479048833715
1.0909257848325762
0.8891059241312445
0.9953261245133653
1.1548486691421764
1.0591215427421155
0.9009064872295528
0.9232328314910361
0.9737656402602708
0.9995314241950664
1.012232797332468
0.8610802634217687
1.0854251605986929
1.1043218253369804
1.1249231010978653
0.9619157870619764
0.9488573449023273
1.2065960527817714
1.108047479501523
0.9875493686991978
1.0471873458240668
1.0606909633841213
0.9331623404320145
0.8607144382235634
1.0209680184044492
1.0448597712947765
1.0323764959825006
1.0615196361806905
0.9824283964464149
0.915295511850567
1.0149643171487661
1.0097635425106894
0.989286073836011
0.9093316969711946
1.0867601880386375
0.889423456850684
0.9916062143086459
1.1545489714814274
1.0632657884007375
0.8895256542405596
0.9164642343175371
0.9752066749788834
0.9999440831907296
1.1021508444638595
1.1259396558233017
0.9703442630714608
0.9459401625282243
1.2034920358559031
1.1404045944789942
1.0329853360872048
1.0883183999351838
1.1195037378440214
0.8892360643860361
1.0487497145371791
1.077545475984015
1.0927128162884812
1.0782153811517832
0.9608895021610024
1.0416214646664355
1.053300334347784
1.0358884381597453
0.9489857505310174
1.1125465499033378
0.9099959237373884
1.0547128484327093
1.1753331978378299
1.0853283118908945
0.92321248918372
0.9657309229273315
1.051590161076038
1.0331984570903632
0.8974288456768248
1.1064118666211602
1.1745550433105227
0.970627385129242
1.2026614583919102
1.1365229843851044
1.0245157368452127
1.0888282070916238
1.0996160203309595
0.884908661786612
1.0414402706199968
1.0840469054381352
1.0894363015137525
1.083179303887413
1.0129526621007399
0.9554478019078236
1.0365385572831984
1.047740090369783
1.0386196940149244
0.9408495723144235
1.0918511843155696
0.9111800063833984
1.0534261638563003
1.178463534890887
1.0841165373029216
0.9269772018047306
0.9739989288061393
1.0013870288758526
1.046741846985583
1.0322299436459643
0.8961532398131226
1.110260653071039
1.1179799062339784
1.178776993195253
0.972221550553288
0.9725898205207744
1.0416126713468246
1.118612857764342
0.9842253060122186
0.8876031534959017
1.0487354791512944
1.0981637459276874
1.1085158756084923
1.0205182967310107
0.958374649561567
1.0500319948985508
1.058982949062179
1.030518185023165
0.964199223349923
1.117947256477608
1.1850905624364914
1.101603349280648
0.9284690020979076
0.9772985439945299
1.0140520826806223
1.0578473841975042
1.0404879268653313
0.9077232741710196
1.111047082810599
0.9819187429576681
0.9829998505823387
1.1813085142464659
1.1582421428934087
1.0322710020807782
1.0955080608959915
1.1192040552887395
0.9827728759833256
0.8915677428037804
1.0425283669885645
1.086380519282303
1.1093550340451386
1.0783625944421305
1.0265619249218094
1.0433290878926025
1.0498161422883143
1.0180813847536754
0.9532379003513648
1.0913241031393404
0.917195315150326
1.0601464772331033
1.209858876872309
1.0946272633267593
0.9807264862980345
1.007743663460757
1.0527050188935139
1.037779627583879
0.8960578457436854
1.1234451563851358
1.1228171213530347
1.1881263725168716
0.9802481025886857
0.9832998802212528
