0.3169025730001021
0.3053877153701373
0.29615552866170625
0.3058643695344807
0.33263492825549573
0.3375335874094794
0.32338965756498916
0.3013255930040704
0.3284227144787687
0.29195068606275143
0.2982021757611772
0.3001653433525043
0.3353755818442155
0.29750752639849165
0.3067196807964195
0.2932815804663534
0.30572596899373417
0.301766389409751
0.3093126048232007
0.29804123676899036
0.2766037351798062
0.3363568162728111
0.2862916605031161
0.2914349975335436
0.3007528296071283
0.2941634189399672
0.3174031321177627
0.2722279061378857
0.3773401793717748
0.295456457938822
0.3041358100712694
0.301374427094156
0.3154969336445785
0.30205028327353195
0.36578191776470514
0.3003656104214693
0.2726239634600451
0.2874087483235399
0.3088426295778218
0.3301806893775344
0.3123061293123782
0.36405500237894994
0.3258134648926222
0.3220518198908138
0.32885193387641076
0.3150797326162579
0.3146535346677116
0.29566147087466926
0.2970661891126115
0.31268605630465696
0.270726606023968
0.31058684367884243
0.29988164367593273
0.310719189784137
0.27957801414464056
0.3172868161027105
0.3092541388484983
0.36637949767934447
0.3064519283996011
0.3069124896837126
0.30136856716133587
0.2966939981955994
0.3032986318758879
0.27113181224911986
0.32043139801512505
0.2948361649765483
0.2977912131861998
0.3201074330670625
0.3705113629947258
0.2751590615628362
0.3042572138024645
0.3191607041070229
0.3052384597445363
0.30885102872318954
0.3166303319395653
0.28726707073243735
0.36917049923025175
0.3103222307777276
0.3022676053183613
0.31078256289548806
0.33242375297873605
0.3207555641212227
0.3004882182048649
0.27801508831683447
0.3301335309047996
0.30693659674019336
0.30720420133660337
0.312460739517486
0.32367235270525846
0.3117194211485138
0.28301939911021523
0.294023639900413
0.3739142164249835
0.31524495085367527
0.37523724166659245
0.3117728153098985
0.37131445596616114
0.306998597241499
0.2847987044921657
0.324121589356043
0.3250211021800532
0.321264535318552
0.3203616829953552
0.312969741720159
0.36652480831314366
0.3447310697678849
0.344773858204088
0.3130559503424301
0.272403833793895
0.2860271725110163
0.2830153773113229
0.2870223776004595
0.337640562064076
0.2598032285387347
0.3158661865337426
0.28626362637919095
0.2994685833458948
0.31329029239235845
0.31190311259276776
0.36453958942128606
0.3409767677956174
0.29922839681209024
0.307873588917058
0.3068039463740456
0.3209226728105028
0.30419302285586874
0.34200281149304895
0.3067911063629439
0.31917862397898894
0.3204832975126622
0.29642489008336564
0.3647192677544598
0.307855669343465
0.3096625473881441
0.3048588950724275
0.31965870416978204
0.29478796165829574
0.3292116723592031
0.3276413699872378
0.3365575907738944
0.32065200759524315
0.2817874675610841
0.3043968630827901
0.2986598176885312
0.32725651829455926
0.32122324495190013
0.3053260432723186
0.28436190348940377
0.2870741134453772
0.3336852353733659
0.346953704432671
0.3023232518745567
0.3173889277021539
0.36717874400178285
0.3028378162619459
0.32744420114324935
0.28903180545352103
0.29126247461779825
0.30232606661522154
0.29337240712489365
0.28013345376963844
0.32944108718983767
0.3022951432509174
0.3069528494288724
0.2940817972586583
0.2824152474522538
0.30313305834250087
0.3157695472156708
0.35968693468546264
0.30427925538760603
0.3540553437113699
0.3605700270344103
0.3545009770487111
0.32885583141178504
0.3124607772029314
0.30363059769898015
0.29907587398000135
0.2983847750254554
0.28175171450632214
0.32904426619339966
0.2954008604947422
0.29442673912301137
0.3254799194639667
0.30903874030114536
0.3324517613331531
0.3049257191127102
0.31598212760118544
0.33000036475139205
0.29156717718988945
0.30586088083657786
0.31322898751392825
0.32655510909260865
0.31253957231154733
0.32118202053855177
0.3064501151164572
0.26048994679724385
0.28124644178858105
0.3196138981464979
0.2940517691974333
0.28801574503051836
0.3314323986171604
0.30346779781064553
0.3619803660888689
0.2918617014452423
0.31878936801039637
0.29492487684286006
0.3077906340852306
0.32865440138452223
0.3633320918547923
0.3127194375541491
0.36391845780264565
0.30413506519484357
0.3145246996564431
0.3328295790821551
0.3028717006497758
0.3065871566845663
0.32152118752080155
0.3141982542305147
0.2949215875554791
0.3042571299810401
0.2859896529846848
0.31442398242866454
0.2920605057053965
0.32857172868887785
0.3174726170841376
0.3133145507011083
0.30919860934504234
0.3303006109509437
0.2997877058121203
0.3071383833819243
0.2989999906808161
0.31333559960644153
0.3645627108719856
0.3558623371981383
0.31733152807018367
0.3311172314844417
0.3768490147014365
0.3019964541588511
0.292957650822497
0.3022676123572533
0.2782855754503607
0.31467842598007545
0.30252661343860165
