1.1133834057935514
1.1937039395968236
1.200263250521149
1.2024759243781782
1.0118389109516097
1.1056220151378886
1.1230144177697103
1.1905802524433193
1.114859021454617
1.1173556526811916
1.1140978838361522
1.1855710389809517
1.1104575014226263
1.1146224896157233
1.1249647432083787
1.2145945953637982
1.1882829620867443
1.1120641107944949
1.1030628029058804
1.1919382044587068
1.189252618291852
1.1916029840244518
1.107516047337703
1.1105715356844565
1.219075308169666
1.223015250615686
1.1081421394942756
1.0170574356477398
1.0089689973724385
1.1145970420576345
1.1144303356129728
1.202076079712805
1.0195851110036673
1.109396498412016
1.121239680628293
1.1908858438645715
1.1902321350267446
1.1152559364106849
1.1198674008745142
1.1881421369764085
1.121047730227853
1.0171960629551708
1.1358413664115667
1.1122861482341533
1.127818461705095
1.2146541222145135
1.188507217437041
1.1150316136349516
1.1920865237498117
1.189575314481182
1.12067468023031
1.111062114227991
1.0173121209781342
1.218130114803226
1.2227374473918002
1.1069652546140396
1.0153182229476403
1.0058322267084767
1.1150280383299427
1.115028862858763
1.193514306526127
1.199485831778488
1.2023240763451808
1.0155599200934944
1.1007458290606245
1.1237994823813107
1.1889222532125683
1.1930468138121688
1.1882407295479092
1.11484637092061
1.1164060645676817
1.1154762574484365
1.1200537074550236
1.0162142316044371
1.1334640057725693
1.2141682796332949
1.188208652147722
1.114050649502348
1.192838885691796
1.1234245133717102
1.0184063366894291
1.2186805689277742
1.2226400984870023
1.1082466453843864
1.1054634269582646
1.0076309614744927
1.1160369038811653
1.1150900559131753
1.1939172882388904
1.1994246890036724
1.2020332091939145
1.014390965686339
1.1012928756593805
1.1243861762420186
1.188595320892135
1.1936357379018725
1.1900789915471066
1.1152512809185415
1.1183530551438317
1.1145482590586056
1.1867654779066563
1.1215810690470596
1.133675791444774
1.112130049313392
1.1250337942376847
1.2146803368041017
1.1882064675372705
1.1127825943068206
1.102628514096459
1.19052596577873
1.1906563115916105
1.112432970533413
1.1117395519438182
1.222754272406603
1.1091969767668428
1.0179446370587317
1.0066822422694497
1.1167135277923268
1.188744788505844
1.2048771618115675
1.0202026881501105
1.1032669429615243
1.127570545363235
1.1975729678494458
1.1906306240289828
1.1177081773232747
1.1219359753485403
1.1922137493788525
1.021185527772436
1.1378846397979923
1.1194301497473764
1.1335231541713562
1.2189140781313366
1.197373123043563
1.1138265855829559
1.1064753661687408
1.1975031946477666
1.195038413472484
1.1980398908427514
1.11573141000071
1.0192695774092586
1.2234012776288996
1.2273164691832377
1.0176736730879246
1.019394047583589
1.01376365809919
1.1906691325442709
1.197878074114192
1.132844504273831
1.2064527822736986
1.1108833758250016
1.1043200608086081
1.1245557256281555
1.1986966836791813
1.1965253215208744
1.121366804542017
1.119093709415159
1.1195412168317644
1.1920517597944522
1.1214760649128555
1.1135307828247334
1.1369937226234779
1.1208317200791773
1.1994774472246035
1.2179611674445119
1.1220700600993827
1.1183573201910493
1.1090160482304816
1.1999761979521946
1.193455870716684
1.1943284572507606
1.118080557766038
1.1172266155738295
1.2217129838115472
1.2263391842474056
1.1148152017857091
1.0169534416458959
1.0112670016603365
1.1180078687141624
1.1214613186812579
1.2010099512364132
1.204060887677057
1.2084343886118514
1.105616738509882
1.1015096403310003
1.1262356127415576
1.191761142605794
1.1970640809879605
1.1901779721196242
1.1208704980015276
1.120243945372897
1.122325939644656
1.1925066264860558
1.1189574553524515
1.1156255261809047
1.1412027678140162
1.1220833333662592
1.1345466369740367
1.21784463823093
1.1252984070618766
1.115072823553756
1.1084366129104202
1.1991649406125897
1.196551348688148
1.1279295274303642
1.1183369521642372
1.223332942679726
1.225160617357595
1.0129107274100628
1.01461685935913
1.187738819035661
1.1891812002476692
1.1992707159835716
1.1318981339323126
1.2079614231991547
1.1126940820179625
1.1040005638261765
1.1228854331679807
1.1220816839940402
1.1989276397647979
1.1963466292268876
1.1256225920330347
1.1195196394673514
1.120572092783449
1.1898286523435326
1.1152253801662253
1.0206378461579457
1.1341533124221552
1.1191719855469113
1.1955476580957412
1.2177090881454
1.1226576548015978
1.1150692547376357
1.1075335260825114
1.1996217313024646
1.1934389669699428
1.1981587436560368
1.114556277904417
1.1171973267300632
1.2214810082474858
1.2248974087954074
1.1153085674960708
1.021740136829157
