0.391142550149392
0.41099064504709965
0.41771961485015024
0.36753131196443245
0.3514440774804955
0.39975117502041757
0.40482782447891813
0.40102137896415685
0.3943305731075957
0.38783460402465236
0.3924999883801266
0.3935739958995142
0.39832702483011284
0.42313609442190886
0.37072705721196025
0.40542192788901404
0.46040167147777544
0.4144308482324992
0.3685149233812699
0.40014553056925495
0.40100239167756335
0.40142253901420794
0.37420452926748327
0.3863588234726501
0.4697723032616076
0.36444320975446615
0.3837975206501703
0.36374304955666426
0.3992388539286574
0.3941799946365356
0.40993365354764016
0.4218705983778718
0.41702880391148817
0.37608889244614796
0.35929441684942215
0.4098659557262768
0.40026218295274285
0.4061141040663042
0.40308688924380404
0.39190531509121856
0.3878697167521828
0.3979400509248517
0.39090214945378804
0.3967046137748252
0.36785212990687627
0.4257976197246611
0.3693236838673907
0.40643583540812817
0.45953164209664604
0.41063521388357666
0.3699958058373477
0.3528608283751329
0.39569291952057306
0.4025834554682073
0.3964174096105565
0.37324204246586734
0.38945824739889745
0.4581071074085332
0.4649602338716962
0.36581471333539706
0.38916245525852716
0.3962802621280529
0.39377585011754107
0.4093722285581033
0.4200804414275803
0.41703097179510806
0.37215657172975997
0.3538482265161489
0.4069984484092605
0.39589364608143296
0.4018841811861559
0.4010567383388194
0.39908528610821226
0.3863929146498982
0.3880705497711306
0.3939566910128977
0.3945268635497712
0.3670897637920794
0.4228232754896695
0.3702965295361457
0.413107167707129
0.37699487456638353
0.3561937829349943
0.39464514766141634
0.400311002073234
0.39691042712038305
0.366973284795985
0.38599416849796886
0.4574238899837506
0.4694724468853355
0.3668505603701688
0.37843548722298875
0.3660105644498948
0.3987937518690956
0.41117269215392493
0.4202383476514128
0.37592644152043914
0.3505822921414631
0.4043854923249986
0.4015509612613615
0.40312737036697915
0.4027536761772691
0.39335224596848833
0.3858201355223901
0.3924548598593031
0.3940314083258035
0.36695546736755885
0.3685231576037011
0.40578901416086455
0.46033145018778987
0.41141507281397793
0.37402696207545927
0.35607750704706775
0.3972475506251503
0.40276873927931595
0.39548081792571116
0.3735818971059387
0.3835708843386635
0.45694593361588254
0.4662385971008413
0.3661735588452088
0.3876986893952769
0.36243545374358316
0.3972097002061904
0.3994779485923166
0.428816657327311
0.4279369687424059
0.38547825950291087
0.3555580688600012
0.4173676350738329
0.4131812655733116
0.4184450450547401
0.4077783723056459
0.4024675250809982
0.4007960490254356
0.4022250347634634
0.4025704882831219
0.39960282860157614
0.375002763394506
0.4370893654939409
0.3838128139118447
0.4274954353232217
0.4660598969397679
0.4150565656300611
0.36386389911501177
0.4148691143667994
0.4080644304799941
0.4093394019139057
0.38633797195929537
0.38727847697504353
0.4714964905964265
0.47804686531781576
0.3727849702534203
0.3837415005177174
0.3806856540634843
0.4061156066263719
0.4023818367385106
0.42128850101931264
0.4319926415984159
0.42799044141357834
0.3743149330439143
0.3565221102135746
0.4066797714340145
0.416430921208564
0.4196687292499357
0.3987612670726185
0.402321291802839
0.39846908979288526
0.40356710550671154
0.3739863478072969
0.385969187584729
0.4090090670974813
0.47021929042767
0.42637157948792315
0.3734261997315669
0.3664156701220174
0.4144798928679317
0.41305616716531085
0.40328993602505175
0.3976191153086137
0.46707662367352215
0.48071873372271534
0.37558322290343404
0.3800714890477128
0.41127121421800217
0.4033347481538471
0.4220027533902253
0.42735969608305696
0.37373468901081736
0.3667486092720664
0.41708456938050353
0.4148178670902657
0.41199063416007614
0.4067520692956499
0.41900698147300386
0.3962109890540725
0.40573360199675085
0.3994236599695411
0.37798495984156927
0.4395249210581639
0.38628275474393975
0.424384178590586
0.46801764148463426
0.4197270303525525
0.37637621638392155
0.3665237526560735
0.40837737384752887
0.4082139093813139
0.4101238830068458
0.3818778369958393
0.378598732131041
0.4689697883913437
0.47382376645279073
0.3688647170103004
0.393244718329313
0.406989379453735
0.40227156061757696
0.4241728679078997
0.42643382187488066
0.37882617525856604
0.3580726207982721
0.4061128538376079
0.4209950449527059
0.40525030628113257
0.42968415613184874
0.3973388821014437
0.3949650452218642
0.4038563847218729
0.3888793365328047
0.3725395091236807
0.42580434979354725
0.3905090297709614
0.4046145324734554
0.42799501117340977
0.37086031392412605
0.35769663192378937
0.41160559215845205
0.3864081136279794
0.46213707133338905
0.4726108788125064
0.3726043309491947
0.4032985243650049
0.3934887659626288
