0.3543131304575145
0.31056244384826953
0.3394247018336919
0.3473491951783795
0.34896166916326704
0.33971768228496396
0.3722766387727188
0.37720105571566415
0.3448356685838035
0.35719493126928575
0.32798196336891794
0.3300741684369688
0.3346391173995719
0.3675934203534627
0.32590794858033384
0.33466790524120765
0.32448967499999093
0.3422522021917393
0.3455295968382588
0.32297244853008983
0.34835381834431145
0.33163387099629427
0.3103629238581265
0.37310864856534376
0.31282410967120894
0.3206192695336645
0.34497240629461434
0.32516240716315015
0.34808415922596486
0.3031122374162069
0.3422812335596997
0.4239595828785782
0.3230599023268616
0.3450809159600445
0.33463630355019347
0.34029320495555754
0.3366482119433741
0.4110284370796519
0.33652358900680107
0.31137207824912433
0.3223684924746563
0.3398507053670111
0.37716213609272065
0.41803989562564653
0.3703411974259798
0.3557662232333943
0.36872108306301443
0.35463723577559686
0.34671845255184974
0.35369391496826363
0.33768038055878646
0.3421515962567246
0.2914062569618856
0.3512127932584172
0.32448967499999054
0.3412310518825025
0.31019017165601126
0.34070197291540666
0.4188487569840113
0.3316286301847109
0.3396418011211591
0.33613439816144064
0.31844810888651076
0.3373794662804297
0.2977652895802575
0.35284706125877985
0.32448967499999154
0.346529265536717
0.40727613137964624
0.311408564364369
0.3366649873140798
0.33736905242612675
0.35130138082922485
0.3358773437180866
0.34356718091160654
0.3477041008524565
0.3158160063927539
0.41759419194120573
0.3454092573967739
0.33045584999999045
0.3460454505408424
0.36739401515577325
0.3462160375368804
0.33798799578652466
0.306401292694428
0.36676259660167
0.32356657665395444
0.34440868553548704
0.35111240681347394
0.3639386076797087
0.35407637776045386
0.3271649909029965
0.4223304095919914
0.35068683945681656
0.4253808130957512
0.4175552981344915
0.3453729975616721
0.3563350301636192
0.31423279891087563
0.36482878035728544
0.3585368911857196
0.3596098159924033
0.3607011786514622
0.3500476029320591
0.4071246653257027
0.3760047982543046
0.3751816343882382
0.3533842913932484
0.29870925998986697
0.33207203556291826
0.3220680902451867
0.3093405375975741
0.316272174747166
0.37995078857425113
0.29126638248848785
0.3097757365482378
0.3310101775084243
0.35307883299362885
0.3554326731036189
0.41814746959399984
0.38135119292226494
0.3383197860875859
0.34698382110211706
0.33428858374017595
0.3644340380150112
0.3477045922167623
0.3591962769316915
0.3817608320965501
0.33093371037411246
0.3552876287108116
0.3463217991188412
0.3234057033419129
0.40104009035349025
0.3389813505187558
0.3367973149230917
0.35102967219985326
0.3453710683841524
0.35561936708189495
0.32448967499999093
0.3674699937546864
0.3778419050204343
0.34630443941357986
0.3109208308532314
0.3450584904212427
0.33611111884777256
0.36293620524530595
0.3404277926872647
0.30923618491190275
0.30923316019637603
0.37022519742175225
0.38308606469314505
0.32942313749994134
0.35576441347084575
0.40722480513243503
0.33787542335902115
0.36794729280996974
0.3209190503918709
0.322705054033657
0.34505131674352385
0.3374674119441201
0.35551231595611227
0.31325553684969054
0.36510752672901153
0.3364624265056654
0.3381516360650387
0.3268938351039535
0.34010274677264196
0.3424402832630559
0.40005852724312935
0.4110950587087246
0.4001009365120963
0.36730855660237766
0.3446410216437039
0.33570751312398167
0.33690598053870874
0.34247002897629913
0.31035937272457464
0.3706391899486298
0.3358081683628702
0.33776120076622146
0.35579295504761566
0.34890307352995453
0.3450083370682669
0.3515510957030149
0.36878355643456284
0.3196987942459285
0.33948827627211636
0.3469784851096428
0.36513437134917237
0.34661594114078303
0.35424580599372607
0.36026614710556065
0.3421296118976195
0.2914592719389082
0.3112303189601886
0.3558619094120254
0.33738165525994024
0.3139253221738486
0.3687325297562568
0.34605399980742646
0.40827847936390277
0.32350182189568194
0.31603992396946085
0.35964020907041033
0.32728099030470914
0.358293884898961
0.3294800008130886
0.42304631759561007
0.35062035840349043
0.3498311433306462
0.4111017645368713
0.355893203438779
0.38013845820833314
0.33796203494970134
0.34327747809182085
0.33717642816965204
0.291363267739761
0.3421425153906162
0.3621556225412392
0.35540263908838315
0.3268675438092438
0.33978107194113244
0.3136709580013383
0.35397820948712466
0.3375627542991066
0.3705485331894415
0.35558676458928584
0.34015348317009797
0.36714297003111385
0.4263993505014891
0.3309567828043037
0.3450551893014711
0.33445361980310134
0.41491033215356876
0.4001351642247131
0.36872978504497145
0.4248116285931546
0.3451694640888837
0.32783423425626335
0.35902057263115855
0.31304511751803754
0.35162521114620837
0.336752046373795
