1.2458679676055908
1.2300379276275635
1.1334233283996582
1.7508020401000977
1.2110240459442139
1.2869503498077393
1.492177963256836
1.3432753086090088
1.3836631774902344
1.3986244201660156
1.4551646709442139
1.2433743476867676
1.1508171558380127
1.268484115600586
1.5472297668457031
2.0341882705688477
1.209902048110962
1.4649019241333008
1.3782007694244385
1.6103768348693848
1.4468066692352295
1.7313587665557861
1.2168068885803223
1.2905995845794678
1.9154319763183594
1.7540919780731201
1.5031852722167969
1.611621379852295
1.2976305484771729
1.5673253536224365
1.5633957386016846
1.6719956398010254
1.1500580310821533
1.4789071083068848
1.4113616943359375
1.2996776103973389
1.4348573684692383
1.3539457321166992
1.4349265098571777
1.5207233428955078
1.4019813537597656
1.2723159790039062
1.3744869232177734
1.4562177658081055
1.4994308948516846
2.4057047367095947
1.6353108882904053
1.4562745094299316
1.5938849449157715
1.4919519424438477
1.278522253036499
1.1374790668487549
1.061131477355957
1.3560354709625244
1.861278772354126
1.7403347492218018
1.4053566455841064
1.4718499183654785
1.7010118961334229
2.719057321548462
1.5818617343902588
2.1993296146392822
1.6551885604858398
1.7810537815093994
1.8094303607940674
2.5416202545166016
2.6728134155273438
1.921184778213501
2.0772173404693604
1.531327247619629
2.6424195766448975
2.3700151443481445
2.739799737930298
1.8526079654693604
2.6508522033691406
2.2199783325195312
2.829545497894287
1.9447855949401855
2.1980795860290527
2.046298027038574
2.7070672512054443
1.497009038925171
2.3610663414001465
2.194570779800415
1.6328253746032715
1.6408603191375732
2.6091017723083496
2.0767557621002197
2.6835176944732666
2.330488681793213
2.287675142288208
3.085693836212158
2.70825457572937
2.1915996074676514
1.3703441619873047
2.219555139541626
1.5115432739257812
1.978567361831665
1.465235948562622
1.6943354606628418
1.6958625316619873
1.3603167533874512
1.5826656818389893
1.5135829448699951
1.4711697101593018
1.833430528640747
1.5936236381530762
1.1986525058746338
1.682929515838623
2.2345144748687744
1.9771058559417725
1.8140745162963867
1.9112300872802734
2.129734754562378
1.435389518737793
1.7793686389923096
1.7053253650665283
1.8195483684539795
1.6458451747894287
1.489927053451538
1.5397861003875732
2.0709409713745117
1.5717988014221191
2.061115264892578
1.154456615447998
1.7625775337219238
1.3613033294677734
1.6628072261810303
1.9000911712646484
1.923509120941162
1.671966791152954
1.9748599529266357
1.2281293869018555
1.840590476989746
2.364943027496338
2.002673625946045
2.0038886070251465
3.35588002204895
2.309723377227783
2.7314958572387695
1.4510679244995117
2.5030362606048584
1.8190231323242188
1.7380659580230713
1.7303357124328613
2.3289544582366943
1.5653584003448486
2.7475409507751465
1.8707637786865234
2.171656608581543
1.4856171607971191
2.032058000564575
1.3983302116394043
1.8552582263946533
1.3175029754638672
1.8117151260375977
1.5967350006103516
2.171757698059082
1.3216257095336914
1.8523566722869873
1.1568386554718018
1.460005283355713
1.3029208183288574
1.7275230884552002
1.1013891696929932
1.8042902946472168
1.4514317512512207
1.4727210998535156
1.6886110305786133
1.5222086906433105
1.5702013969421387
1.5623643398284912
1.5577917098999023
1.5766551494598389
1.4271652698516846
1.148993730545044
1.5068039894104004
1.3313610553741455
1.3961267471313477
1.5567383766174316
1.4234962463378906
1.2077670097351074
1.165689468383789
1.3504219055175781
1.1110804080963135
1.7420716285705566
1.5579450130462646
1.7073705196380615
1.4850778579711914
1.6359779834747314
1.347949743270874
1.8056120872497559
1.4173424243927002
1.8103618621826172
1.854095220565796
1.507666826248169
1.1654627323150635
1.7275724411010742
1.315161943435669
1.8309857845306396
1.7810719013214111
1.8139078617095947
1.7142925262451172
1.7411465644836426
1.4852559566497803
1.9011039733886719
1.6010417938232422
1.6137611865997314
1.2690768241882324
1.3686623573303223
1.1782798767089844
1.1896169185638428
1.1046645641326904
1.3095247745513916
1.4513835906982422
1.596963882446289
1.3651599884033203
1.161351203918457
1.3267974853515625
1.4979114532470703
1.0135045051574707
1.239786148071289
1.3550188541412354
1.3930079936981201
1.292039394378662
1.2403571605682373
1.2874279022216797
1.4398484230041504
1.2934799194335938
1.2814035415649414
1.453852891921997
1.423288106918335
1.5278370380401611
1.2065167427062988
1.3943021297454834
1.2323474884033203
1.3317911624908447
1.5746681690216064
1.2537693977355957
1.2031567096710205
1.0034778118133545
1.3499085903167725
1.417466640472412
1.2621240615844727
1.4489891529083252
1.232323169708252
1.4883320331573486
1.246671438217163
1.597630262374878
1.270237684249878
1.2646090984344482
1.034109115600586
1.4064769744873047
1.2174134254455566
1.4577043056488037
0.9722080230712891
1.4312162399291992
1.1536121368408203
1.4505774974822998
1.0313429832458496
1.321835994720459
1.0732340812683105
1.150761365890503
1.4487614631652832
1.495267391204834
1.2137012481689453
1.654076099395752
1.0636789798736572
1.1757659912109375
1.4189589023590088
1.2759625911712646
1.168670654296875
1.0445005893707275
0.9415383338928223
1.4689850807189941
1.284158706665039
1.2224419116973877
1.3966195583343506
1.2220685482025146
1.049130916595459
1.291504144668579
0.8911705017089844
1.2970044612884521
1.0637736320495605
1.058652639389038
1.0512793064117432
1.3997161388397217
1.2791225910186768
1.33005952835083
0.9503157138824463
1.2733325958251953
1.5357332229614258
1.708831548690796
1.4301857948303223
1.520944356918335
1.0790858268737793
1.2246594429016113
1.2488126754760742
0.9688150882720947
1.210200309753418
1.2735774517059326
1.0747592449188232
1.4041736125946045
1.2820262908935547
1.267381191253662
1.2821753025054932
1.435786485671997
1.0597565174102783
1.3496952056884766
1.517484426498413
1.2372612953186035
1.2287611961364746
1.7699878215789795
1.124333143234253
1.3291349411010742
1.2473440170288086
1.060804843902588
1.1682541370391846
1.2946348190307617
1.5308210849761963
1.5575487613677979
1.302448034286499
1.6012609004974365
1.2076215744018555
1.4550838470458984
1.4060029983520508
1.1484196186065674
1.1288259029388428
1.2571918964385986
1.0531704425811768
1.1518921852111816
1.285914421081543
1.374711275100708
1.21858549118042
1.7422361373901367
1.3150575160980225
1.870790719985962
1.3249056339263916
1.285107135772705
1.90850830078125
1.086348533630371
1.580777883529663
1.1322615146636963
1.64559006690979
1.1968281269073486
1.355149507522583
1.429713487625122
1.6818699836730957
1.3913257122039795
1.6002748012542725
1.4188451766967773
1.6810524463653564
1.4552278518676758
1.3660287857055664
1.2948687076568604
1.4278106689453125
1.1392536163330078
1.3866164684295654
1.2913305759429932
1.4886963367462158
1.3738815784454346
1.203160285949707
1.2555055618286133
1.590970516204834
1.4908697605133057
1.2301228046417236
1.4023857116699219
1.2506144046783447
1.367098093032837
1.3095667362213135
1.3513686656951904
1.3092684745788574
1.3632166385650635
1.2693653106689453
1.7207422256469727
1.3041837215423584
1.3512556552886963
1.4941599369049072
1.3907403945922852
1.3739473819732666
1.3098418712615967
1.5203611850738525
1.3758299350738525
1.276010513305664
1.2676339149475098
1.240583896636963
1.405888557434082
1.3897478580474854
1.5010533332824707
1.347501277923584
1.373945713043213
1.2440507411956787
1.306175947189331
1.2912085056304932
1.3813085556030273
1.2151353359222412
1.3584489822387695
2.1426639556884766
1.4346609115600586
1.3198895454406738
1.5351166725158691
1.4743742942810059
1.3982574939727783
1.4026553630828857
1.3612430095672607
1.224797248840332
1.3450117111206055
1.2640447616577148
1.6694796085357666
1.1146838665008545
1.3118488788604736
1.2022764682769775
2.0819272994995117
1.2705626487731934
1.3022303581237793
1.2446532249450684
1.1682281494140625
1.2649524211883545
1.250058889389038
1.250931739807129
1.436025857925415
1.3005878925323486
1.2163667678833008
1.1068503856658936
1.5071475505828857
1.323580026626587
1.2966818809509277
1.3299298286437988
1.4173812866210938
1.253507375717163
1.291583776473999
1.1615722179412842
1.4150705337524414
1.2832810878753662
1.202646017074585
1.2586126327514648
1.3363361358642578
1.2956297397613525
1.3027865886688232
1.419748306274414
1.3845319747924805
1.418074607849121
1.3190290927886963
1.314417839050293
1.377302646636963
1.3167202472686768
1.4517009258270264
1.2736032009124756
1.6550238132476807
1.228604793548584
1.4113578796386719
1.212695837020874
1.438753604888916
1.2710821628570557
1.2678046226501465
1.0357270240783691
1.256850242614746
1.2398667335510254
1.3314495086669922
1.141158103942871
1.2129361629486084
1.2457056045532227
1.3137102127075195
1.1354718208312988
1.5391993522644043
1.1109342575073242
1.2152273654937744
1.252873182296753
1.272087812423706
1.2274296283721924
1.2978456020355225
1.2702455520629883
1.433903455734253
1.2374448776245117
1.3310317993164062
1.4544453620910645
1.3027138710021973
1.251032829284668
1.2924888134002686
1.2214343547821045
1.3971076011657715
1.2170140743255615
1.1366369724273682
1.232236623764038
1.4459514617919922
1.4262878894805908
1.3646864891052246
1.2368197441101074
1.3267853260040283
1.311516523361206
1.2785966396331787
1.2483060359954834
1.2693102359771729
1.168278694152832
1.2685160636901855
1.2154171466827393
1.4320073127746582
1.2058923244476318
1.310328483581543
1.4653856754302979
1.0666842460632324
1.2469253540039062
1.1867685317993164
1.3147354125976562
1.3232364654541016
1.2605154514312744
1.3406801223754883
1.2449443340301514
1.3429481983184814
1.2591636180877686
2.1728692054748535
1.2341182231903076
1.293238878250122
1.4391214847564697
1.2205607891082764
1.296473741531372
2.0864953994750977
2.140580415725708
1.4131782054901123
1.22939133644104
1.252655029296875
1.4485344886779785
1.1609995365142822
1.2941534519195557
1.2513487339019775
1.3069708347320557
1.4041948318481445
1.438688039779663
1.113037109375
1.3981947898864746
1.3616583347320557
1.2722032070159912
1.2278807163238525
1.4350852966308594
1.2936217784881592
1.4383602142333984
1.1223392486572266
1.1080889701843262
1.2043240070343018
1.2269258499145508
1.3982038497924805
1.1769626140594482
1.3971672058105469
1.2532813549041748
1.2403512001037598
1.293405532836914
1.18880295753479
1.1147093772888184
1.419771671295166
1.3539342880249023
1.2529304027557373
1.1844439506530762
1.2872428894042969
1.189568281173706
1.1955363750457764
1.4471170902252197
1.1989591121673584
1.2682502269744873
1.3702378273010254
1.2845823764801025
1.2432196140289307
1.0886242389678955
2.1115543842315674
1.2545146942138672
1.2608675956726074
1.2158997058868408
1.2933239936828613
1.348360538482666
1.2656221389770508
1.2033958435058594
1.222426176071167
1.305420160293579
1.4805841445922852
1.3374075889587402
1.2439062595367432
1.3304777145385742
1.2488317489624023
1.315133810043335
1.2242474555969238
1.2489073276519775
1.3740510940551758
1.3158130645751953
1.1510069370269775
1.2795042991638184
1.2132091522216797
1.2908759117126465
1.2105886936187744
1.2838022708892822
1.129500389099121
1.6004488468170166
1.2516448497772217
1.2120757102966309
1.3842792510986328
1.1534452438354492
1.1954762935638428
0.9961433410644531
1.3050365447998047
1.2585277557373047
1.4438762664794922
1.2757742404937744
1.2520160675048828
1.199568271636963
1.2230160236358643
1.247554063796997
1.371596097946167
1.292701005935669
1.1384432315826416
1.1400573253631592
1.1794588565826416
0.9828712940216064
1.286341905593872
1.268779993057251
1.330458641052246
1.2215800285339355
1.911512851715088
1.2431292533874512
1.2594101428985596
1.2459840774536133
1.3134386539459229
1.235044002532959
1.246304988861084
1.1260957717895508
1.484804630279541
1.0811631679534912
1.2267673015594482
1.2325713634490967
1.1687917709350586
1.4733951091766357
1.287050724029541
1.391479730606079
1.279489517211914
1.207906723022461
1.1779983043670654
1.8334062099456787
1.3102807998657227
1.3002159595489502
1.2981207370758057
1.277261734008789
1.312166452407837
1.1097452640533447
1.104628562927246
1.2263092994689941
1.2681152820587158
1.0047187805175781
1.0567266941070557
1.2490859031677246
1.2538769245147705
1.1222810745239258
1.2415683269500732
1.391885757446289
1.3934004306793213
1.2644872665405273
1.267026424407959
1.319955587387085
1.1873342990875244
1.3807671070098877
1.1730766296386719
1.4771733283996582
1.1990234851837158
1.2780656814575195
1.2180945873260498
1.2623240947723389
1.2445812225341797
1.0975542068481445
1.2369451522827148
0.9880425930023193
1.2571134567260742
1.2867891788482666
1.2552757263183594
1.3008451461791992
1.6334271430969238
1.2652678489685059
1.2862136363983154
1.3380141258239746
1.2448508739471436
1.646665334701538
1.234236240386963
1.2593388557434082
1.6327760219573975
1.3567490577697754
1.2842178344726562
1.3968689441680908
1.4483420848846436
1.1500287055969238
1.017993688583374
1.1915886402130127
1.1428143978118896
1.301403522491455
1.2223761081695557
1.207054853439331
1.1828017234802246
1.2011756896972656
1.1700050830841064
1.225106954574585
1.2352607250213623
1.4581995010375977
1.1673622131347656
1.234682321548462
1.2437589168548584
1.277613639831543
1.2960846424102783
1.3031151294708252
1.2368006706237793
1.4268720149993896
1.3724822998046875
1.1586265563964844
1.309300422668457
1.3262052536010742
1.394463062286377
1.9370388984680176
1.2355444431304932
1.2804858684539795
1.1503024101257324
1.382847785949707
1.2951874732971191
1.291022777557373
1.8786098957061768
1.1218321323394775
1.2156903743743896
1.4691481590270996
1.2827837467193604
1.376387119293213
1.1992156505584717
1.1413369178771973
1.2825267314910889
1.2313332557678223
1.3643124103546143
1.2566380500793457
1.1517794132232666
1.342515230178833
1.0779860019683838
1.2653167247772217
1.1510989665985107
1.2527785301208496
1.2675459384918213
1.4694030284881592
1.1184022426605225
1.3168878555297852
1.456561803817749
1.2198498249053955
1.2414166927337646
1.3101093769073486
1.210878849029541
1.288679838180542
1.1999821662902832
1.2947499752044678
1.269826889038086
1.2441742420196533
1.870206356048584
1.2974116802215576
1.1897785663604736
1.4096074104309082
1.1594884395599365
1.1469414234161377
1.924285650253296
1.5674593448638916
1.706223487854004
1.443943738937378
1.2469727993011475
1.2416532039642334
1.3608167171478271
1.2986207008361816
1.1656558513641357
1.2457711696624756
1.1706762313842773
1.1741304397583008
1.2689144611358643
1.308830738067627
1.354438066482544
1.2528901100158691
1.1885449886322021
1.2605342864990234
1.2412288188934326
1.395230770111084
0.9793200492858887
1.1353795528411865
1.2465972900390625
1.185149908065796
1.3656611442565918
1.2480847835540771
1.5015547275543213
1.4472954273223877
1.2214581966400146
1.1395823955535889
1.1281898021697998
1.2631919384002686
1.2868893146514893
1.2157518863677979
1.3386235237121582
1.2850956916809082
1.147634506225586
1.2037608623504639
1.0624942779541016
1.2034804821014404
1.2439141273498535
1.5158405303955078
1.2244327068328857
1.2745699882507324
1.2280910015106201
1.471513032913208
1.252934217453003
1.0398800373077393
1.2603251934051514
1.2221899032592773
1.2529692649841309
1.2665317058563232
1.2384021282196045
1.2371258735656738
1.4100656509399414
1.258676528930664
1.2404098510742188
1.2414262294769287
1.2623083591461182
1.6080896854400635
1.2695190906524658
1.1947965621948242
1.3058102130889893
1.213411808013916
1.3534085750579834
1.2323181629180908
1.2816550731658936
1.1763331890106201
1.240471601486206
1.166490077972412
1.3874783515930176
1.1820454597473145
1.1729743480682373
1.1801989078521729
1.1678380966186523
1.196359634399414
1.2279088497161865
1.064737319946289
1.2708678245544434
1.4691412448883057
1.226538896560669
1.1572644710540771
1.065751075744629
1.32944655418396
1.2139232158660889
1.0609357357025146
0.9509999752044678
1.261528491973877
1.2067279815673828
1.4152507781982422
1.1594350337982178
1.1505811214447021
1.1665146350860596
1.2075209617614746
1.2206175327301025
1.1403281688690186
1.1265912055969238
1.2048754692077637
1.295243263244629
1.184370517730713
0.9988713264465332
1.174767255783081
1.1770730018615723
1.2008585929870605
1.165759801864624
1.2632043361663818
1.1657803058624268
1.2117886543273926
1.8113298416137695
1.235766887664795
1.1819698810577393
1.0113415718078613
1.253600835800171
1.2075707912445068
1.2626874446868896
1.2726259231567383
1.0405800342559814
1.1711983680725098
1.1892805099487305
1.16194486618042
1.4508156776428223
1.155928611755371
1.3508191108703613
1.1920788288116455
1.1835148334503174
1.1591832637786865
1.7932515144348145
1.05715012550354
1.1746842861175537
1.1723787784576416
1.0529227256774902
1.0910770893096924
0.9798121452331543
1.2098207473754883
1.2087998390197754
1.1072428226470947
1.1537120342254639
1.129908800125122
1.1825385093688965
1.3550071716308594
1.17138671875
1.2480769157409668
1.3825290203094482
1.374659538269043
1.2413263320922852
1.2313060760498047
1.2436084747314453
1.2117657661437988
1.2371141910552979
1.4063067436218262
1.165682077407837
1.0461435317993164
1.179210901260376
1.1971075534820557
1.2498884201049805
1.2074346542358398
1.2536993026733398
1.098271369934082
1.218508243560791
1.1436617374420166
1.54612135887146
1.2553389072418213
1.2475030422210693
1.3411614894866943
1.0028839111328125
1.544701337814331
1.2140955924987793
1.1743578910827637
1.498624324798584
1.321815013885498
1.114760398864746
1.1484954357147217
1.1074118614196777
1.093682050704956
1.2079520225524902
1.2458584308624268
1.1650376319885254
1.1158218383789062
1.1455564498901367
1.239386796951294
1.2296783924102783
1.2543299198150635
1.1351075172424316
1.4496819972991943
1.2448458671569824
1.164644479751587
1.3742201328277588
1.233034610748291
1.247995138168335
1.1474268436431885
1.2181458473205566
1.0780665874481201
1.2672498226165771
1.1766250133514404
1.3620233535766602
1.3298470973968506
1.3471283912658691
1.2233340740203857
1.2482497692108154
1.0986263751983643
1.3655519485473633
1.7995185852050781
1.2156336307525635
0.9827213287353516
1.2141191959381104
1.367121696472168
1.224015474319458
1.1894886493682861
1.227860927581787
1.130497932434082
1.194404125213623
1.1864981651306152
1.2999286651611328
1.09696364402771
1.426429271697998
1.3170368671417236
1.233968734741211
1.0752573013305664
1.2201807498931885
1.3229396343231201
1.0715360641479492
1.1657660007476807
1.3348984718322754
1.218764066696167
1.2046372890472412
1.2588818073272705
1.179978370666504
1.413630485534668
1.2009034156799316
1.2151811122894287
1.3601062297821045
1.1497819423675537
1.1773180961608887
1.1816027164459229
1.1652092933654785
1.2742245197296143
1.1862761974334717
1.2888798713684082
1.1379728317260742
1.22882080078125
1.7207486629486084
1.1973509788513184
1.3920462131500244
1.0087635517120361
1.8262858390808105
1.4900953769683838
1.8716833591461182
1.3845555782318115
1.22835111618042
1.1995134353637695
1.1741199493408203
1.1840331554412842
1.2003579139709473
1.0838313102722168
1.225048303604126
1.0010616779327393
1.1565215587615967
1.3344697952270508
1.1653895378112793
1.1200222969055176
1.2598252296447754
1.3215808868408203
1.1494238376617432
1.0828373432159424
1.3453047275543213
0.9424710273742676
1.1922953128814697
1.0572659969329834
1.233189344406128
1.1949186325073242
1.4026734828948975
1.4042901992797852
1.3527393341064453
1.2074673175811768
1.1504034996032715
1.0568628311157227
1.1963543891906738
1.2166872024536133
1.1945183277130127
1.2800624370574951
1.279541254043579
1.1894490718841553
1.214120626449585
1.0713005065917969
1.189634084701538
1.23942232131958
1.1830787658691406
1.188330888748169
1.2282979488372803
1.323822021484375
1.2393333911895752
1.220099687576294
1.0292091369628906
1.1999149322509766
1.17777419090271
1.875769853591919
1.1821625232696533
1.3503527641296387
1.2227466106414795
1.1840095520019531
1.218109130859375
1.2033092975616455
1.2498893737792969
1.5706191062927246
1.1070804595947266
1.2667081356048584
1.1992132663726807
1.221714973449707
1.1304638385772705
1.1807754039764404
1.1485464572906494
1.292510986328125
1.1203866004943848
1.4179456233978271
1.1576802730560303
1.2072889804840088
1.152195692062378
1.235229730606079
1.2241427898406982
1.106236219406128
1.2154638767242432
1.2462694644927979
1.5178093910217285
1.111947774887085
1.1152317523956299
1.4141559600830078
1.1012461185455322
1.0053915977478027
1.1185972690582275
1.3798696994781494
1.1980679035186768
1.4926555156707764
1.148555040359497
1.2445106506347656
1.1589925289154053
1.2303814888000488
1.0837759971618652
1.0971078872680664
1.1691515445709229
1.3552491664886475
1.154062032699585
1.242415189743042
1.2636969089508057
1.234316110610962
1.1666553020477295
1.1888084411621094
1.197058916091919
1.2248966693878174
1.2568516731262207
1.254223108291626
1.2369623184204102
1.6777000427246094
1.2301499843597412
1.1096994876861572
1.1932363510131836
1.1959638595581055
1.1218271255493164
1.0860633850097656
1.2936134338378906
1.4326732158660889
1.1864163875579834
1.1109960079193115
1.1536939144134521
1.1454410552978516
1.2192904949188232
1.5132391452789307
1.2058556079864502
1.2811932563781738
1.2107410430908203
1.0927975177764893
1.1142473220825195
1.7769553661346436
1.247593641281128
0.996762752532959
1.0582160949707031
1.2274701595306396
1.1261298656463623
1.1187796592712402
1.1109673976898193
1.317239761352539
1.2000102996826172
1.2997872829437256
1.215693473815918
1.2675633430480957
1.2406153678894043
1.4145262241363525
1.2774317264556885
1.4088923931121826
1.333836317062378
1.2937824726104736
1.2440719604492188
1.3129277229309082
1.1814754009246826
1.097017765045166
1.447894811630249
1.2284138202667236
1.2414824962615967
1.213099479675293
1.2648921012878418
1.21528959274292
1.2683155536651611
1.1419737339019775
1.1622965335845947
1.217411756515503
1.2568066120147705
1.6080234050750732
1.2930996417999268
1.0706815719604492
1.3701183795928955
1.2337665557861328
1.6030793190002441
1.2238469123840332
1.2581143379211426
1.3109893798828125
1.2366821765899658
1.1537418365478516
1.3870151042938232
1.3853821754455566
1.2220003604888916
1.124253511428833
1.126739263534546
1.1157989501953125
1.2770535945892334
1.2612414360046387
1.2529399394989014
1.1143531799316406
1.2337918281555176
1.217559576034546
1.301656723022461
1.200878381729126
1.5609462261199951
1.0946521759033203
1.216712236404419
1.358558177947998
1.2806439399719238
1.2451770305633545
1.2895982265472412
1.2468068599700928
1.2676348686218262
1.1914787292480469
1.2690072059631348
1.363600254058838
1.375338077545166
1.2503678798675537
1.327427625656128
0.9995565414428711
1.3372504711151123
1.8809139728546143
1.2832677364349365
1.2221803665161133
1.3639438152313232
1.2562294006347656
1.2508158683776855
1.206369400024414
1.2904670238494873
1.2735412120819092
1.1483018398284912
1.3612208366394043
1.3239827156066895
1.1777100563049316
1.279092788696289
1.3463480472564697
1.308629035949707
1.0143189430236816
1.3449161052703857
1.2068798542022705
1.3356399536132812
1.1805920600891113
1.2852580547332764
1.178492546081543
1.552175760269165
1.2252204418182373
1.329566478729248
1.4165561199188232
1.2286579608917236
1.231438159942627
1.286937952041626
1.2069122791290283
1.2705168724060059
1.2306935787200928
1.3425242900848389
1.219858169555664
1.2904911041259766
1.8133373260498047
1.293135404586792
1.1817989349365234
1.1655793190002441
1.2429986000061035
1.896522045135498
1.3903214931488037
1.841961145401001
1.4681878089904785
1.3407936096191406
1.227600336074829
1.4802534580230713
1.2767620086669922
1.1908974647521973
1.184971570968628
1.1374385356903076
1.2689964771270752
1.018038272857666
1.4000637531280518
1.236283540725708
1.1706054210662842
1.196180820465088
1.3220927715301514
1.2692465782165527
1.2734582424163818
1.262908935546875
1.0282857418060303
1.134565830230713
1.2369370460510254
1.2656362056732178
1.4400930404663086
1.270129919052124
1.329115867614746
1.1136438846588135
1.1934187412261963
1.2441740036010742
1.223646640777588
1.2045035362243652
1.2285444736480713
1.4043920040130615
1.3705158233642578
1.1550426483154297
1.1977243423461914
1.0527613162994385
1.21061372756958
1.4633071422576904
1.2540078163146973
1.2103219032287598
1.2328567504882812
1.4344799518585205
1.2542717456817627
1.1017484664916992
1.180962324142456
1.2390861511230469
1.2851102352142334
1.8552250862121582
1.3033339977264404
1.241060733795166
1.3206188678741455
1.2229406833648682
1.2462966442108154
1.2336604595184326
1.2806005477905273
1.600426435470581
