0.347010767095989
0.29271039214000233
0.34491248629813265
0.33381077106294976
0.3602753419133058
0.33327362750761846
0.3061735621005224
0.3786768556015553
0.30255760804159526
0.33606029829169254
0.3385723530650925
0.314854030373041
0.3658659269110764
0.293415283744331
0.34349431644801753
0.26853389430181507
0.33371328417951795
0.31374161765036296
0.3654891891955638
0.3222000832014023
0.3544243197365655
0.38227915033094706
0.3534105280025145
0.355060385917766
0.29851519737710974
0.364981803496943
0.33922774982955073
0.33921179039709964
0.40037798958095827
0.352383584458684
0.3692700771552633
0.39545358220045085
0.4185577892741325
0.33542291455111206
0.3410943854152082
0.3488751456164876
0.3015526213631113
0.3772399299307022
0.37082655434029543
0.29204358499884575
0.3981712800023447
0.3367844249364068
0.3339593016519731
0.364661759039542
0.33470848493749283
0.3724178201104197
0.36762218863647955
0.3783820077244541
0.3354717888088913
0.3522807974675271
0.3077588074586938
0.36488494110887615
0.3173003788472976
0.3436610477019205
0.33450791119138445
0.35791453352242175
0.31316687510006713
0.3821959821506056
0.33657058713809035
0.32821957312386774
0.3838075136010788
0.2925918203582454
0.38431395002890484
0.36219620044481904
0.33824077070229674
0.35268220032700937
0.37157090745732535
0.34863405302232275
0.38529862502955176
0.3524919335531924
0.3341008488326266
0.37673306675571105
0.30676410289109923
0.3381425493593653
0.35564446892650403
0.3509393684930841
0.34399660889270034
0.34285310439300654
0.4029441608111629
0.34261795016106966
0.3452860313476975
0.3312370253023431
0.3608348008867527
0.33145916928137087
0.3062684350795762
0.36450901339991526
0.2986234885318774
0.33205074720316885
0.3250239811244149
0.31838677777814967
0.3341107755060752
0.3353827982122184
0.38973682006696186
0.3012445618138657
0.3456067575611048
0.3694932926297293
0.34734723753710617
0.3325078379352987
0.3665355525166685
0.29759338180967765
0.34584838505939336
0.31262520405887845
0.35228815234441013
0.33667146367332856
0.32301965468099636
0.37684231223370646
0.28711291253515786
0.32051690170035596
0.34241800101195335
0.3602986051701215
0.43831602406014347
0.33729816019643444
0.39040219681422283
0.3384165577570325
0.3438465051625789
0.3464836878932641
0.33471942695018186
0.3043615844159472
0.3080164228696227
0.33153837196947544
0.36223404349332977
0.396818606467746
0.4195133303980932
0.3789338953427843
0.4527608363657732
0.38170804596693825
0.3275704859886285
0.31190325638481925
0.40705875235371036
0.3839439021991093
0.3341222256278531
0.38301430250884716
0.3600178660974826
0.39904563312847907
0.3763518543011891
0.319348829156688
0.3219779916662436
0.28616024515894267
0.33492695664814864
0.35376160164449266
0.3395373165329888
0.4041617448480409
0.4114336841516959
0.304733041729381
0.335227449532002
0.39730420879166817
0.32723193452187155
0.32178843457390516
0.3539538438536039
0.3995246553223538
0.3252845212568023
0.3341840004821898
0.3867661823798345
0.31622134776743827
0.32150391414982915
0.3432874595363083
0.38394652954123143
0.4216489377536411
0.37211444634051455
0.33345850789661224
0.3185949778041148
0.3331517698181421
0.31139254692269647
0.34453705327965634
0.3340248747522072
0.35433203487290155
0.42034874650293946
0.4155768625284655
0.3906706628714795
0.33734537256286623
0.36985601748698915
0.3351072416467097
0.3822135206791779
0.3827570356390482
0.3441245400269334
0.3558389960270352
0.37510258440521915
0.3563935523686367
0.3946227313731353
0.33938069373562574
0.3084335681533381
0.3194038278001317
0.3097739435534461
0.334963442867352
0.35767760554829064
0.31714654538881015
0.3715421276088461
0.34058745484232217
0.4023050991263861
0.30009761072192515
0.31990479930329985
0.32876659223941007
0.3719610993009542
0.3636647941076112
0.370798235500086
0.38375411327766606
0.36814025088574176
0.29497164918213303
0.31642571758362414
0.34458938292853947
0.32470831506384334
0.3590006155892774
0.3113566223078455
0.3644231414145251
0.3589979874997168
0.30533076069841925
0.3531329766204877
0.35371493115636143
0.3271576868501188
0.3464432366901774
0.31905500411178167
0.4219867407087101
0.33183532668874205
0.3337711016696047
0.4626055791544279
0.413362159124121
0.3591891373742296
0.35059406521781655
0.385202883717942
0.3907122079606235
0.4220681847245349
0.3524988041820822
0.3403314733531348
0.3171517639903667
0.296264470603538
0.3782432158600382
0.36972993682563204
0.3839924257342042
0.3968852091561511
0.4255577178336626
0.4074038147147677
0.34478637461902983
0.362625691608658
0.3339803654694589
0.3996188946714655
0.3457039140096315
0.3690782982509655
0.3578459524184052
0.2871531536024871
0.3783706579042866
0.2839149875073277
0.40043379383312416
0.35786218257111874
0.31285095878342667
0.3017838533436926
0.31996519896423203
0.28741311654971324
0.35922996394182544
0.2965472067088068
0.3118220612041811
0.3591258565115508
0.34829384659579266
0.3322915283124982
0.27681155054323753
0.365501735659263
0.3424211469229653
0.3241092620392484
0.2998362034925737
0.3313386681368461
0.3421922627334074
0.3331438296951268
0.37742286692824856
0.2976079822356164
0.3386656272004663
0.3834712181309735
0.29099256312746735
0.3607762146756627
0.28971062021533095
0.2996693749131305
0.3526499447331838
0.34797245641204677
0.34345505126277487
0.30255552265456936
0.426797917626777
0.3410583180548476
0.3010369507580765
0.3627014964786617
0.30557550471990186
0.3306401610247043
0.3898682715324486
0.35379793010427507
0.39116942716553704
0.3525752709870231
0.38010227225366655
0.2986620970358521
0.39476527511230697
0.4381445888752802
0.33406049184856457
0.3326654373391732
0.3777851862003263
0.3430150006640816
0.34618235890486004
0.3845027287168552
0.36148855323410367
0.37819246238077664
0.34129751951351633
