0.3070890584466283
0.2963956104481009
0.3122443833634682
0.3261875789558394
0.3197048776535788
0.3487605128644424
0.32694598962267407
0.32774869130648093
0.3673217273632273
0.34883179134225967
0.34387703776613365
0.30301179848608195
0.3657354656963192
0.3470534303550144
0.3854563583546615
0.29751585654891893
0.3537307114951207
0.37277378285639906
0.33452287641043255
0.3624095454097152
0.33316926771627287
0.3378514945673722
0.355909180630955
0.3423771389843764
0.3275746724959189
0.32621006810359066
0.39474441775989433
0.3148767342235548
0.36971245680171944
0.32055621823798675
0.3586333704569451
0.31855981564786345
0.27355160252594213
0.3251291792408287
0.33043683814362385
0.2663514945349781
0.31094993701461054
0.34289376749837086
0.28075761893988305
0.33459950959765794
0.3691529153436094
