0.12777094406594824
0.1269162052563341
0.1458808156341854
0.1373319901992113
0.14838322409814497
0.14796215790382283
0.1427697675662037
0.12077797313871949
0.1422338473007883
0.1266116572115975
0.13277761476573557
0.1460698959523126
0.15643682369763104
0.13792632932843188
0.1532574600580173
0.14789931094456674
0.13323077894879232
0.1470975202885744
0.1464812214874637
0.13508266172219374
0.13729693058644657
0.12289704214376367
0.13834478775139025
0.1441336064893927
0.1592219808019317
0.1285770999701492
0.1345212095736237
0.1400183261534163
0.13945774125939162
0.14392963890182067
0.13666869712420573
0.14058188821723153
0.1355658025795066
0.14169664922627095
0.12678638791165
0.1312281924090579
0.12915374506569988
0.14554094858934513
0.14184459563304716
0.1305409576355489
0.13754604140026538
0.12719094548059517
0.1294489184062381
0.1435515979568259
0.14001276558116296
0.13147387430296376
0.13585539155260967
0.13244453902468437
0.15346327663495937
0.12014370051942119
0.13815364637380884
0.13443687728104875
0.14736522086132914
0.15038513866193295
0.16158843287812397
0.1381910293083408
0.12849487581760743
0.1493376905238601
0.13964544321969363
0.15366177300508985
0.14540361817006886
0.1265917222127381
0.14032810558283068
0.14349837373404542
0.13834358626345508
0.1194937164214074
0.1406835324591337
0.1405192135054098
0.14451727292878677
0.1446794231555549
0.16595721991924398
0.1488309647816555
0.1340467470328648
0.13310662084759212
0.1281856941481426
0.15271507489464298
0.13921262391106912
0.13128274079940883
0.15258060453203143
0.13449766379168115
0.13780544492785757
0.13668813396340693
0.1583822282579989
0.1371658991804561
0.15537012057390617
0.14471141723550016
0.12699823456988435
0.13977132501816072
0.13259612430393117
0.13789496397329903
0.14823774527320033
0.14627858216253786
0.14592324838954823
0.14097862972138978
0.13271142344166192
0.1434245593976602
0.1466734987988999
0.13682393354477962
0.1420531213923416
0.14798953719087865
0.1379382004846697
0.1347039458839076
0.13618352403787126
0.14935609006724285
0.13835863259481793
0.13740226298964375
0.13959787156208991
0.14393105540299986
0.1275549223613486
0.13641769455249372
0.14906159697764465
0.13253328391806496
0.1402795444580655
0.13226530604458078
0.13993353440805986
0.1374124036512557
0.13984618136578292
0.14159698654701128
0.14880455985402594
0.13679050177564242
0.13655252851309338
0.13677190232617722
0.13155744542797085
0.1422562540283095
0.136778773773996
0.1532909445602823
0.13922730907780032
0.13978251364289482
0.1353575225631734
0.15289087755685962
0.1477154075449719
0.1281985051296888
0.1377463447595415
0.13658929556083052
0.13546113209358226
0.14236696451505254
0.12068039196507983
0.15250229275774688
0.139452194861232
0.13728941638552125
0.14539786476913277
0.13914881995403355
0.13039568471992657
0.13770062623045887
0.13389720205661562
0.16515065653549887
0.12725359791572796
0.133834589588903
0.14015357918659782
0.14762908828402146
0.133515132365924
0.14248235694508377
0.1291136316710038
0.14598144798308751
0.15443709235516415
0.14059370595191262
0.12524918351710704
0.13011821293103162
0.13376052570899427
0.13082382556624722
0.1430109387425787
0.142364316814
0.1461554459493839
0.1374382644135227
0.12947444233502153
0.14270978135519152
0.16479837566434719
0.1516433109431188
0.13501187740767318
0.12742942454929185
0.14546202815241363
0.1412580286201967
0.13391838997798663
0.13937867182947392
0.13760113638724167
0.1389108859694955
0.13285217257859733
0.14411229996186195
0.14172949484535383
0.13163094278688525
0.12617235497254672
0.15081485097273978
0.12835058277754932
0.13215482924706812
0.13102581531443233
0.1271188153190264
0.13339874238508198
0.14075815314434326
0.14438891961535336
0.14449304282003408
0.13921036486772453
0.1407317346069754
0.14026063669599034
0.1375007909677407
0.1367518832215857
0.12584654430561246
0.1482557814623195
0.12713300113397402
0.13924840554295428
0.1371684077769241
0.12572052077916368
0.14298161875604457
0.1446354711612561
0.13033812320262303
0.1322423217280801
0.14234214575581544
0.12786306689094717
0.1458760361539466
0.11944283895106754
0.13505491697785965
0.14471998637828756
0.1490528171466819
0.1359272219268546
0.12724030166736278
0.12620489937063106
0.14114448032144733
0.12433669337089114
0.1260230880914978
0.14175892576728982
0.14419820102124345
0.13113538885537118
0.1268135698961156
0.13123454950728894
0.1264977178462307
0.1519268328196005
0.13909206944444125
0.14569921835082897
0.1314006960460538
0.13547830298232078
0.1445337703698501
0.1296563000910719
0.1733608515018476
0.12338074771789455
0.13688275564588265
0.13891574620042368
0.14072428477309518
0.1283918555048797
0.14148477398290016
0.13862072379252563
0.13042202973607744
0.13564914026705913
0.13689925187877475
0.12690185853705818
