1.679463616003412
1.7897408784085322
1.7728663940623735
1.7429640510856237
1.7659214497268267
1.7635445096812579
1.6012954527265717
1.756173710013815
1.8744593435627674
1.7734828827043423
1.7858818774292256
1.8220044074116628
1.7642529313727084
1.7476732552272622
1.7648008522506027
1.7198675509590555
1.6229051589535906
1.7605690702759405
1.697673598792313
1.6883537606467915
1.725648001455462
1.866764157255957
1.728923900947915
1.6597249553020845
1.6340900237270297
1.7747067568867367
1.7903559477971274
1.609580306145894
1.63916187927471
1.588183621662961
1.8496349857485532
1.62154732855963
1.8409318771184964
1.7888387828458823
1.7318688555575883
1.7524766822994047
1.7027943682022832
1.7959926084422215
1.6255292938934067
1.7405199116224157
1.8138884542060114
1.7999308737513104
1.8585402866126113
1.7422423315850228
1.7673955856934684
1.7515702768850865
1.7930949780750467
1.777028119545959
1.7565643131537165
1.5725808846507578
1.7517076680587405
1.63528858521246
1.7425017060934267
1.8198658807766896
1.8134230752475249
1.652388937473467
1.6506297720324783
1.5885474760282805
1.7146738597524265
1.8130563401069808
1.7094849690898382
1.6465759470580865
1.6277434696171447
1.8364003407909104
1.7928526529321636
1.652831743788751
1.636801893115464
1.7186922097843815
1.7102966155078891
1.7503062971360848
1.6818458391986941
1.6306949611838693
1.7823901657304504
1.8153236375713346
1.8665788222705548
1.7638939721288862
1.7025704423939725
1.7734431423545476
1.703654827946416
1.7946007918592746
1.7021380239372172
1.6675566231901675
1.729998821982866
1.6440361171594449
1.8779677913323714
1.7873537053157822
1.6606414191669834
1.6024043082999586
1.7331022519349382
1.7259809145300264
1.7684847457566313
1.6346487397702143
1.6786776085409922
1.706119001763474
1.7981225421770168
1.6577896290460357
1.6191928717418662
1.7650125140689434
1.8087381844517858
1.7521562984721404
1.768913727987482
1.7884415418249968
1.6642192607601953
1.8819798218857664
1.6085090662783659
1.7420820006112294
1.7665423175397228
1.860542715036194
1.869286361306763
1.797155631465251
1.6765440836982881
1.7611354669083956
1.6909223192940113
1.7733719353689437
1.6867734522342717
1.7799274314414875
1.6179600028275372
1.6895497873016032
1.9783832521066316
1.7895499554454128
1.6687148146356146
1.7618489789834675
1.741552267586111
1.6184542190638416
1.7260339436376824
1.6507725811777811
1.6126836614110522
1.9175399017139956
1.8049372230718979
1.651994692239014
1.6663884051453461
1.7190082570378862
1.7641885909130695
1.7242554234633078
1.6717238297566979
1.887469404627625
1.808702474953285
1.8344292764190173
1.6505747776068747
1.6691740639108081
1.7811975038176717
1.8115171740411564
1.7209278216656905
1.7323209307856071
1.7138906926785864
1.6325247542442636
1.7125970537142516
1.5798877511234444
1.7406377761408849
1.81549808153394
1.7704965077207366
1.79662450367308
1.7159496540271473
1.6818649350741435
1.6169431212500955
1.680448943440074
1.5976095810609066
1.7462565116845779
1.5369439775925147
1.7039366930854152
1.8681895291626651
1.7448765903408514
1.6019146374909803
1.5996056729183308
1.754338969910108
1.7592258449200888
1.6601556815384328
1.7234541016099967
1.641222270973669
1.6230124306965246
1.8389493254874805
1.7762297756171104
1.5810922654306538
1.6832727033845718
1.780563453290934
1.7997223439589267
1.6842859765396296
1.6910192437492426
1.7314929462560766
1.6998276865663287
1.6613706153127779
1.657874170620537
1.7447725565735517
1.741304547582277
1.705464349809441
1.8393321985622304
1.7006105937926457
1.7392262635843168
1.6280089308772339
1.7111900790497394
1.7105911074524411
1.6179874448497649
1.6688373291788778
1.7155212426330049
1.5570970376909905
1.7121837176880472
1.8807806009010726
1.7680565480722312
1.8026179546532703
1.5395979449427608
1.6235383957137244
1.7595834855645331
1.7517051555625378
1.8817876321721179
1.7987341383312803
1.6431135122618754
1.7236523174230036
