1.3444298718157377
1.2393767549252606
1.3537938667914604
1.3573406488525261
1.439863742103766
1.4426131941801519
1.4235465077096139
1.2324870993251735
1.3707696437621368
1.3358662171806965
1.4245292461023462
1.4415292539845372
1.442385215302898
1.4365549171464773
1.3748212479320516
1.3545442118546878
1.354114329829901
1.449180875700944
1.3901827653219807
1.3445144076322064
1.347687337975037
1.3371452204289531
1.348565985646661
1.440419591110467
1.462000204044832
1.340451942452539
1.3629108513940467
1.4284778139844023
1.4438046688999582
1.3831433630704657
1.3441461511247341
1.3650736912835388
1.4306596947863637
1.3542441249210968
1.2220729631193918
1.2372697230027554
1.3424584989179154
1.4663414520980398
1.4296879342608695
1.3581384260227434
1.2675995036170085
1.3473795577051348
1.35410797246376
1.423353703605703
1.439656991450534
1.3479695591067995
1.3499812489664764
1.4345458092213543
1.441426440820251
1.2193587990182824
1.3513463938297545
1.34176401524772
1.3874609746712654
1.4670871271251058
1.477110469446811
1.3588980858731288
1.3294940461152456
1.4421009470077983
1.4419302572438277
1.4412236742874283
1.3500557683458747
1.2277680938064053
1.4428427737857779
1.4440175829738708
1.2369010548736528
1.209014546098755
1.223662098808563
1.3887242641487862
1.4375608261145294
1.472372877839345
1.3633478644723644
1.4365003974071908
1.3389634214635364
1.3575426355165459
1.3434354165112843
1.458662522029385
1.4440696721727126
1.3496946039998385
1.3851652214745367
1.333876479163133
1.4333827963296288
1.3638042048726835
1.3649116955492155
1.350875631331701
1.3563233463178423
1.4391621851551315
1.3475812293014957
1.4411886844912438
1.3502764288455187
1.3840035371741974
1.3504815099918925
1.4660050005698346
1.4459260644770144
1.450626085805417
1.3434252749432694
1.3663327037634128
1.436100889313079
1.3479311472342046
1.3703521894909438
1.4403774311324617
1.351147214185376
1.2322758700295973
1.2498379605532213
1.3869631617235383
1.35651264065162
1.4335534692364376
1.4329577314415562
1.4544776962933594
1.3404724114866364
1.43537505622931
1.367373304676666
1.3392425936013888
1.4316816462689872
1.4194639633237436
1.4353039711077953
1.3536596412946755
1.3547785007566067
1.3409090995512924
1.4553211746877068
1.3637689178179397
1.4388095705765827
1.3612241542443373
1.344979443203091
1.3512614791217115
1.3394314993269036
1.4427589600189767
1.3414327433003341
1.3475172292616309
1.3481385552640743
1.4449428580216863
1.466762892601883
1.340362900049527
1.3264464781668401
1.3555759276444532
1.43349954558976
1.4423304424002916
1.2262468631546022
1.2798280970663571
1.4540641517822515
1.4264309186808468
1.3492172553926316
1.4223411836940678
1.3503320178146012
1.4350796384405564
1.3389320059265943
1.3938310464315868
1.349885760294721
1.3476605674667144
1.4298023972288487
1.4589941257079375
1.338564848560607
1.4343928016003193
1.3366465187662642
1.3515658232431376
1.4458157251423855
1.337236531556254
1.2466721165546708
1.344418727227001
1.346869850892902
1.4268684732903831
1.4428871114898818
1.3832974602149852
1.4765919496835154
1.3411188115999106
1.352298654363566
1.4386264351596265
1.4592817875291806
1.4520607266279884
1.3461079978858645
1.3424921416083773
1.448148905736477
1.4444538458578478
1.3456163281752178
1.4328332529400065
1.2459263295372627
1.3631622339463019
1.3458267670691426
1.43072826486496
1.4495694380054063
1.426812756762295
1.3452684284596386
1.2556423483868315
1.2335173665944028
1.3437371930717965
1.3428394466929252
1.407866625184581
1.2405244602238346
1.412540138626078
1.3499297662293108
1.3491218130285136
1.4350584760971041
1.4218666623570777
1.3519851776392893
1.3464451403225761
1.4493327199756831
1.34603181101709
1.4366355089861136
1.2473795109933599
1.3805692211663068
1.3526585794097707
1.3408366885861995
1.448580764641625
1.4699844736705274
1.3547635596382948
1.427674907242689
1.4412132866881366
1.2300463355476685
1.371539579593806
1.3232831693940192
1.2386340595767318
1.4411996000002252
1.4734217485105836
1.3537828579109676
1.2312561277023146
1.2278318883800656
1.3485996328994165
1.3214632449933736
1.3455471702956288
1.4337036404947825
1.4437735568599661
1.4184180497636192
1.230555921512766
1.3540937127920118
1.3360251030391965
1.4716317814312734
1.448216785719577
1.4393983168856035
1.351521056296981
1.3424983486002584
1.3565654123809137
1.3428325614258356
1.3656347386427645
1.2164479391533722
1.3418845348416508
1.4450112868025118
1.4423712403128999
1.327938978893592
1.443848352794115
1.3801696395248935
1.2356206877007667
1.4360739818838246
1.4270055716807537
1.343506723546802
