1.5662738010135226
1.4722109833624801
1.5768170884895474
1.5874853396507844
1.507681251265997
1.5026954172216518
1.2976748274729817
1.5151666380754931
1.4494913867375816
1.4940928937377245
1.5035810239915721
1.4830390555489863
1.4509951964500825
1.288843654069042
1.579576797672692
1.350886620992085
1.6257462960300508
1.3116501281529647
1.650168179929906
1.552149482004717
1.691889142414592
1.5021077583806732
1.5477951488566983
1.6348227059096874
1.5499510420107432
1.570608492538098
1.5030027372046466
1.6067922639615062
1.902351734349923
1.6560518716024548
1.571734242858831
1.7255724575898443
1.7833365458896095
1.5913587634479915
1.6456148397028993
1.604896538696457
1.3557664287736744
1.5487903233499085
1.5558457604958473
1.4870847398929563
1.6714185159497073
1.4865838712215063
1.6451777531531775
1.4973259700438526
1.6414013506429277
1.5545912903699386
1.571281054457323
1.6040616042541482
1.6466079600154742
1.5298372124715183
1.3390475597501084
1.4918339751434069
1.4660746902070803
1.5846344027182893
1.5507329194518082
1.3719318932311078
1.4353204583086479
1.5163597946662102
1.5406398088831614
1.3931012250656858
1.5757231668825655
1.4049875916427557
1.492956881578868
1.4229910080204784
1.576796020386421
1.6389927964298971
1.5271577963531997
1.5029922692310347
1.557585949930145
1.5283572798512581
1.5488245578153481
1.555912773994139
1.6071434937772047
1.5637434015650427
1.8013594973558418
1.7216368234683226
1.515982640298559
1.6622137588838535
1.8048081308509591
1.5825961253561809
1.689553375954902
1.5540336897373253
1.583918633485333
1.5723198307392123
1.5362719355231018
1.7733112271373064
1.5426693550667174
1.515432978679039
1.5555475310509776
1.44939719505804
1.5572531331588173
1.598045604034982
1.5190391168656798
1.508019000248896
1.49944704827603
1.579189046440798
1.6264214784014612
1.603584237476091
1.5345665405698317
1.3050843542039963
1.5512180783882488
1.610640465660958
1.613609906094334
1.5551911602351358
1.41889824826744
1.489445727475625
1.3232229326376848
1.4492760662118
1.5399868470343574
1.4383259949147764
1.4723971181557258
1.4209253008658138
1.603174374305646
1.4871694656252075
1.7293776139172101
1.6409947385707584
1.3182349203552453
1.5765186602707761
1.681705075473459
1.6725867626449094
1.5408187752357887
1.9305844635248501
1.7068719973663384
1.604668466716754
1.6301702274974368
1.7558116332275149
1.5388119440263253
1.5943400799483352
1.74166222906281
1.6073234743048412
1.359737477254627
1.6754670703696313
1.5203347947744819
1.730525324812692
1.558050175569793
1.734525502313855
1.6337414539770854
1.2894201823656866
1.5362179770545512
1.533938874979915
1.588748266702643
1.581043789473492
1.6394283935680418
1.555801146298836
1.38286059565111
1.5964246625570362
1.4570799713423894
1.497135928756793
1.5857518099877805
1.5053080283199924
1.5853926500727629
1.4383471839946578
1.5055419390843292
1.4913659383314501
1.3383548501802565
1.5128205422799987
1.6028598197393111
1.5695352699712934
1.5323893441751146
1.6261460816840618
1.5681058879575243
1.5256780118729916
1.592554868039977
1.5567730965354047
1.6120201264260843
1.518851930900058
1.8756707292537806
1.7550492943192615
1.6461545448419614
1.679804878038916
1.7474183116281667
1.5522294218861123
1.8024594680554615
1.621746994476751
1.5624860019243387
1.6486198576205604
1.5230881888177041
1.5146121843911642
1.7194717988192856
1.6666408315000447
1.4712214785011564
1.56894963640602
1.5799847011200268
1.4590192834838727
1.562353303476868
1.4612710171192926
1.5536201732119124
1.5941257524867987
1.5948259031457852
1.4134948309919289
1.4514075582109014
1.4768480850505556
1.5265815264908984
1.6071480760433654
1.5530897340361265
1.6314408303894228
1.491637331692443
1.4456059949440054
1.3302169287803935
1.552063974036416
1.4712400128660725
1.4958567815256307
1.4637099468617976
1.5845758006176984
1.6889571291665177
1.5006584049327676
1.5110042807184327
1.5021184924850515
1.6785596373993834
1.634783706604343
1.5346094759834994
1.5652993231372525
1.5745961711684944
1.5306776315830724
2.049436857350397
1.7629847518477075
1.6776445554248982
1.6062467347924358
1.6886033519648649
1.8199335585657006
1.707957261845008
1.539787907440956
1.4943628534082178
1.5640123910723405
1.5190866635378288
1.630684033464593
1.5644744948750442
1.5617152210211147
1.531533332166707
1.8764424786172966
1.6637815235121252
1.5885470584719619
1.6309905144888066
1.3633361272147473
1.6404067117648817
1.525192544918909
1.658378897662464
1.6166993207176046
1.350314800404076
1.5648332265755645
1.4921834392449882
1.7141447949981539
1.5387461888710057
1.486740649267742
1.3763304978311088
1.4661175575030645
1.4024311926067659
1.6158865126653068
1.427810674788871
1.5630337425771896
1.4682431173355246
1.593164595412433
1.5807482110608035
1.251228614814804
1.533852831960247
1.4785998971041998
1.49257370904276
1.5208815576816352
1.55375301365661
1.3751223538577928
1.5210273833132393
1.4845963690051849
1.3142831897138922
1.574808273361134
1.4937380367892392
1.3303513766086763
1.5436689079692276
1.3479748883723595
1.5079634638009303
1.645258743186884
1.483577668854267
1.6446981609679816
1.5641085168401083
1.5947949699223407
1.5586214026395921
1.3567114703568552
1.6392056539023674
1.5448762845523727
1.5380280672800186
1.8924842791062526
1.6264475437700483
1.5798061337544511
1.7111121172269272
1.8512872097823567
1.5534985582659102
1.6544144607610483
1.5409663741692032
1.5040910146353101
1.2596156853911784
1.607105429363307
1.568246959076577
1.8004871117438463
1.5802353188184393
1.3971869335038554
1.5077319593967402
1.5037035288703617
