1.5489158370649097
1.4943240093489156
1.304117212384763
1.504649976590795
1.4696701284088431
1.540681032376949
1.5611617848286043
1.233982607217687
1.4653585842649817
1.5490085293218372
1.507227475102499
1.2901399538879346
1.6270567426923148
1.3526397932498373
1.6182632681163864
1.3736678572379848
1.5327990070766946
1.5489248740079269
1.623704175768358
1.5524545178815474
1.522811408162072
1.5769049919431462
1.5281891868894326
1.4773664274259537
1.4688949953449957
1.4952623407573695
1.647713767994834
1.4547606686164405
1.6503871270459025
1.5428550236956062
1.6352016783292496
1.5433115194005778
1.3682571126140928
1.4866420035471832
1.4583341118866573
1.365793176570072
1.4730321171819694
1.5671254965793142
1.385484322606728
1.5457284484031169
1.4937020448980298
