0.356165259527187
0.30450012278647764
0.3531255443273615
0.34303636174371493
0.367440651986887
0.34305916427131133
0.31541665805895425
0.3858050549042964
0.32106052045266337
0.34394301296431434
0.3526037580004603
0.32212105413523584
0.37872009594886274
0.30492810429473155
0.3524833349292978
0.2881058428739429
0.3457831439522213
0.3236768553138809
0.3792560529348321
0.338402867721345
0.3655107180398083
0.39144312937452386
0.36398921863448497
0.36391238440786566
0.31017345852320943
0.37817188818216374
0.34663857337382153
0.4223046608900848
0.40935986029669746
0.36060845817914045
0.3758662302401643
0.4008628883099008
0.4265288055967319
0.3463432038124649
0.3484824495113705
0.36096695005382623
0.3851571193016636
0.379493964212046
0.381976389758947
0.3019636082400574
0.40911350477826836
0.34670971620988417
0.34339260540704186
0.37106823747205786
0.3959633693051763
0.3808724561667118
0.3754361811060799
0.38227758306984816
0.4214317113094515
0.3622680140367831
0.3177984348522023
0.3721582227329311
0.3248448513147659
0.3503751625252006
0.34675319593529236
0.36933377190758787
0.32738641565760124
0.3866373112707071
0.3478696520448158
0.3380137446572015
0.467982837251236
0.3076038647959741
0.4409769312982593
0.36974435858973465
0.42122955562991105
0.42065521419483687
0.38666964595380193
0.35782597052465964
0.44102995589004845
0.3608277464836068
0.40215158933262796
0.3885105583826803
0.3193851703376468
0.35184571640550866
0.3632981454807407
0.43762707979399107
0.3526055680040771
0.357912509599647
0.41168726734370875
0.3477053443679387
0.3572601488586147
0.34191276767544015
0.37467390332165573
0.3414960001293654
0.31655480324796526
0.4469725196515324
0.3125218152631247
0.3423146486360302
0.33239431362012695
0.3275437954589058
0.34947153403854536
0.3444348376722616
0.39612677266690655
0.31943136165615243
0.4102641454029138
0.3767585765519742
0.35719158111651883
0.3421440036280876
0.3753661490884739
0.36042491296504875
0.3535283887357161
0.32402802586326895
0.36073025263397407
0.3482308568341878
0.33427648159595613
0.3807649040822496
0.3001167685915722
0.33705504494140587
0.3524600574738672
0.44436946330340255
0.44134236022778994
0.3448629442619364
0.40030299415855813
0.34888119206961976
0.35932681250772114
0.35717617730862905
0.3490014629762753
0.3151210934672576
0.3195185373010168
0.3441825065905896
0.36940571935683764
0.4019933914212757
0.42458466739859807
0.38583297032142566
0.45566069875220694
0.44546041480801263
0.3392278004618513
0.32330152989259564
0.41347111388616564
0.3932092809232809
0.3431892045575401
0.3908040173121241
0.3691051497130289
0.40694187729762843
0.3804465268791536
0.3329223219205347
0.3305195054161735
0.3004034151374632
0.3959741671252361
0.3615051599425586
0.34673616400374596
0.40963880437588274
0.4174715760396006
0.3230403748908025
0.3416467543298537
0.4026763725565713
0.3404779434164179
0.32934387263735637
0.3622655694905772
0.4045552404719515
0.3326180057399425
0.34185753111143263
0.469707835086551
0.3795058846134554
0.33083621074324554
0.34935604277071286
0.39192507976634183
0.4270775775526787
0.38086601025415817
0.34468690855577955
0.3280418342674868
0.3975593626942615
0.32283723941904524
0.35151851753689534
0.3493932601467156
0.4106489442242838
0.4309242311962369
0.42265448524930893
0.399470092886392
0.35285484426274893
0.38077143323104057
0.3458941359764548
0.38867766923991176
0.44090547972062677
0.3503394812786583
0.4242540968431946
0.3804618723102375
0.36589688994899183
0.4013958757439837
0.40786691242173523
0.3209147701255032
0.32784503307489354
0.32080003877506763
0.3476035944633561
0.3662286355536798
0.32520153935392504
0.3789379170321867
0.4078400150381518
0.4077541129265515
0.3633051583089456
0.33329105007024984
0.3930124907351813
0.3778777133007567
0.37159715564952894
0.37750170895907337
0.438131285582615
0.3749998276355284
0.3047946172795478
0.32700781089605535
0.35197054224980406
0.33417907874750963
0.36712711793216163
0.3693104042431308
0.37405758820771584
0.4467303520954244
0.31592154080699675
0.36401691604942166
0.36076906788295693
0.33919475409560557
0.35487494909914097
0.3361825970851633
0.4273408080534795
0.34170863437311993
0.34451717110507374
0.4688253049951013
0.42169862437992567
0.36802554581314384
0.36397798648043245
0.39364987659916206
0.3986393093683168
0.4305043519630457
0.41212869238426597
0.4012123715589275
0.32719216246089466
0.31458891393242716
0.436381262960377
0.37576855117047303
0.3949022848039319
0.40171677998664634
0.43156022467003896
0.41009265636311243
0.4080789397917216
0.3699956572726969
0.3916812822902689
0.40758358425722807
0.4101922071585635
0.3764626314187862
0.3669762252567962
0.3000966296044218
0.3852493284441495
0.29836581509893373
0.4124504061682104
0.36869415618252926
0.3231173297984894
0.3084482175065419
0.3306795537386794
0.29765772624109893
0.3685358888725359
0.3077820572818758
0.3230804970687453
0.3664140943351999
0.35604743975220354
0.3921503493480194
0.28904072546145304
0.37916512543729075
0.356636186558327
0.33295083447980434
0.31108899528591233
0.3420080421458757
0.35001275612006133
0.34213977770073456
0.46340354208752743
0.31096869327364557
0.349245179222906
0.46726388978883093
0.302019243516403
0.37209022645572765
0.29777081432955
0.3125385245804398
0.3649650769494804
0.40723520591025153
0.3509043923144808
0.3169262234994833
0.42857984910906
0.4056058518606275
0.3115279694799031
0.3684176351489647
0.3236689925402416
0.33728074332183056
0.4014329028203575
0.3649346671141844
0.47427845252111134
0.3619979245080708
0.443317222459662
0.3126144323450817
0.40182678617234746
0.4406617715366577
0.34343324240830475
0.33968416120526
0.3823403568724118
0.3568537140949653
0.36179716686127417
0.46769185027492116
0.3684757252428261
0.43624785718749093
0.34981584496409035
