0.30415077681917146
0.27096241461608983
0.29918796727789726
0.3018294650594598
0.3163205563877557
0.31323922742832133
0.3240922129242396
0.2931752852385547
0.30015436488115266
0.3050280958072301
0.3092440398404409
0.3099432730057662
0.31154637246652395
0.32246359536942504
0.2946823828601113
0.2976023684137359
0.2942096249999969
0.3140840673972464
0.30122293227941954
0.29370388284336324
0.3021643394481038
0.2965910236654314
0.2895007079527088
0.3243695495217812
0.3042747032237363
0.2929194898445548
0.3010372020982047
0.30838746905438336
0.3160280530753216
0.28708381247206893
0.2999457810602303
0.32736626095952603
0.30768663410895386
0.3010733719866815
0.2789870345167311
0.28087266831851915
0.2982624706477913
0.33700947902655065
0.31217452966893366
0.2898370927497081
0.27489776415821876
0.29932996845567034
0.3117671120309069
0.3393466318752155
0.3234470658086599
0.3046351410777981
0.3089534276876714
0.31821241192519895
0.3155728175172832
0.28533957165608786
0.29860652685292877
0.30009693208557486
0.2831818189872952
0.31707093108613904
0.3081632249999968
0.2997900839608342
0.2894431238853371
0.31356732430513556
0.33953460301181676
0.31054287672823694
0.299260333707053
0.27948639938714687
0.3061493696288369
0.3120175888154224
0.2666966965267525
0.28505728708625994
0.27560482499999717
0.30155615517890566
0.33575871045988204
0.30380285478812297
0.29826806243802656
0.3124563508087089
0.30314686027640825
0.29800551457269553
0.3005687936372021
0.315540030004116
0.305272002130918
0.32524446398040185
0.301182819132258
0.2961983499999968
0.3153484835136141
0.30851107171859105
0.3014517458456268
0.2987090652621749
0.28818016423147597
0.3222541988672233
0.2939019255513181
0.3148028951784957
0.3030160493379602
0.30735926922656953
0.30407185925348457
0.3090549969676655
0.34077680319733045
0.31689561315227216
0.3278400043652504
0.3252314993781638
0.3151243325205574
0.304824743387873
0.29079066630362516
0.32160959345242845
0.3055586970619065
0.28666192437262
0.287675326217154
0.30272893431068637
0.3217546217752342
0.3253349327514349
0.3250605447960794
0.31779476379774946
0.28561615332995566
0.31069067852097276
0.29340243008172884
0.2891599125325247
0.30542405824905533
0.32665026285808374
0.2970887941628293
0.2893049788494126
0.2963831258361414
0.3037393443312096
0.3184775577012063
0.32542888986466656
0.3271170643074216
0.2988196620291953
0.301641007034039
0.29747592791339195
0.30752441267167036
0.31590153073892074
0.3057784923105638
0.31330001069885005
0.2959948249999876
0.31842920957027054
0.31544059970628036
0.2938483011139709
0.3193611333141771
0.2990401835062519
0.31226577164103053
0.3170098907332844
0.2825652894613841
0.2857659878425918
0.30816322499999693
0.3224899979182288
0.31180902946664524
0.3154348131378599
0.2896866769510771
0.31501949680708086
0.29808343961592415
0.30702513508176865
0.29952233089575486
0.2891251283039675
0.30307772006545863
0.32340839914058406
0.313741754897715
0.3098077124999804
0.3046345378236152
0.3217880017108117
0.3119755268281593
0.3086954976033232
0.2744146167972903
0.2936147513445523
0.30106350558117456
0.3124891373147067
0.3185041053187041
0.2904649122832301
0.3217025089096705
0.29820054216855507
0.29876361202167956
0.30896461170131784
0.3133675822575473
0.3141467610876853
0.31939924241437645
0.3230780862362415
0.33336697883736544
0.3224361855341259
0.30092674054790125
0.31190250437466055
0.2797435935129029
0.300203076325433
0.28949952424152486
0.32354639664954327
0.3119360561209567
0.31258706692207383
0.30456977127399626
0.28374262450998483
0.2824443790227556
0.3032300985676716
0.30897425214485424
0.3065662647486428
0.2806043587573721
0.31565949503654755
0.30775785711639075
0.3015850470469277
0.318081935331242
0.32008871570185354
0.2999407944420636
0.2831994906463027
0.30374343965339623
0.3046670364706751
0.31229634814083396
0.2720833740579495
0.30895724325208557
0.3013977332691421
0.3221392264546342
0.30783394063189395
0.3053466413231536
0.30592646969013676
0.309093663434903
0.31943129496632033
0.2772682669376962
0.3266196059204825
0.30291985280116346
0.28405198111021535
0.3370339215122904
0.3186310678129263
0.31275921940277773
0.28009561164990043
0.28186742603060694
0.29843854272321735
0.28316748924658697
0.3000939051302054
0.32071854084707974
0.3184675463627944
0.3089558479364146
0.2807019573137108
0.2906033860004461
0.3040391364957082
0.31252091809970217
0.3233489885971074
0.3185289215297619
0.2994308943900326
0.3084273900103712
0.3281795168338297
0.2963653276014345
0.30106479643382367
0.2789261399343671
0.32434984405118955
0.3333783880749044
0.32290992834832377
0.32765027619771814
0.3150564880296279
0.2951572889527147
0.28711512421038615
0.30434837250601254
0.31720840371540276
0.2981092886973683
