0.32682393948069166
0.33382587375484674
0.3371047953639934
0.30168567167730564
0.2912589419558641
0.3307600098130904
0.3363107014586716
0.32953300623856985
0.324783473646958
0.32480827044903493
0.3258874252869356
0.32654197125360274
0.32516731822369527
0.33670427953598514
0.30643624502935546
0.33454056057838927
0.3557557331797116
0.33583526844809564
0.30469183567635616
0.3281811651737351
0.33056090906182833
0.3268821398704076
0.30288262829399454
0.30913598472952847
0.3573867726433849
0.30541553749999273
0.3052025355753732
0.3018699631624734
0.32606207411656996
0.32657160841392957
0.33356850447220776
0.33769560486469596
0.3367356316963078
0.30172340122779273
0.29190002316596575
0.32819391187541047
0.3309653286661427
0.3357150298302657
0.32924482723572257
0.3252118246071257
0.3248021583150913
0.32620990203242184
0.32653663431097113
0.32526705313013804
0.3213346586602397
0.3365881012478005
0.3062609854000404
0.3347136429456803
0.35547295364677634
0.3354716981690615
0.3178015179839927
0.29889646088362487
0.3278943718663348
0.33094846563886315
0.3265086380031278
0.3033544710028343
0.3236949178076646
0.3544419573510824
0.35694290916290583
0.3189958249999873
0.30478580899451985
0.3259865504803433
0.32746228478331274
0.33360723870433606
0.33781197438505167
0.3367844646845668
0.3018568323348284
0.2923679018619721
0.33261925895704864
0.33085620945694993
0.33622030763083016
0.32935945631815333
0.3250425473879348
0.3242102089643241
0.32572255122978633
0.3267851515122848
0.3255554661444974
0.32092551390416335
0.34112301808687306
0.3064107299043789
0.33608999636924597
0.3046255298454811
0.31360305585012627
0.32842399278618195
0.33057957036609564
0.3267578231023182
0.30248847532415185
0.3089626807621997
0.3543099201037
0.35733249181892135
0.31952539999999996
0.30487501409692475
0.3015220215517044
0.3258908334131231
0.3335114647605282
0.3376033659306998
0.3022412897895134
0.29197271495370947
0.3321793814859
0.33054639548419684
0.33585356753648277
0.32921805220550926
0.3248984275623266
0.32456105369890964
0.325899192768635
0.32708054671345066
0.3205669252261836
0.30611469786307816
0.3296026273617976
0.3552663106004
0.3356749835470755
0.3039163986213668
0.2993909837832371
0.3280389505123348
0.3310591975484798
0.3262087395063943
0.303204200570625
0.3233160432825485
0.3541973869408428
0.3571768334200769
0.31910944999999996
0.30559634873587205
0.30100928432041385
0.3262545705256684
0.3300232142741264
0.3407818247713888
0.34109759132861717
0.3052058198343036
0.3098465573379154
0.3368153615106273
0.335367577716258
0.3399746895945179
0.33172965295262113
0.32881934599250984
0.3277699034092071
0.3302421495080222
0.330394990443474
0.32866236495493784
0.32453376784683047
0.33997181748348754
0.3109537016069785
0.3407517257859235
0.35786546154676757
0.3396256107655759
0.31718411377535566
0.3329248979219803
0.33444148999322165
0.33102774809281255
0.30738524779595555
0.32555916882121955
0.3578787621410239
0.36033920866808106
0.3214120874999804
0.30713483668050895
0.3013385463634074
0.32949616266076803
0.33068518497235644
0.33668948581544267
0.3404281105012009
0.34103370401485533
0.30678171740548904
0.3085102153327367
0.3339530711700718
0.34020947454919614
0.33676981527145095
0.32698292235753945
0.32897088349006653
0.32954139360819257
0.3274524983006354
0.3231246609145029
0.32424694704267865
0.33260302236582706
0.3583336386351257
0.33902108810506926
0.3200460213794488
0.31752234629402726
0.33159769732435906
0.3344709885407995
0.32963955951334056
0.32677194931210574
0.3570254792266403
0.3599926264887563
0.3219889124999617
0.31989494860465645
0.3297413233745047
0.3297584219094001
0.33754664818252417
0.3405780299584972
0.30368018522582796
0.296421466534285
0.33201064593385204
0.3308235101936514
0.3347480517622789
0.33100630326659286
0.32860008443746536
0.327196043088979
0.33112567551112637
0.33013934381723914
0.32476573031391787
0.3401151264120358
0.3113751809624885
0.34083355817272926
0.3575686885885948
0.33913610606327643
0.31964019836071544
0.3175216475291412
0.3330560548794399
0.3336658048453177
0.33128604424015895
0.308478397607143
0.32391330715933153
0.35776624977176963
0.35948788032086487
0.320893049999997
0.3238082275474462
0.3289718075904068
0.3302400612848829
0.335815790795981
0.33995057232419457
0.30738352014791703
0.2936655890116104
0.32974577723297593
0.332922956557269
0.3311682641383003
0.331546674687515
0.3263921377136064
0.3275025046926788
0.32951222777540734
0.3256034570051878
0.32262096406941926
0.33574114705556557
0.309295661365407
0.33066098450869563
0.3374553446803078
0.3197553703418584
0.3155548678180128
0.3298413120114142
0.30465802174011203
0.3557474522422158
0.35870948435994676
0.32099288749999894
0.30699714010679147
0.30979406775025475
