0.08742111608180922
0.08831724038818213
0.08296416238787904
0.10420000393681235
0.13317078710696428
0.11126008246412422
0.08799072096086832
0.09271681367829113
0.10734707919860303
0.09257616874899917
0.09632856581193763
0.0946541704388897
0.11394006696965865
0.0976544653493879
0.08169934729343879
0.10039083413534848
0.09150042845179708
0.11256898072252541
0.08762460463063093
0.09919516144497945
0.0862496996380903
0.11018733859192022
0.1117337640143713
0.09999744825390974
0.10239035331746116
0.07394011257259404
0.11881857411680052
0.09452459173703588
0.11039945811091656
0.09583243534514521
0.08754756753089168
0.0886113159458615
0.08371711069892464
0.12321875033012794
0.14682729312391385
0.12098645116280754
0.11112660748027947
0.0946077977100239
0.09916533057529323
0.09921305516070572
0.09269337322309039
0.10655322687827987
0.08867587182745373
0.10966629892999372
0.06932567566397321
0.10436901158173467
0.07963712995137644
0.1015903612577864
0.09131023442510125
0.10630111768141273
0.0962310757340778
0.0886239833213936
0.09096924475669681
0.08738486456057178
0.1012601841042032
0.10661915178048692
0.10318782034961543
0.09454875822493461
0.09433734394315503
0.07935919875472253
0.13349421811593698
0.10421464928597317
0.08935638286876293
0.08604227235363214
0.08385615330548264
0.08341678226045035
0.11353708429928233
0.1316491230240093
0.1159461404392821
0.10197939457728705
0.08193248497616205
0.09388105927388529
0.11642597256888468
0.09307025193524517
0.08739279179887952
0.09399535782723976
0.10296377958387658
0.07016750663115742
0.09840350680879965
0.08089012955395937
0.10799865003325282
0.10711890624010582
0.09141691254044776
0.08530162732454966
0.08457743987667896
0.10081206663137302
0.0979269200150171
0.10026012435668168
0.09383675181531358
0.10205493162374638
0.07838001083287968
0.10880100814594464
0.10180113531411078
0.11046823287344551
0.09069190259303003
0.08551524514880515
0.11961643223652887
0.12677068885760784
0.11281622344437178
0.11664469106183323
0.08702178622268543
0.09858294511442244
0.1044273811645573
0.08958871930719214
0.09615347987946313
0.0923172517739915
0.07210651891335988
0.0787502429640888
0.10300886085071012
0.09440132167002713
0.10678526666222873
0.10487317328624057
0.0927707422106705
0.09356354820449565
0.08710967870046185
0.10102721841788558
0.10832301492195531
0.09230921924606465
0.09346468225546813
0.09575163460141224
0.07945644490171988
0.12513487154017253
0.09696174392047516
0.10463075967850066
0.0861802951194226
0.08495107416526973
0.08099823386655577
0.12257970991715181
0.11346467157303128
0.11305116947470344
0.11268048681333837
0.09572954140742843
0.09419100673382128
0.10043101897905952
0.10322921399968552
0.09099289379265388
0.0908149083653117
0.09496658338518452
0.06542016859494808
0.10862721308956985
0.08290819625803471
0.11123644331522664
0.09104563344718056
0.09028720538278795
0.08629306191280346
0.10267489531292148
0.07788565612235143
0.10209022872620922
0.11089263818369208
0.08663176806122566
0.1031948404605601
0.10255539278957874
0.07994063619531822
0.10661564691168304
0.10689680687154327
0.10440909827953655
0.0885767265844213
0.09358984094693701
0.09430775296393006
0.08151784308770518
0.08761286556450032
0.12398590215093827
0.10689279091358367
0.08973035678679318
0.11851329536578681
0.10356958617876974
0.09915488474347159
0.08692174198278813
0.11144787301112961
0.07194015185077453
0.09188725304889839
0.09150151118291354
0.09747816199272206
0.11952425319114415
0.08992131577447016
0.0899205934368687
0.11009415067560233
0.08893269774195231
0.09715510909798766
0.1023183262437197
0.09858315809892272
0.11073323532138273
0.08263154840796597
0.10581742157825091
0.11447696089985074
0.0965130464124057
0.08983964398723086
0.08294662894627088
0.10569189261291399
0.1353402050228677
0.1133737440195576
0.11569326224277633
0.08480360334592818
0.09640276049900698
0.1390151805801
0.09649945606554454
0.09336513254814925
0.08533233607372276
0.07068034518154405
0.11321153230564496
0.08583131715831133
0.10372466324926055
0.09730538966170953
0.10385515539776524
0.0990952471093518
0.09016814641903284
0.08724874816044065
0.08307001582472069
0.10224096026440938
0.09402514819599467
0.07738897754902001
0.09821296280696279
0.0983742225133736
0.07436405077319438
0.11099919406941519
0.10965230633086107
0.09111062835902978
0.10554026031789276
0.08478502219226526
0.09400189340729184
0.13304346547354715
0.10284281342851803
0.14554037266065695
0.09201153826817135
0.14462263449969082
0.10406162401820795
0.09178069741995207
0.09922544202791789
0.08995690091638697
0.07183287009441112
0.10967761793819628
0.10833743345086957
0.09375154488592675
0.13296287088824826
0.08596464169266833
0.0825994979659459
0.11460438228517807
0.12809561978725348
0.09545683398627644
0.10051020007847229
0.08215419776069464
0.15147955415381414
0.11192679997682228
