1.324082701447663
1.3264259606599826
1.3249576264401666
1.2412231327711682
1.2512027225908353
1.3635491504876913
1.354749070832239
1.3271888633677322
1.3323718889902008
1.3258139279020649
1.3277814251627877
1.3272190677655074
1.3354087292708747
1.331375395581946
1.2325424446385713
1.3597685264430408
1.3617103385284963
1.36554067711226
1.2346913341903794
1.3296926176349173
1.3246001190229926
1.334217189338189
1.2449039585324968
1.241424861648829
1.3670033716531451
1.2288103660044842
1.2486971817117374
1.2369741416504807
1.3340836686372324
1.3277509736017117
1.3260123923671208
1.3276315862161319
1.3251897246707187
1.2496863893766659
1.2574503589345076
1.3393811760377505
1.363546861287386
1.3575245294906397
1.3299748211544977
1.3288757535734042
1.3258643209644543
1.3324152958437971
1.3245605636763602
1.33353698094948
1.3145154832562769
1.33432736660516
1.2315772203672897
1.3603497280439272
1.361547257979705
1.3626539684609227
1.3254920108773658
1.2335256761660707
1.325956989854736
1.3252122913710493
1.330145814602737
1.2427618649587815
1.330220952879736
1.362700214030827
1.3633009609644315
1.3183251508354288
1.2551039327722275
1.3313138859271945
1.3251201381592594
1.325354131797263
1.325550505464951
1.3250698100836908
1.245420490892689
1.2508344718612188
1.3661483010166389
1.3594511224390582
1.3520314121090804
1.3276580975434362
1.336478917638375
1.325867392239088
1.3237641716966648
1.3269938122321856
1.3306381981885278
1.3147759790316709
1.3607137302724868
1.2321757047751982
1.3635801767840139
1.2433370499526806
1.3221861433096784
1.3235851656959614
1.3238620761579951
1.3300158693645876
1.2386580964856053
1.2414934665924695
1.3623470897245002
1.366839217338032
1.3180370603701688
1.2441539519806766
1.2401115105706337
1.3340666683362876
1.3273940302526046
1.3262299328246634
1.2482292170466553
1.2485565047571894
1.3646350386102486
1.3658829725508692
1.354191451525772
1.3297085456634958
1.3311061770626718
1.3244175012751158
1.3277068779377155
1.326330041542177
1.3155381543020996
1.2311424129460056
1.3317824457563705
1.3628636736867898
1.3629256139462893
1.242141965522042
1.235506047588975
1.3271501743443133
1.3251207454081164
1.3299589691597253
1.243477395679376
1.3252807761322922
1.3621504662637753
1.363994513550649
1.3183999338452088
1.2516138175555969
1.2378182429425484
1.3315732738920192
1.3244199129070007
1.3268620953988388
1.3251929904208628
1.2503697099171518
1.3309416755152126
1.3660272312972648
1.3654603212826664
1.3592063210684453
1.3284542399240933
1.3304191600997235
1.3313712905024178
1.326619660993408
1.3265830121744369
1.3279469162142312
1.31366834377743
1.337159821785222
1.2343345598943982
1.3663141208584129
1.3620942430728489
1.3566905387161212
1.3209036146766227
1.3325568695618486
1.32196070549694
1.3317700316818744
1.2457808524694063
1.3233805549219946
1.3674975852438664
1.3678968436476129
1.3192547515034694
1.243810408816445
1.2145472881549657
1.3323751999744518
1.3256688743076195
1.329564786480706
1.3309223653454136
1.32540618137644
1.2352666395301917
1.3352465718817328
1.362495093508835
1.3566052348355737
1.3684421910713083
1.3313039611787698
1.3298940830776727
1.3246156057724037
1.3349358597551229
1.3161746955210394
1.3253518199780323
1.3275015111829136
1.3650831938398555
1.36951685922525
1.3233111462829448
1.3226098043869492
1.335485649557034
1.3268786958133119
1.3291910372417002
1.3306892420283492
1.3652109256069214
1.3714351675008245
1.3206109416535299
1.3303341175360717
1.3369179057817404
1.328938693380347
1.3281361329339147
1.325914621186814
1.2424402259462473
1.2536009429363537
1.3370579545458734
1.337759091606137
1.325120504754379
1.3292363111291678
1.3475067703793404
1.3282208813316252
1.327919413218935
1.3240753004264434
1.3160706340567745
1.3392371050280742
1.2357508023377186
1.3629982831587626
1.3647939200131471
1.3625847651943612
1.3272757204821328
1.3227196338332203
1.3257372366489293
1.3240493972680196
1.3319087724064482
1.2385878429779817
1.3188154642327121
1.3652521639619193
1.3658020656506284
1.3166320920103078
1.3337241494606973
1.334559860477718
1.3266714074053696
1.334633390917947
1.3265573910643942
1.2382733748887733
1.251814648269246
1.331748410755168
1.3793856535595332
1.3273296459353818
1.3508174694130612
1.3313585378174275
1.3262087834901672
1.3300758152833545
1.3248706940198354
1.3159870989501326
1.3364514821546332
1.245175876357444
1.3279620712017162
1.3750546494726403
1.32147188806948
1.3188094623787574
1.3370023121299164
1.2526690592776992
1.3634664407278494
1.3665351679126394
1.3201221121991973
1.263711674098026
1.2469095965869919
