0.38913266965192755
0.34545920747913256
0.3316669699078105
0.35371998127263604
0.3850389027270744
0.3825448259015592
0.39892942786288343
0.2755592857741494
0.3222868674119853
0.38920682345746976
0.3557819800819991
0.3204851631103475
0.43187779415385186
0.3704850345998697
0.42484301449310924
0.3873074857903879
0.3564716056613557
0.3891398992063416
0.42919574061468646
0.3919636143052379
0.3682491265296576
0.39175639355451697
0.3725513495115461
0.31212554194076303
0.3053483962759965
0.32644227260589564
0.3693330143958671
0.3731113348931523
0.34182030163672195
0.364516418956485
0.3593233426633997
0.3648816155204624
0.38297889009127417
0.3195460028377465
0.37597008950932587
0.3810077412560574
0.32842569374557545
0.4037003972634514
0.3176902580853823
0.3668151587224935
0.3251940359184238
