0.4030190408108181
0.3870715866899841
0.41145367079163786
0.4002206717206277
0.35614500101279745
0.35215633377732136
0.3265130619783852
0.36213331046039454
0.3095931093900651
0.40457711499017956
0.33309721919325763
0.33643124443918904
0.310796157160066
0.31944812325523353
0.4136614381381536
0.3690824967936679
0.43082943682404073
0.3376933025223716
0.45036694394392474
0.3917195856037735
0.4145571139316739
0.35168620670453854
0.36846851908535877
0.36890396472775
0.38996083360859457
0.3867191940304785
0.33263458976371724
0.415666211169205
0.41490598747993823
0.34635209728196376
0.37773599428706495
0.4316199660718756
0.4481798367116876
0.4033194107583933
0.3676538717623197
0.4141496309571656
0.3729863430189394
0.36926465867992697
0.3946766083966778
0.398970591914365
0.3586454127597659
0.3194994969772049
0.44637460252254213
0.34786077603508203
0.4631210805143421
0.37390543229595086
0.4070248435658582
0.4332492834033186
0.44751876801237944
0.35410216997721466
0.35961124780008646
0.34346718011472555
0.3228597521656642
0.41770752217463136
0.39058633556144673
0.32661591458488626
0.3575591666469183
0.3433202357329682
0.3825118471065291
0.40285418005254836
0.39081093350605245
0.4123632733142045
0.3245979052630944
0.3674632064163825
0.3916692163091369
0.36235623714391785
0.3519586370825597
0.35239381538482767
0.37630115994411595
0.3529182238810066
0.3692920462522784
0.37496261919531126
0.4159471950217638
0.3812271212520342
0.4131791978846736
0.438355258774658
0.36278611223884716
0.3908168071070828
0.4159381046807674
0.3963093002849448
0.40280470076392166
0.3734593517898602
0.41713490678826637
0.3880882645913699
0.37901754841848145
0.4401595817098452
0.364367884053374
0.36234638294323124
0.39443802484078205
0.3885881560464318
0.3760349065270539
0.40866888322798567
0.3652312934925439
0.3366476001991169
0.329790038620824
0.39358363715263855
0.4313695827211689
0.4328673899808728
0.35788563245586524
0.3324406833631969
0.3909744627105991
0.4187447725287665
0.42112032487546736
0.39415292818810865
0.3641889986139517
0.3415565819805
0.34695154611014767
0.3094208529694401
0.3622218776274859
0.3797311959318211
0.30815009452458064
0.3658106406926509
0.33370149944451677
0.31996797250016595
0.444547891133768
0.4430281908566067
0.342961136284196
0.391447328216621
0.47559646037876724
0.46830181011592753
0.36288742018863085
0.4374921708198801
0.38700819789307084
0.40408337337340317
0.3552981819979494
0.3767409065820121
0.3612819552210601
0.4057044639586682
0.3950727832502481
0.41609117944387297
0.3168603818037016
0.47060605629570507
0.36626783581958544
0.4059308598501534
0.37667254045583454
0.5376204018510838
0.45699316318166827
0.31990934589254905
0.35920678164364095
0.35738349998393215
0.4209986133621143
0.39506743157879354
0.37258851485443345
0.3748733170390688
0.394661676520888
0.4271397300456289
0.31566397707391153
0.3279411430054344
0.41860144799022436
0.35424642265599393
0.4183141200582101
0.37974814719572614
0.3544335512674633
0.4221631506651601
0.3590570801442051
0.3404888338239989
0.3334498557914488
0.3858606159770347
0.35614387534009173
0.3520788653472495
0.38471711036601947
0.3507748094983934
0.40427629443198165
0.3756508772283237
0.41984850114086747
0.3453139447200465
0.3935611834030244
0.3761310354554094
0.36808563587356924
0.404889702431133
0.37002624930253347
0.37201593750888995
0.44371057444436934
0.4276299955814009
0.39998880153947086
0.3799416860964484
0.3487029510541634
0.3616897475129315
0.3970880390554285
0.4635450652000357
0.4060475828009249
0.38539210912481603
0.3942201608960215
0.3962858267870981
0.3998826427814942
0.2992492136954342
0.3335933385695299
0.4055330019894391
0.4060931225166282
0.4191690647935431
0.3111260465687212
0.33147846804044456
0.37126522119271865
0.41595086083469246
0.3924717872289011
0.43538506431153823
0.34330986535395436
0.38555519595520427
0.35254674302431466
0.37188357922913284
0.40606241029285806
0.3269178252205047
0.40003835748943806
0.39789304049415875
0.37267630333321433
0.350526723946214
0.33903582457474624
0.33192719398804127
0.39400970991950673
0.43805936528347433
0.35791998078679954
0.382471858509802
0.3899093369347955
0.35477450526645776
0.4732712858803173
0.38247940147816617
0.4723480443399186
0.4053459878339488
0.4020446815718919
0.42803844685256065
0.36810880947600644
0.3620627259527649
0.3454902827265742
0.38144231285787233
0.36526933083026303
0.45454722677167414
0.38181199590003534
0.37960457681689175
0.35545906573336566
0.3941785828938371
0.3525358188097002
0.4010700467775695
0.3559544115910453
0.29997170177179777
0.33383596941190546
0.3503864359351271
0.37786511812997137
0.4235918565740838
0.3686250403232607
0.3820989812604517
0.4030495513959905
0.3928264359985231
0.36122935109680443
0.3393925194141934
0.3894375982648869
0.3821968460024515
0.33124775408541274
0.4229416101322456
0.35155133983109677
0.38065939406175187
0.30482689386841966
0.42453167632994626
0.41459856884864266
0.2893560918518431
0.37708226556819757
0.3328799176833599
0.3440589672342081
0.3667052461453081
0.3930024109252879
0.38847108308623424
0.3668219066505914
0.33767709520414785
0.33979975177111366
0.39007901868890715
0.34499042943139135
0.352654301286941
0.36516752637538197
0.36675311069788763
0.33660317104074433
0.3772527945495072
0.33686213508341367
0.4459909287743852
0.38151921347208667
0.4060683759378726
0.3968971221116737
0.373742376285484
0.4415969231218939
0.36613342764189805
0.3606548538240149
0.407012023285002
0.32266863501603865
0.3940773070035609
0.4200516937815418
0.45312136782588547
0.37303124661272824
0.3746935686088386
0.36300549933536275
0.3335052117082482
0.2960657483129425
0.41591674349064545
0.4045975672612616
0.46190028939507705
0.4141882550547513
0.32705234680308437
0.35618556751739217
0.33319522309628946
