0.31187507926940916
0.2815731198120117
0.33492090266418456
0.4810816522064209
0.3630716408538818
0.3245406956787109
0.29543968772888185
0.25014854067993164
0.2647949330596924
0.3926344420471191
0.3542528031921387
0.247736904006958
0.3170571997375488
0.24413090885925293
0.29718949841308595
0.5263799290313721
0.32098428842163085
0.26095187077331544
0.30340182194519044
0.3046230450592041
0.3496996568908691
0.37968054679870605
0.40167961921691897
0.32318155601501464
0.7387580547332764
0.5082103746032715
0.4249835592498779
0.5888161822357177
0.41302734675598146
0.26731993157958983
0.42906745266723634
0.4496665646972656
0.32128349771118164
0.2821479310150147
0.34566893322753905
0.44124275749206543
0.5193073313598633
0.3126969512634277
0.3411934199371338
0.3855042496948242
0.30381272459411623
0.2602308726196289
0.41106213107299805
0.3033678602752686
0.3225766689147949
0.3217979407196045
0.35307657011413573
0.22019269589233398
0.28047121221923826
0.3581359896697998
0.30010231327819825
0.2937532728424072
0.1931679974822998
0.2020866015472412
0.2811166983795166
0.3981460793304443
0.27316369635009763
0.2516344591217041
0.2755291576843262
0.30563626728820803
0.3108725878448486
0.28842643908691407
0.398050000579834
0.3156468531951904
0.3122312494659424
0.30170338789367673
0.29334637939453123
0.33289700688171386
0.31378436558532713
0.22801245588684083
0.5348962530517578
0.4203651282043457
0.48444425067138674
0.35621283433532713
0.34716824702453614
0.3119373188934326
0.3279146224822998
0.21555155517578126
0.2559945654449463
0.47941465983581544
0.47311270887756346
0.22436873069763183
0.20931967770385743
0.2872798977203369
0.2440068317565918
0.1965453955383301
0.30418156130981444
0.19606473010253905
0.4365505336456299
0.3565553479766846
0.2290257472229004
0.2874272391967773
0.334863589553833
0.3907613825378418
0.21620229891967774
0.46103319203186033
0.37692927667236326
0.28150040411376953
0.6949780058441162
0.31554245301818845
0.3382821277923584
0.33591596116638184
0.42487680236816405
0.653747061706543
0.2137279174194336
0.3033131561889648
0.3445046210784912
0.20528995404052736
0.41544583766174314
0.35909834211730957
0.3484413954467773
0.4833800172729492
0.33921740434265135
0.7490395045166016
0.3802897625579834
0.48270161938476563
0.5164816913909912
0.41706785916137695
0.47223283808898925
0.6537359690551758
0.5724409939575196
0.8003385589294434
0.3930396821136475
0.24634989094543458
0.19349942526245117
0.3871141070251465
0.4885005410919189
0.26242564782714844
0.3986015390930176
0.253553926361084
0.2844859957885742
0.6028896239929199
0.47813641197204587
0.3445236154937744
0.8471064830322266
0.27481900938415527
0.2734740154876709
0.6562544883270264
0.37636248933410643
0.7886432134857178
0.30254410371398927
0.7212315399627686
0.80233313722229
0.6616706388092041
0.5015455617370606
0.30711265895080564
0.2664906642303467
0.587429218673706
0.7902907557373047
0.9738624099121094
0.3386473127746582
0.2534196707458496
0.22373072937011718
0.474510509475708
0.37966892419433595
0.3772203709716797
0.3562272648468018
0.6823778347320557
0.4382189385681152
0.5365338328704834
0.3809192770843506
0.2955419884643555
0.22018875021362305
0.5748086621704102
0.37836355531311033
0.3224205307006836
0.3536817363739014
0.29751105235290526
0.6035610817871093
0.4138005033721924
0.45826880767822264
0.5043648015289307
0.508306436920166
0.27450780085754395
0.36687977421569823
0.20600340187072755
0.22666709259033202
0.2914896477813721
0.1922565368347168
0.3245596074066162
0.4164874680633545
0.29926075559997556
0.35469738911437987
0.4378344880065918
0.2413918376159668
0.20229925733947754
0.3284150890350342
0.5376783989868164
0.23191880412292482
0.2751766947479248
0.4026774628448486
0.3383302815551758
0.30418321786499025
0.3131307428588867
0.54116326512146
0.7704048351593018
0.47990052656555177
0.5052273672027587
0.21553315499877929
0.4103200370941162
0.3633418932952881
0.36179990815734864
0.3550922985534668
0.2973110587005615
0.5555167044677735
0.533673928527832
0.6678722371215821
0.775632970413208
0.35036412026977537
0.3254778184661865
0.48990564921569824
0.37459150901794436
0.23400203897094726
0.3338536145019531
0.33564042791748044
0.5190869634857178
0.8667365840911865
0.547060443649292
0.49762716596984863
0.598061316696167
0.44765170527648923
0.19318328343200683
0.511654735534668
0.5055033237304688
0.5491287971038818
0.31505264181518555
0.37147818051147463
0.26072469061279296
0.5471349228973389
0.6490169828643799
0.722616082977295
0.49725913233947755
0.3374562717895508
0.7399963385162354
0.6423326863708496
0.3619444892578125
0.33757416358947756
0.34568750950622557
0.2102178468170166
0.2620069576416016
0.2444648745880127
0.3314489666595459
0.6170711847991943
0.37388599449157717
0.5716724263153076
0.32839826075744627
0.3023246591796875
0.28438224855041505
0.5992548117370605
0.24478571644592284
0.5373203621826171
0.46782935316467283
0.33497001809692384
0.3655108741760254
0.48221276864624024
0.3391820393218994
0.5807111266479492
0.37032235998535157
0.6789869538116455
0.2565348862304688
0.6161718303833008
0.3855372800292969
0.2983726359863281
0.2754701441040039
0.6136011221923828
0.37809740910339357
0.5251188145599365
0.4029260216064453
0.27449311714172364
0.32250424836730957
0.28124470079040526
0.612066355102539
0.33722048260498044
0.30335553479003907
0.5792020544433594
0.5203271446533203
0.40657007107543947
0.7829329359588623
0.5551723306884766
0.2782404290161133
0.3491076296081543
0.2862323767242432
0.3380881748809814
0.49899516906738284
0.47347687590026855
0.3946596880645752
0.4350865242004395
0.31414623669433595
0.34816870690917967
0.48322155039978026
0.8562223722839355
0.9355543070373535
0.8318535030822753
0.28381241938781737
0.5933350865020752
0.3421048997497559
0.2264734831237793
0.28337160818481444
0.28602786111450196
0.32879459950256346
0.6053020154571533
0.35460139393615725
0.6061500795440674
0.3707356164855957
0.6041736605987549
0.3989649489135742
0.2721304365539551
0.20993472218322753
0.2709137605895996
0.40197702980041505
0.2192441629638672
0.2531996463165283
0.5853158300628662
0.5165352892456054
0.2845958648071289
0.3258761572113037
0.284793761428833
0.5841411417236329
0.4825551692657471
0.28401848849487304
0.28496709173583984
0.6007430964050293
0.6322614167480469
0.20821766432189942
0.24793221197509765
0.599770218826294
0.454566181930542
0.32521444183349607
0.44351953631591795
0.44559619367980957
0.3495338293762207
0.30959887913513184
0.45297565325927736
0.3551446060791016
0.6783622907867431
0.5174839635620118
0.9157582993927001
0.7060174685668945
0.32472495808410645
0.8546716806488037
0.6294448842163086
0.5503273680419922
0.3054868307495117
0.6214208741912842
0.340062895324707
0.31999822871398925
0.21537385305786133
0.5505908173980713
0.49652529835510256
0.7017650675354004
0.24481886068725586
0.3538293909606934
0.6943489909362793
0.44375557749938965
0.3349967469329834
0.26067371536254885
0.4581657916870117
0.3337382933959961
0.2689898017272949
0.26779807385253906
0.2172309472808838
0.18539719477844238
0.2581188082885742
0.6768379146728516
0.42495708799743653
0.23908890382385253
0.3675173721923828
0.2950051704711914
0.3416735102996826
0.2892397483825684
0.27171741333007815
0.2680717604217529
0.2766396427612305
0.2767224407043457
0.288749862487793
0.2971983706054688
0.29109811497497556
0.2859757900390625
0.28508072595214845
0.2782525975646973
0.21143518612670897
0.27432977249145507
0.29145279792785644
0.27170552273559573
0.2994897967834473
0.30557319259643556
0.29877234216308596
0.23421020555114747
0.27053445021057126
0.32048071640014647
0.33208703468322753
0.27024880438232424
0.28925762495422364
0.3162783090209961
0.2760054593048096
0.2148578737487793
0.2566569984893799
0.3209030699310303
0.28780430557250974
0.31665255587768554
0.32844772325134275
0.2917715308227539
0.30424884967041016
0.2658860223388672
0.3794958502655029
0.2919090316467285
0.30353708435058596
0.3828070673980713
0.37516373397827146
0.20371585467529296
0.2856835136108398
0.2927593916473389
0.21356450004577637
0.273855531539917
0.31585850340270993
0.3202952822723389
0.2011638122406006
0.26910335807800295
0.3512515777435303
0.33209367207336427
0.2741857696380615
0.2877621733856201
0.2075366549987793
0.18657105046081543
0.29060744274902345
0.23840655346679687
0.16820276675415038
0.26158780419921873
0.22032894033813477
0.21047755813598631
0.2781163826904297
0.2064488073120117
0.2664064437713623
0.27725832418823243
0.2154641142578125
0.25502172499084474
0.27344160534667966
0.30669978466796877
0.3110194776763916
0.27929094442749025
0.2906019758758545
0.31023263284301755
0.27948805307006835
0.29910793487548826
0.2730426160736084
0.2796802523956299
0.2651635541381836
0.27943794366455077
0.27869952375793455
0.27998986985778807
0.3077355089263916
0.2063749630432129
0.33668340341186526
0.2677350047454834
0.3071694241485596
0.16470864741516114
0.2608064194488525
0.27403906072998047
0.2945616420440674
0.2062397074279785
0.20251826577758789
0.2641572392578125
0.27648580407714846
0.23161062516784667
0.2094657707977295
0.19236716667175294
0.21852634573364257
0.26661774932861326
0.26264056602478025
0.22466792926025392
0.264023008392334
0.28990799688720703
0.26358918240356444
0.20988924731445313
0.260362613067627
0.24664622607421874
0.2128420941619873
0.25865666023254397
0.2689781327972412
0.28562379277038574
0.31838212890625
0.24319310914611816
0.1914644843597412
0.32365331968688965
0.4791384313812256
0.41464338621520996
0.4017643572540283
0.4281153378753662
0.4869000914916992
0.4022235478210449
0.4340787931518555
0.43820214303588867
0.3355513017578125
0.23489431913757325
0.27288689916992187
0.27882666076660156
0.3133703739013672
0.34158903860473633
0.28447705448913574
0.3049347403869629
0.1737978325805664
0.26854500968933104
0.22388496702575683
0.29466374028015135
0.286755082901001
0.2970419903564453
0.5062835615081787
0.4516893702392578
0.5584852463226319
0.5106771063385009
0.32068210902404787
0.2803229961395264
0.3333795784606934
0.41683047332763673
0.27803927043151855
0.41086150244140623
0.3447753947143555
0.31566172900390627
0.24539324378967284
0.2511879011230469
0.28386703958129883
0.29743955952453616
0.1624347376098633
0.26007980909729006
0.29768781919860837
0.2688694638671875
0.30244703822326663
0.28365844052124023
0.21303646083068847
0.3460749996032715
0.3173890820159912
0.4129960891723633
0.3677527276916504
0.4484281171875
0.33484585786437987
0.36168698043823244
0.21207589471435548
0.2545565332183838
0.29479675309753417
0.23693474925231933
0.2874085974273682
0.21361701445007325
0.2604321102752686
0.3019799003295898
0.26118056730651856
0.26814604833984373
0.2251898059539795
0.19633312754821777
0.253353370010376
0.2818802109375
0.29019562355041506
0.2384258949432373
0.2620774349212647
0.29158728079223634
0.2168155849914551
0.24982393438720704
0.25757746592712405
0.2712666632385254
0.25748402742004395
0.27929551150512694
0.26305072143554686
0.16038455587768555
0.24586050225830078
0.2767318472290039
0.30096932304382323
0.2631703396606445
0.28190481076049806
0.2664782516784668
0.2827631763458252
0.36362753036499024
0.32229944560241697
0.5079376608734131
0.3061282637939453
0.6322281839141846
0.4345788000640869
0.5112670106353759
0.3798181111450195
0.3755018874206543
0.3036474350280762
0.420232420501709
0.27864730406188964
0.3362039991760254
0.3191138571014404
0.27555761097717285
0.33012114810180665
0.30346991580200194
0.2823023403930664
0.28574850244140626
0.19900408653259277
0.2812420738067627
0.2712837794342041
0.3151104021911621
0.30285252590942385
0.20617153329467774
0.2829531508331299
0.13015978172302245
0.2305780949707031
0.34664505601501466
0.2735970227203369
0.3007770582275391
0.3017324150543213
0.20896024313354492
0.27469986120605466
0.3391991659240723
0.2630206355743408
0.2638688825531006
0.21005477409362794
0.19705449948120118
0.25477055841064455
0.13832359210205078
0.2533421327972412
0.31578801374816895
0.2910973417816162
0.3261229854888916
0.2807640908813477
0.28628663233947754
0.29200070539855955
0.30853504623413086
0.3276103145141602
0.27848514712524414
0.3048807064361572
0.16422551313781739
0.2931266489105225
0.20784586111450196
0.2657348989105225
0.2638522754974365
0.20398501008605957
0.2869831660308838
0.28146308782958984
0.27789653118896485
0.29394939988708496
0.2683545280303955
0.21172262628173827
0.26187000593566895
0.2682065367889404
0.3006667235412598
0.2979182014160156
0.2967563086090088
0.29278692401123046
0.21428024740600585
0.19063023179626465
0.3895044206237793
0.540246671081543
0.19439227809143067
0.24357212240600587
0.395646354385376
0.3167261074066162
0.29720734103393553
0.3951021098175049
0.3056137904510498
0.38637714961242675
0.4393209160308838
0.30684631506347654
0.3971526761779785
0.402559228805542
0.43579307585144045
0.2881088779144287
0.4243246326141357
0.4049014788818359
0.3727699595336914
0.30443156536865235
0.2967198305664063
0.27109774066162107
0.17085169540405273
0.2729347669830322
0.1367086959991455
0.2746146259613037
0.28399907156372073
0.3315264459075928
0.28504231340026853
0.2953515000152588
0.32340692947387695
0.2941244973602295
0.2521363110656738
0.2801838727111816
0.31345753007507327
0.3054519493560791
0.31310019932556155
0.2992166889038086
0.2864794870147705
0.2922579430541992
0.2778865035858154
0.2994808035736084
0.21828552818298338
0.1304304411315918
0.205074847366333
0.20530857106018066
0.288909701171875
0.283529991607666
0.2615800709838867
0.2273018215484619
0.21079180740356446
0.27362780467224124
0.29227183561706543
0.2797432152709961
0.31077566571044923
0.25511501893615723
0.22998131092834473
0.3465381790008545
0.2741874329833984
0.2791101923675537
0.29147721726989745
0.2136562077484131
0.28702528704833985
0.25491177449035646
0.22684933824157716
0.33492865866088867
0.29946320692443845
0.2962459402923584
0.26929574588012695
0.2894436773071289
0.2661476082611084
0.208695054977417
0.2566039170074463
0.28325838410949705
0.28171843927001955
0.28816291427612306
0.13240273905944824
0.2532181551361084
0.3228621294403076
0.2929797255706787
0.31749598936462403
0.23255928469848633
0.22689845126342773
0.2646521542816162
0.3105260038909912
0.2531153028717041
0.2925837845916748
0.21584797058105468
0.2878363802642822
0.163172663482666
0.26237928160095214
0.2151535227508545
0.26960695999145506
0.2698350950317383
0.26903903576660154
0.21061676863098144
0.26950873394775393
0.2957279222106934
0.2705011371002197
0.2792263417510986
0.2743600084991455
0.2597733146209717
0.2769170725097656
0.248863638671875
0.26409102755737307
0.2845533955230713
0.26985310061645507
0.28573903918457033
0.28935427713012696
0.24471802879333496
0.2799329081878662
0.22485705827331542
0.2310341601409912
0.27990791618347166
0.27083195027160645
0.16050731549072267
0.25346571948242186
0.2871981473083496
0.2729270405578613
0.2738027056732178
0.2790173628845215
0.21252167196655272
0.2650746184234619
0.24098611030578612
0.2089129455718994
0.2631089566802979
0.2672872095336914
0.288235698638916
0.3277445250091553
0.27493738481140134
0.2888460681610107
0.283180780670166
0.2882965392913818
0.13688784899902343
0.2100510408782959
0.32639139334106443
0.22123112423706054
0.26690165953063966
0.27569771524047854
0.3269699956970215
0.2736343494110107
0.2760724437561035
0.23814625787353516
0.20784414585876465
0.27066538833618164
0.28873825105285644
0.2816977819519043
0.25507112954711914
0.2757682340240479
0.22662012533569337
0.2654718373565674
0.16145318869018555
0.26126378897094726
0.2817483291015625
0.2746465684661865
0.2895356629638672
0.27771276358032226
0.27870422816467283
0.29510659101867676
0.2777266449737549
0.16043887216186523
0.2564219708862305
0.2730554159851074
0.29275873750305176
0.32014769438171387
0.30208596823120115
0.2960104222717285
0.38816255891418455
0.4333449679260254
0.4717003882904053
0.4906658147125244
0.547173501586914
0.6491893335418701
0.6459652126770019
0.30657905462646484
0.32182450900268555
0.32423314250183105
0.32421355143737796
0.33239005111694336
0.33433788217163085
0.348534048828125
0.360484221786499
0.3716871082305908
0.27549154986572266
0.29067363484191894
0.2887388329162598
0.2818264445343018
0.2860440691986084
0.2937368571166992
0.2824347948913574
0.20603579963684082
0.31150555084228515
0.2854596904754639
0.2729644982299805
0.26987882627868653
0.20192031394958496
0.2698033334503174
0.26940326028442385
0.2144964683074951
0.1314133618621826
0.23184512719726563
0.29254830293273926
0.28169242492675783
0.2791180669708252
0.20698169999694824
0.25558242558288574
0.2756947955169678
0.2708230361328125
0.2730363944091797
0.2055809513092041
0.1994659959716797
0.2519403309936523
0.26715326461791994
0.1340362565612793
0.25956321353149414
0.28840434523010255
0.2760038714141846
0.2774706161651611
0.27192639778137206
0.26630075205993653
0.2782642529144287
0.28323151191711426
0.2773425594329834
0.28967709150695803
0.16240943928527832
0.28193625605773925
0.29803649295043944
0.287556311920166
0.2092462991027832
0.18946160215759278
0.27983465377807615
0.27213417218017577
0.26767775033569335
0.21232024221801757
0.2683052432861328
0.2732761780090332
0.2847858417053223
0.2821825029144287
0.27854226693725587
0.2784533899230957
0.20540418370056152
0.2555459327545166
0.2828166500091553
0.13382147537231445
0.19291252020263672
0.16317878088378907
0.26832711668396
0.21366351121520996
0.19732682540893554
0.2648180936126709
0.2005660018005371
0.27313814602661135
0.2943299690551758
0.24322487434387208
0.3106871580963135
0.3085608936767578
0.2982834586791992
0.3176244314880371
0.3044566883544922
0.29612492309570315
0.30956269821166993
0.313539967376709
0.29012007322692873
0.2998359466094971
0.16421981704711913
0.27167297679138186
0.29639322985839844
0.29819225497436525
0.2979621766662598
0.29873113528442385
0.25742834928894043
0.29557152082824706
0.24379309689331055
0.41846137019348145
0.43681096504211425
0.4212481299743652
0.445069062576294
0.2168208968963623
0.5158695059661865
0.5309955094604493
0.4079372762298584
0.39267449154663087
0.3841593652038574
0.2390095531463623
0.15480768772888184
0.2795547923126221
0.28799229922485353
0.34925215200805665
0.31772956050109863
0.28330375274658204
0.23028158615112304
0.24517923655700682
0.3057866834564209
0.3464177448730469
0.3265432264404297
0.2578937954711914
0.32246921200561524
0.340611862701416
0.3575155886077881
0.35210495570373535
0.312406620513916
0.2874001477508545
0.23359293984985352
0.2561654392852783
0.24384319075012206
0.2995093934326172
0.2946963189697266
0.2986795849609375
0.2898882772521973
0.33331973780822755
0.29860829660034177
0.293820713760376
0.22685823321533202
0.2775464005279541
0.28918876831054685
0.287675845489502
0.13039514839172364
0.2560776469268799
0.3286694552612305
0.35598349044799804
0.30135554876708986
0.24005831059265137
0.22377436117553712
0.3044897530822754
0.28704723513793945
0.22272316807556153
0.2524890247955322
0.3048196836547852
0.3167413074951172
0.30120491455078124
0.22779478092956543
0.3009366301269531
0.3138252833404541
0.1652528520050049
0.2794097998657227
0.34256890184020994
0.3020606982727051
0.31447491285705564
0.29827935244750975
0.3043286000823975
0.30052630178833006
0.31835831661987307
0.30329822967529296
0.2896504417419434
0.2971784620513916
0.2743741554718018
0.29039892231750486
0.31569609523010256
0.28999208877563476
0.321126228515625
0.31102061424255373
0.2688676727142334
0.3056995748138428
0.2640949744415283
0.25712561080932617
0.31131140342712404
0.16809199114990234
0.2814436301574707
0.3793495111999512
0.35855421900939943
0.37685977825927736
0.3216330069732666
0.3268188235321045
0.258173426071167
0.3274521491394043
0.29386443701171877
0.2780370659637451
0.3172823403625488
0.13306774838256835
0.29927555113220217
0.3368241734313965
0.28889728861999514
0.3022424331359863
0.3073356458129883
0.33261487983703614
0.2437931975402832
0.2187961089630127
0.30420811404418946
0.13085739448547362
0.26625793615722654
0.24705721896362304
0.2800558882598877
0.29686739129638673
0.3108158985443115
0.28766164660644533
0.2873888618011475
0.28039421780395507
0.24978847792053221
0.22969870584106444
0.2794831648864746
0.29670873112487794
0.2856142931518555
0.2610493895568848
0.301861484161377
0.31162869902038576
0.292393015335083
0.2317830333404541
0.26911415798950195
0.163236314453125
0.2668260085601807
0.28942106269836426
0.2864122134399414
0.2795101820831299
0.28518772836303713
0.29473476426696776
0.164546150970459
0.2797081881103516
0.27670408126831053
0.3000295932006836
0.2873420990142822
0.28995141864013674
0.27721936251831053
0.30454868759155274
0.2901246594696045
0.28650777975463865
0.28929511778259276
0.2812266297149658
0.24255398362731934
0.31804162326049806
0.30206182366943357
0.2927489623413086
0.2762479266204834
0.2842279613952637
0.2654507219238281
0.28827953929138184
0.26525725340270995
0.28217670059204103
0.2727947250366211
0.2618373246307373
0.2886296260375977
0.2939109941253662
0.2641475882873535
0.2080535440673828
0.26944751348876955
0.28178027598571775
0.2831014607696533
0.20669163362121581
0.2833568929290772
0.2605088099822998
0.22719917857360838
0.1298923835144043
0.23809708253479003
0.353459477142334
0.3160763920288086
0.2902215468902588
0.2739349081726074
0.28842491033935547
0.29408627252197267
0.28411295098876954
0.2104348225097656
0.20594595657348633
0.2562053058929443
0.37423296942138673
0.13301594485473633
0.27977698922729494
0.3061450717010498
0.35551424829101563
0.30124000161743164
0.3042648317108154
0.4076341264038086
0.3278114595184326
0.43612069692993166
0.4214318480834961
0.5484784659118652
0.2686231083679199
0.457006156463623
0.27147118322753905
0.38842062966918944
0.3178944430999756
0.2350127508544922
0.20579358793640137
0.2917921953735352
0.3618983039550781
0.3640656270751953
0.2748258580322266
0.24975990481567384
0.2755047419586182
0.29065711726379395
0.2883476231842041
0.28290105018615724
0.2915196501922607
0.29771740423583987
0.20342352075195314
0.19660080250549317
0.2710327190856934
0.2770800525817871
0.13517631550598144
0.17246059468078614
0.26469227967834474
0.20828341188049315
0.20582746812438965
0.27547202549743655
0.21863592442321778
0.2824662673492432
0.31075172999572753
0.24123990507507323
0.2940655764312744
0.30109048042297365
0.31298259226989744
0.3085931752471924
0.31462446920776366
0.32447571243286133
0.39057155140686034
0.3127154324798584
0.2975764141998291
0.3256171691436768
0.16305995140075683
0.2929104563751221
0.3058598180541992
0.2864936519470215
0.30981478451538086
0.30551650088500976
0.3271940085144043
0.2927586053161621
0.2507246414489746
0.24792009095764161
0.30731497929382323
0.306489473526001
0.30980254051208495
0.30312623043823245
0.16332798579406738
0.2792276085357666
0.2914614396972656
0.3060808568267822
0.30663471073913573
0.3160178676605225
0.12931120487976075
0.20341255349731446
0.22354581719970704
0.2748898480682373
0.2900584222564697
0.24371475782775878
0.2305276001739502
0.21555433154296874
0.25135334324645997
0.2929905865936279
0.28980304321289063
0.2935811118469238
0.24363697346496582
0.2428955979156494
0.29403854127502443
0.28096919076538085
0.29855795632934573
0.28983386470031736
0.2227770630493164
0.2946786364593506
0.2784099390411377
0.2806406815032959
0.31497589140319826
0.3062630901031494
0.3021255018005371
0.319923309753418
0.287412457244873
0.23060489849853516
0.2826517478027344
0.2908098429260254
0.287243062210083
0.2856147767791748
0.12919049279785155
0.25800028950500487
0.3061473181152344
0.3026461480712891
0.30422865878295896
0.30460200869750975
0.2584893650817871
0.23530897175598145
0.28082688082885743
0.2889781612548828
0.23086395205688476
0.25532107249450686
0.3095604134674072
0.2970340199279785
0.2830091001281738
0.22533357914733887
0.29307148156738283
0.2775560231323242
0.16229016329956056
0.27950008143615723
0.29791331443786623
0.30407872624206544
0.31017912884521487
0.2951027411651611
0.22506046447753905
0.27849030647277834
0.321250298828125
0.2953909916381836
0.31382525059509275
0.30200017948913577
0.27542138690185547
0.28338222520446776
0.2753960546264648
0.31163071139526366
0.3287786062927246
0.2971706800994873
0.32714302767944337
0.3185637982788086
0.27465699098205565
0.3174595244598389
0.25704183323669433
0.27133225189208987
0.31396999783325197
0.31164490589904786
0.16072807192993163
0.27900366799926757
0.30571942346191405
0.3213411906280518
0.3023827554473877
0.3179062602081299
0.2920100240936279
0.25475139906311034
0.25607410098266603
0.24634401634216307
0.30678167767333986
0.12868280699157714
0.2575245549621582
0.3116641307373047
0.2403054376373291
0.287278532699585
0.3099359814300537
0.3128321186065674
0.22421958131408692
0.2980235169372559
0.12855307333374025
0.2197688635559082
0.2980125293121338
0.3123756995849609
0.325415877166748
0.2818432264862061
0.2449842021636963
0.21784973735046387
0.2932924636077881
0.28621947857666014
0.29055347187805175
0.265591271484375
0.28971003160095216
0.28615515867614744
0.3086553098449707
0.2383312866821289
0.28976610749816895
0.17775388052368163
0.2762683627166748
0.2887388341217041
0.2744802653198242
0.2985033368988037
0.27310619235229494
0.2995497460784912
0.29200494381713865
0.16454374882507325
0.2681890871124268
0.29454190838623046
0.315516578414917
0.3156384690093994
0.3090737140808105
0.3191927421112061
0.3121778516998291
0.32491501843261716
0.31853441529846194
0.29928899642944334
0.32298088664245606
0.3174358887176514
