0.29251713327748174
0.2609865332381497
0.28832235877731416
0.2892995166378015
0.3024842424906619
0.2981100255501319
0.31226532548268604
0.2880768598669826
0.2872870624964897
0.29585512970908645
0.28977084231940103
0.29750327525540415
0.2985977601487312
0.308988702722641
0.28319750860681514
0.2869525731152508
0.281182991754386
0.29876272316322483
0.28876645541978646
0.2830268106188534
0.2902002962850083
0.2811618763086521
0.2767648680942193
0.3135269270958101
0.2930435673156172
0.277051062806551
0.28781064643613463
0.2927029188418196
0.30085728788620114
0.2711483033930435
0.2882685040119157
0.32188232494948776
0.29158237309517104
0.2907216684479793
0.27104740890380025
0.27480612838801455
0.2842627122183594
0.3240782177423449
0.29756089084353493
0.2730249198616258
0.2651906151427423
0.28542846053479676
0.2993324191389709
0.33074563086810216
0.30998249790056936
0.2917993819348317
0.3006222015746866
0.30087564679432266
0.30514125602123876
0.2779879064636933
0.2856564290211393
0.28775716554773423
0.2669909428720496
0.30161933303236926
0.2960256061538423
0.2883039246435809
0.27519123311748916
0.29867838906527244
0.32688248584628266
0.29755505525738374
0.2887738759110655
0.27294702772209867
0.2891782454397768
0.2964713108547494
0.2578392526413902
0.2789329489179062
0.2725793587395651
0.2893480598403847
0.32679263530836045
0.2831885906766475
0.29356173088568455
0.29756871688552317
0.2913334199393878
0.2838456554296323
0.2869353212120898
0.30337368341720594
0.28735612009071776
0.31705574846922
0.2910986470064263
0.2859413268823897
0.3001024951944501
0.29945543023039545
0.2964737662680506
0.2880178175309292
0.2779051912766115
0.3100658460304499
0.28010106062992246
0.2987759304516972
0.2931489988874685
0.29337336302484546
0.29581536297624833
0.29400240704412944
0.33002211420679106
0.30356674453625154
0.3218246225200795
0.31922050469650487
0.30093064534708935
0.2959039168767748
0.2808292700850118
0.31010330428663135
0.29862126211024004
0.28171024653569837
0.28196105604883503
0.29156901767711213
0.3159551978882048
0.31288621965096586
0.31272751703856694
0.30205917288425366
0.26816622684997005
0.2944317750842488
0.28194077292822256
0.2781306181599318
0.2894129707032263
0.314255459824044
0.2766830261657435
0.27820567353740555
0.2844987266817801
0.2942620114319516
0.3030180280605298
0.31764233979024237
0.3139233777577105
0.2852507588141633
0.28816167676901216
0.28932344283934897
0.2980829827062026
0.302862915300661
0.29552700787624786
0.3075814176730973
0.2846546352173876
0.30493216543337187
0.3001885825550238
0.2807587728213705
0.31505224919140046
0.2851304812757619
0.29412841228665404
0.3017866633688363
0.2730393604174216
0.2808962745321541
0.2913693842105225
0.3105676478801161
0.30729859376149893
0.2989915773699693
0.2726352302826214
0.2989406773940261
0.28551349929495196
0.30505650083436064
0.2834182215300275
0.27748920510959585
0.2888094570215076
0.310789147339127
0.30530969842123545
0.29578786081023495
0.29111916277005173
0.3187881436090032
0.30029196432447613
0.30287921239239113
0.26546134691899725
0.27814673771693144
0.2880306223291894
0.2930399741799976
0.30407443000675993
0.27415987746272863
0.3075683928058124
0.28876590101470045
0.2837466794906932
0.29527625774319416
0.3041605398162537
0.30112369953994567
0.3127901908257018
0.3127794419562617
0.3232038440117007
0.30730855406356994
0.28774380821306955
0.295706726955104
0.27293533933313274
0.28735111648959666
0.27527899921181054
0.30969203331187717
0.29481127092404513
0.2940649985039082
0.2896600294865334
0.2810779731529602
0.2748760479673843
0.2925757150032607
0.2997679099901709
0.2885480566447017
0.27255440127390995
0.30396332717886565
0.2984844878280831
0.2918490417848274
0.3037635098480992
0.3057776718039782
0.28907187902826365
0.2673476227792915
0.28303080858954693
0.2928784245013478
0.2974554004983506
0.2649034707976672
0.2993494033387596
0.29090486720507847
0.31404530268356556
0.29159413860883127
0.28746231943033534
0.2918402527107665
0.28961368633535145
0.30648733255394134
0.2698167839944057
0.3198426953760859
0.29155899752485565
0.2786896124298731
0.3261741065961452
0.3030446840315034
0.30435605078118766
0.27169065187450503
0.2747649001702541
0.28684254082306615
0.2654103621485814
0.28412946737298983
0.30607367466495494
0.3035529224931961
0.2930701037729253
0.2741461735995945
0.27886574465137426
0.29186798268424685
0.2957648620941732
0.3096144801504207
0.30476033615404957
0.2868534574543551
0.29976037853303605
0.3241193694510191
0.28260383271928097
0.29850474580865716
0.2697333616055998
0.3176026475336613
0.32159708344945326
0.31051068967162554
0.3208022331810332
0.2990700115531102
0.28308164242219747
0.2829676806226378
0.2839776918074075
0.3011447622147952
0.28587141554715834
