0.8394723195548793
0.7482119174019547
0.7870322331962437
0.7635531446763869
0.7582503897982521
0.6832490065746277
0.6695103242981648
0.7580758907736881
0.7747016742985282
0.7876129571136072
0.6793914389547102
0.6594876981465208
0.7816521811847124
0.7344535919946041
0.8014539399727513
0.7659458742943136
0.7879504757107181
0.7458477886610808
0.7094230183496024
0.8552410283355447
0.7462920539363719
0.7568576573464377
0.794047871499267
0.7900980218975703
0.7403073388519156
0.796072040308849
0.8481920771089699
0.7013131646395251
0.7623470286414206
0.6439760708188385
0.7124398977972809
0.9045620108381702
0.8174818942816646
0.8799403956909233
0.7863851679495025
0.7753715852875274
0.7407762535014355
0.8365389534155783
0.7217760423514725
0.7656605532947369
0.7237234730559409
0.7332448173256907
0.7097737862346565
0.7780424520748692
0.8159471801099014
0.7365927241657322
1.0049259474425556
0.8281673667015559
0.795737672280586
0.6241951954350909
0.7837611834027691
0.8067512497751231
0.800495332441706
0.6667987932693902
0.8341920308806074
0.7242963505806864
0.8124076159662322
0.7558671376087187
0.6984562174516173
0.8348271965683357
0.7574561379605649
0.8344101551536719
0.8637151391861331
0.6752359686594267
0.6114742106820444
0.7856653023487015
0.7989091772891947
0.8237524084431106
0.7372606500239528
0.8110189434651844
0.7694809688560171
0.7668660644207855
0.8500014257951801
0.7161227204725609
0.7497343195385412
0.814506626201275
0.7032810145125556
0.8601344650655702
0.6564099532485385
0.8106994786555763
0.6205362023081031
0.8202493328485522
0.646253147225884
0.8102288002785549
0.8618465395809234
0.7028708228215412
0.7551927491406323
0.6884315956106233
0.7319236962898874
0.6651634847983112
0.761214530152477
0.7636666402245413
0.8354102304005738
0.6513307066664309
0.775067575366454
0.7616022682175418
0.706029047239454
0.6902010925704467
0.7456925061691417
0.7892188606442229
0.7914717544899659
0.8244305420251358
0.758719030997739
0.7634230284962511
0.7396799945972135
0.719809424033212
0.8342283992771686
0.7714080338538228
0.7642407243364016
0.9532088250453935
0.5867931219603495
0.8257418079427787
0.7864461153044179
0.7697731482598708
0.9075064893201321
0.8867655086613465
0.822735892718416
0.6853830708462715
0.7521396785642686
0.6975848744972597
0.8338338073650127
0.7457835389892334
0.7726094192671754
0.7825051625603235
0.6928308750129366
0.7924653354939378
0.6476876417682798
0.8173899761847737
0.702456835004498
0.8245466208144702
0.7497739875616454
0.7227747852699937
0.807721207722759
0.7468941566651385
0.8171701912417213
0.7940853671692291
0.8776593432453169
0.798022624492269
0.8202529019120636
0.814265499948108
0.7295764346820488
0.9281989021323331
0.7134438545242485
0.7429221621119071
0.8759718491249375
0.7913364520086712
0.6489339217919567
0.6887013569585009
0.7701668214232784
0.7570798166845004
0.8309218451857744
1.0472947233102046
0.6379064477481845
0.6161429369796656
0.7312848338777083
0.5993630354324236
0.6783412551295492
0.7357998715521709
0.6871289272394779
0.7679862555132855
0.7060848993473181
0.7105132655881792
0.7676575828158242
0.6391582429860604
0.821536542701088
0.8150593905337682
0.8465238505391822
0.6264428550204767
0.723004480511103
0.8584689382929572
0.6951401405215815
0.678989236255427
0.6577639567953399
0.8713701450417023
0.7796724751939108
0.7967571099717343
0.861297646680651
0.6367351209088868
0.6765812161457911
0.6121918030707914
0.8782595400957436
0.8007039470179642
0.858127560645938
0.760630844232495
0.7624982446541142
0.7525180092355034
0.6905604836341874
0.7995997713991441
0.8096873518377132
0.6448469309252861
0.7521258575188616
0.7351926385981564
0.7986864669860777
0.6890247179346731
0.6458527629729517
0.7225762366857988
0.9421064280512368
0.7637270722544527
0.7355023832950598
0.6036400747152076
0.7636817333485187
0.7545806305800405
0.7784881237681218
0.809353515943232
0.7349630508710107
0.7072053257716989
0.729677279021921
