0.4446095413192343
0.46977558497992833
0.4474748458604663
0.46575281129832
0.44507662093350436
0.45180875073188476
0.40877168040855677
0.46934972079019627
0.46102365686043406
0.49281355531819326
0.43276682444178716
0.4133975898047389
0.45945130071083834
0.45935496373730844
0.45358169986117935
0.49634769784038896
0.45463782975203243
0.45626043715552295
0.46878724894684026
0.5392629077841928
0.41654597534762017
0.4972950689630061
0.4401245484940922
0.4288398712620935
0.44644754060894304
0.45961491014626454
0.4931166493816387
0.4283456002848055
0.4780515271367489
0.4718297409610701
0.5386058710691568
0.421979941857102
0.4822618012137395
0.4184421559535359
0.44265584453750534
0.41110146780347173
0.4447690943270735
0.464215053019374
0.42729072826005704
0.4363007335855406
0.47731900984457676
0.5376727816543976
0.4526232311314177
0.46313253400041027
0.40954133876179094
0.45612656899358367
0.43345261880662145
0.4517171340470208
0.42881697553950865
0.42697149768970294
0.46619714542719826
0.4186328306739216
0.5344462357844064
0.44581019830867774
0.5310873598027499
0.5334617730884244
0.5352749431624326
0.47238849956951906
0.3900606075245717
0.44428418398289127
0.47759523805058807
0.448110126910885
0.4433666327705894
0.45591082000655453
0.4722002486651403
0.45225622022148204
0.38171539757485945
0.40982494796762886
0.5461709825805808
0.4466333000775881
0.5363439510873146
0.4545748165198453
0.4642896105281751
0.4456032434536745
0.41652058190718433
0.4606858527636624
0.4951828555483056
0.4611589771100622
0.4620522842922126
0.5260293164280132
0.4071774929613128
0.44597961997374275
0.4660396900849936
0.4509787511698332
0.4589919007097397
0.43917172752561884
0.46606467945138974
0.45976902219609234
0.5343213698513077
0.4369914440244321
0.5306716239377437
0.43082713599411204
0.4595255269647182
0.425835511665182
0.4845980162390343
0.4426504044144934
0.43086541437590276
0.49855860202249197
0.44991959636480133
0.4495264937352914
0.43076971424528376
0.4815721024525185
0.5339403303916265
0.4362301222212425
0.465797859698856
0.4313623116340305
0.48039018411895507
0.4344196684291213
0.43795241904127274
0.48442034235961273
0.41800125540026684
0.429533447460523
0.45377064246782944
0.4666847551258094
0.45908927750988826
0.4223857863899708
0.480966108221733
0.4607576248384309
0.47570129143765383
0.4437220871576408
0.4563922094658354
0.42663321728904324
0.4403934284352045
0.4579216826841517
0.45307941724544587
0.471860549472965
0.5336159254710541
0.4339554256019118
0.3743927405006591
0.46778905922718744
0.45355591700621367
0.4603799123975136
0.44252175464761906
0.544823937167189
0.5061060801342989
0.42133558029196155
0.44600393593502147
0.44340279278667777
0.41154431173116685
0.44546357448370477
0.4439620869205001
0.4142112428683996
0.5393340536412997
0.44641302947351474
0.42791449612068966
0.4854255528545064
0.457859783523826
0.4216302458423509
0.4136310564377756
0.4365633017316831
0.4322796756244519
0.423209309106829
0.45008021002851323
0.4552438111538669
0.4087583906432706
0.4816991407308361
0.4263466200040653
0.44001101317865293
0.4352110485041715
0.472057880837188
0.5390771387522704
0.5449841421956542
0.42396202367734254
0.45309182721555125
0.48197727883113467
0.4781400834325339
0.45560476604107075
0.43083671066397294
0.4441915509872327
0.469834294177162
0.44383834074622663
0.42326498812070706
0.4669707531105705
0.440639091145573
0.4712384435621641
0.4816637099111776
0.4282450609477124
0.4581531111269059
0.4771849092604199
0.4343749588137465
0.40113410155289225
0.44220873950630585
0.4235657590580829
0.37381921917655386
0.4580815061184892
0.3730463195959098
0.442811150270129
0.44360493018141695
0.3982064481200146
0.39918357406651284
0.4561417424121181
0.42787456225598913
0.41286407481432846
0.43229525015723497
0.43013737435787525
0.48557382008371697
0.4573317174884147
0.41408413460594323
0.445587668328989
0.47948411487436376
0.5315968635603262
0.45562730236489674
0.42111875409836064
0.4510524288143962
0.441209441354836
0.49625125898025907
0.3827571966474529
0.457159161513719
0.4605109748493153
0.5360492200523569
0.45084866042046895
0.4456088506017635
0.41771195369080466
0.37608840766786866
0.44876754850186823
0.4437139367859152
0.45591468605316554
0.44542603477807363
0.44714835366383743
0.45831179859140647
0.4138605748817456
0.4747233880771776
0.4533963202964722
0.44237962347497733
0.4593959141978181
0.4352071401100917
0.4504238795580851
0.4234671671761563
0.45662487209558217
0.40827460534223803
0.42724774443647334
0.4743008299256658
0.4575909130908163
0.46706451355235934
0.3902114967321587
0.47064111076630777
0.5247136975023667
0.45996245625224147
0.4612424205938796
0.4477905325859758
0.41438643945612275
0.4606963883525718
0.44228586279278226
