0.41601511669589286
0.4209075240972242
0.42210177118304637
0.43380248558436985
0.430614635495825
0.43590086868087374
0.40418887534307185
0.4120473200224395
0.45537878291806233
0.4010567770307881
0.41207934362274584
0.43507186951298704
0.43031635500674564
0.4309380622628048
0.4560685388647179
0.4222435637923756
0.4304014210615309
0.44844213830137647
0.4883007283405353
0.41171139096001574
0.41616536788942904
0.4056614263067657
0.41713371291987333
0.4342226627085415
0.46449916544668557
0.4082468581630898
0.445705771102754
0.4148872657315793
0.44326601551248934
0.47697961604242434
0.41007065624999794
0.44596664977645395
0.4215934644997466
0.42547673508354833
0.389333403321052
0.4144239369507367
0.41156577541954
0.4807825656736425
0.4159873214326595
0.43940270758090294
0.46605289600656075
0.4217645412407375
0.43269580425917153
0.40335945906114784
0.4353403712014868
0.42023227013258213
0.4212405337480609
0.43060541990206
0.43037563769865483
0.38841888813135744
0.422336375070399
0.40707395637933563
0.48278281899540676
0.4791928309227953
0.49069693625750554
0.4361276514091741
0.38825206251715194
0.4341250917680093
0.43972276128767634
0.42988368893731393
0.41555476028509486
0.3998700239063886
0.4409757413259163
0.4411916921875409
0.40941088924237967
0.36989280602125424
0.3837664902235089
0.4892681091103346
0.428759271594391
0.49234098192834164
0.4273368862791762
0.4241891630731198
0.4021888032669174
0.4367484181110036
0.41394309474738433
0.4623612751179953
0.4439002393945542
0.42350438487811404
0.4754031584704749
0.39260847176690095
0.42520911223233454
0.4460186589357582
0.43481645023758997
0.42207750903332086
0.4209427063290373
0.43157020623774073
0.4222509593503677
0.43828946857047024
0.4237678550198931
0.4822327850910323
0.4146054296966325
0.47971732899205227
0.4432042347813995
0.4548168461554029
0.4111649520659426
0.44653638530035245
0.4247738836221567
0.41689977326697236
0.4547253457807866
0.4317943635405526
0.42210339150698695
0.40316947817370963
0.4343930717206048
0.48065824091668996
0.43166183497563515
0.42576716141443227
0.42333861144059676
0.4600622155348042
0.40890758054790244
0.4296996793508758
0.44500270551972787
0.4036223273695738
0.4205886550907899
0.40312596580893295
0.4274258408020279
0.42701990258095757
0.42758258591709564
0.4011441659188205
0.45863351476164327
0.4458916900476687
0.435900111717472
0.44124797585782594
0.41471158791542806
0.41967945325416167
0.4013791732967773
0.4329182533516143
0.40354697611170853
0.41433859398902284
0.4181733312372252
0.4371571320171944
0.48022760381748564
0.40831482623103177
0.377036103500597
0.43102719961739555
0.4268521369973764
0.43879534310111107
0.4006917545723941
0.4793026088056855
0.46203674419848945
0.4128069144250117
0.4140244032980256
0.4041919092244941
0.4252112736121201
0.4283770055434213
0.40222252178241913
0.48359061143857396
0.4263108554685575
0.4182275809824637
0.41722781249996843
0.4660690785608484
0.40178386177798586
0.4242049072291917
0.4009585637974321
0.4179647205770278
0.43781102626341006
0.3950378101932007
0.43526917447982005
0.4145634687499822
0.4168263091278732
0.41754975262494015
0.439420973004309
0.47821596575058256
0.4991587823787571
0.40406359169890793
0.4293705126559001
0.43181068544127316
0.4561262115385334
0.45093833472002853
0.41466965624995167
0.4126787318755121
0.44755163966891276
0.4433557981422846
0.4144370210656505
0.42324456523813747
0.4263732513564308
0.4434889852862255
0.4154721028224576
0.4165076186786695
0.4524261092505273
0.4169556875
0.4185238112233959
0.4360893135291186
0.4093145103693045
0.4120749207123914
0.4111211248563066
0.3850494269723882
0.4190542184673301
0.38528186752066507
0.4159429872393775
0.41440153430823556
0.42741772159974895
0.40235869052698636
0.4222201318426083
0.41376874999999247
0.45502821750333167
0.42011890777174243
0.42478703993659833
0.43541451941835696
0.4751252304609549
0.42533746978804177
0.4106924786459969
0.4498540702248965
0.4879987499087352
0.43335285104406185
0.4181599999999922
0.4367668989686551
0.40326232911710896
0.45456635526065314
0.3824102373359697
0.41458630594654583
0.4352919595258464
0.49159294413723686
0.4281508974427123
0.4058550984387688
0.4002225888838813
0.41548813315658684
0.37609704976172575
0.41912472121669997
0.4233853632421079
0.4403185789991796
0.40190168319236985
0.40483443575742817
0.4315809200419185
0.40141689711668194
0.48656616553306054
0.45155993153310336
0.43139983677194
0.4267735322224935
0.4077822334258868
0.4279930407151775
0.4119436001136796
0.4270057831868572
0.38112033520867195
0.4058030298043105
0.4458037281750677
0.43987160741805176
0.3854702446194488
0.4421099295118567
0.47477702120863086
0.41189897156476984
0.43144683255147254
0.4140960141240768
0.41485636103862655
