0.2909144357024712
0.24078058768956895
0.31314528465092684
0.2199074306775209
0.2686901452587149
0.33653524876137103
0.33065490464381386
0.23143874831316696
0.22278692576149262
0.36764993410916796
0.2667545861643016
0.22930031385172459
0.45868160767250665
0.32557026585086657
0.39563119505996946
0.5033407968010136
0.24567712339683456
0.37074786068517906
0.3739205024748201
0.5430668887637174
0.3575869756337309
0.47524356230883735
0.36653633602970215
0.2120668689984829
0.2226196327351344
0.34003922931394753
0.3178917125990562
0.29859416085601775
0.1774007240171023
0.33864671079481706
0.3891702838808603
0.264458339561886
0.3853406284798009
0.20923646408501304
0.3782191457854715
0.2607827570379529
0.23043025631690328
0.5193464076739899
0.1848525798516701
0.35329906410796263
0.2542488587561089
