0.27773352860315254
0.2871960033779465
0.2578122338502584
0.24153838107837727
0.28231032125441236
0.30948153822815744
0.27381651724196227
0.28931727372790866
0.28296542554162835
0.2903859003521201
0.2887013993250579
0.249589207073456
0.2879492388267894
0.2907043303957503
0.28680610713690385
0.30695303489218595
0.2860307278935718
0.2871907676120461
0.2939457431808266
0.2852311289094474
0.2994173434943387
0.24655396468059732
0.3023997004451108
0.28625281864602603
0.30963910760177693
0.31074389279585757
0.3083179113353923
0.33093266396381277
0.31168207299983036
0.30511684614801277
0.32160630551382885
0.31020458007233287
0.3117888149326627
0.34342788866760915
0.3445191308285857
0.30823522504275525
0.3439506412781754
0.3092229996538963
0.29486275795562644
0.3223104499652767
0.2819639636620799
