0.2660796526671751
0.26929119282306324
0.2701537048715392
0.2490194100717817
0.24760428388115785
0.2730617913018318
0.27294328075506163
0.2678720931813967
0.26738677486515944
0.26575658339390434
0.26665314077329777
0.2667580061614778
0.2682899266516044
0.27160795372148094
0.24863070304565119
0.2735343418276562
0.28197548457451593
0.2754628949461009
0.24851377192622842
0.26799109134887994
0.2676103706539338
0.26863509978595007
0.25038847524337215
0.2518637096857804
0.2839103826545557
0.24731491806361833
0.25220674626869927
0.2480262715985477
0.2682941949530218
0.2669020965556515
0.2690912872688581
0.2710437483782939
0.27007329305379507
0.25114937280458877
0.2494065984208641
0.2704180109627166
0.27313821357165
0.2734137685590096
0.2684605155020204
0.2666733726210232
0.26576688960927286
0.26793253722310745
0.26609137878570427
0.2678593901611718
0.26162936781165913
0.27230237961921516
0.24832367461683755
0.27374454811561194
0.2818286721124674
0.2746048789286288
0.26304857196333875
0.24604909187287702
0.26694963691355955
0.26790874745733606
0.2674771929018571
0.2500298928657583
0.2664408323978082
0.2817302875143627
0.28281833117719757
0.2617047220838524
0.2536521615660018
0.2675734279119274
0.2665783913335571
0.26894124746344183
0.27056711676063216
0.2700616267776353
0.2501329348487329
0.24792808116354417
0.27440879736305296
0.27207335915612074
0.2722299683888314
0.2679243205051665
0.26851068468006933
0.2655456764213935
0.2655869996353361
0.26679288487515324
0.2672428493513184
0.261541062471979
0.2762390643506991
0.24852944990794168
0.27506829283447076
0.2506503361802256
0.260647681771217
0.2665552887188086
0.2674328579267846
0.2675381510045162
0.2486792023679583
0.2518158719339423
0.2815924924700126
0.2838489887666035
0.2618312900925422
0.250948118281516
0.24868013572454759
0.2682257296139931
0.2694153068483492
0.27065874543017826
0.2509792879327314
0.24721039429693842
0.2738655277097746
0.27356514144429117
0.2726324507076241
0.26838390599293993
0.26711345460154046
0.2653147704558701
0.26663891677266705
0.2667377154030882
0.2615971355353438
0.24816011493515572
0.2690465966997667
0.28208028489684744
0.2747490223167256
0.2500856408635231
0.24672963081595764
0.2673021500282039
0.267927385432709
0.2673180196048292
0.2501524241338284
0.26506371026402875
0.2815011366687599
0.2830794409201911
0.2617660272113022
0.2530835851648512
0.2479145423557923
0.2677387824201305
0.2673636835795476
0.2720087081389806
0.27170984435344714
0.2526261099171518
0.26142787788052146
0.2759520683908014
0.2752674219642634
0.27543158886505553
0.2690121798382562
0.2684120447721221
0.2682565364040571
0.2679957213138603
0.26804387445991196
0.26773511591165955
0.2626172488869189
0.27427938700261334
0.2507727780762165
0.2774999273843245
0.2828626088482501
0.27467173871612127
0.261669946334914
0.27048605411120474
0.26840573512169313
0.26957791345527327
0.25229618104083495
0.26542982703845597
0.28421843211385067
0.2852409141624337
0.26284322068835997
0.2517096659593021
0.24658077692501923
0.26915486099140096
0.26792416294153854
0.2711497538009675
0.27289113277430377
0.27173918434968075
0.24944130390960628
0.2620029737202095
0.27399567506598566
0.274869361664842
0.2765387284946212
0.26794458617876976
0.2683376020781931
0.26723192404617313
0.269028651801519
0.2627154217231985
0.2654305601355126
0.26910151118291353
0.2837854129481361
0.2776516228457135
0.2633450445880295
0.26222333095699757
0.2707205488858932
0.2696462946561278
0.2684125941279278
0.267711791499127
0.28332678611172046
0.2859955268084897
0.2633985776008681
0.2650441351107641
0.2703824727108744
0.2683940815611118
0.27111402630192527
0.27169541653113993
0.2500716259462473
0.25013978568444534
0.2712684808616629
0.27099858922415354
0.2693106455994493
0.26893644150726426
0.2726017242588846
0.2672537364912734
0.2686519816214061
0.26732107903807545
0.26330480738191286
0.274852448661532
0.2512848934453628
0.2767016551044642
0.28342623822400986
0.27596173107231897
0.2641840045058015
0.26225052628173307
0.26883032974202226
0.26863702613399904
0.2697094596916717
0.25090785984717406
0.26367135624292737
0.2836148846548935
0.2843979715329814
0.26199291675257586
0.2673591226954667
0.26950439296583206
0.2680078748331735
0.27208926927797966
0.2716208123876715
0.2504186637776622
0.2486597579466654
0.26909176915115796
0.2778320220988592
0.2685205105357081
0.2745343703610834
0.26773668609695933
0.26686563513229633
0.2685860392366164
0.26581896988190423
0.26247963626356535
0.27251580068449544
0.2528613421013886
0.26848838699118993
0.2784489166232755
0.26277623589556687
0.26053544102644416
0.27044107003675943
0.2529955229719668
0.2824114047727933
0.2842893486131399
0.26290286086229897
0.25663334606455335
0.25348167455309345
