0.36906685776887016
0.34545956916199516
0.352295287536941
0.3543450038835676
0.3361012311398778
0.32540250603835374
0.3546730349323429
0.3713206728903362
0.3516301671145534
0.3673797018615783
0.3465366613883763
0.3360414943091145
0.35070589644302613
0.3438688973275049
0.3353967850904471
0.3107789074252545
0.37156120920500396
0.3107770538140697
0.3358920023009129
0.38293552625928196
0.32679686419193743
0.33353665475617683
0.3463533709971508
0.34390481521643906
0.3577198582157067
0.3090114800978113
0.34044349384775263
0.3748266385699599
