0.2814473366236759
0.28416610734709047
0.25424972476044816
0.23868112320937357
0.27995413347458137
0.30223393838786783
0.24776876117832508
0.2942868123744752
0.2810073691738814
0.2941344751336353
0.28660658683190926
0.2816422537988906
0.2881921813135042
0.2882620973008119
0.2859695855960056
0.3107592531704404
0.2893938149902008
0.2909464356453292
0.2932141420435149
0.2961348150322079
0.2471414743991247
0.2988172152461497
0.28591346073322427
0.30885941417001933
0.30846946011759974
0.3098796640012572
0.3064535487874606
0.32898342043464335
0.31291099280686885
0.3012286170796655
0.3108537609357002
0.32373251161457006
0.310492640597428
0.40802309425097816
0.35381384263851057
0.311659692767692
0.34481216894579036
0.3450598786097351
0.3097416878692392
0.33787168153485314
0.31024754574898955
0.3130258776880681
0.32193858228385897
0.2855336428672317
0.3300817547173718
0.2834311777204555
0.2848371896543911
0.2578062133252757
0.25806832876914515
0.30427291509833615
0.2683843126639495
0.28919259554609156
0.2824808201795759
0.29853040281542553
0.2916118060811231
0.25148296175799667
0.284034449161892
0.2882504981188442
0.2887961166410066
0.30754268862062595
0.286505961999176
0.28750086650469475
0.2940839565982383
0.28291637945243
0.298630928594957
0.24691500650590115
0.30058364405241367
0.28455497452727607
0.3088540015778141
0.3082570358476181
0.3107620816751073
0.3108064992755749
0.33236364054683126
0.3111815866458463
0.3040952950512189
0.30935860210822724
0.32218696710608713
0.3099922587406854
0.4025658537126759
0.3550466397742722
0.31114066794347206
0.34529502206499796
0.3536009639956173
0.3077747705819253
0.34465630597075203
0.3111763462015256
0.2938375730922618
0.3223652748164101
0.301568012525251
0.33005426101674173
0.2748350995910665
0.25460642158445035
0.2803305204976771
0.29003207058403235
0.26605901146962113
0.2887550150808866
0.28103529903166413
0.2910232699725938
0.2881475592444688
0.2666309177542003
0.28430030975041903
0.2885083863914763
0.2857146530772022
0.2866569883894107
0.31077011712215846
0.2894056024575411
0.2931997776318249
0.29515262789642877
0.2951168658273766
0.24748680850612892
0.29616825408148845
0.30852084036447114
0.31167758484316166
0.3064980216893262
0.3490303532078289
0.304579358739959
0.31080233573130295
0.32181132532888285
0.3090084924476987
0.4052374662899872
0.3530514211192797
0.312651179648198
0.3471244873194405
0.3428800552255427
0.3099764968037051
0.33849555454047675
0.3099501604248847
0.31366477055332614
0.3224725288153514
0.28455492946099886
0.3301504448278667
0.29680654431110265
0.3026391310582157
0.2782152045693548
0.2824070077711977
0.30912065562635205
0.2951281344028406
0.2905993147155108
0.3013436406461623
0.2642083810200734
0.2915189861249099
0.2972598717255024
0.29917526408701556
0.31479221131998114
0.2976617792798416
0.2998945837183709
0.30565838088735436
0.2895086548888084
0.30551548040329746
0.2553559781040496
0.30315278038303306
0.309289971553994
0.31289341961236233
0.31984706966528015
0.32077374895850486
0.3196068448616893
0.32044081342840086
0.3214477657089464
0.3176509524379509
0.32985556353518686
0.3199858880048122
0.37435067679292844
0.3339757221041251
0.3433955535439172
0.3619286305914007
0.31594708646561653
0.3485999010456404
0.3168067138277897
0.33758563768597905
0.3304128530897637
0.3041184756608914
0.341573954375241
0.2890010672869526
0.2917922747585087
0.2813721052252199
0.26263407267274697
0.30207534328264035
0.32016499932074305
0.2926531196691135
0.30057907265417066
0.2931330905607352
0.3064105496138769
0.2947451111426732
0.2638496983058969
0.29238128557694365
0.31426647012570874
0.30178201859052667
0.3165905159076575
0.30382798788727683
0.3115324044873794
0.29264689538781485
0.3044312146337435
0.2659234598107748
0.31020574499074105
0.3079810122461586
0.31618172147683765
0.32294189318388766
0.35689804284047794
0.3212657314908475
0.31640469954969963
0.3152574021848195
0.32965328492700147
0.3190832186165103
0.41068483341928796
0.3635538093747457
0.3215078042275054
0.3503145239936548
0.3633020007798498
0.31333065028597734
0.35936091394139413
0.3172795074148443
0.320397752947968
0.32868537425074656
0.30792238374657116
0.3411506236125833
0.30229016517105606
0.2795719076898166
0.28267967208524264
0.28904522026266266
0.3034734803569516
0.2896320731434266
0.29204655197204715
0.3073464216732448
0.29824730344987405
0.2662731966411763
0.2902428237705037
0.29843886706584855
0.30882427308108223
0.2994053381536379
0.31557345250332225
0.3027683697958466
0.30524173494255225
0.2710437020571828
0.3146854896942482
0.32161738737478407
0.31834686014055985
0.3173499302480481
0.3583850706615648
0.32226715884717794
0.31816033461359244
0.3170160060883354
0.33341460306539666
0.3196922916775942
0.4143012606130677
0.3756833972884568
0.3332803491981097
0.3439077975883118
0.3614566712757068
0.31530409042182184
0.36083653900668583
0.31803619216615225
0.3410133727464237
0.329519439526526
0.3034420256665409
0.34436310226158917
0.2858049727967974
0.265390242320087
0.29849955620238244
0.3187665538925635
0.27439337308967143
0.30117219957121644
0.29997083114373163
0.3066121405377313
0.2914156065185341
0.2621787754755094
0.29404802032292876
0.2907367219356742
0.31190227588683983
0.3066764006537807
0.3164770906282841
0.3009221448501529
0.2914006387505513
0.3060228499262577
0.2702348717256511
0.3083924153556034
0.30865908826399013
0.3147661876094833
0.32536010268235244
0.31988155218223063
0.32339729204733203
0.3599265125569645
0.3241708328682591
0.3160027492758263
0.31629128253536626
0.33072422138917934
0.32035091910465524
0.42765663761979844
0.37569059165478963
0.3246693360867884
0.35273354117521805
0.3639290036332924
0.35884780882877354
0.3194817622899371
0.3381811909523876
0.3303864728725871
0.3090452585192801
