0.42974203652924126
0.45389218780296314
0.3974336233322785
0.39361979900758626
0.43304690059605244
0.5385633770612013
0.4299855305010174
0.46280227562961873
0.45573866542038344
0.48767696678481465
0.49147202699371384
0.41536255747004286
0.49000592226177264
0.5455486038722522
0.4884443276121712
0.5556926254618808
0.570658249544243
0.5045631991277961
0.5241027544740745
0.5514657824567589
0.527761818417723
0.44049767642760435
0.5139116852869616
0.5821924781968519
0.5369992442563045
0.5814796859942861
0.5533294920898754
0.6437145375564182
0.5710834831773748
0.543950212859325
0.6114611147035423
0.5872904527354431
0.5936859310949548
0.6302571465337002
0.6434501493894549
0.5892451615472623
0.6479512187688178
0.5984492888523887
0.6745758114026054
0.6206238592702669
0.5079718163641812
