0.7660381508154275
0.6517430165645803
0.6957907981076012
0.7002810778373989
0.6426201587899805
0.6019012958871254
0.6962977441387191
0.725428260695641
0.6704385024069802
0.7253906632882081
0.6511130897900039
0.6020305013865068
0.665454192134731
0.6559497828725511
0.6745471618171504
0.5650553715515642
0.7531176182338216
0.5871807668702325
0.6681304566229722
0.7628448084264197
0.7187577315202649
0.5994072358616632
0.647739888110306
0.646198369047087
0.6780886659542948
0.5646208944677118
0.7147753862320987
0.750015287030653
0.659838679841038
0.6271142211644437
0.8398207685345267
0.7668482870442983
0.651242722737623
0.6957637630244716
0.699320829630488
0.6577155074143257
0.5926625267288886
0.684540345454786
0.6890058909303167
0.7065283586020346
0.604827221507876
0.6762349758917893
0.6647038584964096
0.6763840233071374
0.5672375147808317
0.7598036271320139
0.5844001978154144
0.6654932568116864
0.7571320868865723
0.7144787507338968
0.6237289983701413
0.6371393444215727
0.6400829126492981
0.6438452513282974
0.6977746163740149
0.5415870942232426
0.744048573265921
0.716008084492797
0.7485867636364207
0.6264896861861805
0.6270915569505725
0.8360149650580266
0.7537481658921268
0.6427280125812366
0.6991749426378309
0.7001861873751405
0.6348747066060622
0.5939760002913448
0.6879225536948033
0.7176872076586317
0.680288446790025
0.7182981493763205
0.6536557282257085
0.5962674524547004
0.6719009085932819
0.6620260408204888
0.6737052573572062
0.5632744536048899
0.7557653040871648
0.5867221979011708
0.6602886020716227
0.7609126606687021
0.7212111278402492
0.6111174549661339
0.6308609513650334
0.6559557159790452
0.6462442739991432
0.7139217373766962
0.7494744998272583
0.6545248392150869
0.6290347557765903
0.8377122564099996
0.787630771946202
0.6843933650670088
0.7329116742104902
0.7452057309140658
0.6236551326891164
0.7146133691560123
0.7486339864853004
0.7240841591835049
0.7172138953497614
0.6188345419031438
0.6949728965689046
0.7083699379783976
0.7008025187606539
0.5999718303131063
0.7796974684032976
0.5960981134953889
0.7125450543821952
0.7779934753295361
0.7370055184254805
0.6402287480244876
0.6717476413374642
0.690597457374045
0.7087319461074293
0.5774638015098142
0.7631586712225888
0.7815191861082696
0.6343557178877286
0.8372262924738365
0.7752903254631769
0.6729481857157653
0.7440405491301125
0.7347401631803512
0.6196992033065774
0.7095357796403847
0.7486629569976337
0.7175277504543804
0.7257958709146952
0.6785696073563159
0.6167971547488135
0.6979201826682812
0.6909480293157988
0.7053527756658324
0.589539358075633
0.7614737197701544
0.6059661299282617
0.7181959627333898
0.7796664284590018
0.7376962027314908
0.64033783536394
0.6948031672934831
0.6675614383235562
0.6838379560675184
0.7162300369133587
0.5843022164144638
0.7675863405421954
0.7253020586011036
0.7894951351172599
0.6431274641602098
0.6608225887580079
0.688259536502627
0.7538647945533576
0.7033081918969556
0.6135947767498331
0.7083535100038927
0.7495569300366954
0.7324987794241464
0.6836494681250143
0.6168919249394156
0.7007746540825479
0.7049665178263393
0.6877141543235814
0.6121522468602684
0.7786780708498262
0.7868444027940004
0.7350284244191312
0.640053594879767
0.6727228619731701
0.672092751995739
0.6946508733625751
0.7094512143797675
0.585305823262631
0.7626544047391498
0.6464698163731805
0.6635838403519647
0.815977411196759
0.7876510840953383
0.6751922319661207
0.7432715681051256
0.7398454669531405
0.6871431739081458
0.6258977777666468
0.7054697835058862
0.7427150128116651
0.727896145786747
0.7219239113778163
0.6837932315775759
0.7011560034194517
0.6900250874236311
0.7034555570144543
0.599131950746149
0.7573743606098067
0.6117331668087136
0.7207926711778394
0.783976734926959
0.7437769151912297
0.6930157647235258
0.6748632058819264
0.6901409162039654
0.7175037368169415
0.5786054058030912
0.7874529230774868
0.7350293914804829
0.7959482277869003
0.654246782766757
0.6700603164175343
