0.6396822444138257
0.6597562651785966
0.6675433742348353
0.5975972885070318
0.5791095282248001
0.6541716471301637
0.6622930617505358
0.6484093285632915
0.6416160793707651
0.6372096415184345
0.6399606736716735
0.6412163918623042
0.6461110319673393
0.6715304568195695
0.6026979991724829
0.6587097593201185
0.7153283647836945
0.6662284003193885
0.5991972534341807
0.6481583911616843
0.649745301371013
0.6472668008418724
0.6050675189020495
0.615816291213596
0.7225849625280808
0.597688822940857
0.6123138591775172
0.5945790167495819
0.6448255361181869
0.6419427696054039
0.6595018789319832
0.6716403647499127
0.6666234465375485
0.6039574695338775
0.5851537756723348
0.6566113538363044
0.6544731682376872
0.6621457329187433
0.6501739007730153
0.6401521051010302
0.6365517391598705
0.6441568560757184
0.6390617941049973
0.6446461781913981
0.6199830776319519
0.6740735815595194
0.6014671523946393
0.660020552874598
0.7154446563066663
0.6631771155928441
0.6173726971476928
0.584610796967492
0.6450849639909637
0.6512065679486889
0.643483636543358
0.6045261010854001
0.6364273674412133
0.712891736803902
0.7196761159645155
0.6169034037515669
0.6165709043336788
0.6427088310880398
0.64317607795446
0.6584632321353574
0.6696839999637645
0.6672648474961125
0.6005855993429767
0.579495826122007
0.6598357319919411
0.6496171046983021
0.659519861505387
0.6490173181953378
0.6451955620483336
0.6341624833901731
0.6362453812793235
0.6418850071051014
0.64205471956214
0.6190348375835705
0.6775995941974677
0.602715294830771
0.6654195121893635
0.6067390257515973
0.6038123919017702
0.6436462445323496
0.6490809849642172
0.644220864961996
0.5984006436040158
0.6161985579060716
0.7119043951136594
0.7220342215523554
0.6166377702776267
0.6091787287926829
0.5962737775818294
0.6443595406558474
0.660266578630009
0.6709409155993717
0.6039725439500864
0.5769144986853165
0.6571783439019361
0.6536802221483098
0.6599249442470712
0.649678425880938
0.6412423354560675
0.6338049073006651
0.6403414072008776
0.6423376168694795
0.6188961800518076
0.6008446595564336
0.6540467135985046
0.7166415898430537
0.6649224378528891
0.603665318821328
0.5865480548000117
0.6455844593665827
0.6511080588165113
0.6426148574356472
0.6035462088378105
0.6321769701095155
0.7116192864852016
0.7198671177843927
0.6168383566339066
0.6167928371379829
0.5936525929861974
0.6438025159854657
0.6484038497424778
0.6795269381614251
0.6786252940400264
0.6139604538431265
0.6015491838914351
0.6697538422440525
0.6658557856315751
0.6729138962928074
0.6550855342703493
0.6515650729121006
0.6478461075159899
0.650629721362288
0.6507555769531015
0.648837217699548
0.6268031316726516
0.6846252076116581
0.616310963977553
0.6799678453055874
0.7213867537876355
0.6693527754719326
0.6128977678735901
0.6618714895728544
0.6577548975992182
0.6570527827865915
0.6164316367843444
0.6364222935255808
0.7252860931334952
0.7310430756284843
0.6228150683150516
0.6146693182246515
0.6057817315248115
0.6528527741057406
0.6517003486343078
0.6691869524231168
0.6814406567867839
0.6780489535441314
0.6065453550455234
0.6007957705695977
0.6591483514506447
0.6716949617368448
0.6702918468548629
0.6457365261322903
0.6494348309014617
0.6465522002875137
0.6508043093512443
0.6249900899178022
0.6341849258123226
0.657660089658977
0.7247590998222372
0.6766573908728473
0.622467582702075
0.6138023291918697
0.6609359537904642
0.6611945729462095
0.6515591459765335
0.6448743307360594
0.7209424798308807
0.7334974214802096
0.6259455890525125
0.6270639802733422
0.6575010636367951
0.6515746529951281
0.6711353331403671
0.6776783143826839
0.6040149659312208
0.5924580417916452
0.6639119940805869
0.6602655973904592
0.661933691606337
0.6537214988016804
0.6629057596076994
0.6434483156283309
0.6536060991244386
0.6474373581084885
0.6302459081907513
0.6859008270720793
0.6186337270821641
0.67670746456323
0.7224303643118128
0.672163964567649
0.6235252033584024
0.6145992831699629
0.6569800247287576
0.6576880084028486
0.6567174856532816
0.6129445828299607
0.6293412237597988
0.7226549068417358
0.7278502303447076
0.619294950257732
0.6403370841242655
0.6533111335081705
0.650517674101583
0.6716747015067475
0.6768662292312304
0.6095670187063824
0.5836079479327148
0.654049389114509
0.6693856925151014
0.65289686871061
0.6738481334644697
0.6436560868854673
0.6428301187809242
0.6506543754499337
0.6380588934482005
0.6236630252015827
0.672783814854142
0.6199179406571903
0.6532191959746774
0.6770557540904518
0.6199886931793501
0.6067616412664181
0.6570989298344971
0.6137204941221917
0.7165947499940977
0.7258663688288078
0.6225657388368777
0.6286464427313571
0.6231538553663919
