0.47543769014060355
0.49979849949678934
0.49147358775857314
0.5037717297877161
0.4977287332163232
0.44527874324450917
0.4874466569014746
0.4889774483623359
0.5431742099170083
0.4500591653635625
0.4613791365830577
0.49341245915406967
0.48267692119377825
0.4866702847235596
0.5420635552446951
0.4823510047937806
0.5012333725468141
0.520748096787882
0.5934925275718218
0.47286993462316973
0.5387071411001866
0.4707158717348048
0.4583669734300653
0.4765437404082996
0.49166182661165847
0.5395868238348385
0.46871733446939945
0.5210938949443985
0.4574303497791375
0.5725344437524114
0.4701095013276872
0.5245385073157333
0.47898441498958183
0.45766190900874226
0.4771253252698588
0.4893341000888009
0.4702673267545507
0.5616681317016057
0.4612547716260762
0.5070449058040275
0.5716513687028599
0.48381199618203585
0.4374897532976146
0.49152877041029586
0.47832828276405004
0.48793788163922486
0.48644313584208576
0.48366038342334783
0.447068415236765
0.4860900746444145
0.46532356038620165
0.5798343564596906
0.5627198561568444
0.5806424142314112
0.5080871125363535
0.43778948065864187
0.4971248629788034
0.49560480457690753
0.4979156421923811
0.485680415065224
0.46613310658677415
0.5024520337843913
0.48450551362729577
0.427673798672012
0.4459289423694749
0.5918153896302524
0.4844585907268077
0.5854336337682097
0.5015118522679547
0.5032260769836864
0.5177139693469833
0.47102053049368875
0.5365410875950157
0.5120860530203055
0.48267467488622356
0.5689988683208487
0.43914781717939155
0.4756228574005329
0.52379943044495
0.509604182692914
0.4834027756630014
0.4873039593054637
0.4824352393948389
0.4918343992923422
0.49657295077323427
0.49145282624806386
0.5805667667740408
0.47096361710758994
0.5606312252277061
0.4733771182010637
0.5082047979719354
0.521686768181186
0.47491336233566295
0.5241635544321697
0.47357064882416294
0.48369347849365774
0.538234851307496
0.4878306745845603
0.4834273838929045
0.4786699063245521
0.5253577638517767
0.5785182114194066
0.5015092542364775
0.4783266253046867
0.533576185174942
0.5283434178304195
0.4669963854563611
0.48774376004508496
0.5166807875882048
0.45749708622106344
0.4400574153716327
0.4756552818392922
0.4871009099731691
0.4905813557234874
0.4597058031351615
0.5302594375545873
0.5259274907336277
0.4926656534693819
0.514189501543309
0.471013335417888
0.4812486841944741
0.45119100258930145
0.4936391632557374
0.4570617293532242
0.47182854774472666
0.47363446126503983
0.4913985679822833
0.5637175677552758
0.4641670211061386
0.4225601394078812
0.5004033663075833
0.4813292775299404
0.46742399469208923
0.5959060486436168
0.5333172941374998
0.4586407429160741
0.47409834750488683
0.4688935127822738
0.44344809689842485
0.4956817704808537
0.46468302878091866
0.5845044512704256
0.49594790322763677
0.47398009234972677
0.5243584488734685
0.48302104749075536
0.47209383855154696
0.5431819911554522
0.45552736463490756
0.47127739460954826
0.4841488499211155
0.4518922085367586
0.4780352395477841
0.5003766526696979
0.525734207566722
0.47670924067177106
0.46044444477090574
0.5721542224773478
0.45340045523932493
0.5004441022162636
0.48456002942466864
0.5264058976652161
0.5181310590094411
0.4812210192078543
0.47821780115988893
0.46504340615198825
0.5140982159194949
0.5109647838638768
0.4779186458786967
0.4806211752024255
0.5182717838713771
0.5206060935560256
0.4696160112260008
0.49899995959927523
0.4648376554378985
0.5239917949165707
0.4693059743494308
0.47538588335361986
0.527593146742613
0.4892570233929955
0.44468760942050367
0.465593098239555
0.4771867745862117
0.4204323429386624
0.476566449620771
0.4702909365528854
0.47862842309884995
0.4440518466410122
0.4475131747271155
0.4852687105218948
0.4779965789895248
0.45270222082766254
0.522894916381752
0.47947670818187
0.5228749228815085
0.5658169546999202
0.4756804892350736
0.48565082947252913
0.509066837753243
0.5763515400858382
0.5058324294921213
0.46899083577980394
0.49854698302624684
0.46960061233115696
0.42945406997392704
0.49231556813663657
0.4931667702768629
0.5827981816614922
0.4962222900168248
0.47781216145858624
0.47638264671807135
0.4843607848286645
0.4214117301303017
0.48157655394816457
0.47627978299499124
0.5043929481776936
0.4948946331088527
0.44247465804919167
0.47283676060180985
0.5013389029050568
0.45160141938583953
0.5727169626566959
0.5172046036073665
0.4831530245545533
0.49157853119147243
0.4927689830456643
0.5024847063527387
0.46203440604485096
0.498425945580015
0.4738708096480488
0.4916287407149268
0.44423121254472575
0.45681015322242835
0.5143139793986785
0.5006105268203362
0.5039019510839131
0.43509639098665753
0.5665923636034539
0.49073893809099106
0.4842627058540465
0.48468467606688004
0.46422599641484946
0.49207064984439314
