0.3012462779855258
0.33111304162653404
0.2785215002878043
0.2774863959676428
0.31838643453992277
0.3919828784365129
0.3322337422559452
0.32112578713193074
0.29787552182605614
0.3330639115784406
0.3245040506914876
0.30289601599631755
0.32201847765357877
0.36138982169506273
0.3188336875525752
0.37611927627569813
0.39694538886937836
0.3146337839530714
0.3346420104706679
0.4000670776093488
0.33980403880128196
0.28174910442137757
0.3567373342235548
0.39329955669503713
0.3778335945308714
0.38285142195535143
0.36746025025699147
0.44338209622030844
0.37445986325193076
0.3726618532155658
0.40081772622600903
0.36336236751214107
0.3670689871261833
0.41989712034958704
0.39635191330842634
0.3549982114466521
0.41587471495457895
0.3552355075334895
0.3971085586893721
0.4003426170476705
0.3390958527810233
