1.4520820959709615
1.4478133467696526
1.3148386025046215
1.211294275874457
1.4365304043537428
1.4970274005852595
1.23998239607841
1.4869878412903037
1.4434338615973619
1.4864197838002047
1.44508997274269
1.430929152653177
1.4478295840722297
1.4025544130239196
1.4418833831864324
1.512334832871493
1.446350921119642
1.4511827494040659
1.3656201398491117
1.4817736868726148
1.2256572235457242
1.497317760829378
1.3336402886306278
1.5269815423465534
1.5729544015722468
1.5052593280025146
1.5132664729008989
1.5631354625701663
1.529532351909445
1.4862315532254788
1.5153468032873296
1.558362454745493
1.5160526413867026
1.9595065239395462
1.716106035553264
1.5174835596334892
1.6798532050888992
1.6930357356067958
1.510458153552508
1.655304119838558
1.5098181038691132
1.393684676263665
1.550543160289643
1.396247244355153
1.649448946332591
1.458438044259309
1.4494103150148672
1.3250708474764041
1.3299036249801506
1.5158805142753842
1.3627982894739226
1.4716187944089327
1.4478992250452158
1.4810114229148017
1.455517288475215
1.2503374043670572
1.4367375483795668
1.4477920948744165
1.4503217374548163
1.5028594075953834
1.3402991013568426
1.4404403295006176
1.4593407206692321
1.33495955890486
1.4890108813385206
1.2250945632501244
1.501791441252402
1.3305961679861362
1.526953580317129
1.5722685505380385
1.5077941862335098
1.5257272652178164
1.5887019380924994
1.5236542107916924
1.4943177577324955
1.5106528379118656
1.5544083326311464
1.5152072055147936
1.9455403907836728
1.7185281092893356
1.516095933275978
1.6810496657516174
1.757512064186074
1.5047090885755185
1.6732565529469046
1.513232161434429
1.3362462166917246
1.5512387825902592
1.4892937431713076
1.649323151859837
1.417717074182133
1.3158046844041413
1.4376208880316832
1.4607368891726256
1.3558416901429247
1.4551305351349944
1.4435682462690056
1.461611757336492
1.4497558403573028
1.295945717960832
1.4383409784164547
1.4485179455741957
1.3949970838525683
1.444301631099809
1.5126255055621463
1.3488099440282524
1.4571430897464084
1.3724411816333955
1.4791189787135768
1.2267898487171431
1.4892378661247603
1.5730571620659894
1.510791866219241
1.5131029647359377
1.6919648507983052
1.4963733293520642
1.5149769482770776
1.553519218911734
1.5121329442943545
1.9537241299931414
1.713248368720773
1.5282070926297293
1.6865364673605394
1.6877152144222047
1.5113385589753754
1.6569985381785592
1.5098663843580922
1.396468078195854
1.5525920131945843
1.393932994633138
1.649586326553581
1.4966168402257036
1.5167835111794636
1.4310601831059737
1.4455384118787817
1.5306958018269186
1.4861268045199667
1.4687374409126595
1.5044455861722625
1.2867694221955297
1.4579850435271664
1.4724136341262457
1.4781238666296592
1.5207118736203542
1.417988695749766
1.490268285576932
1.4897378144062876
1.3524527138162472
1.507515917911996
1.2472662924399833
1.50842897699285
1.44648807071535
1.5363835849533678
1.6111369807898168
1.551074134061588
1.5473314432995084
1.5476474185385376
1.55953607414337
1.5322189301632578
1.5735364520279287
1.538986687837581
1.8104475259829511
1.633970416661898
1.66545959280212
1.7771932265751553
1.5260996281326167
1.682960547020068
1.5272768747221581
1.5710213039924503
1.5716619119335582
1.4950751317841242
1.682654750610947
1.4735509845739052
1.468951344883813
1.44049028748325
1.3263801665726913
1.5150947571535158
1.5638359163984954
1.4781041667993668
1.5042113573341107
1.4773445450103593
1.520732081580695
1.482606058748337
1.2852721425577396
1.4608899377631817
1.5379592155866468
1.5021392960148217
1.5268473551932757
1.4357903428384757
1.5082028132210432
1.3611645339669414
1.5045915677290254
1.324011866781153
1.5305957566481487
1.4426652093979775
1.6002033623394718
1.5569651576248609
1.711428546550521
1.5501193306681194
1.544262911339584
1.5256629143518488
1.5737309900103886
1.5385549615312908
1.9638126820749775
1.740091078561044
1.5517988949324732
1.6935926085254258
1.7818600127623354
1.51738727424088
1.7528702344667983
1.527308571144978
1.4584762944854766
1.5675994243451283
1.5067116405581578
1.6818770958232974
1.5167364921587647
1.4347287210400104
1.4449047987159398
1.4748250456014673
1.5140771980765406
1.468978117683993
1.478261575403789
1.5710796899391997
1.494472453074066
1.2924586427726215
1.4540916575577019
1.4764332006915688
1.505576800898158
1.478246922996644
1.5221651566877203
1.4327563182697316
1.4867000565883257
1.3391463220948792
1.5418186266139982
1.6164671793896226
1.5435596042124768
1.5391036834063128
1.721898409210549
1.552411079487728
1.5504766677139439
1.529597425164843
1.5831652435096224
1.5373335460806392
1.9725819698091316
1.8133354642041934
1.6394444999229367
1.6662873390362727
1.7743006092490445
1.5236533398987617
1.7566916131578303
1.5295543636313544
1.5797810046565024
1.5679240390175175
1.4935312916484742
1.6917944501459345
1.4638811289667433
1.3337542835352016
1.5037232341438953
1.5604010460038416
1.3620311609941578
1.5061210081514418
1.5279734185164195
1.5213925840631604
1.4724026430230561
1.2794427224057308
1.4650790680099033
1.4538744339703584
1.5155482239311726
1.5166498130722672
1.525510905108256
1.4264410621838668
1.3558120060725312
1.5087592457984613
1.3367954291922155
1.5253129349128876
1.4433996919837266
1.5430869574674873
1.6494964906106064
1.5475863487520531
1.55852415470832
1.727164761486575
1.5574912276481243
1.5429589111509112
1.5278914565058732
1.5763468879092037
1.541762740749726
2.0580830184217556
1.8133641025403484
1.5609279707042116
1.700143710050563
1.7825829688240291
1.7511440354110177
1.5324221117043375
1.5711604816672455
1.5723065786165888
1.5099976688578827
