0.23951845711979972
0.2556319996256129
0.2596001605044306
0.26171033395027293
0.22390063559135603
0.24016724311102172
0.24847129878931581
0.2553009820320151
0.24174802260675549
0.24371436635917934
0.24084572341563643
0.24978442532859396
0.2369676577885441
0.24190012936874944
0.24850403307794902
0.2688327172317203
0.25224215821073476
0.23926051149880714
0.2341311142179554
0.2550659673312912
0.252344114350022
0.2549520714514407
0.23724117347856422
0.23831852227866684
0.27234423851617806
0.2748172471436481
0.23590923949427733
0.22815173179840093
0.22128251458816167
0.2417012401807818
0.24088181197727598
0.26134605097031727
0.2316033019293216
0.24392633330666902
0.24693039972569167
0.2563217839352175
0.25497182985522804
0.24205958058104865
0.2462982233031762
0.25240537360620485
0.24783731290552524
0.22516791075291825
0.2561426086154631
0.23961636218525673
0.2512521707013824
0.26899835407639827
0.2525472109994499
0.2423673256420082
0.2550809810896968
0.2527515320435423
0.2450147684233604
0.2405615557071135
0.2266636708839847
0.27155482830853356
0.27459640707564537
0.23499062336403997
0.2265140271110542
0.21828431962072703
0.24202412958726544
0.24104899446207922
0.255506095600876
0.25890903901956597
0.2616091019282747
0.22765280916285868
0.23525791634344673
0.24914827765989184
0.2544416185900382
0.254903575545952
0.25318387817813826
0.24173958891741743
0.2430050737513648
0.24222315204844772
0.24683080897401982
0.2243513700587383
0.25400255455721277
0.26843674782570537
0.2521926182513865
0.24107123616801798
0.25566388731427403
0.24767718351764811
0.22768274599072
0.2721160689403553
0.27456714572452556
0.23600377038438813
0.2352059295663794
0.22023481158666974
0.243230373925179
0.24135186519546037
0.25584313738617737
0.2587704257289038
0.26131747062439037
0.2264475178066408
0.23581919647625119
0.24986184795719904
0.2540576054907757
0.25577022317758275
0.2548376072679637
0.2421269490831151
0.2449086403471618
0.2411796274263537
0.2509141171180626
0.24844274718079828
0.2541782062439473
0.23951086293143362
0.2484501257809773
0.26905137577760274
0.25228809441914174
0.24013068003522026
0.23358676996101965
0.2533820747871434
0.2536285979716427
0.24183405047857318
0.23972703137188317
0.27464366823541797
0.23717418926684278
0.22898824521864175
0.21939428086746715
0.24374209503095007
0.25215175968270975
0.26256891888221506
0.23052965421520083
0.2357859810294266
0.25100704432666376
0.2579635287327261
0.2542634219717028
0.24298725614655095
0.24686085764357996
0.2543782410307685
0.2278939638216831
0.2563867335809793
0.2446435863596829
0.25397066272149404
0.272018901138818
0.2596184185148558
0.24028104228330643
0.23538207912030817
0.2581047527787713
0.2562197406773231
0.2594875782889251
0.24313676269550888
0.2270815901450886
0.2751987100346686
0.27759694436777255
0.22605406058792613
0.22949000756780336
0.22432052983404044
0.25421220254332616
0.2582129079953198
0.25205330354852146
0.2638758019598082
0.2389859778227284
0.23747238734041887
0.2497181571256784
0.25874208009551314
0.25978444167802867
0.2459147529010619
0.24466956489746236
0.24466991359321127
0.2545810927235239
0.24762519936264593
0.23914749940753183
0.2565331674953376
0.24629121648689345
0.2602761695466314
0.27071465845922654
0.24590586038843604
0.24466362206285003
0.23819408950743062
0.2615029743583025
0.25489163310936824
0.2564256898467602
0.24635277418125412
0.2430054167805057
0.27404414819933676
0.2766779429600834
0.24162241428571082
0.22702187311796496
0.2222386346758352
0.24360471454405508
0.24578349120512388
0.2605939357449104
0.2618674651697177
0.2653787888707997
0.23475857924005109
0.23348068480588563
0.24950587152109738
0.25469147117581403
0.2571099989461021
0.2541215260211748
0.2461143981393908
0.24526740000029107
0.24573283399793988
0.25462243752718894
0.24438168452068193
0.24069435625175067
0.2596675373031065
0.24676053407212978
0.2545005923022177
0.2708337856662576
0.2485592371214921
0.24158278935597577
0.2370063085869027
0.25956782461856026
0.2575609500160173
0.25019461546389105
0.2450557954187284
0.27499156962962107
0.27567284910119727
0.22351914262082923
0.2244804591336317
0.25240640370167666
0.25247260820837053
0.2598737622588602
0.25146019002530917
0.26557580852210655
0.24001025217080466
0.2374517490016721
0.24702358307955175
0.24731976814601458
0.25867970689329556
0.25997651512453546
0.24945124151756898
0.24512339122384838
0.24581679324046227
0.2527848292618856
0.2419888724917693
0.22780218861122603
0.2550417908816323
0.24467391899600976
0.2572169572490126
0.2706083252739555
0.24681129057779108
0.24176372349740693
0.23682605844405935
0.2615315173977689
0.25485841221239613
0.26070582910402457
0.24291695397709429
0.24295072016745997
0.2740794440948152
0.27558072234395115
0.24223391124607435
0.23193599044424418
