0.4781083183032965
0.4251532098617172
0.4415124591927583
0.4394382712829461
0.4428609343336276
0.4209946264859293
0.45264815035041234
0.47672059643002307
0.43499641439788306
0.46572209572815343
0.43132113704402175
0.4043900135819144
0.4356129538055925
0.42009275912899047
0.43355401433673846
0.3513474937514315
0.49055678875058184
0.38185131962182695
0.43075963095743725
0.47262975275130253
0.41958222021221114
0.43614617173920067
0.42677738922721076
0.41535269337544295
0.46422332416673484
0.36754025860832096
0.43860470506141075
0.45449374946426274
