0.23678534259859538
0.2487585783100409
0.256919422447168
0.22791410330841022
0.2439465064503418
0.2400576274673366
0.2526037002417536
0.2398386126438231
0.22396582581949323
0.24033974342133785
0.2514786191505645
0.22651796928426807
0.24513561934404088
0.26820124498372755
0.24018409147007852
0.242471899046511
0.21930668174297505
0.2516248799067973
0.24175634247004368
0.24440116412453078
0.2254206653087889
0.223660659661374
0.26794691301159157
0.2721887354957038
0.2271273354705528
0.22264693797610965
0.21736517892574203
0.23849029704559022
0.23826646361701176
0.25138859379459144
0.24926390682364077
0.25690705163311783
0.22683564404061662
0.21943194775538705
0.24362618192869048
0.2399539959560999
0.2523501083307169
0.24018731789811365
0.22433913471309325
0.23862758026749503
0.2449382500401766
0.23942214939597622
0.22483536977641727
0.2535166366598523
0.22599291463711274
0.25836343335045764
0.24002141397959026
0.24172445893141875
0.232287062274782
0.24529784149973494
0.24296526553904524
0.2435481220440457
0.2241892848839451
0.2678315033466135
0.27184630600215287
0.22492373083737044
0.21997617234313513
0.21710404693354454
0.2383055734012596
0.23840455526636312
0.25244209834510856
0.24907433447040062
0.2571911800546293
0.2224304138999972
0.2179812592872385
0.24207197343248785
0.23981853999893926
0.25236339552504705
0.23851170247402814
0.2233710185697445
0.2375015251765999
0.2415573661434623
0.241017278564455
0.23977082864061638
0.2244330872670128
0.24971634457291927
0.22651427073318264
0.24498696264462988
0.26777125229920307
0.24047926498268626
0.23868348974259285
0.22963504265906615
0.25378558027047166
0.24219296353100694
0.24336821321143012
0.2261589052513741
0.2244355592920806
0.2676375195906342
0.27165065439870717
0.22438843015021137
0.22512345842691517
0.2160206561360847
0.23731973955449398
0.2379775049811696
0.251688146811451
0.24904652396959517
0.25658310559799674
0.22877000345001847
0.2447770176510211
0.2400602207047839
0.2366296812660808
0.22403209985489855
0.23888898445522364
0.240237009817295
0.2399749140325836
0.24762575398685957
0.22665975610598793
0.2454110976919061
0.25780124085625794
0.2404867917491123
0.23810732731362216
0.23021072463682546
0.24571822902432805
0.2433944233900786
0.24455993950986973
0.22482795998872962
0.22323440458877924
0.2720759976791879
0.22495233368263173
0.22189187331161694
0.21478990308891388
0.23877638376298016
0.2565864126881361
0.2518838312536258
0.25968197878937493
0.22194914572482144
0.23126320290650956
0.2473728836175323
0.2437256011604798
0.253455156237288
0.242594067514277
0.22721332242732623
0.24324622524907957
0.24310063882665012
0.2432224654997389
0.24331340658966333
0.22764138933085987
0.2554398002846238
0.23057163655228124
0.25021434838299117
0.2690857689410811
0.24261355153338943
0.24245163952632987
0.23431504024016414
0.246684442008969
0.2451978784094082
0.2492097478792274
0.2250397874202931
0.27389697037898597
0.2752206885693912
0.22669334676253974
0.22353665711224124
0.2204937521615685
0.240452917857716
0.24284102652172415
0.256050596284011
0.25174162295319796
0.2605896569339028
0.22691361705407026
0.22024929466716686
0.24428507246756076
0.2432425944270886
0.2543112506890527
0.246802868609038
0.22776326541587005
0.23970109669274392
0.23952580517807426
0.2525813167676182
0.23859230376726448
0.2274346595883798
0.25124493170030354
0.23137747289812427
0.24682648701818685
0.26828705368389816
0.24187701426158958
0.2439405106718341
0.2346842297346203
0.2576228907062146
0.2290122226239097
0.22891469629317346
0.27161776245002567
0.23917517426873852
0.22303123014609588
0.22011923727606397
0.24175888592194683
0.24042345040994156
0.2567351757943874
0.2515318044655183
0.26193787473414787
0.23272483777259165
0.2326011779598216
0.2468194778446792
0.24590148274585394
0.25464111916097787
0.2483067003175241
0.22820222771341908
0.24250172130125525
0.2448741292760328
0.2402336183476907
0.22750108306826533
0.25727968603431983
0.25575476835655525
0.26863014871446433
0.2423597005769782
0.23326474528274532
0.25656887879722806
0.2478295024868777
0.22312727898754517
0.2716232697874816
0.27428693044375496
0.2268854684853389
0.2234155456281057
0.22251352184314743
0.24112036196894804
0.24236341792807492
0.2415397376100469
0.24900922355374402
0.24204848800246126
0.23534034872759962
0.2501324630656088
0.24274987422491062
0.2552413475052715
0.24354708747403833
0.2431209756849836
0.24662323905060318
0.25199668496713556
0.2400987483222827
0.2502499729926943
0.23269410309186978
0.24852977434672333
0.2682668116409891
0.2427968149435722
0.24360033860821334
0.23549485592517466
0.24684847702722648
0.24579744398613618
0.24535365439441204
0.24325938960170737
0.22746930525805256
0.2702929192011694
0.27378699224844366
0.23914873135245812
0.22922862957491513
