0.5284381575020302
0.5573758872189708
0.5780451480053307
0.5789890791677121
0.48787449630912116
0.46259068315582114
0.5351126203178478
0.5335916979574334
0.522904245276841
0.5273872946045971
0.5235644337050408
0.5389834167933201
0.5253528164561517
0.5195749601818873
0.5491074736984494
0.6175477263872837
0.5396918001126384
0.5194261422142101
0.48955429310779175
0.5474413898893981
0.5467912515559896
0.5442916377793923
0.5027322353866912
0.514717328876644
0.6241539687375278
0.6364061103926509
0.5165782499999968
0.49734770207589146
0.4872355344978366
0.5197850731398262
0.5260893867134285
0.5775002396423263
0.4884451843576143
0.4622204796187613
0.5341274227878076
0.5313675406717975
0.5338813452832447
0.5242897265873744
0.525973979583004
0.5393190264111792
0.5242353776618026
0.5215196638985573
0.5763135384616535
0.5183291233055083
0.5495567495477282
0.6167085294764726
0.5385061680107931
0.517573165833595
0.5487424651442842
0.5464671352413543
0.5411117468288149
0.5039672852270679
0.5099400041999043
0.6245986535527598
0.6365487106195791
0.5140760999999495
0.49588902101017196
0.4868619452942928
0.5201768073158306
0.5294750191958023
0.5560104385555588
0.5792216310693712
0.5773803040762701
0.488562600548915
0.4637229656009552
0.53528846598518
0.5302934972118851
0.5580375769349919
0.533117729571942
0.5252205645159322
0.5238338875146121
0.5234069503824367
0.523507654893177
0.5194899650779354
0.5740989147529677
0.6192521050778281
0.5415606158049826
0.5210611431995946
0.5488270383498483
0.542562568749692
0.5091177219696509
0.6235968339338094
0.6351150980120089
0.5155675999999876
0.502156043249261
0.48421133633387514
0.5188620382502218
0.5277390582630916
0.5559067075000655
0.578411816480564
0.5775834542972133
0.4885674547591906
0.4629625880330641
0.535480271843296
0.5303345795717354
0.5562668868146745
0.5330309299795604
0.5263297886230865
0.5252142609169917
0.5239281811873727
0.5393164338928743
0.522774151595815
0.5742185538486446
0.5182589997700905
0.5503061718688829
0.6183641661079771
0.5415967545036318
0.5192034255360253
0.4902855048431782
0.5489950359083398
0.5474401787479553
0.5033193788447775
0.512916773481419
0.6355260561456517
0.5136407000000001
0.4980206772748438
0.48398755482704153
0.5207511710008194
0.5444935516608669
0.5915141532492587
0.5023514630800188
0.477217591391118
0.5501087193878329
0.5699503613725215
0.5418341120359033
0.5360174109481733
0.5373825816648842
0.5544830720670697
0.5314155349605884
0.5897102647146969
0.5367513388351041
0.5735944337644063
0.6271209856678791
0.5535564180602822
0.525246213050539
0.5058385497963934
0.5660826234702605
0.5617578422546786
0.5602403830312868
0.5194534481452638
0.5214986137954507
0.6376985783017184
0.6494425740890969
0.517843999999988
0.5048722820908251
0.5023157467182527
0.5447562603336664
0.5697665123598344
0.5857703907175831
0.5936632621835486
0.5136601730609437
0.47232157973755157
0.5360549020678009
0.5715013355520457
0.5456366991211787
0.5430561939223789
0.5325264345510256
0.5360124996204877
0.5504976420214561
0.5292087529232447
0.5344500539968975
0.5803252236186293
0.5340310869614012
0.5647556021702893
0.6290991452009321
0.5459630112275111
0.5275048372271558
0.5040212348518707
0.559659920380144
0.5592256248199831
0.5555611861214662
0.5129237898858712
0.53106475394672
0.633006785466704
0.6486540518060114
0.5239366499999226
0.5056800251705269
0.49764466547011293
0.5328368322121314
0.5424080895144734
0.5759579288315647
0.5897780401887925
0.5957105256973575
0.5062609237913182
0.48166850002744316
0.5511241359610163
0.548085737467353
0.5724958904529655
0.5405123299803852
0.5374086967060371
0.5368265320823561
0.5485841489617778
0.5545097263986875
0.5339735301264597
0.539180805362583
0.5890712526688998
0.5412279761336773
0.5768129016465898
0.6282430336104973
0.5495851568068943
0.5252394515667067
0.5090652225985229
0.5675074212822024
0.5632859650801084
0.5592626689776058
0.5238533783049548
0.6377455710853467
0.6467825745765353
0.5014891617787336
0.5074401142922552
0.5354407252066586
0.5461149912207793
0.5669979321294448
0.5826111448556868
0.5912597684170452
0.5189704406712641
0.4708984896340068
0.5436744530989716
0.5357892144533135
0.573535976457961
0.541982168031829
0.5477747497127524
0.5319148088694741
0.5343255022997023
0.547692618046682
0.524003740664685
0.528004252434788
0.5703933748008436
0.5339732165908873
0.5591267756502393
0.628505864852897
0.5436970441295322
0.52370290438102
0.5020034453136832
0.5573181616704991
0.5593692770276554
0.5509464202494402
0.5117835302069371
0.5303799545595983
0.6307979998539764
0.6452347653448565
0.5237667499999715
0.5050988476868968
