0.5094031154911183
0.48824632512197175
0.4677487465101093
0.437223426000997
0.4782905155295934
0.5272910968291337
0.42199805311510025
0.539002335031734
0.5694370088199477
0.5410465253737893
0.5668845842706564
0.5630314973306157
0.5857727578670097
0.5828973294806808
0.5811962646924954
0.6101575214757877
0.6271824249467995
0.6249198952271874
0.5114770507046786
0.626204260627181
0.5255915429174064
0.5662261074943878
0.5895610040548831
0.5696743183761592
0.618441128295118
0.6463951840702006
0.6243289189574109
0.6445973786357995
0.6480438460909826
0.5894817917572764
0.709102158098737
0.67554258358699
0.696702088402155
0.9515446269470523
0.8074304558850355
0.7129920112738471
0.6983109310923501
0.7810758554002294
0.7225940775235263
0.7279301147817299
0.7393284640355889
0.761285463366297
0.6953243423400421
0.5681259936612018
0.7688532122814614
0.5062069417794534
0.4922401800129289
0.4712551055163203
0.44167323035113887
0.54681141267281
0.42419839018333966
0.5401531731149295
0.5687253898008279
0.5688571303712134
0.6047943765684611
0.43240664495967746
0.5745637026337577
0.5864077010774779
0.5799459261673267
0.61001957894046
0.5532296149309749
0.6276528518277669
0.6328993025290003
0.5101484316613114
0.6284850458424905
0.5243486586129517
0.5725575320939089
0.582486434494304
0.5705862735161377
0.6186578278778251
0.6471351050495842
0.6264183662776437
0.6407166477196343
0.6535310940872254
0.5931775069606049
0.7115385884027121
0.6717345743937273
0.6913755971525777
0.9322945450639257
0.816441411086224
0.7112033451811051
0.7016164071598756
0.7747474810969173
0.7213624507140717
0.746083488333324
0.7345390559319976
0.7602758774840143
0.6993511392382732
0.5754923557127728
0.7689153286967276
0.5033449787874321
0.46893950129575035
0.4784025722499643
0.5246782861997477
0.423921283038584
0.5394563318798145
0.5688166824599687
0.5437139113417455
0.5671498619814589
0.4310545987513008
0.5661712582813162
0.587864394210926
0.583205479070943
0.5781914860438399
0.6092903590560056
0.5545629955052838
0.6299763189638644
0.5041391210897169
0.6224602739058891
0.5244519001401231
0.5673614772950565
0.6189170887090942
0.6462632086790713
0.6257107253526134
0.6414977692104825
0.5893598072855233
0.7127613988663383
0.6694627367996377
0.6928384662145153
0.9318070576636971
0.8105350076468582
0.7124272987261685
0.7013912185538456
0.7705572188126525
0.7207363238495124
0.7288981737671916
0.731899812109691
0.7536176278727362
0.6919197523442219
0.5641565238082799
0.7692840453832522
0.521889714722065
0.5030310284665065
0.47909768136204367
0.46659957482048314
0.5450797694403988
0.44560667438260276
0.5968188197779766
0.5704641957521256
0.44555411300883513
0.5824757930376129
0.6045984830478018
0.6063063539648038
0.6406489349970781
0.5654427114063817
0.6479341877983148
0.6685566801494702
0.5270487583041417
0.6446110683768645
0.5484780441641457
0.5822329992536546
0.613646756564317
0.5898305945545154
0.6456463151667491
0.663561519619731
0.6657298772566214
0.6815785337995142
0.6115746890749568
0.7369350692231891
0.7023366619164714
0.7405893754208084
0.8487151017593846
0.743142735656927
0.7189434968514122
0.8179656317050921
0.7469083935424087
0.763783066353698
0.7582133329277987
0.7861059614649177
0.729302175019896
0.5908682992468254
0.7788024868230825
0.5191995689861247
0.5023154019744537
0.480320759614907
0.45615311381088364
0.5024083668710077
0.5447509926997185
0.4501014615281144
0.5528212126776627
0.5895797409829612
0.5620946413838929
0.5851242897416463
0.4496871775261195
0.5809478213920374
0.6127437571848399
0.6009141428269303
0.635139883583526
0.5702443282331059
0.6626583765486518
0.53197703784499
0.6433907600361924
0.5537947246661139
0.5737026639211306
0.6130321151650242
0.645020726741505
0.6680433764457427
0.675189665608267
0.6811033752985615
0.6113839486365941
0.7331756880785638
0.6965301465477934
0.7230300857383434
0.981537500829518
0.8477446071996854
0.7361925871141942
0.7206491123497838
0.8133222212170337
0.7536664965216326
0.7671553834772618
0.7687312215327431
0.7847274682361385
0.7213306215052244
0.5885871665474188
0.7748932228055149
0.4940716931763355
0.48245640949955837
0.4783102214408314
0.5114313208495408
0.5419873534213784
0.4501661135820175
0.5556607373652374
0.6076389817644838
0.5747025538239242
0.4494246945979993
0.5825382955340264
0.6012206167725932
0.6190507283110306
0.6115411029412688
0.6477907153479965
0.5696567176108965
0.682191018377974
0.5556715257312662
0.5902850531328845
0.6462310235558272
0.6654871532273987
0.676697996971426
0.6871417786433853
0.6876491272637363
0.6042762744266083
0.7436395671613611
0.7092704957450826
0.7454006846341489
0.9978179719657766
0.8579123688216244
0.743638254842745
0.7248532750751404
0.8290988829681634
0.7505558653205396
0.7728146921061034
0.768648831966517
0.7982347125904061
0.7375266315934775
0.5863597880922963
0.7730685751524345
0.5199228316451516
0.46284329963903625
0.5072020620718256
0.5396593969067365
0.4515303803433362
0.5518228543190077
0.592969602986409
0.5619120435979421
0.5864676801936513
0.45503373018927384
0.5872814763939527
0.5975284394707474
0.6126869019074676
0.6014230269370947
0.6429927520903292
0.5762925692890302
0.5452768809539822
0.6472332931530548
0.5540160689908198
0.5715367938874164
0.6236963498960553
0.5824741347997455
0.6546665126273347
0.669633683991791
0.6669546258747407
0.6834513278213252
0.6935666900737362
0.6127067037734237
0.7389684012487531
0.6998538811067089
0.7274567705309191
1.0003256421058433
0.8585119969904255
0.7385610099835264
0.7261383386603553
0.822841725992317
0.769332637779592
0.7808407019380644
0.7988659085513095
0.7248872801940174
0.5892363088692805
