0.4581710935513968
0.6345736101837308
0.593146511575828
0.49671904895359553
0.3610090577302254
0.36695253451862186
0.34052014139224407
0.4113872104068005
0.2615934452477711
0.4726954648526932
0.3046962382166036
0.2820388329379678
0.26859300899929056
0.3580966498825059
0.4333458577486454
0.36029114743935314
0.4013928069209728
0.33908248142835884
0.5433214431983315
0.3430019690671663
0.3700552380076948
0.3343856474360921
0.34206913391369054
0.36897466887840014
0.46251377408453664
0.32600882667523046
0.39111380755754227
0.4969217284504359
0.40453883358993875
0.3682606594996757
0.36641566382159624
0.4936033162670689
0.5233058636434408
0.4424458706072244
0.32715654239549263
0.4141873894340017
0.40738709403043183
0.448258871693088
0.4125191906000028
0.4594293961792353
0.35980498620904716
0.2764193684156055
0.627405168768785
0.4139682291134841
0.42007877653481307
0.35566628016777424
0.5860112690092844
0.5938222193931718
0.523276300430532
0.31587967135241024
0.3224760202255622
0.29646855173494885
0.3891266944344456
0.4787572923197253
0.39992681521506324
0.23078150813972265
0.44487348661577064
0.36213836528399307
0.37339951222841383
0.6431181769679929
0.5161305056794113
0.49268935701245
0.3834390385862973
0.383888181895075
0.4506191315004439
0.31886655742739245
0.29696824295679386
0.3100426982475521
0.45006846885496055
0.3853287045552648
0.45194521541431365
0.4902287067993746
0.47300487820441095
0.44818562905456627
0.35579682555793046
0.5935475115298643
0.4381054932954759
0.45236107735114045
0.46935389601950256
0.34442250949671327
0.33910372693807767
0.3526163647643057
0.47546745389684564
0.4480289242520189
0.4745781157455599
0.45188192920264875
0.4511580450917163
0.4552464668359792
0.35935326378725546
0.6002763725230011
0.3663471418511012
0.4389355113280379
0.44688586627024157
0.2555566434407845
0.39501544466499416
0.5834909448885446
0.4950179446653015
0.6269112307811621
0.33296039131358496
0.3686245473984517
0.5411926019417078
0.5004279892361219
0.5126898888739466
0.5021147719065593
0.3334599841199142
0.27337236056406566
0.46041440307391523
0.2806376021106082
0.4103953329322473
0.5479742445437352
0.25980308035929855
0.3478750130329769
0.3367891542443303
0.26359268527651314
0.4456464418110602
0.6226482728066522
0.41944781924392216
0.3476390408405835
0.65756964440344
0.40818983562241706
0.3450652212263748
0.575160448266758
0.42460063639039325
0.34729333995108697
0.32575021821302397
0.2765296310653257
0.2934737960175501
0.35952496126448774
0.4384295059598582
0.3769315115302282
0.2914241117122707
0.6734909040559447
0.3395288436268463
0.43765717108951685
0.33137404250251606
0.7734507066231151
0.63568448670047
0.3184658995613323
0.3266157117371548
0.35034439967759656
0.35743457057253947
0.3499403684021207
0.3583682002136356
0.4311420420774638
0.5184041340215173
0.3888896892011142
0.30757041684395375
0.2168788180135515
0.4547426927266317
0.48066160140552167
0.45032182677523513
0.47726779586571955
0.32189132054157366
0.5708267517648593
0.39166468272886656
0.2941239247383899
0.2921383294386105
0.41653206903633455
0.3089958418531772
0.35834904115311467
0.43449074452698416
0.40107200791532777
0.543567026454512
0.4102975247979221
0.4421431989752722
0.34932830481056504
0.3449571866768011
0.3284631044254015
0.355078781397647
0.4846461017668768
0.379096287923908
0.4287999384773813
0.4485414613509373
0.47403919940011097
0.31260368784105996
0.31825906287321004
0.33686123660709827
0.2926257668788428
0.3199726125089984
0.6260599907050055
0.4944454301118819
0.4851663059274848
0.4305701994903689
0.3810646821043432
0.36560004774772287
0.19344092406517932
0.371436910346403
0.4148555467835464
0.4403889929017879
0.48020631496810906
0.24023598037553895
0.3976088682945733
0.3408277064389294
0.5303933079591798
0.4758505277176241
0.4741899308196836
0.47259728883084795
0.3876563102048627
0.3666188685507965
0.42829111940561737
0.5087248342553009
0.25652637996910305
0.5739955526992968
0.45411776093654554
0.3587191450028019
0.4166835801746303
0.3426911616410754
0.38273860169270707
0.4538666658967777
0.3148192927335562
0.3491367277052961
0.3546785195765426
0.3751331614816706
0.39407586961505225
0.4974533222286568
0.3175937237194624
0.7357772092201851
0.35254759231472643
0.3925386783757222
0.48812611782148485
0.4378609228312371
0.44625775872740725
0.3578906477918584
0.4674390715257044
0.4243286620748129
0.43876320252846357
0.47001613400773623
0.3349729750047885
0.37401924242830353
0.34557850150516906
0.2819098822480025
0.5645734906947036
0.3758808344709365
0.2756380757213525
0.2748774651641268
0.33274676455824936
0.3356579419530932
0.4995960177333051
0.3773137782908598
0.4960996690512235
0.5173077605392304
0.31273951274322287
0.34731291245076185
0.30852604257353944
0.5812607118796509
0.32069311487962837
0.42306155511460836
0.5370306266133866
0.25488077123043096
0.4615034665757479
0.2564848273645765
0.5108751623737207
0.591567989763806
0.33069165305961884
0.4353868541654127
0.24019982930989534
0.3974944418071425
0.3647244049425642
0.4767008858800921
0.4100523461808844
0.44544473152309094
0.3605370746585931
0.2961464268452345
0.41007817244498845
0.3702882185101987
0.41629604858765046
0.3763256071544389
0.5018488931205405
0.2776704480396388
0.34817082879125605
0.28518393072691134
0.5656551039137794
0.4745593260634174
0.5782741246207589
0.5115511731882996
0.34795303005627387
0.35717904352984825
0.41275764585021973
0.3423392984094981
0.4038924241451048
0.2782080712819632
0.3351471792251185
0.3733519340667889
0.48049921847738664
0.3931086221772735
0.3884150820192587
0.4591768532742324
0.35227615213877633
0.3243878649450249
0.5939568107624603
0.50188711574913
0.48533634326518105
0.4898973848365271
0.2807222893744557
0.4781276125707998
0.390807140052277
