0.1270872538711643
0.13895397150659394
0.15236992479974915
0.14315562424136408
0.14822569742341396
0.14865103935886018
0.13580828015231167
0.1291157572558147
0.15371900921242268
0.12274931466121043
0.12395829716389332
0.14597327691217438
0.15890815119810053
0.13434354406029936
0.16854591399877036
0.15508771983399905
0.13705247719654215
0.14983922620102277
0.16552760460685148
0.13603284860879458
0.13981661612128884
0.11865602910228117
0.14139451674689668
0.14323303902478465
0.1690024852859569
0.12671205348397568
0.141629863370679
0.13413672447444988
0.13868664457485344
0.16001222019701342
0.13784129199894057
0.14975946558124675
0.12945185014596147
0.14742102951729028
0.132887045835463
0.143493018109548
0.1281004448325806
0.15380067704487338
0.1367770941781593
0.13514628892916705
0.16155422245491186
0.12738714833906453
0.1324382813366961
0.13669589630051546
0.13794722339916146
0.13281169616203364
0.13884192836978423
0.126972397081297
0.1549544878836947
0.123859419810415
0.1421108251782196
0.1343061482322076
0.16567626069424812
0.15996284665483237
0.17704800527223297
0.14473504067416681
0.12287005942667824
0.15015360449517515
0.13827550639995775
0.15512731927508502
0.1505115528133095
0.13459432741284333
0.13941961249127857
0.14368694752040145
0.15204444100985096
0.11953457235251064
0.15037741478723327
0.1577588383744755
0.1427247612693353
0.15480954750069695
0.18011568533110484
0.147623263482523
0.13287407932031095
0.1380717058441768
0.12725347655036853
0.15992753788154976
0.13847820990174226
0.13316764624312638
0.17125256895719718
0.13168697311872973
0.13311296085384583
0.1445775016192174
0.17141188172168198
0.14074550726016133
0.16480597261329516
0.1435083281450451
0.12722099850524773
0.13817580082403536
0.13496800534228826
0.1529465785147247
0.15411318057430515
0.15458534429523357
0.14729578834525883
0.14287065091086154
0.13276919564119186
0.153656044452946
0.14485579000800242
0.13932304240287433
0.15335606640220228
0.14792099744874135
0.1417800737275305
0.14602652377096928
0.15382769877167457
0.16793416506077255
0.1441248926552091
0.13267955411688567
0.13515370288503128
0.1477863541038299
0.12547248485073992
0.13210086621548842
0.16088580766720872
0.13112371966640707
0.13554927489436813
0.12160392167710851
0.13636420282712503
0.14199676001678635
0.14534683119223504
0.1427460663675282
0.1540176692275413
0.14469029117642135
0.13343805887138593
0.14379866526169713
0.13189259698150768
0.14708500997852283
0.13636565071405976
0.15519933337267772
0.1400350209779193
0.14278972906847734
0.1376055585818466
0.15545716805235577
0.15659636277255987
0.1262199477360443
0.13311170566616676
0.1416473113430212
0.1302939083642866
0.14173108339894408
0.12686594347362
0.1839691706540571
0.14218311873202732
0.13010984587336383
0.15021821497447513
0.1309809163272836
0.1323035240341645
0.13356454267538376
0.13268098014153906
0.1895409628491989
0.128319330241768
0.13558510790193057
0.13475396391545783
0.15383834571005361
0.132089670686456
0.13916139194289412
0.12606694747019234
0.1517318518184952
0.15764084804272202
0.14026850583861428
0.13941211725904246
0.12994597140803885
0.13522478531586202
0.12237438791165178
0.14270649995090923
0.1581559093587754
0.1580502339765465
0.1377460630018264
0.13185159214246336
0.14088436975595964
0.17487472703965576
0.15636623707189704
0.13649067904355522
0.12600910268248472
0.14749234360808186
0.14110378714682206
0.13498927056957025
0.13484388128375088
0.15422081543618932
0.14706896521275606
0.13376086263165515
0.13989782210250087
0.14342553352057016
0.1233396520491803
0.12542409139176286
0.1736527664890885
0.13870244563900258
0.13219693086240386
0.13051353705908703
0.11136764679354769
0.1472514039606776
0.1295968194629818
0.14923109043848826
0.14908218349758273
0.13539846118891916
0.13274926837433795
0.14489844687194064
0.13964106129031953
0.13727444489606946
0.12528742852487515
0.14696795607125768
0.1419510051367253
0.15342442374331727
0.14135737806299992
0.12335979705280431
0.14461491811670676
0.15394039486463867
0.13374653646505555
0.12437962897077195
0.1413193488152362
0.13692268395645654
0.15842360785391735
0.10971020290413772
0.14862562641383475
0.14421448094920802
0.16050110576786003
0.14022763675844574
0.1365763139317205
0.13414437575249924
0.14482026528449263
0.11505688045004367
0.12533723874911437
0.13804383549491323
0.14445706944150477
0.11986883266973729
0.1358168145362074
0.13461101108421003
0.12266461792342157
0.16339479465897197
0.13974727981210092
0.1447935939985341
0.13393516074293715
0.13582692754925993
0.1516735680932999
0.1288410454759827
0.18992538819734348
0.12681308619614481
0.1373300797579815
0.13843769085991084
0.13974174641549653
0.12221342633546999
0.14117355215274674
0.1525225156823119
0.14194680767352696
0.1314022624323537
0.12983025847486065
0.12571217210995453
