1.2712527502329736
1.1237841371510253
1.2347633733168364
1.2532737091676867
1.1802128019331914
1.166070819076419
1.0523510395613476
1.1747590228905742
1.0911131391349405
1.2469576964130544
1.146704047983144
1.1590723529405829
1.091422097785509
1.0241299119116687
1.3130209986603012
1.1658412119340862
1.3841707177546794
1.085141178109057
1.3764731643995343
1.2905929225306243
1.3774346704500997
1.179374302929307
1.2315787321092457
1.2466681225970013
1.231756198286668
1.2912765608337722
1.106486082169793
1.2975884293087683
1.42592801388935
1.1969785079107917
1.2509732098555935
1.3746001601364612
1.4199629169065535
1.2866055141571295
1.2655986872386973
1.3304587137565504
1.1558715938657567
1.1860822514429004
1.2678116133704473
1.2368086734731434
1.2361268428902557
1.120335188022442
1.3271575063063552
1.132564027999793
1.4611876570380677
1.2410911417753603
1.2252413541976646
1.2971216910576138
1.3773049728418514
1.2020607365759075
1.1556281783237456
1.1728072945491088
1.071864774980784
1.3042183447081888
1.2617186478923808
1.1242676757686727
1.1243009851327932
1.1502462633544868
1.2504417799284848
1.13566263801548
1.2174855562741658
1.2306942501227356
1.0868342602675627
1.172805636594316
1.2494332377135688
1.2540984809464373
1.204408222281802
1.1923630050199812
1.2054978738546012
1.1674048266080248
1.1845021360388595
1.1835774621268014
1.3091588404955858
1.2205072905250436
1.413247272417368
1.345282813788703
1.1646126007037214
1.2721436606248497
1.3700784477484302
1.3105619590456954
1.36128108757414
1.2411811222519107
1.3040525027626853
1.2403035947867798
1.194865299617632
1.429045454274613
1.170699396362178
1.1556349408855993
1.2910503527129835
1.136165180998141
1.2424069924322845
1.3035649091828418
1.1676913289694548
1.179024211024108
1.0965522609356217
1.1951448816139907
1.343592325223975
1.2811336923434864
1.2052518672194994
1.0567459683398879
1.1992649094192038
1.304861475863949
1.3061733340236925
1.2259880211828609
1.18608497816115
1.177707610940108
1.0571592636834128
1.0820480313373666
1.1828728483595106
1.1342373782593047
1.095182985596485
1.1842604361265316
1.163650941493037
1.1274540625635463
1.4296421131946062
1.3196771759497508
1.0641217981572986
1.295136350244523
1.397596333607408
1.488845128053204
1.2141848334904453
1.4140835643871144
1.2885118075669018
1.335326970470545
1.230708925048244
1.3441574224438881
1.2327852630526503
1.3307769513121515
1.3128873491625273
1.3528058107125323
1.0689313474151203
1.376084355024977
1.2189820483492273
1.3370390200789086
1.259978084684392
1.5163558373414645
1.3465473251320847
1.0432897646384791
1.2119052769437482
1.1959854325988863
1.3682754566584359
1.304508550008077
1.2620341151103602
1.209909717552464
1.1682305096878702
1.3717763637406817
1.0878772465077164
1.1713981680345258
1.3175949512449108
1.1209107445034978
1.3187582731184984
1.166104015048139
1.1928953656502488
1.2459456198681487
1.1229000481865998
1.1727124811117215
1.1830203371530408
1.2480726898676242
1.211028362768834
1.206783919354441
1.2367037072651632
1.1541580237459834
1.2438520345874169
1.2215252358723656
1.3342628512411214
1.1617427039053794
1.3913734432791345
1.3190339799428712
1.2542750015075703
1.2980749736944128
1.2786977871790253
1.202748698023237
1.4481706189196402
1.3422814475664777
1.3280461448975018
1.3012235942343446
1.1770962778075256
1.2269264290041988
1.3645739616553079
1.3771279166328503
1.2339849570023125
1.215840326066478
1.265789222805396
1.2569412450659525
1.3038925765103206
1.0994559235450425
1.1329227887315172
1.3053852346670414
1.2955055304295016
1.2558782695457875
1.105131192716081
1.09282660488372
1.232765043031548
1.2833445863181099
1.2329736508101599
1.3645094410268148
1.0930970829187372
1.223124448779024
1.1154534453470464
1.202597136551229
1.2276018541770815
1.1506147265228548
1.1809108790674507
1.265752348999261
1.2769542818317303
1.1390067202667815
1.1466798229139115
1.1082211619539004
1.284352166365032
1.4439148434598885
1.1980712672946654
1.2661641094062366
1.2783422710207852
1.1688054113142927
1.5741552769030165
1.3421767535759697
1.3530637333281827
1.336592573480976
1.3350503042501145
1.3964194316814438
1.2356217869694621
1.1662771956868658
1.1509837713325646
1.2124619172798161
1.1779514282033405
1.4281298358307546
1.2123650779091204
1.266788169596409
1.1797990048906897
1.3928688751424558
1.253614557066287
1.2251811636728958
1.210036807812334
1.03489295851931
1.203017077735371
1.1837878092622782
1.2911303907447758
1.3191712296705034
1.1568658406984877
1.2014525700507481
1.222490418020819
1.3555767477613039
1.20840642380047
1.1556667741577134
1.124925824665707
1.2510154805612155
1.0584710431939879
1.3004561971541821
1.1925252049607091
1.21288204796845
1.0871219975576472
1.3093847463804211
1.2445152900461351
0.9499475701972205
1.2069374291341322
1.1676898401502067
1.129047031985134
1.2089016004436068
1.2341165327641614
1.1991908580915254
1.1729128524350594
1.1273299651155582
1.1105184442615963
1.2631048511303633
1.1439677862856608
1.0934079443355127
1.2066729651097257
1.0954432413521835
1.1689452651243024
1.2800327363737682
1.1588958695377043
1.3538419734651566
1.2094788920037114
1.233386074742042
1.2296311981363273
1.1847905182954435
1.4350234343870132
1.1930555138378582
1.2089928704597688
1.4035237510790837
1.1694122185942277
1.3083188769839342
1.3954544992918778
1.4719649341845968
1.2217288040318206
1.2582714728417448
1.1631740766157632
1.1264660651987644
0.9720745371744488
1.2546429226924984
1.2561188037890187
1.4764955025415152
1.289087410105973
1.1104619168403622
1.1276260809556427
1.1082359033783076
