0.325581
0.395349
0.375000
0.343023
0.360465
0.360465
0.325581
0.348837
0.348837
0.348837
0.348837
0.360465
0.325581
0.348837
0.343023
0.331395
0.337209
0.348837
0.325581
0.302326
0.325581
0.372093
0.348837
0.302326
0.325581
0.348837
0.331395
0.302326
0.325581
0.343023
0.348837
0.337209
0.656977
0.375000
0.375000
0.343023
0.360465
0.331395
0.360465
0.302326
0.348837
0.348837
0.348837
0.348837
0.325581
0.325581
0.348837
0.343023
0.343023
0.331395
0.337209
0.348837
0.302326
0.325581
0.372093
0.348837
0.302326
0.325581
0.325581
0.348837
0.348837
0.325581
0.302326
0.357558
0.360465
0.360465
0.343023
0.325581
0.656977
0.313953
0.348837
0.360465
0.325581
0.325581
0.348837
0.348837
0.348837
0.348837
0.348837
0.325581
0.348837
0.348837
0.331395
0.331395
0.348837
0.302326
0.372093
0.348837
0.302326
0.325581
0.348837
0.348837
0.348837
0.302326
0.360465
0.325581
0.375000
0.343023
0.331395
0.651163
0.363372
0.360465
0.348837
0.360465
0.360465
0.325581
0.360465
0.325581
0.348837
0.348837
0.348837
0.348837
0.331395
0.348837
0.348837
0.331395
0.348837
0.331395
0.348837
0.302326
0.331395
0.360465
0.348837
0.325581
0.348837
0.348837
0.302326
0.348837
0.302326
0.360465
0.360465
0.360465
0.331395
0.331395
0.651163
0.325581
0.325581
0.325581
0.287791
0.348837
0.325581
0.348837
0.313953
0.302326
0.392442
0.395349
0.375000
0.325581
0.325581
0.360465
0.302326
0.325581
0.302326
0.325581
0.348837
0.348837
0.325581
0.325581
0.343023
0.325581
0.360465
0.313953
0.343023
0.302326
0.325581
0.360465
0.348837
0.302326
0.325581
0.325581
0.325581
0.302326
0.325581
0.302326
0.357558
0.348837
0.348837
0.313953
0.313953
0.392442
0.395349
0.375000
0.302326
0.343023
0.325581
0.360465
0.302326
0.302326
0.343023
0.348837
0.343023
0.348837
0.325581
0.343023
0.325581
0.325581
0.325581
0.325581
0.313953
0.325581
0.302326
0.325581
0.372093
0.348837
0.348837
0.302326
0.302326
0.325581
0.343023
0.348837
0.348837
0.313953
0.348837
