0.5530183373967588
0.587879696306564
0.643732555182429
0.5412305445471789
0.5426045224479352
0.4820507610471867
0.4766375975589985
0.6226492277712421
0.3528434106710257
0.5639048974998891
0.4510695493293979
0.38214467286158527
0.5156119758021178
0.46233986973818614
0.518956785595182
0.37076078583801025
0.45036166762449903
0.4874918411206944
0.6240369654227053
0.4116769438015221
0.45573915663988873
0.5804332322141004
0.4940875960132049
0.4850521134983714
0.44319780300080525
0.4995638824797313
0.5178103616397104
0.545231640349823
0.5159637319698884
0.47302401997023935
0.54148031932494
0.6355852139065066
0.6911010979731073
0.5026193076092028
0.4148309504831902
0.5082871367684918
0.48618965954376503
0.6328058169216172
0.5835328985528171
0.4474176396850629
0.5734681816877935
0.4338906530419681
0.6107702541299328
0.5984675844120418
0.4561296194233781
0.5484056152169108
0.6979233961195008
0.71429088172894
0.5357397173373901
0.48060014094736636
0.4463812539408521
0.5136467790016988
0.4770586228405381
0.5509033871354507
0.48584842966385444
0.4952785182952927
0.515191073557672
0.5968208320064037
0.47615619757495564
0.7109879530028212
0.6866620798209726
0.5031537728335733
0.6297927132225511
0.5952831335231148
0.5230752651878642
0.44089402067311917
0.5159815526843091
0.4776210216259537
0.6499119392500274
0.5339547223738006
0.5277057547346278
0.6594548099917391
0.44599916899245395
0.5275308944068164
0.40644204280678703
0.5997721431459473
0.5555793220540785
0.503378189553945
0.6081347586170547
0.45147069484711855
0.41230118559535095
0.4434449919604246
0.5917282758968495
0.5064167010228353
0.4784687067465596
0.5074238668331217
0.4414995776151221
0.5388452287953871
0.42930113512599
0.6348476263086051
0.45931772857410524
0.4965428270090834
0.674986891437246
0.31867638699080475
0.5384619532634927
0.6996639170203327
0.5543278131410111
0.6246608991860727
0.5266829044919441
0.47256068797103495
0.6199063749106399
0.47947076924380844
0.5863398444693182
0.565669157995673
0.4615670006587068
0.527412187269503
0.5061326173244889
0.41213242272794604
0.5217550787118903
0.7059361988757171
0.68235081134197
0.5070610098329121
0.5665451705659821
0.4280581755373624
0.46724378730613747
0.6406050550527702
0.596917971630774
0.3612809115349176
0.5502727527399072
0.42660192531804675
0.5218816370352113
0.6209151206070085
0.6576933046048588
0.5348310099618991
0.7006646408254827
0.4349245216025825
0.39753258997157126
0.3801388219362464
0.6224403958227644
0.5668036519930238
0.4873769092265223
0.7528273991292609
0.5195239005766004
0.6044897987319896
0.5382920798449633
0.636197351702129
0.5898376172024189
0.4141909463855128
0.4420771868959623
0.5080998663794716
0.4475450859105553
0.610244743684947
0.6157276637554456
0.43519556273213245
0.6400924265205881
0.611715457601488
0.4452176632664495
0.3464692355665301
0.5580657241850935
0.7316538252000295
0.48325634818705077
0.5876092561074354
0.5805629768136021
0.586362464076515
0.5329818723310948
0.4503083212545639
0.5170751610623809
0.7096607611757071
0.523745325153612
0.42887000976433576
0.4662095589267629
0.49875142454535537
0.5177862031276368
0.5185862285298802
0.48856652289893004
0.5163073503401487
0.5345448916380594
0.5589278374805842
0.5594434708059532
0.5050270687128651
0.48641610384632056
0.511160347031754
0.537512663683417
0.6294554914093283
0.4385211149859592
0.44206335841221545
0.5567652940595196
0.47814711388514164
0.5106958884049443
0.6125833116177963
0.5196792537166788
0.5058164807429328
0.4352771579413785
0.5070694770047012
0.5122173979430849
0.3352185479612635
0.5643439151759614
0.4934544209500659
0.6665485409194136
0.5083023475349303
0.3792352044344532
0.5066990892941774
0.5472327648361337
0.6312899282167302
0.63233861752037
0.6272143161142166
0.653979927991269
0.41874035813697696
0.5055709809819613
0.5345668098573538
0.5710664069180478
0.4698749331872055
0.5904052468631875
0.5872652739298727
0.4659512629181345
0.45051038441063723
0.5122556724228094
0.5481890329179081
0.4585493978481886
0.4127377079734392
0.42009231806667663
0.6662330798855561
0.4515471022488609
0.4925528405937649
0.676397010882364
0.5412713146760455
0.7388904726382637
0.46713298988436824
0.5526445420942143
0.5840713289848221
0.6763900230122611
0.5739533757802829
0.49706524252262196
0.4893595180840249
0.4243643412960403
0.5843384248141468
0.6225066951323601
0.5582601850785447
0.6348677886282521
0.5476474314043851
0.5419466867168586
0.6190295253326213
0.512514597630444
0.47629040685728813
0.5288974796693179
0.47913058598331143
0.4847847532610015
0.5888692339871896
0.43036181752232483
0.6634917832613518
0.4679555695502481
0.5224622216411506
0.5136740463303655
0.3951516042548504
0.6068909183534155
0.42365305481876914
0.4508923614068564
0.6208116234819501
0.33490225780040483
0.47207288165366884
0.4839637031345471
0.5823086905635557
0.6090307075736983
0.41908430874540603
0.5983680637920936
0.421902790737735
0.4871071319320978
0.3876930335975399
0.5339958279238795
0.5801097395402857
0.5314294312235156
0.5966617888119738
0.413639180866021
0.49472556065434015
0.6145251908154632
0.4791787559550681
0.5402572880703723
0.5313267761925531
0.3313515414120902
0.4582051118329596
0.467030254648167
0.588436875608281
0.4581610427639323
0.8312099025713413
0.5819984737085476
0.43985241425896926
0.4829421968928569
0.42897585391123316
0.44224784272887513
0.4941383573868238
0.4238226068371359
0.5672878854554559
0.44543106940418586
0.536149489601028
0.39264443008963035
0.5905522689146874
0.7971679250592731
0.4752198364078386
0.5497976493611125
0.7142848588910077
0.574829358933763
0.47311009883911276
0.6635622010103138
0.5319486333641734
0.6752108856816714
0.5224043893878177
