0.404183200487573
0.3497416466653257
0.5206121327618765
0.4098358226905132
0.45735536318838826
0.5385679488277727
0.4784641119877196
0.5125914873292253
0.5179201252137763
0.5581455108122805
0.48412638071962405
0.444525496215205
0.6428096741417881
0.6114851621488863
0.6521046109584974
0.6007663067834713
0.4832050389446607
0.620010671031594
0.510264776611667
0.7052089624765581
0.514741351108864
0.588131333433356
0.5769137561750887
0.4378690103973778
0.4084160476336345
0.47864933225011785
0.5836296716840537
0.4659047957143778
0.4153994957182956
0.45951155484199463
0.5405159650024663
0.4065145759570351
0.46502890295144284
0.3921194892305558
0.5559786713508165
0.366707934718012
0.3812709464326304
0.6398182602093418
0.31303929099460404
0.5038455785119555
0.5306730466152983
