1.018297657877407
1.0275207556681636
1.1239988811237505
1.1213445229376853
1.1907963196488587
1.0999429399458258
1.1889649326541862
1.0235963674223896
1.1400647619532993
1.1010051751536283
1.1053983857048126
1.1182480975221425
1.024053191601513
1.117890527694714
1.1398808332167605
1.11300582863253
1.1229887035670407
1.0394049628084239
1.0633861188920646
1.110327797123275
1.1334353680229876
1.1105802391345942
1.105222484958004
1.11465997310321
1.116205659193954
1.1352457023776492
1.1112280331609772
1.0343496457715213
1.0126946372022898
1.2193225734137574
1.016486389491546
1.037009551688119
1.0229155500889222
1.1047747660512888
1.18489192622148
1.116243448247586
1.1073289289488857
1.212505024328436
1.0150898626885643
1.1216493498805917
1.1478474960304847
1.112889568743702
1.165038693784246
1.1201975611658874
1.018044520670665
1.1159392881389811
1.1166304768257378
1.1142938868116439
1.099138723674952
1.0281834689537546
1.110682028639864
1.056053686395976
1.1456568919629897
1.221956021615849
1.1230034731712817
1.0978534184431166
1.121331578294806
1.1197639082207145
1.1235363873275193
1.118493968775154
1.014994640633757
1.1952627218983025
1.1857097405208987
1.0009367383317915
1.0089587282130734
1.0604657698007285
1.1155093127688436
1.156622404541251
1.1955305368334925
1.1211872878509181
1.200523335520044
1.0190984308938962
1.0427956517234092
1.12476714675258
1.1160643921852507
1.217472469758053
1.0988024729360477
1.112878688117128
1.0367423619351186
1.124323601732434
1.1153925030250198
1.1907136682838526
1.1124717788084395
1.0251488937466042
1.1206307408374834
1.030952299059823
1.1512172648129926
1.0151128728637653
1.212949595669885
1.1104541155279304
1.1245566453049554
1.1282770662846489
1.183554695749823
1.0367703589038555
1.0173563777185626
1.184630246742814
1.1370566374068656
1.1170027399947715
1.1134321625768604
1.0191719014388712
1.0385860934832511
1.151825089612856
1.121158458796357
1.1844708744713683
1.135615590550374
1.2052578388734243
1.1130956445461353
1.1865329422749713
1.1274447421540874
1.1047758634732496
1.0977311000955203
1.1818942206226204
1.184463441440005
1.0220688655391648
1.1134650496696614
1.1332382539628223
1.1308812049641965
1.1186758579692337
1.031517158316836
1.1087042039823034
1.1137528286475462
1.1727228465858162
1.1193425878602457
1.1066863282827397
1.1783047104150097
1.1093083376085362
1.1169497718403698
1.0542165607716094
1.1795237979633457
1.1637697867912298
1.0294984376230756
1.0249543782333914
1.0170041931314846
1.157035047173107
1.1325927990104188
1.0146255701166151
1.0872394099355691
1.108143007676603
1.0982189806904281
1.1183764080912972
1.1140860378907465
1.154945722797838
1.1888510590931098
1.11043355102459
1.1304313177791045
1.1913234032331885
1.1129597890773233
1.2077503466081632
1.1056336198500178
1.1118458913996332
1.0242059955911667
1.103502446232336
1.1829012745319114
1.1232117864178033
1.1311578915501583
1.110996854757744
1.1043064695126816
1.1484377778412809
1.1020304998446333
1.1197143096015623
1.114759104120805
1.038722829548984
1.1973168509912013
1.1845528157986167
1.1121734517398465
1.1066237452527137
1.0316559047953138
1.0362408465805326
1.0217179486360464
1.1820658058694486
1.2030057651056125
1.0363362917949188
1.016376220671189
1.0284311991354425
1.1072890393980321
1.1311978350108123
1.179837324024159
1.1102526790202534
1.2012668829160178
1.0240685629915556
1.0979369727118522
1.013202059884526
1.1164595758710432
1.0917253979518435
1.182512651572262
1.1092921816395047
1.0198684054059182
1.099210458883822
1.1027513458699332
1.1183789129075865
1.1829132122350783
1.010152456234141
1.1301747365002996
1.0204797063820112
1.1288046877517393
1.1432688713204548
1.1133431667655644
1.11466985184574
1.1230594762404236
1.150217932670996
1.122849512135423
1.01591786616972
1.190192528706785
1.178727008172159
1.001524021243251
1.0270309643857582
1.0246012005182163
1.154755971110386
1.117344812573867
1.113575143078428
1.183703225477815
1.1171217853287132
1.1633324291018934
1.0242021673207722
1.0208998751448608
1.1247677050811982
1.1183541277765863
1.167397555900707
1.1103350414240256
1.0277565720170438
1.1016279868151442
1.1484623994577992
1.1251462931976821
1.1133010301706903
1.1190161999371773
1.0239901330005092
1.1235076830738808
1.0135907437986778
1.1209301629746433
1.1811933960374374
1.1151568895159485
1.1056555627103144
1.1049727960017819
1.1263911407531468
1.1910883503304663
1.1217930507712846
1.0974319422193015
1.0519029684039845
1.0231531345710068
1.1869931200898727
1.183191397520829
1.014501533595671
1.1874342827241307
