0.24749034192594424
0.25052568817522447
0.2696848111682343
0.2720294301937654
0.2867551977972918
0.2646585527689931
0.2852450058553362
0.2491582227912349
0.2765164836580236
0.265337263654635
0.26673579101886374
0.2706469323565513
0.2480573766876838
0.26956296659895834
0.27635181107225354
0.2693858309509045
0.27142368391702004
0.252696820263711
0.262156319162852
0.26810321164571993
0.27650857151414354
0.267716152051957
0.26625330835412153
0.26823415972324877
0.2705820978581704
0.27645403704162314
0.2673110853936802
0.2533161551827863
0.24511167638515735
0.2960532324683177
0.2468035624999983
0.2535947121428312
0.24756836359949447
0.26618554416242496
0.28397734018703424
0.27018994465395724
0.2680026512425489
0.2949996859137747
0.2454829438611722
0.2725410898694943
0.2803979285582005
0.269642247281039
0.27957732624024173
0.2701163771610618
0.24800023371948998
0.2699910371466506
0.2696651141041545
0.26946094314704194
0.2650461887977995
0.24816731589031857
0.26680612354882643
0.26069467203261776
0.27915274358580855
0.2971119555256964
0.2725643328481387
0.2636425113938718
0.27092305735259986
0.27084389984940516
0.27080987510678356
0.2693309393136313
0.24630657991626712
0.2870461476420316
0.28511650332444943
0.24145868440846957
0.24360987614901541
0.2622012794049611
0.26945893036904084
0.28171998290122924
0.2868596935076044
0.27195595862495675
0.28900529094449234
0.24666517387184855
0.25495224218545715
0.273034859197542
0.2690999355715649
0.29566953696924664
0.26376345031478216
0.26827859977596347
0.2535012204147007
0.27267049692299294
0.2692959400521647
0.2850269189638159
0.2694592089204243
0.24946187835465652
0.2709089428135964
0.24875346003469695
0.28150940948311876
0.2470985280886244
0.2947774713524083
0.26817370686374054
0.2724113724058831
0.2742449873319033
0.28375726086151903
0.2535587969715999
0.24728375505752018
0.2851011078886303
0.2760274932838198
0.2698550079868965
0.26951785702916625
0.24793190644977298
0.2535560835882682
0.28110044750180596
0.2716730247287065
0.2842243403872957
0.2754111652457821
0.2902508097635783
0.2668167481820451
0.285564744199184
0.2735031376920244
0.2661579517620384
0.2640340914402143
0.28406541134847973
0.28568754705774985
0.24959526311622957
0.2655606061147867
0.27512252248545094
0.27466242568180493
0.270474935803871
0.2524801437775697
0.26797417768272536
0.26911911084935164
0.2810070730331262
0.2705631063359289
0.26587311841634403
0.2838264568002311
0.2683439060321137
0.2704555422370061
0.258212665651256
0.28241408152176245
0.2772300469245102
0.2504067568709221
0.247732637562391
0.246298444322961
0.28341953619914645
0.2757038824662034
0.24509886047305507
0.26305672348019565
0.2676832290552008
0.26454499607302323
0.2710108941811092
0.26632114503118126
0.2817514171230889
0.28667453286092726
0.2682764875
0.274450906170122
0.2842453520003272
0.2676814187499996
0.2924469600138906
0.265734358566927
0.2676691111682988
0.24828571992116738
0.26536529628586686
0.2843501760877516
0.2712561102874159
0.27459946886665826
0.26866875624999026
0.2667013330715196
0.28041615065274894
0.2657802203349282
0.2716559604136481
0.2695591933351331
0.2537155796609822
0.28943108194699557
0.2846976347792405
0.26878944999999854
0.2672103515528076
0.2524495132315476
0.2514178365794758
0.24752380224244427
0.2848739952149099
0.28882243452238365
0.2530141165043466
0.2467335551297569
0.25029143780705226
0.26710213819542394
0.2743046285960048
0.28323573749999853
0.2685308828900196
0.29056920413310017
0.24915235245532638
0.26478291571321144
0.2464157541638674
0.2681413762231416
0.2614305462729055
0.2841485580954327
0.26778844702109145
0.24784760324915073
0.26453545678641066
0.26471891291341554
0.2692751058750284
0.2843424062499121
0.2446061194452614
0.2742354931191475
0.2479210617656437
0.2743843885078359
0.27993426230326945
0.26823659634300506
0.2697509102625615
0.2727213978210489
0.28091790860641785
0.2722056591225287
0.24668028749999843
0.286958660648065
0.2834082122582863
0.24169014263529326
0.24933295420213294
0.2497447949885642
0.2814881223757613
0.27121560249459664
0.2685660999010501
0.2839856382888102
0.2692634657682537
0.27708724067706214
0.24785742928905272
0.24734155548306955
0.27175261302059356
0.2708821802096325
0.28014604790812003
0.2680968777198543
0.25075622026006017
0.2655251046959572
0.28050720494747156
0.273845823579263
0.2694867007401266
0.2702559329833368
0.2497463935075541
0.27157457516169187
0.24577945169651094
0.27118450615504214
0.28384586871495954
0.2706931135062713
0.2638492284563082
0.26602158153687333
0.2732257364827634
0.287203048877782
0.2720012973171761
0.2632404938067427
0.258948864111244
0.2495010525072755
0.28493343763235524
0.28542617961994343
0.24604351789184475
0.2861857435602732
