0.48939796337424996
0.5055497337361139
0.4979192796562649
0.5143002798181178
0.502860489694155
0.5102612161532232
0.4658644254803006
0.49314544803141525
0.5445070960852872
0.4684562878431033
0.47691108107184416
0.5091006173181818
0.5024428970094439
0.5033132871679267
0.5454727544106049
0.49811778930932576
0.5095387894861432
0.527818993621927
0.5905978196767494
0.483372747344022
0.48960831504520064
0.47490279682947195
0.49096399808782265
0.507911727791958
0.5502988316253598
0.47852240142832564
0.5309648795438555
0.48084217202421103
0.5205724217174851
0.5747482624593941
0.4810757187499971
0.5313301096870354
0.49023085029964525
0.5026442291169676
0.46134596464947275
0.49647271173103136
0.483168885587356
0.5730955919430994
0.48238225000572327
0.5221405906132641
0.568753254409185
0.4974471577370324
0.5127509259628401
0.464703242685607
0.5094765196820814
0.4953019781856149
0.4967135472472852
0.502847587862884
0.5025258927781168
0.4600656433839004
0.4982477250985585
0.4768803389310699
0.5828727465935695
0.5708699632919134
0.5869757107605077
0.5175555119728437
0.45052968752401273
0.507775128475213
0.5156118658027469
0.5018371645122395
0.48875346439913275
0.476097233468944
0.5173660378562828
0.5176683690625572
0.4894544449393315
0.4341291284297559
0.4535522863129124
0.5919521527544684
0.5002629802321473
0.5892773746996782
0.5052484407908467
0.4938648283023677
0.4700411245736843
0.518424585355405
0.4864971326463381
0.5473057851651933
0.5214603351523758
0.49988293882935964
0.5725412218586649
0.45662866047366124
0.4952927571252683
0.5314029225100615
0.5157198303326259
0.4978853126466492
0.49629658886065214
0.504198288732837
0.49812814309051473
0.5136052559986582
0.5002517970278503
0.5821026991274452
0.4874244015752855
0.5716042605888731
0.5204859286939593
0.536743584617564
0.4826077328923197
0.5321277394204934
0.49468343707101936
0.49063648257376125
0.5435922840931012
0.5045121089567737
0.49792154810978173
0.48071646944319346
0.5244295004088467
0.5798983372833659
0.5113033689658892
0.49607402598020517
0.49267405601683545
0.5440871017487259
0.47944741276706343
0.5015795510912261
0.529980587727619
0.4720480583174034
0.4888241171271059
0.4643763521325061
0.498396177122839
0.5048046636133406
0.5055924202839338
0.4685786322863487
0.5420869206663005
0.5312251660667362
0.5102601564044608
0.5247239662009563
0.4875730230815993
0.4945280345558263
0.46890764261548823
0.50608555469226
0.4719425665563919
0.48705083158463197
0.49241946373211526
0.5120199848240722
0.5723186453444798
0.47861755672344447
0.43482734490083574
0.5104148794643538
0.49759299179632693
0.5143134803415554
0.4772476564013517
0.5873028523279596
0.5468514418778851
0.4779296801950164
0.48661096461723574
0.46586867291429174
0.5022725830569681
0.4997278077607898
0.4700883304953868
0.5840036560140035
0.5038119976559805
0.4924954133754492
0.48411893749995577
0.5524967099851877
0.4694742064891802
0.49388687012086835
0.46831878931640497
0.49212740880783895
0.5129354367687741
0.46002973427048094
0.5256560442717481
0.4873656562499751
0.49053363277902245
0.4845696536749162
0.5151893622060325
0.5764791520508156
0.5988222953302599
0.4726658283784711
0.5080955177182601
0.5045349596177824
0.5385766961539467
0.5313136686080399
0.4875143187499323
0.48472702462571693
0.5265722955364778
0.5206981173991984
0.4871886294919106
0.49254239133339245
0.5132017518990031
0.5278613794007158
0.48863774395144066
0.48311066615013726
0.5333965529507382
0.4837379625
0.49291013571275416
0.526804238940766
0.48931951451702627
0.48388168899734796
0.48254637479882917
0.43906919776134345
0.5029551058542621
0.4393946145289311
0.48929698213512846
0.4871389480315298
0.49838481023964853
0.4633021667377809
0.49808498457965156
0.48625304999998936
0.5370395045046643
0.4951432708804394
0.49470185591123766
0.5258595271856997
0.5721521226453369
0.5024492577032584
0.48194627010439556
0.5297956983148551
0.5831982498722292
0.5136707914616866
0.4854239999999891
0.5114736585561172
0.4808464607639525
0.5433696973649145
0.44235113227035755
0.49670002832516413
0.5094087433361849
0.5882301217921315
0.5063880564197972
0.4844763378142763
0.4765908244374338
0.4886601864192215
0.43351266966641605
0.49375140970337994
0.49273950853895104
0.5164460105988514
0.4626623564693178
0.4830474100603994
0.5111900880586859
0.4689604559633547
0.5811926317462847
0.5321839041463446
0.5039597714807159
0.5044597451114909
0.4778719267962416
0.5061670570012485
0.48369784015915135
0.5047848964616001
0.4498476692921407
0.4751010417260347
0.5241252194450947
0.5158202503852725
0.44663514246722824
0.5189539013165994
0.5716646296920832
0.49293776019067775
0.5040255655720615
0.4797344197737075
0.48777570545407717
