0.6451071024051866
0.5435869093054013
0.5158425995014552
0.5811075284310013
0.6708258085031553
0.5977001866573254
0.6506849691977776
0.3958578417157811
0.48452861026629634
0.5990249381247642
0.5590592413551602
0.5327004924051804
0.6646208570411436
0.6254682370723599
0.681442891537848
0.5689503125048688
0.5656393736525525
0.5969535730539397
0.7076773969129556
0.5014877827014917
0.5418629826811981
0.533570623986744
0.5494433517841549
0.4521186452532176
0.4253023138374084
0.41809097724213057
0.5279884065225822
0.6167919306265695
0.5174252663073751
0.5338101799925222
0.45477387983215245
0.5796809108864638
0.6270968925720681
0.4762159698901754
0.5773679234765609
0.6963136935083051
0.49843857645489803
0.5512145733192128
0.5182103253471285
0.5319040953906494
0.4660947970562128
