0.4465834834003952
0.4281098516297126
0.40839143066033834
0.37732656252198316
0.4199919764200071
0.45804648747006405
0.36877532473939156
0.46825957499873083
0.4905534755456938
0.468925849604207
0.48837872651822567
0.4839856524609676
0.5004817592096966
0.4943192732710975
0.49615224160950666
0.5196575598389691
0.5309831431057616
0.5299393451915301
0.4329657176885987
0.5328085493440525
0.44343519790989966
0.4878273094544265
0.49343256141427105
0.4906042009810282
0.5333318726833145
0.5462779840075435
0.5295890407688961
0.5428887924025814
0.5482277590669682
0.5047257880811058
0.596310877118626
0.5700344805893034
0.5855756824334889
0.7966725528803311
0.6766689541736047
0.5979971120175196
0.5926198104908291
0.6575194013344571
0.6056254603312592
0.6149855485960061
0.6185712002671333
0.6211897408032364
0.5846595193716032
0.4830501054792524
0.6494339069171448
0.44415693341234436
0.4306075236898368
0.4110147549965374
0.38673616796370813
0.47465338611774516
0.37505589110755644
0.468777953376052
0.4902834129610694
0.4874787131888495
0.5159087786089249
0.37350088544159726
0.4921947946366553
0.501756396892696
0.4963996748092204
0.5186119495989665
0.46414470784411266
0.5323736200808002
0.5374668947528964
0.4315694767145801
0.5343154266781011
0.44273473760547366
0.4927809454290331
0.4872445335741534
0.49067454649787995
0.5336233420288946
0.5469523527508726
0.5331773956534497
0.5433579012879669
0.5523672948750777
0.5078087645269665
0.5975618104768962
0.5659394121226888
0.5816414242435753
0.7822390221261305
0.6843268602008856
0.5969804233266286
0.5941324026602581
0.656960966804666
0.6047153390215437
0.6293941897921067
0.6148052630208863
0.6204310155103647
0.588166251153826
0.49246176642667405
0.64969378714233
0.44072934754639914
0.40901548209525784
0.4202240407680894
0.4561559354768281
0.3749400655956323
0.466807060645993
0.4902499049559194
0.46874831548773677
0.4881210242566216
0.3725142118106139
0.4873597050088142
0.5020432816013989
0.49380925227422956
0.4940160044105384
0.518109074825974
0.46527318006622614
0.534737458894398
0.42693221233534506
0.5304137126113185
0.4428554608074614
0.4886253767182302
0.5336401541645429
0.5454453298614631
0.5313706019922447
0.549365252951089
0.5041884812068774
0.5976043535009877
0.5645125424494877
0.5823791982924478
0.7812256132609234
0.6800913678223977
0.598014677889188
0.5941419675866915
0.6502057075265416
0.6045695886144385
0.6160487526572254
0.6129285814993725
0.6159894007847457
0.5819774395088185
0.4793187624991504
0.6498460475801145
0.4558407562456246
0.43982729197110015
0.4215125836125433
0.41009566860886815
0.47302099031282524
0.3955455921313292
0.511387019403238
0.4905360145973458
0.383966325188143
0.4994314890853805
0.5161958863015673
0.5164115537883246
0.5419885620375339
0.4778838525385538
0.5495167934690842
0.5634239695346525
0.44527150510106794
0.547207139787378
0.4616418512329932
0.4992001849374946
0.5161950636797924
0.5068040433023148
0.5555453692361405
0.5605066768835594
0.5619585477133563
0.5750741304799893
0.5218673379008149
0.6174275629035674
0.58920543146579
0.618849857061131
0.7128430263750045
0.6263484979028628
0.606970406977789
0.6887719911942797
0.6234737875853967
0.6421549367011194
0.6318836005672654
0.6504136543929205
0.6104838840143965
0.503681771191299
0.6570586750886553
0.45373730372171556
0.43855287635028006
0.4217561691544578
0.39703630867329764
0.43981163616643043
0.4729784893824021
0.39913115324784165
0.47817916377040687
0.505352360031078
0.4840214035656147
0.5027996480780957
0.38649371415970557
0.497523513805896
0.5220651687428749
0.5122645585405491
0.5375451551781801
0.482065724940129
0.5583664014465696
0.4494889131790196
0.5452364570332304
0.4704550759070295
0.4931528699444461
0.5155709640429892
0.5551708125462467
0.5641871315608118
0.5742014918254764
0.5750911828265383
0.5227311238570895
0.6136797532156576
0.5843971886236943
0.6051921659094388
0.8187469090973197
0.7080780973791585
0.6158831065002581
0.6092257807332293
0.6854919374632837
0.6286520597023112
0.6489550441443032
0.640203706597328
0.6442057861505658
0.6037641904426687
0.502333064089334
0.6541046500867146
0.43382802012642047
0.4239220121766354
0.4188053052387286
0.446887691119123
0.47108345796588547
0.3995086104777211
0.48029248307411304
0.5243654504832089
0.4946407436533364
0.38699768290544534
0.4998208825228553
0.5133004030358601
0.5253761100705322
0.5198145487856186
0.547331204933478
0.48119674670684925
0.5741508894359851
0.47181270446001444
0.5064510548124784
0.5554298964083768
0.5619098572552157
0.5707006440269882
0.5846608166448719
0.5793663823228338
0.5170500167609997
0.621727558600979
0.595495394119406
0.6234839737128599
0.8312268721804307
0.7195043659670615
0.627499286028353
0.6112243223719762
0.6976324274684536
0.6265775882002224
0.6525880231733623
0.6403492772026128
0.6595546814966112
0.616829677372363
0.5007687121068902
0.6524251398329983
0.4542267365418929
0.40240266055035645
0.4436766067795122
0.4684156940430925
0.3947977496491397
0.47739754337324464
0.5107064494886524
0.4836870253002016
0.5040890591952775
0.3913936241247857
0.5023899577532981
0.5100143910199858
0.5209516223760814
0.513300333334449
0.5435222006595773
0.4858562341995515
0.4591714610747363
0.5488798238818706
0.47135911590842633
0.4922098669235365
0.5233694368494629
0.5002936321657755
0.5641589046187048
0.5653738467678323
0.563030328602056
0.58080865710591
0.5831516257399174
0.5233200200594044
0.6189183466013526
0.5879786575500053
0.6087640993854374
0.8376893666258407
0.7194620345441228
0.618016225336921
0.6134614808505459
0.6924402524550878
0.6500763464518169
0.6491630509928413
0.6602985471395036
0.6061410400070341
0.5028286401997459
