0.45504020787120414
0.4443475729220864
0.5411098261413478
0.5154988780890655
0.5269416870365564
0.5781509226497659
0.5105411543952758
0.604437084696112
0.6285890063077528
0.5726441653160099
0.5511571141351743
0.5275552774837314
0.6134921843136251
0.8722751320200056
0.6671995775313121
0.6762172119358312
0.5760576292930226
0.6509044995304253
0.7529338493937732
0.6097479707399689
0.5269920596371088
0.5366947969695545
0.5900581365504487
0.5349080179541899
0.5011156701500622
0.49383462431276426
0.6344107099492104
0.6715824990107615
0.5558061521823967
0.4982979859964915
0.7210965192777383
0.4718304228484093
0.43207061558825943
0.5024477994839811
0.5514118707737912
0.4207693745976823
0.46489177683697513
0.5699314324720639
0.41670664907407406
0.5182368239436813
0.6189081299242514
