0.6564396635203573
0.6101928478474448
0.6139710757276162
0.6788770053264513
0.597223471112306
0.6081754122380716
0.6681761049292373
0.8885298821855294
0.6509559696046817
0.6652996313428325
0.6388976829219715
0.978192995036847
0.5850797091096838
0.6265452500505369
0.599449202043344
0.8725390374998105
0.6626684130048229
0.6534554095632448
0.6122014428659753
0.5749203627270871
0.6012585905965562
0.726284522234347
0.85515190400889
0.6720337186680571
0.6224946259982927
0.5714399937935268
0.7612576823018526
0.9427961774107597
0.6721341813396376
0.576182967207109
0.8152455645538595
0.6897593136608832
0.9530685047584797
0.6568416683856823
0.6822927725203811
0.653917648521777
0.7226786037973253
0.7003706196279407
0.6447345699820695
0.8636692110251121
0.6840021231006568
0.6590665752279621
0.6762973731730246
0.6750238194413207
0.8698690749990629
0.5601727517614975
0.6321211609688062
0.8648250999996612
0.6013677208109378
0.6655606581167415
0.5958354156178388
0.5852583028079341
0.5945648854015154
0.8601203489137756
0.6405140261107682
0.8601926040153438
0.6567011534419298
0.5760091228826497
0.8566854999996643
0.7558246791148886
0.8060541289107355
0.6562905126999343
0.6226828613217729
0.7966862250822655
0.8339003577438505
0.6643540751800844
0.5712722114618488
0.7415640237123088
0.7505925350811611
0.8663028249975997
0.8843277198963153
0.8781865138359624
0.5651365098029645
0.6896402551826297
0.6742184494593897
0.6514262841880532
0.6650916103801198
0.5954569026904717
0.9649728472278069
0.7183608703503654
0.6452867999498058
0.6701940706966989
0.7515083118740173
0.6547540481407048
0.7235511505773533
0.6798766484717593
0.863191557290517
0.697259729747472
0.6667615456326895
0.6646896143040961
0.6786223473442652
0.7617811590525032
0.7012263239791172
0.5653937767540539
0.5966993584569498
0.5963689455754576
0.8941718512737362
0.5484700895557433
0.6755936012248185
0.9236719388408486
0.6020067681255095
0.7123139664647068
0.7236138422775624
0.703783291295413
0.7122146911143811
0.95388525144108
0.6739871997678006
0.8787538323450648
0.8714169999996644
0.6601720353536696
0.6412824900929907
0.6167631428178161
0.9674543487475984
0.7443031776301263
0.6452457540369008
0.6457330936401592
0.6270061781562863
0.8566854999996634
0.6998001210995166
0.8826045687118876
0.8916164659734425
0.6351794303184908
0.684560932804662
0.6385171913133356
0.6707008727653108
0.6015113515202228
0.6425257645635527
0.8511766356243782
0.8424401094874114
0.7044840431042526
0.7161542327619375
0.869380002602236
0.8761724001956894
0.6254687694024264
0.7416988647661787
0.651830455941248
0.700338971297167
0.827350316774649
0.6880215210772498
0.9880989607583005
0.6524624397778811
0.7502345691850938
0.6467909983844059
0.8814052858263128
0.7175799671546598
0.7589258187494015
0.6435298338831057
0.6674956645225999
0.6663621484162405
0.6452339642551552
0.6681294558562209
0.6523103354273283
0.6431928106800778
0.6826250928681429
0.6352154995567323
0.6848013010977083
0.8844275587690241
0.679096731593958
0.6615801652318406
0.8835182768595029
0.6038717071650181
0.6751563650989961
0.6626889901354296
0.8153794383699491
0.6895093667928919
0.8394563459796685
0.5616944130303683
0.6515028853769529
0.8639017629310441
0.8775374742880198
0.760414318107066
0.59748768076054
0.5806926899439597
0.672878954840433
0.6884196975419005
0.6904385643171401
0.602869004630858
0.7046037415559878
0.6365208610328071
0.7149810188604715
0.6449163878237132
0.6975818412493671
0.5890357875451976
0.6632381736463271
0.5721987915412257
0.6684228446829354
0.6448621167938777
0.9573685723007206
0.6442253401900438
0.854951336566002
0.6968555583978258
0.7065834305992588
0.6440980931751056
0.6748406140186259
0.6556620295021427
0.6664954959436222
0.6704989088955371
0.5757761340896168
0.7351416720088194
0.6576904707832312
0.8613884621026924
0.6959283981000564
0.9756930237364451
0.9635478850873231
0.6908628636598678
0.6160696346408855
0.9681377995564844
