0.24447787296533582
0.3110528997999207
0.20856664266279903
0.24693129994363183
0.2896869579020623
0.4075910812450107
0.31909600350888395
0.3126781116225955
0.19742810867147634
0.3109454763312401
0.267867381305139
0.2375101241312665
0.2668635099848329
0.3607254078345862
0.25563485756253285
0.4056572123541139
0.2447735618256438
0.2566857043257744
0.5730232766160056
0.26106515588140267
0.24004512288397317
0.32482319726862163
0.46145166371829893
0.39234169820910736
0.2451393481398839
0.37287966400125727
0.3365158007433282
0.5099951506399218
0.36307919058111365
0.3538745314765527
0.3005954494312755
0.417023100712687
0.30880280174850716
0.4315841068765162
0.3610729442959692
0.3045507373563242
0.4257153721297032
0.3189447489336888
0.28349635475341545
0.3547662221479657
0.2740916199757937
0.5234814030132403
0.38984055661540984
0.35289539459136965
0.22218337610445754
0.2607913106308441
0.3132528038909009
0.2308387382803924
0.2569521334203079
0.3761870195706081
0.3408442975400904
0.2765002154465891
0.2080123282959618
0.3522341065191292
0.2753738639589366
0.3403698468643797
0.24604634949658893
0.26599708993921306
0.2751731416778254
0.38418687074541513
0.4948870261501194
0.23013244545206324
0.2711208014347718
0.50233517945243
0.2770310734865979
0.23916030793583443
0.3322345629378626
0.4581302881167794
0.392233464546819
0.24336090890443235
0.3783822189748785
0.363398099275575
0.5041175825398518
0.34683381164584626
0.3708583008315657
0.28887840428069456
0.4102993576199212
0.30923438694122257
0.407816953862601
0.36204461821901984
0.30193425227767573
0.42758275179472777
0.30661578116465515
0.27063805505193356
0.3878499520031575
0.28435916038979303
0.38992199613546785
0.3893206725610445
0.36851432125008327
0.22173103997486232
0.23311634959106653
0.21043946899589452
0.2920896027156504
0.3240685586113984
0.3246830146917155
0.3044780449202133
0.19792718826572947
0.3184145743204199
0.2789118904546599
0.4473922124687881
0.25274246324411886
0.2675154231389353
0.3434033192661856
0.26258291431533665
0.40728174502913517
0.5140560371365617
0.26766098452837667
0.5926261829396564
0.2563343481803178
0.243042198735441
0.3054824018521891
0.24519072838675526
0.38629776404066846
0.3350455498330388
0.5130322195037132
0.3778670299728357
0.2989419966181329
0.40909673485269243
0.30161024884144294
0.4275316507689874
0.3523135800125604
0.296938579648198
0.44037944364939197
0.31099967905225756
0.2861958890114974
0.3580701291261122
0.27765254147482077
0.5331539930885375
0.39626026219864097
0.3497757437278417
0.22225206621495247
0.34273505393209386
0.3995766254364099
0.27599384837294016
0.31675338578951573
0.4117535990716392
0.4203513486885549
0.24373818360533778
0.33979946992579046
0.41898234195237083
0.29120141378898895
0.31462321577694935
0.3278152948207843
0.41155691720233406
0.4720286024203375
0.27067529255951217
0.3261846966768281
0.5347790791205906
0.31233122303570443
0.27933999549535393
0.34379927774373686
0.5151147371981658
0.40437989398422164
0.2880341184208206
0.4058395658259748
0.39621936631846855
0.3889415635188168
0.4491970220618101
0.32705910416208883
0.44071351328051794
0.3419813589725541
0.3959817111754951
0.3306665568260129
0.4159834678296316
0.3330984229455255
0.30908581767391896
0.40269437061836383
0.3066933962272623
0.46268580940893267
0.4233360876139497
0.37514755843494063
0.29500400553803174
0.29020016728695264
0.35399304695928097
0.2978485674220815
0.30768220003593105
0.3956457668120521
0.4891065058627991
0.3994406844359529
0.3468043448087877
0.2675092738940686
0.38178244373152403
0.2813461299206166
0.41394417398157257
0.2991454852327096
0.39873012213708625
0.32113957159313766
0.4285884561754228
0.5110101902708087
0.37236042996508645
0.5525293545356846
0.3067120454029743
0.2572891427683943
0.399217344990741
0.5065761216801209
0.2627512377916169
0.41733612072640186
0.5432698080578693
0.3946989376093944
0.41303177299080823
0.3140520620780791
0.44410580586531595
0.3493203644061331
0.4281419248376962
0.3978435682440616
0.3410665230922801
0.4476258872223544
0.34599206799566534
0.2855924922995301
0.39854635344545575
0.3016828453065822
0.4648584844852105
0.4179634293125575
0.40312362213666403
0.29499471520136833
0.4031331360709719
0.28308134165208076
0.30995239935797
0.2973588507195154
0.37416090453277584
0.3779159015262648
0.2849633807302171
0.24624450122950473
0.3140203804957823
0.4304046935827889
0.28187888387067067
0.3257716664250796
0.38639380149704355
0.32602281828984675
0.41168296258977755
0.5044618418640768
0.3125412551618806
0.2917732099402652
0.4172773730472588
0.30054181521511164
0.38744816372870344
0.3716788677093484
0.5286846779860815
0.39743372960741186
0.4310023255341473
0.31831448401736917
0.4593368273383707
0.33529206803029965
0.4409769521110435
0.39864941505213647
0.3101131583584151
0.41531526074620656
0.3209342714614941
0.3014810447525305
0.4052427498734388
0.306834067960453
0.47753892772835443
0.41073639931331907
0.37332546755889606
0.3191615759981261
0.26733807303568896
0.3216090356902528
0.366750286637165
0.48388018320485204
0.39223586197856036
0.3517378536252705
0.251879368517469
0.38352795846391763
0.25675018643446124
0.3973478042037803
0.3059461845072031
0.27514266252973363
0.4123643088317977
0.35436447124201603
0.4218174337384114
0.4868787797515185
0.5341230101791227
0.31421012560193345
0.2865649861711311
0.3874670405656874
0.5035241809984684
0.4239996811006076
0.27440681415776225
0.3947270185077823
0.4216807157292681
0.5433269307928417
0.40697420433789616
0.4096292248713794
0.3160506311462113
0.4480208921742502
0.35462233434714946
0.44079209671274866
0.39874210703940505
0.36106412727059767
0.4603233073759805
0.34343277297795927
0.39383331534959815
0.3081392850367182
0.45696978952720946
0.42749427010107566
0.4104881694352149
