0.11439318814244259
0.123544219231991
0.12330237778237044
0.12785028098165116
0.11704487339223403
0.14674433649387203
0.1327965275802898
0.13301163323325282
0.12235999030693649
0.1250037383240398
0.11973703309459414
0.11827940904140694
0.1098167081816343
0.12413991428817822
0.12584174003697188
0.12614945372306197
0.12308208827967934
0.11768292941302812
0.11991134131950404
0.1266223876391556
0.12013841903000777
0.1271681539523214
0.12224313396647356
0.11750376949565983
0.13078930114162607
0.13118089727104004
0.11195585881998638
0.12341686008202599
0.11185916383002856
0.12303988687336372
0.118734574616089
0.12713068020828572
0.13485813789581605
0.15545910566262247
0.13005850271707625
0.13801594277454243
0.1323131506999718
0.12277398331378017
0.1312971366125053
0.12457773939039736
0.13620379993102352
0.10500563368188282
0.13179224151703395
0.11900389625297825
0.13186693128961263
0.1269250096718404
0.12409013539421498
0.1254429705238927
0.12616863278887053
0.12139970583025271
0.12063638302902582
0.12916318207338015
0.11355464838408333
0.12951854890603987
0.13087446868393818
0.1107594065994279
0.11996774519164391
0.10537148645994715
0.12339690364713593
0.11754306962367768
0.12348411634279063
0.12200618426294033
0.12779966497065207
0.12591421463433944
0.13516772483839007
0.1339798305612121
0.1339347830941458
0.12158313596442655
0.12888726072649606
0.12235577346226745
0.12422980576002224
0.12294756831308559
0.13380952650903194
0.10370643780282693
0.12766890617718873
0.12533679496548428
0.12305731830000521
0.12126330216616564
0.1269074096823926
0.12652815207628443
0.115656974749746
0.13086766090695928
0.13105584656147878
0.11213985589691164
0.11755794521797233
0.11047907744687821
0.12693519598680084
0.1191359194911196
0.12402876744113253
0.12139869469329133
0.12711639003532224
0.1229686326566013
0.13652956810644476
0.1361100415224592
0.13282945634015914
0.12462363342529756
0.13206934126839046
0.12319526446403822
0.12851223988892096
0.1200890813432347
0.12067795038396942
0.13788082991223827
0.12794626883284588
0.11894326343949688
0.1252651091476864
0.12714701971724385
0.12363818554485811
0.12026950108631246
0.11823766807910141
0.12169724086751715
0.1226984453272848
0.1317716775822577
0.12167209777063215
0.1310963439216306
0.11567782078929989
0.12518286876316706
0.10891453021682068
0.1275245682805024
0.12084633357483116
0.12419725331754278
0.12615180207413323
0.1290920286509702
0.13130519962812065
0.12334695694838879
0.12660157705728003
0.11934848669396517
0.12708816958349872
0.12148569846215235
0.10673391443116678
0.1257649888932376
0.12297256908438343
0.12726067770065796
0.12942845368467382
0.13400905992940404
0.11734370656233406
0.11490439876979912
0.12445013629748453
0.12217759466483011
0.13077920331012882
0.12749367283711618
0.10888482370324971
0.13205424223537945
0.13208794586809686
0.10857129553850003
0.12287893760032682
0.11250683264054595
0.12615306259762996
0.1237245095532155
0.11824490562041462
0.12626127675528775
0.12036508891136424
0.13534903441095023
0.13462621545083386
0.12389797374941407
0.13811380449163252
0.12349850075230828
0.12436205486252432
0.1227232865094646
0.12329677042815204
0.1333605581620722
0.11162705942116805
0.12991028868594046
0.12771925863104366
0.1302397107895759
0.12509700345881636
0.1208665419662131
0.12702649167658636
0.12246062686615146
0.1357717869917684
0.12001160602836838
0.12601646249443957
0.13817619994538505
0.12122317691232583
0.13131728188701397
0.1301573155200132
0.1217670124999983
0.11701901933950473
0.10916986863377762
0.12195436864573511
0.12236437873279807
0.12652712660261398
0.12298153620242998
0.12801330831467708
0.11431170090407228
0.12170369428831238
0.12719291574087338
0.12502463750030682
0.12009169672075748
0.12740992502176063
0.1265161628307439
0.1237315336344571
0.11889015862390043
0.12187699471426254
0.12313437083176956
0.11322747484718684
0.13328334183391322
0.12594591542316172
0.12668748490850534
0.12623904048413553
0.12494953016873847
0.12058464977208266
0.1174585375165422
0.12713549879853298
0.12467742157289419
0.1251143588720107
0.12945421457683415
0.13106196128539882
0.12844816429600178
0.11082592188807831
0.11033800381831288
0.12606275241263612
0.12117124834210351
0.12858328161339871
0.11815624906670869
0.13092963273573888
0.11987147895896558
0.13639669331405252
0.12458317686138118
0.12930736756460703
0.12267689555551464
0.139921450248625
0.12911287831761978
0.12552326929613475
0.12582468590346013
0.12067058364502736
0.12246177434112278
0.10819142908822175
0.1313768664085581
0.12410116697071694
0.12629366380969154
0.1253832951106003
0.12414460919422102
0.12168334027977694
0.11968835502848132
0.13724275627757698
0.11987426105125305
0.1376529145520123
0.130483638213037
0.12100238966119481
0.1323796343281094
0.12886050181387967
0.12362698665751998
0.1289525076252229
