0.6325476020270453
0.6188419667249602
0.6536341769790948
0.6168306793015693
0.5153625025319937
0.5053908344433033
0.502329654945963
0.5303332761509862
0.39898277347516287
0.662605787475449
0.44902204798314405
0.4660781110979725
0.4019903929001649
0.4846673081380839
0.659153595345384
0.6087532419841697
0.6933525920601017
0.530280256305929
0.7421963598598118
0.6042989640094338
0.6221482848291847
0.5042155167613462
0.5374502977133969
0.5080154118193749
0.5999020840214865
0.5830769850761963
0.4478654744092931
0.6554445279230126
0.5488934686998455
0.43419374320490933
0.5562584857176623
0.660444915179689
0.6887630917792189
0.6245775268959831
0.5005296794057992
0.6516530773929141
0.6185128575473486
0.5394406466998174
0.6116915209916944
0.6485894797859125
0.46492703189941464
0.4150277424430124
0.7322155063063552
0.49465194008770497
0.7828027012858553
0.5510425807398771
0.6425621089146456
0.7081232085082965
0.7350759200309485
0.5015344249430366
0.5850751195002162
0.48366795028681375
0.4321493804141604
0.6692688054365783
0.6014658389036167
0.47642378646221556
0.5450609166172957
0.4745795893324206
0.5812796177663228
0.693182450131371
0.5933063337651312
0.7169551832855113
0.4277737631577359
0.5785420160409563
0.5954520407728423
0.4872855928597947
0.4961755927063992
0.5059845384620691
0.5570318998602899
0.4985745597025164
0.539509115630696
0.5536855479882782
0.6561469875544095
0.5693468031300855
0.5794589947116839
0.681643646936645
0.5319652805971178
0.5627975177677069
0.5863562617019185
0.607052250712362
0.5884067519098042
0.5499273794746506
0.6678372669706658
0.5864996614784247
0.5725438710462036
0.6687124542746129
0.527198710133435
0.5308659573580781
0.6110950621019552
0.6313543901160796
0.5563662663176348
0.6379512080699642
0.5380782337313597
0.45789800049779217
0.44075409655206
0.6002380928815964
0.6947029568029223
0.7071684749521819
0.5109930811396631
0.5171487084079923
0.6024361567764978
0.6631409313219162
0.6690798121886683
0.6103823204702716
0.5703564965348793
0.47889145495124985
0.5534258652753693
0.3985521324236002
0.5218336940687147
0.6092119898295527
0.38665423631145157
0.5744106017316272
0.4156487486112919
0.4161989312504149
0.6971252278344202
0.7238494771415168
0.5434498407104901
0.5948973205415525
0.8052701509469181
0.7870335252898188
0.5234975504715772
0.6053589270497003
0.5358339947326771
0.6221269334335079
0.4696404549948735
0.48836326645503014
0.5194838880526503
0.6305401598966704
0.5472744581256203
0.6565069486096825
0.452034954509254
0.7927941407392626
0.5406695895489636
0.5831406496253835
0.5579603511395863
0.9690510046277097
0.7674829079541705
0.48582036473137274
0.5142959541091023
0.5097377499598303
0.6774965334052857
0.6039475789469838
0.5172267871360836
0.5534622925976719
0.6727011913022201
0.6928493251140723
0.4141599426847788
0.4361318575135861
0.6715036199755609
0.5106160566399849
0.6707853001455253
0.6092543679893154
0.5110838781686582
0.7152918766629003
0.5836897003605128
0.4675010845599973
0.41501963947862214
0.5809305399425867
0.5066386883502293
0.46159216336812386
0.5780717759150487
0.4932160237459835
0.6269697360799542
0.5554061930708092
0.6659002528521687
0.47956386180011623
0.4955314585075608
0.48683858863852336
0.501609089683923
0.5979797560778325
0.47157662325633376
0.5463188437722248
0.6688689361109234
0.6853539889535023
0.6249720038486771
0.535609715241121
0.48803637763540847
0.5292243687823287
0.5610335976385712
0.7751416630000892
0.6750029570023124
0.5797592728120401
0.6018294022400538
0.6505985669677452
0.6247066069537356
0.3644020342385855
0.4328203464238246
0.6301115049735976
0.6315118062915706
0.7339696619838578
0.402815116421803
0.4536961701011113
0.5531630529817966
0.6561561520867311
0.6061794680722528
0.7047416607788456
0.4832746633848858
0.6237719898880106
0.5674138575607867
0.545987948072832
0.6750400257321452
0.4335735630512619
0.6599798937235952
0.6110116012353969
0.5000042583330357
0.501316809865535
0.46386856143686567
0.4460969849701031
0.5664192747987669
0.7114274132086859
0.5110789519669988
0.5724586462745049
0.5910523423369888
0.5032152631661444
0.6686437147007931
0.5027095036954154
0.7971491108497964
0.6252834695848721
0.5865067039297298
0.6166071171314016
0.4798645236900162
0.5214358148819122
0.48872570681643546
0.5698847821446809
0.5381733270756575
0.7613680669291853
0.5708089897500884
0.5652904420422294
0.5049266643334142
0.49707495723459283
0.4496530470242505
0.6189541169439239
0.47128102897761326
0.40109225442949453
0.4029034235297636
0.4922450898378178
0.5260577953249284
0.6752586414352094
0.6076096008081519
0.5715264531511293
0.6587868784899763
0.5503795899963078
0.519352377742011
0.4734812985354835
0.6596409956622173
0.6066551150061288
0.47928238521353184
0.673633025330614
0.5300413495777418
0.5679274851543796
0.3783462346710492
0.6863291908248657
0.6614964221216066
0.4094372296296078
0.5677056639204938
0.4571997942083996
0.4851474180855202
0.5417631153632703
0.6075060273132198
0.6572247077155855
0.5420547666264784
0.4691927380103696
0.5355463794277842
0.5914765467222678
0.4874760735784784
0.5676827532173525
0.5291978159384549
0.602929776744719
0.4577869276018608
0.5288874863737681
0.46715533770853424
0.7312563219359629
0.5700770336802167
0.6314499398446813
0.6172428052791843
0.6204029407137102
0.7202713078047348
0.5316125691047452
0.5179161345600373
0.529158558212505
0.3749850875400966
0.6014722675089023
0.6315242344538545
0.6793144195647137
0.5488571165318206
0.5181289215220967
0.5237927483384068
0.4500420292706205
0.42621137078235644
0.6560708587266135
0.6364939181531541
0.7230642234876925
0.6604706376368784
0.46879386700771086
0.5154639187934804
0.4492670577407236
