0.8007872320068237
0.7015717568170643
0.7550327881247467
0.7242981021712473
0.7411428994536535
0.6491790193625155
0.6444509054531435
0.7216474200276302
0.725658687125535
0.7562657654086848
0.6357137548584513
0.620748814823326
0.7378058627454172
0.7046465104545244
0.7389017045012055
0.6490351019181115
0.6876703179071812
0.7304381405518808
0.6337171975846263
0.8185675212935833
0.6605960029109246
0.7102683145119141
0.6671478018958301
0.7613099106041687
0.7100400474540596
0.7587135137734737
0.7900118955942549
0.6610206122917881
0.7201837585494201
0.6182272433259223
0.676009971497107
0.6849546571192602
0.803953754236993
0.7869775656917646
0.7021077111151766
0.7433233645988095
0.6148887364045666
0.801285216884443
0.6929185877868136
0.6903398232448316
0.7498669084120223
0.6638117475026206
0.6938205732252226
0.7228546631700455
0.7731611713869371
0.712440553770173
0.8245599561500935
0.7633562390919182
0.7224286263074332
0.5870217693015158
0.7127153361174813
0.7124371704249196
0.6943034121868537
0.6164717615533792
0.8361461504950497
0.7466378749469343
0.7431195440649565
0.6189549520565609
0.6386477195048528
0.8354126802139619
0.6282699381796766
0.735011894116173
0.6973469392342895
0.6495406815818213
0.5624453058643274
0.7475234875775019
0.7154637862309283
0.7920344195687631
0.6589632310157784
0.7099125942721696
0.8055516783973883
0.7032499223677384
0.774080331460901
0.694597275142669
0.7098976445411103
0.7370879442577725
0.6435108847879452
0.7561862847090953
0.6166096558928327
0.7985015837185496
0.6135760478744349
0.7769732463803354
0.6692976439657317
0.7880722343188896
0.7326755826647432
0.6386574106315644
0.763142838333967
0.6466686165999173
0.6755045038698767
0.6612618290600529
0.7462694915132629
0.7111574795404287
0.7701452170819845
0.6506080035269479
0.7183350843540338
0.7574392580920712
0.6802457434837327
0.6521150281378871
0.6814263689035717
0.713612596944281
0.7471274559749641
0.6989730836499934
0.7702985215203908
0.7406996437715332
0.658878132556732
0.6934640012224591
0.6551746350794458
0.6978254300723885
0.7153127226135265
0.8036112629305021
0.5623881673965764
0.7315709338167914
0.7946346385880227
0.7560438707378876
0.8154069044685435
0.7691548628829752
0.6777800056550746
0.5883995746032066
0.7009565042132627
0.7011899108908255
0.7792896292712288
0.7329979579669352
0.6924045351722226
0.6787684381276836
0.6613678872753652
0.7434051623555622
0.6381573228221048
0.8118198034279913
0.5866144461437957
0.7458493844780284
0.7746368102906922
0.6473165140757723
0.7376771818261392
0.657810846926616
0.7853076595133958
0.7516788092552507
0.85577494990657
0.7328085528380348
0.7430095552137492
0.7802081278216162
0.6844850076353435
0.8323343480823132
0.6802256433313809
0.6739418615712147
0.6370813853571731
0.7069095084885276
0.6344941074285035
0.6016355022468887
0.7196455522817695
0.7530861630678801
0.6049430154414732
0.8316190073461599
0.6411993080542947
0.6020998701482871
0.6757462425001911
0.5701978868801483
0.6370791621218131
0.7018130233691557
0.5738879551850293
0.6462433861708304
0.7131190583253305
0.6990531806817029
0.7038292749819606
0.6410713458366617
0.717977939820216
0.7277516898401777
0.7621713630768658
0.6562082032199934
0.7243045419473381
0.687884861393049
0.6546386509749613
0.6164095512342206
0.604044530861308
0.8084054067691436
0.6832169065818681
0.8087446879178536
0.8104319530792596
0.6204084874984854
0.6722858925121538
0.6089553731326574
0.7646012306255555
0.7576083412410743
0.7279151131471038
0.691909095164554
0.6202286996188824
0.7426143971244608
0.6395911875852915
0.7168225271686336
0.6978778617544676
0.6316801580994791
0.6595522149048826
0.6778348896995299
0.7795346583577556
0.6403424852660099
0.6141940753819808
0.6627374353760945
0.7383012018021453
0.7454130961444627
0.7273259093065408
0.5791958898855216
0.6889367914274487
0.7575369711290667
0.7127103111250754
0.7403152643442359
0.6614182766625605
0.7280870245237508
0.6566046348460074
