0.3596899610217644
0.3780581172413339
0.3791210638348028
0.38027115763777813
0.3779054884597284
0.33699395879908745
0.3724432552495873
0.3700906688123227
0.41420558325378
0.33976769418077457
0.3484223629774777
0.3733775947426261
0.3684980755107183
0.3707329034575354
0.4136309997668546
0.3638657000785159
0.3812519059234278
0.398245990938654
0.44913986351512364
0.35772975278913993
0.40535056705893724
0.3572922229500397
0.34722286331891494
0.36376788358411116
0.3705246746416128
0.40765527725344536
0.3573458150019968
0.3927442380609345
0.3474619357067013
0.43453656282164527
0.35590137765539126
0.39684789320315456
0.3660031939842188
0.34649037639323493
0.3644772486693752
0.3697907536380292
0.35353014108361214
0.42333940426546446
0.35139810464043025
0.38170091291311126
0.4323454518237143
0.3642235195536809
0.3292062441928117
0.37491576920997366
0.36037222833320015
0.3689873918119429
0.3692571306426262
0.3657333353762758
0.3366969424955349
0.3742249903856432
0.3556078852841385
0.4364399925932037
0.42693427645560345
0.44016527320585813
0.38355289659131986
0.33217584737856576
0.3780411524316077
0.37579261065976316
0.38075453331692616
0.37107343699413486
0.35291841401087704
0.38444259114846646
0.36784599401009715
0.3244787532593281
0.3394771232487955
0.4453359852108937
0.3673498777632066
0.4466894385241268
0.3844267694598657
0.3799145677178046
0.39537502924904344
0.35910732226889197
0.4072777533354599
0.38684551406519074
0.36737199405679755
0.4313023669492307
0.3336831312109613
0.36148171704143106
0.3963046567428931
0.38552539615589804
0.3668681508043559
0.3743387289727686
0.3633003895854348
0.37276801503811885
0.37707847341050416
0.379089052149158
0.43906143871689435
0.3546599533289358
0.42348773693132974
0.3580391677647218
0.3853178718850401
0.3939456630433387
0.3622541160561356
0.39645713914834063
0.35802174707312384
0.36637587810101246
0.40921676977679394
0.3701332693001553
0.3646981974941465
0.36173874815137425
0.39887269182087143
0.43905394782075324
0.37931026118588934
0.364409846736416
0.40606271789206294
0.4041787380250556
0.35884728909227076
0.36984007809832986
0.3913521982561654
0.346436654821743
0.33279591634112254
0.36065645019378684
0.3673263493688398
0.368928080284679
0.3568275451224554
0.402315650254665
0.3982527246492054
0.3736039489000538
0.3872955653109209
0.355306894008522
0.3643282598954316
0.3423112748473407
0.3746692631521855
0.348414274543008
0.35539252748714195
0.3568518622089425
0.37126371359450544
0.42902647899799146
0.3541932269946525
0.32281980957066014
0.38045716390594525
0.36905017943597074
0.3555815461545683
0.450638735295769
0.40261776361296536
0.3500108811015973
0.3583254602078169
0.35397673501253923
0.3344682330666173
0.37427659915061506
0.35917660725002465
0.444516731309962
0.3751504778460009
0.35821730969945353
0.3972298360457169
0.37358857497823905
0.36039548960309725
0.41189438217199853
0.3467331436005447
0.35888567753610856
0.36915850063055694
0.3431534542148484
0.362568718218052
0.38121420246523635
0.39849572646686104
0.35975291884363947
0.34689755882661505
0.43316893842720594
0.34202070712936755
0.37735060029604595
0.3665501254980061
0.39937399872061013
0.39195129854892635
0.36546569062330336
0.3615631023197924
0.35100529677590037
0.3874192995235138
0.39146920193299534
0.3643172693329506
0.3625023982557517
0.39831922251891744
0.3947890220685852
0.3556144711544325
0.3788035411280278
0.35167592892155763
0.397959303873093
0.3562545736988761
0.35848493780704366
0.39949425215422424
0.3707085222327269
0.3345680617088926
0.35074665484043593
0.3659817869410074
0.31958122314826914
0.36164731828721475
0.3557194028948561
0.3624988137061924
0.3357711254179176
0.3408592203200754
0.3708083622935056
0.3625690954799286
0.343061247202711
0.3964569015720282
0.36346079870730263
0.3949279606846576
0.4253132863671454
0.36201701504009615
0.3668145563194432
0.3839416972959962
0.4365459941074974
0.382630267758955
0.3548967965596236
0.37750735957184334
0.35511910207945124
0.32572471359492133
0.3750195942519436
0.3726035906680837
0.44373713956537075
0.3733105550876829
0.36298532390667093
0.3629089105480405
0.3691089119747918
0.32195105348998215
0.3682968150058018
0.36286201115928685
0.3842817661494514
0.3739894641213802
0.33348883701718296
0.35772674400507637
0.37883360320951204
0.3409737918121069
0.4333838758386757
0.38897297142210235
0.3644610417078404
0.37361973254957664
0.3717920310157874
0.38224566108855823
0.3499922951245923
0.37802882960960865
0.35928293214650214
0.36934834636714065
0.342992140526369
0.3464264910761229
0.3893925939697228
0.37919056486285263
0.380812928996065
0.33080984390588775
0.4274140860944675
0.3701853511092269
0.36919103538454084
0.36510755593432576
0.3517348139112512
0.3722838640860542
