0.601406618088018
0.5331901564611683
0.5553064544338604
0.5601564649799105
0.525189198007123
0.4838304785047003
0.5516118290238214
0.5790921259244023
0.549487912983707
0.5681862732213326
0.5287834896455754
0.5001567770568733
0.5395607832150784
0.5299530300859128
0.5375984666577417
0.46242295482227436
0.5964218657936077
0.4727982959850194
0.5323765047196257
0.6062861750926214
0.49642548614337106
0.5182082365266312
0.5223321972416373
0.5251857089537759
0.5532241604795547
0.45872603333235906
0.5675207900128594
0.5779673931674414
