0.6066224338769517
0.5265496777097203
0.5568838654050675
0.5598773852249326
0.5136847725266538
0.4865388639247503
0.5562528294258128
0.579549173797094
0.5399823349379869
0.5843691088588054
0.5261297265266693
0.4866250009243379
0.536659461423154
0.5293541885817008
0.5349694412114335
0.4648819143677095
0.5951017454892145
0.4747871779134884
0.5374746377486482
0.6093385389509465
0.5721951543468433
0.48487615724110883
0.5248499254068708
0.5238222460313914
0.54508244396953
0.46168526297847456
0.5772922574880658
0.5978785246871021
0.525163786560692
0.5033474807762959
0.6558108456896845
0.6042555246961989
0.5262161484917487
0.5568658420163145
0.5592372197536588
0.5237483382762171
0.48037968448592583
0.5484145636365241
0.5552675939535445
0.5688872390680231
0.49527248100525073
0.5438466505945262
0.5351902389976064
0.5361940155380915
0.46342967652055456
0.599559084754676
0.47293346521027635
0.5357165045411243
0.6055300579243816
0.5693425004892646
0.4991526655800943
0.5100308962810485
0.5197452750995321
0.5222535008855316
0.55820641091601
0.44632939614882833
0.581303715510614
0.5781140563285314
0.5969261757576139
0.5029311241241203
0.5033323713003817
0.6532736433720178
0.5955221105947512
0.5205396750541578
0.559139961758554
0.5598141249167605
0.5085211377373748
0.4812553335275632
0.5506693691298687
0.5714814717724213
0.5465489645266833
0.5767337662508804
0.527824818817139
0.48278296830313366
0.5409572723955213
0.5334050272136592
0.5344081715714709
0.4607876357365933
0.5968668693914433
0.4744814652674473
0.5322467347144152
0.6080504404458015
0.5738307518934995
0.4907449699774227
0.5058453009100223
0.5293581439860302
0.5238528493327623
0.5767231582511309
0.597517999884839
0.5216212261433912
0.5046278371843935
0.6544051709399998
0.6181105146308015
0.5483165767113392
0.5816311161403268
0.5927341539427107
0.5010414217927444
0.5694322461040082
0.592112657656867
0.5805911061223366
0.5789179302331744
0.505579694602096
0.5563385977126032
0.5652699586522651
0.5602250125071027
0.48525255354207086
0.6128216456021984
0.48267007566359266
0.5680533695881301
0.6194376502196908
0.584360345616987
0.5120904986829918
0.5331030942249763
0.5534216382493634
0.565511297404953
0.4702472010065429
0.5940437808150593
0.6217881240721799
0.5081751452584858
0.6540811949825577
0.6098835503087847
0.5406864571438437
0.5880813660867418
0.5828501087869008
0.49840413553771823
0.5660471864269232
0.5950389713317559
0.576220166969587
0.5846392472764635
0.5444340715708773
0.503252436499209
0.5583034551121875
0.5536553528771992
0.5632585171105551
0.47829757205042206
0.6006724798467697
0.4892487532855078
0.57182064182226
0.6205529523060012
0.5848208018209939
0.5121632235759601
0.5484734448623222
0.5380642922157042
0.5489153040450123
0.5705100246089059
0.4748061442763092
0.5969955603614636
0.5843100390674024
0.6271054234115065
0.5140229761068066
0.525819725838672
0.5508940243350847
0.5955998630355719
0.5541434612646371
0.49433451783322213
0.5652590066692619
0.5975729533577969
0.589107852949431
0.5478206454166762
0.5042846166262771
0.560206436055032
0.5630010118842264
0.5514994362157211
0.49337283124017894
0.6121420472332175
0.6253382685293336
0.5878872829460875
0.5119737299198447
0.5337532413154468
0.5410851679971593
0.5561239155750501
0.5659908095865118
0.47547521550842076
0.5946766031594333
0.5162512109154538
0.5276605602346431
0.6399152741311728
0.6229690560635589
0.5431514879774137
0.5885377120700838
0.589160644635427
0.5433667826054306
0.5025365185110979
0.5633365223372575
0.5910736752077768
0.586039430524498
0.5820579409185442
0.548885487718384
0.5604606689463012
0.5530400582824208
0.5552107046763028
0.48469263383076605
0.5979395737398712
0.49309344453914244
0.5735517807852263
0.6311781566179727
0.5917816101274864
0.5472818431490172
0.5429321372546176
0.5531172774693103
0.571359157877961
0.4710082705353942
0.6112089487183247
0.5907949276536553
0.6314074851912669
0.521435855177838
0.531978210945023
