1.440560339182704
1.2960311048244064
1.4133511890786004
1.4353934782027322
1.363241207199815
1.3516879056396205
1.1952391227113794
1.3598310887010567
1.2874759289646847
1.3942640854032338
1.3431832622081756
1.3440606140147853
1.287883320105405
1.1723081152723025
1.4745248653660887
1.2894216782811876
1.5414534800347561
1.222295374990707
1.5381800367474052
1.454033326635454
1.5661735372850323
1.3619697643206468
1.4141095859579353
1.4581255071209662
1.4080271588908244
1.463076046486056
1.3118383680436885
1.4720056965692092
1.6821842035083745
1.4347568252197773
1.4350840790942203
1.5709415087272305
1.6223318849150536
1.4617485958386554
1.4772784055970867
1.4973608372213678
1.28220973175933
1.3788340092722458
1.4367252282321088
1.3855917171338845
1.4669129351312775
1.3207855763753997
1.4992689219219628
1.3250304628936005
1.5966349944343778
1.4222632536441622
1.405330059315664
1.4648792712952714
1.538431418878715
1.3891558187225412
1.2801627564462585
1.355720559665241
1.2743475683413965
1.4682403128528456
1.4314181616331638
1.2788050692902018
1.2923341504709112
1.347358182016402
1.4215258075980617
1.270639965686005
1.4062513400890806
1.3458741491668782
1.2954374114946452
1.3222300515756322
1.4312187427090448
1.4675980181172177
1.3906839280362013
1.3721703671523222
1.394912340768039
1.362036785123048
1.3776088344541515
1.3776772232090833
1.481043930805145
1.407270492804483
1.6352611560308241
1.5444718355543603
1.3520300939138452
1.4809832648064225
1.6020685850099965
1.4794077598528943
1.5565801098859866
1.422271282833411
1.4680317947582366
1.4236205549162968
1.3778143369829474
1.6282821563399554
1.3661894588446626
1.3449863960975816
1.4547666666713182
1.2966659402272254
1.4235824533538675
1.4756822187016527
1.354764268850207
1.3688142752686279
1.303716986091709
1.3892603575265259
1.5099675283299205
1.4523911204311661
1.3921632901229253
1.1994806813981347
1.3828969382580751
1.4780900885231776
1.4794403604733537
1.4041230342794624
1.3321036772661654
1.3592665560062644
1.2018175309357304
1.2804013650637074
1.3753596428389923
1.2939364047477677
1.2996464463701245
1.3309098170835039
1.3932701071952116
1.3263875448411147
1.6109447118088278
1.4929861078021127
1.206678611939593
1.4667347902202708
1.558113267858368
1.6280714065574817
1.3998058455187672
1.67610882380385
1.5115960722594057
1.5043519177789522
1.4484258558705714
1.5764637322594146
1.4140498650438753
1.496435415459266
1.540880408133389
1.5150115721436186
1.2344107676844964
1.5406886172827188
1.3948010148021193
1.5519676072627835
1.4373374187067263
1.6498907070782338
1.5066191922112977
1.1872742816483377
1.397521657295643
1.38488632257468
1.5185196070346325
1.4745270710588922
1.470588577704507
1.3981454632406758
1.294832684829578
1.5220954676379788
1.2858022996551561
1.3616736783331636
1.4787684965224617
1.316853693316053
1.4796333957669168
1.318723921036848
1.3728677220706744
1.3867139197120546
1.2546305763873837
1.364438656673561
1.4083002422011774
1.4293537887827403
1.3964142092841059
1.4293703907961275
1.4203524265348517
1.3514360197883195
1.428628790016877
1.4072877497379959
1.5011111205682148
1.3565767620264126
1.6523438702453024
1.5568385726577068
1.4685310617105503
1.503106632655534
1.524618091320149
1.39217892311653
1.6528559778325491
1.5084285697157882
1.4843121129118722
1.5020905574734413
1.3689891259411535
1.4003441319356171
1.5721555033784935
1.5405195831033327
1.375172908613038
1.4042191020968182
1.444294362306422
1.3916719998828377
1.4655112598943458
1.3017336091038434
1.3509444104813924
1.4766624883506765
1.4690560684613663
1.3664069686458267
1.2985917674692744
1.2918482576929549
1.4062152030790813
1.4609666866966815
1.4093228099674717
1.526794101953014
1.2937018791248447
1.3638796818219083
1.2479345606899686
1.3920426588772243
1.3702103324561825
1.3453666519095127
1.3330584555926615
1.4447758048458361
1.5006163446654033
1.3304117163111375
1.343989226790646
1.3130896251291504
1.4955249779949562
1.5889252900915067
1.3865831496717953
1.4429542321089899
1.4534591187015544
1.363383945642569
1.8331948661857236
1.5757202252088327
1.5230256320802418
1.5055116387954741
1.5360728313017407
1.6242366200373117
1.4770399745145824
1.362429808583224
1.3390276947484634
1.4010428680034503
1.3627496289956902
1.5697325426977637
1.4010188933598764
1.443041378688442
1.3720295962668372
1.653592733846054
1.4796659358862372
1.4136616893535816
1.4324386854639048
1.2147963152055463
1.4377151395458312
1.3744274677505395
1.4985546258750992
1.4898931031567921
1.2823772983659434
1.3925712463256446
1.3750218183767466
1.5645657810363645
1.395081239497144
1.3418231187079706
1.2604256967212286
1.3943117690479525
1.2374787216627423
1.4752466547493979
1.344563012168204
1.4012608975951486
1.292915233359895
1.4732064244528202
1.4213728045981942
1.1104312895772608
1.3869349817665746
1.3502698642395163
1.3217669925487443
1.3870214178652094
1.4102854158895266
1.3180531511664966
1.3590463722620727
1.3195451249793435
1.2423258110605628
1.4416313590304084
1.333501393420985
1.230802998550807
1.3942799626374784
1.2343441753152937
1.360968924407894
1.4852353219781402
1.3439831950686885
1.5199702194693419
1.3987334178740096
1.4207374992351816
1.4073377543993202
1.304807233158329
1.582501077179051
1.383822764601931
1.395457573388711
1.663662281851093
1.4100270082144046
1.4773531414046657
1.5855548458077857
1.6864779721193928
1.4070822429431837
1.4725571967392512
1.3601472122755052
1.3274992745585177
1.12857304951248
1.4386384320234218
1.4290087317333011
1.6682072921704947
1.45598302106225
1.2773333723762657
1.3223460584540265
1.3132772058353903
