0.31008715993440006
0.3192205124589212
0.3306038179491475
0.3353770914644537
0.34405609618517147
0.31343037068937685
0.34015533108658336
0.31515965148506453
0.3500653702025577
0.31523926060817387
0.31948095600784293
0.3314748471752347
0.3127342977553592
0.3288982929730375
0.34964370655009397
0.32735111786800414
0.33436751717478896
0.3269870979285009
0.35433954848270804
0.32377621944725343
0.348500313687894
0.32294488551757305
0.3183302023713471
0.32508824108755463
0.33084915888571453
0.3487972957505181
0.32216438414302584
0.3272319942670967
0.3033088576997296
0.3720977018070075
0.30808493796469016
0.32849331998907294
0.31134411796625255
0.3180698769855448
0.3362893318818574
0.32995602396187174
0.3228451946126025
0.368083783278317
0.30472165884136115
0.3366250350053085
0.36080866475764106
0.32791374811992036
0.3215368789022135
0.3307094450758159
0.31120084571131557
0.32942756600305884
0.3288392203655609
0.3278244228275802
0.31413428309242764
0.3139508893036088
0.3208755708449359
0.3492668591674153
0.3574335983720573
0.3751472360861332
0.33699445595735145
0.310605920509299
0.3328294135131012
0.33228156157179867
0.33308354978869015
0.3285054331355547
0.3065938032886244
0.3457674413529433
0.33910023043444343
0.29216346641689817
0.29898300505911934
0.3537615422515805
0.32810339282819084
0.3658968683991192
0.34540108699530503
0.3351714186692816
0.35150094746034266
0.3083761204471608
0.33296572909534694
0.3384881903966153
0.32740722332449124
0.3707835113061464
0.3111055260757435
0.3247748200453792
0.32821594473867266
0.33754666332711847
0.3277012594924834
0.3400617695496755
0.3273952755722785
0.3162203154232511
0.3326334213333513
0.31594508119376175
0.3641513502675381
0.30844287160538136
0.36767642310017884
0.3239678327431204
0.33700505377135404
0.3420904663297958
0.3354711289897858
0.3283549034455794
0.30939237809996106
0.33881293905050625
0.3482387966143876
0.32936283770197544
0.3277542557683498
0.31130674850354784
0.32877233406577555
0.3633525634971535
0.3345139439285084
0.33675918693409956
0.3464849978603861
0.3554703581933625
0.3214631845461354
0.3403232648556166
0.34019000319427656
0.31800667052977993
0.31147801366811434
0.33579243091344824
0.3401228279021592
0.3158084271264665
0.3186602523202639
0.34526640764119576
0.34365820689313065
0.33117906587505785
0.3246482542956721
0.32310060293280585
0.32691196163793623
0.32661826551288076
0.33153742840669387
0.3177973289568973
0.3344052830707006
0.3240919426491867
0.3307317072412004
0.34312958184459774
0.331441273691501
0.3158420581776605
0.31940842958183857
0.31219767464795734
0.30704398700682345
0.36990212426509517
0.34645292944136563
0.30372993211523697
0.32058056632274956
0.32230047528483596
0.31276693312905335
0.33234189850452067
0.3205543890795578
0.36557794136926675
0.3434166727018584
0.32419942982240435
0.34306673833973844
0.3384064370218298
0.3234202272430414
0.36110308890718634
0.3172325493356031
0.3231320103470017
0.31329514145662396
0.3158864322450389
0.3366823690592748
0.33403415049187746
0.3435779664216843
0.3252330854851179
0.3191469222841209
0.3609883079976215
0.31649730340074933
0.3341377278584219
0.32815894896566067
0.32917108011502205
0.35173208704270353
0.33786688367859713
0.3257852204059608
0.32085836246375743
0.32461017821813276
0.32330714166825203
0.3109621865060327
0.3376922103638309
0.35165961125945877
0.3270008560454783
0.30789821495505165
0.3188941734211568
0.3207647070423493
0.34290915394000077
0.3334042385223005
0.32474233575177086
0.3552714421865346
0.3152563286786137
0.3132483464398186
0.3064266352166178
0.32529474634980243
0.3040885292831129
0.33612796898635644
0.3228106171977282
0.3112753687344276
0.3129763376816364
0.31422449373717354
0.32835016985766885
0.3366672838963161
0.3015529011787342
0.3425114193574427
0.3115869602167832
0.34253420071009516
0.35867388660562594
0.32478659050087677
0.3285790723678975
0.3373687727778448
0.362557720751327
0.33613358214674816
0.3076687500229311
0.34438317618879943
0.3335418567675622
0.29283285301793316
0.3163629396882494
0.3167432285946149
0.36492808805667454
0.332572022004808
0.3255985764907152
0.33603105400908706
0.3280300678436833
0.31541155368101803
0.31230917973966815
0.3103521351448608
0.33553915446631144
0.332040657630025
0.32339533989884106
0.3237633417546043
0.3198057600687819
0.3158166177242353
0.3612034779193379
0.3404418759784309
0.327651998742119
0.33075477251368274
0.3166043227674933
0.33483566225579686
0.30505383245500006
0.3333370821840137
0.335123957119809
0.33085978195147864
0.3129018700819156
0.31773896993522466
0.33930614008609017
0.34515429416267407
0.3354170423428048
0.3095829356066787
0.3442830000834577
0.315844738833302
0.33897863457538735
0.3392248725473967
0.30587370232356625
0.34196187615759227
