1.3423998815213323
1.3597756717071696
1.4471926196081049
1.3248466806097614
1.3487516929627936
1.3444651751543917
1.4405354418260354
1.3441631995080476
1.2238421418919707
1.3447677458577676
1.3621159163224352
1.2264558168342667
1.352521948090738
1.4620184800896814
1.34530853872241
1.3456011562045431
1.2153523990435091
1.4376560316388873
1.3490176149305346
1.3513419537778226
1.2215156538096648
1.2220210035965806
1.4631475671085572
1.4687408510830846
1.226098077813699
1.2195235479892341
1.2131275189579809
1.3414194028991917
1.342973291043404
1.4379910562782996
1.3604909099421585
1.4468482908190572
1.2206237744175343
1.2106267069254462
1.3485900105295219
1.3443312495401167
1.440296190139737
1.3441184654503981
1.2242772931816839
1.3435917309197538
1.3474479680829685
1.3456392549374172
1.2264640600811627
1.3638119815281744
1.22585870566148
1.3741184214292745
1.3450893473184076
1.3449039916844168
1.332462136507764
1.352133776136106
1.349793600350308
1.3505048253378908
1.222350256357416
1.4632255042506175
1.4683364232537663
1.22455498514158
1.2171997810545327
1.2134788667934062
1.3409355537055816
1.343694509792817
1.4388667278168126
1.3602223578732346
1.4473814900535449
1.2178712303025692
1.209796632001601
1.3478209819515183
1.3438475726784633
1.4402428379533334
1.3434517435375526
1.2235853151405145
1.3418792751749642
1.3445759741742784
1.3472399907160568
1.3431031099953132
1.2262464883363569
1.3609982520925055
1.2265300933466396
1.3528329319366885
1.4622164725601452
1.3456507682359475
1.343452976850493
1.331551948299535
1.4392539668015043
1.3489319320430273
1.3505269959824426
1.2220929583357842
1.222358555609615
1.4629825725324808
1.4680407846098762
1.224117865933472
1.2210577679947174
1.2123524450322463
1.3402953019989865
1.3429859569417038
1.4383102730123292
1.360495460440759
1.4465674292755466
1.2218769424359373
1.349961594960602
1.3442511015342113
1.3416172457559157
1.2240268645198724
1.343119340798651
1.3463650179707225
1.3428624293078535
1.3590948720628242
1.2265388673673034
1.3531181548978088
1.3739418104369143
1.3461803534297814
1.3423977827116407
1.3316352944495893
1.3523418666766152
1.3496956456614366
1.351172513195773
1.2214731423674479
1.2214910616866257
1.4685320368815038
1.2243309849550856
1.2186892232573827
1.2114501711778096
1.3413040986713678
1.4445346765756348
1.3649618878354914
1.4521205472071872
1.2199250122649365
1.3296929440425374
1.3539102237345677
1.3494913736368626
1.4429887481468684
1.3475951136654998
1.2287378901715893
1.348754129019893
1.3495091762466973
1.3516565159650318
1.3481987776638906
1.2308967399183386
1.367901171502228
1.2325875732190164
1.3606687508275466
1.4648367160384936
1.3497409464129153
1.347168179327233
1.3375022274650314
1.356693784086051
1.3544216788850834
1.357903485063002
1.2252580822045405
1.470333787167347
1.4739525421086097
1.227414916591463
1.2215686435533974
1.2186660311927302
1.345422727346571
1.3499008993561772
1.4435413605015608
1.3645998039105014
1.4525714769630558
1.2251829075009983
1.2129383927069588
1.3510550405221455
1.3479516071384279
1.4440868966346376
1.3515446045202473
1.2305900454392704
1.345722032564533
1.3457551101652243
1.4385128029870042
1.3438192516675103
1.2301905303470306
1.3628026077965716
1.2323279439377584
1.3565208443917267
1.4642569220182984
1.348650987095172
1.3485052298595168
1.337275406522115
1.44428436218877
1.2265441187933916
1.2289912210445098
1.4676195219453874
1.3444205495124881
1.2208382131613416
1.2179400856009974
1.3463779290976126
1.3476273508439918
1.445270391735444
1.3643095202858988
1.4538799335237802
1.3359246493811088
1.3312975442404005
1.3541639753967734
1.3515204779002383
1.4445020141134697
1.4329503656042482
1.2299355803070586
1.3479660889711889
1.3527990463707509
1.345937746399115
1.2311346027225987
1.3691373141827563
1.3651891320350433
1.4644369780731965
1.3471580942830752
1.3371279049982858
1.4449509115046346
1.357309955577081
1.2231870260647957
1.4685285878110204
1.4727299031434993
1.2266901914902282
1.220893413931667
1.220856035333901
1.346124227693686
1.3495794072427376
1.3249423979227222
1.3622506825854188
1.3450392884058409
1.3311088847135468
1.3546550482111215
1.3474909841682936
1.444782564486302
1.3485191320359835
1.350649742118601
1.3499648255358307
1.4379512080246664
1.343601137843381
1.3608798998447347
1.2336891479177556
1.356550022254587
1.464375471116179
1.3485994111990893
1.347871926297549
1.3373886998120528
1.35495323261327
1.354417464471477
1.3529856995652363
1.3437144690591778
1.2279925106748937
1.466529083005798
1.4724451754222794
1.3444415813182768
1.2251996131420888
