0.9355045289557852
0.8077937027897496
0.8568552829602184
0.8745351205187116
0.767898425016783
0.6786286600651865
0.8416877103040586
0.8646874263599837
0.8283502229382927
0.8610665909671038
0.7940260264847157
0.7455566353630866
0.8181851949817575
0.8179608415359112
0.8205022458496162
0.7326985019655763
0.9002709508768879
0.7143339256357453
0.8091490975298783
0.9578781937689016
0.8726728410678865
0.7100328714395537
0.7759329934653995
0.8102352187082452
0.7960042062485155
0.6986908206489362
0.8959472265584484
0.9324284182319992
0.8052153995303433
0.7702356444641221
1.0247481778704202
0.9392623275576717
0.8023938280386177
0.8576531436071235
0.8746689444116081
0.7609063482521516
0.6773866241507419
0.8280276601349453
0.8593035105421785
0.8459199585347172
0.7428791578234348
0.8235957165970658
0.8211720289374795
0.8218553243508179
0.7386642159872207
0.906504158575116
0.7145457893855955
0.8035860365538325
0.9542264758388406
0.8719172581583626
0.726128179636137
0.7446798620494548
0.7764684740453548
0.8063195364871164
0.8181417293115454
0.6774769909796612
0.9279648444059236
0.8975631581990995
0.9299141033010416
0.7904016245619624
0.7751333381110167
1.0270927912977317
0.9268158835355474
0.7957778905612175
0.8588442399815318
0.874542280205078
0.7563901023592358
0.674139700133527
0.8322555073777017
0.855100277196204
0.8426141649356937
0.8576260950232321
0.7891963276193892
0.737690316467067
0.8227659306406002
0.8206223139946661
0.819710538511057
0.7325654768216775
0.9018686469291236
0.7147872442201774
0.7995352888005524
0.9536667966911818
0.876378190476402
0.7135511824492009
0.7371319649612914
0.7806432088098613
0.8066676929447877
0.8951462553535751
0.9310507651367821
0.7986773380714216
0.7716220031842289
1.0233771442535537
0.9626834840062598
0.8464717773757942
0.9049562069126871
0.9305300479894655
0.7057660899676467
0.8598093131180415
0.8915143338432785
0.8936966934930333
0.8670386504909825
0.762626777970995
0.8525841589681246
0.8654652268513926
0.845571760144111
0.7767897961576811
0.9306231710870443
0.7315168713883203
0.86688120903915
0.9769661266258272
0.9012403350712948
0.7444844958240906
0.7923382855631387
0.8644573847345975
0.8419929251550109
0.7178905198724169
0.9513876626567652
0.9758624068562615
0.8001281538792419
1.022435135208682
0.9588405192568896
0.8372264215574278
0.9083080610996659
0.9180351813205444
0.7009372274562375
0.8515637168544191
0.888971675400178
0.8902383378519121
0.8723531172622764
0.8234238664866236
0.7597666658508602
0.846490362237716
0.8599461593583135
0.8485054332581989
0.7678771700292921
0.9074910083809338
0.7323500780068392
0.8650661376804952
0.9805252446805346
0.8997882267016589
0.7488706001408557
0.8007034298686354
0.8071668426705195
0.8591765461460956
0.8404464322028828
0.7160224010922839
0.9556319318860903
0.9129812540173581
0.9803449067768362
0.8015006943032688
0.800947280121014
0.8563222145433717
0.9391356788054346
0.8121617019088684
0.7044199359257833
0.8601404751207384
0.8986409574691522
0.9015400671307883
0.8319682257347895
0.759800706436305
0.8620741243770565
0.8722840229155232
0.8400335961757157
0.793862157971562
0.9369806286211081
0.9878580004651288
0.9034609672485819
0.7506268249542385
0.8057796645506643
0.8216909991276292
0.8715322885991674
0.8504573472106771
0.7294650185738211
0.9534480796824129
0.8126283992076582
0.8129389123265083
0.9987038604432791
0.9666160787036802
0.8427742117627899
0.912768595039483
0.9304782107839104
0.8113652567634274
0.7083617900618189
0.8530590512918873
0.8920246662287056
0.9027747871756201
0.8669487317726069
0.8356357884322458
0.8542328801291776
0.8624194944794981
0.8482769234895959
0.781797297590695
0.9071038225175744
0.7390475472971184
0.8727622417065181
0.9899120432995293
0.9015868730372619
0.8086515470852889
0.8141772625996653
0.865783415586657
0.8468503023580286
0.7162275974896836
0.9665348033894646
0.918084264274069
0.990894010837078
0.8102472650886468
0.8129291426793763
