0.5343857820665893
0.5323146596572006
0.49577882094291204
0.4727879801732705
0.5113900787852351
0.6022757586611089
0.46864381854945364
0.5722280745780315
0.5985456505307774
0.5984930621175205
0.6223536583457695
0.4728242297321449
0.623588883392659
0.658156842645911
0.6243913349425708
0.6657927154731794
0.6316856085285428
0.6659619281402668
0.6725272973295604
0.5863738044185492
0.6749939962824685
0.5632944019307662
0.6158287612637757
0.6633019993848301
0.6272990387388456
0.7074468017187019
0.678852741583089
0.730263117310237
0.704534214383117
0.6474267560705967
0.7423177688610836
0.7573434533170011
0.7650531462294294
0.76346101925026
0.8384134433047902
0.7757645775568976
0.8077398147594279
0.7956546544886444
0.8488150673804908
0.7626537789954905
0.6186379854472494
