0.5709180212929954
0.5122954096654572
0.4903789178548914
0.6221201651576735
0.5244895431712495
0.5773710600759057
0.48823303173154686
0.5877266706342577
0.6392658492056396
0.5056195027590198
0.5962132864375489
0.4978179253191341
0.514532544926223
0.47615811169269784
0.4812906964487338
0.5129560073209111
0.5310574601248588
0.4271287688997485
0.6231923109475621
0.5675693261913763
0.5245953849999924
0.5648212409880745
0.6732126322268812
0.6346366756487246
0.5477945193095867
0.6153615180957449
0.5649648478291307
0.5780741699282401
