0.5161975238344091
0.4459473529371709
0.46768222743051086
0.4590747983145681
0.4958058784413717
0.4730018553043731
0.4915783113218653
0.5204610977287244
0.4566085747354359
0.5032294797381472
0.46014276557856026
0.42133006350928526
0.46215527564467296
0.4371286880769517
0.47070290264842674
0.33999685155327664
0.5435655294317296
0.40244574360920204
0.46615288366866053
0.4907991532167797
0.4631872038688838
0.4859198961928948
0.4530586836930291
0.42857881926057284
0.5141165396373779
0.3782028554337178
0.46566813979322175
0.4688266941129486
