0.29280471954396736
0.3445551113678164
0.2694315654623791
0.2849096635894193
0.3259180186021191
0.438022482396909
0.3665511577999867
0.3177362664841575
0.2733928633116549
0.3376481333268415
0.31870655477423127
0.3289352196951286
0.31425847765357884
0.38646814350218694
0.3092766341101102
0.40054568925835066
0.4653172550338479
0.29513828141103005
0.32814305868869725
0.4778807171902568
0.3333707424264911
0.2776354545417435
0.3722412008902215
0.4534913955010073
0.40657235318550633
0.40557869468262425
0.3807371054294053
0.5064156328056744
0.38827929775647085
0.39751817505464626
0.42765595662271183
0.36089678224709165
0.3656797016478993
0.4441198063783245
0.38656121661093634
0.3436817341689353
0.42996157975103544
0.3404425239848831
0.43047864424561066
0.4234140512819048
0.3545477036947505
