0.255814
0.287791
0.279070
0.276163
0.279070
0.287791
0.255814
0.279070
0.302326
0.279070
0.293605
0.302326
0.279070
0.279070
0.279070
0.279070
0.255814
0.279070
0.276163
0.255814
0.279070
0.302326
0.279070
0.255814
0.255814
0.279070
0.279070
0.255814
0.255814
0.255814
0.302326
0.255814
0.287791
0.279070
0.276163
0.276163
0.279070
0.279070
0.255814
0.279070
0.287791
0.293605
0.302326
0.276163
0.276163
0.279070
0.276163
0.279070
0.279070
0.255814
0.279070
0.255814
0.279070
0.302326
0.279070
0.255814
0.255814
0.255814
0.279070
0.279070
0.279070
0.255814
0.255814
0.302326
0.302326
0.255814
0.255814
0.264535
0.276163
0.279070
0.255814
0.255814
0.279070
0.293605
0.302326
0.279070
0.276163
0.279070
0.279070
0.279070
0.279070
0.255814
0.279070
0.250000
0.302326
0.293605
0.255814
0.255814
0.279070
0.279070
0.279070
0.255814
0.258721
0.276163
0.287791
0.255814
0.255814
0.287791
0.293605
0.279070
0.279070
0.287791
0.255814
0.302326
0.255814
0.279070
0.287791
0.302326
0.302326
0.279070
0.279070
0.279070
0.258721
0.279070
0.255814
0.279070
0.255814
0.279070
0.325581
0.287791
0.255814
0.279070
0.279070
0.255814
0.279070
0.255814
0.258721
0.302326
0.302326
0.255814
0.255814
0.279070
0.279070
0.279070
0.255814
0.302326
0.276163
0.293605
0.255814
0.255814
0.287791
0.279070
0.276163
0.279070
0.279070
0.255814
0.279070
0.255814
0.276163
0.287791
0.293605
0.276163
0.279070
0.276163
0.255814
0.279070
0.255814
0.279070
0.250000
0.276163
0.302326
0.279070
0.250000
0.255814
0.279070
0.279070
0.255814
0.279070
0.255814
0.255814
0.302326
0.293605
0.255814
0.255814
0.287791
0.279070
0.255814
0.276163
0.279070
0.279070
0.255814
0.255814
0.276163
0.279070
0.279070
0.293605
0.276163
0.276163
0.255814
0.279070
0.276163
0.255814
0.255814
0.279070
0.250000
0.276163
0.302326
0.279070
0.287791
0.250000
0.255814
0.276163
0.279070
0.302326
0.293605
0.255814
0.279070
