1.1776351530544396
1.202186451017605
1.0610964082323893
0.9981545255286731
1.1866470014641
1.2724590061512608
1.0488155752481865
1.2274690245857336
1.1462978923504892
1.2264076333363942
1.17399456842819
1.1523521624433068
1.1741977019594834
1.1739453082965636
1.1661205930586678
1.2741013228375346
1.1599642588145525
1.168314377470436
1.2337353601484937
1.1938184666193932
0.9964117666020496
1.2372175651221915
1.156603411327756
1.2855455098295931
1.2603594727221263
1.252049398008775
1.247860641499566
1.3501677808338737
1.2675799622399102
1.236306819300399
1.2248568268419882
1.3069526305301378
1.2304472120095018
1.5955522305563299
1.394842783366845
1.2279675218997577
1.4035464523731376
1.3637365988616568
1.2132207987605874
1.3539082981919766
1.2070537698601187
1.2071667373584305
1.288268171402131
1.1678475923110982
1.2940560610244207
1.1891769618144221
1.2039597010320409
1.0771310423188039
1.0949760410031946
1.273047496977661
1.1541051695030347
1.2017098132231139
1.153801247155425
1.2346102277161548
1.1808176786359021
1.0647496848752789
1.1589137131081337
1.1735064558183255
1.1798907616349315
1.2588725991382153
1.1794310386588245
1.1493995889346111
1.1787264501799029
1.183244003957664
1.2053284014733452
0.99570778351823
1.2427131072496125
1.1540833489697073
1.2855738199970212
1.25908154769874
1.255992002547674
1.2668962791180387
1.3679855159591379
1.2561692242609033
1.2485330265203647
1.216643142027395
1.3021614638940775
1.2305580398111864
1.577887709924595
1.3957515500897344
1.2259960550928077
1.4051134090030926
1.4105979661113128
1.203990693397599
1.3780933910686701
1.2142373771483892
1.1117312872215066
1.2879827071919794
1.2464751350681234
1.2937097902188581
1.146902497348429
1.0625086938381723
1.1883495567128899
1.2126985257977734
1.142540546398235
1.1992845663510825
1.1466129763358839
1.2095403258742399
1.1819473420895081
1.141142687106069
1.1632232018632478
1.1747389132325816
1.1616716233746873
1.1709622073604182
1.2753376514711479
1.1931555200040107
1.176214712284276
1.2475384693389042
1.1902564195323537
0.9984790960419421
1.2234496244707993
1.2604189677738735
1.261716383749473
1.2467710974555037
1.4526848680645472
1.2534930352714209
1.2239792089306505
1.301188333369796
1.2252072552716013
1.5920293442737956
1.3885667333669245
1.2337360540074376
1.4142246159275234
1.3576173972071772
1.215042517321016
1.3562626672089284
1.2093404440553246
1.2137363389301015
1.2927473968624357
1.1655672940317374
1.2941099151621447
1.2482776223577507
1.2884277738734753
1.1767860800065766
1.205696928534492
1.2984300740511223
1.2788035128692539
1.180319059880436
1.2481221988687057
1.1212990149030189
1.1912948305164341
1.208794263757181
1.218404986523741
1.2794683717765953
1.2306654248762108
1.2014100141757402
1.2194248481765784
1.2068995649811696
1.2310238190741138
1.0251728866799386
1.2514188560406267
1.2629058826073494
1.2947352029625303
1.3030332466921273
1.298601020675358
1.291827652537727
1.2870489251336192
1.3276721997617558
1.2447246600896802
1.3249413575273346
1.255670881067386
1.4770240997053952
1.3259646292253555
1.3861872906778552
1.431129380924907
1.2324134751997198
1.3893898579381483
1.2311165519488687
1.321263388285576
1.313366450647642
1.2517994397175607
1.346406745155211
1.2106668461232655
1.2333734020807836
1.1925204801159146
1.1092386453623473
1.2855440488000522
1.3536461128725115
1.2640023199967139
1.2523913617135554
1.1971119370673144
1.2778393919376925
1.2067423685326586
1.1179160769204948
1.1970053107204761
1.2917469963242527
1.2360132120222087
1.2914741023377452
1.258611776348748
1.252272318300004
1.2196922956871818
1.2270921873122163
1.0767084763812804
1.2906568163234746
1.2568043389239298
1.2849404377716709
1.3069349283411462
1.4755379375488593
1.2910999103444425
1.3017132047804978
1.23541016092087
1.3272110191004027
1.2603440322086454
1.5942147387856964
1.422407599957724
1.2660994807765864
1.4200121917343058
1.4401491836653089
1.2158608304098313
1.442431330854709
1.227861834268041
1.2331542764772194
1.3093323569063287
1.2716577611435047
1.3462631208413436
1.290562420730305
1.1819815794893316
1.2012660504073767
1.2156245904869032
1.271422255990859
1.2485906211834508
1.2083225994691296
1.2608660306841104
1.2297497000995805
1.1295807842760937
1.1845973370252258
1.2166799098959333
1.2607726147188465
1.2173738713144993
1.279815097823879
1.253964383091554
1.2101068108133537
1.1014129306189768
1.3040465177691194
1.3120541511447512
1.2855379638102111
1.2746290141725116
1.4766473117675205
1.2933625998748286
1.3143371767371217
1.2388046608360315
1.3383616488622803
1.250942549206523
1.603931964410702
1.4792862442391026
1.322487039488931
1.3859423036826382
1.4227775438591763
1.2270679284406578
1.447489387235557
1.2315136504910653
1.3323006348920765
1.304639278771512
1.2502811750884997
1.363497025007835
1.1943689208213868
1.1193838069300175
1.2650435164546303
1.349819765706916
1.1693227716169912
1.255883551834921
1.2308479315180822
1.2791031703882314
1.1891882599541457
1.106146523547218
1.2020753213694726
1.180446005428893
1.2790542235258984
1.2596855871906663
1.2869077132697304
1.2416798335789334
1.2070547029763905
1.2324945413738615
1.097539837328419
1.2821052702443303
1.2550290210157387
1.3086048280925717
1.327236965307925
1.2908430824369335
1.3100398313026225
1.4871033478408966
1.3004662958172477
1.299378050967972
1.2369381573317983
1.329996610792564
1.2642592590184434
1.6710148461740224
1.4794324457776493
1.280425593901115
1.4292636808331798
1.4386838735362617
1.4392035434898027
1.2329206733645757
1.3175987373812652
1.316301724381326
1.2769402977052724
