0.2609634995947004
0.3142266882183791
0.23958491719817296
0.25672398531692814
0.29745388090595043
0.4016830050877579
0.3426767733909295
0.2826856244807799
0.23404879591266117
0.299927326731371
0.2772009720184587
0.3022336345673321
0.2725409870436288
0.3411493247114049
0.2682373510231487
0.35590820012128155
0.4233647404607636
0.2485623191350394
0.2810611509029118
0.4414099861331695
0.2866637195596744
0.23857890050875735
0.3337139808811603
0.4068820503462414
0.3673404143489794
0.3563829779687447
0.3352728394862436
0.4574445469098095
0.33945264149811094
0.3549184262811519
0.37547453750983817
0.30551250860954604
0.3090000961896867
0.39210223465360916
0.32503845732888975
0.28592378638301424
0.3722456489201633
0.2796356684910337
0.3619303277353041
0.3685263702387382
0.3132269672832496
