0.1242732
0.13888307261146499
0.12108922363847045
0.11863354037267082
0.1152
0.1464583145038168
0.10365530790796086
0.11971690434782609
0.11212765957446809
0.11531814526091587
0.15213569224091156
0.11426953567383918
0.11761827079934747
0.1331627430910952
0.11327247191011236
0.13157894736842105
0.12222222222222223
0.11363636363636365
0.11974195
0.10646983311938384
0.12275973173652695
0.1413531952693824
0.10035719405351834
0.11600275209347614
0.11816347124117053
0.11247739602169983
0.12011173184357543
0.11035026514439221
0.11993220338983052
0.12406563354603464
0.11867994412265759
0.11616781019652521
0.11871186440677967
0.11716483090128756
0.12050411603053435
0.12440854010386614
0.1156540385989993
0.11161971830985916
0.13131272581292652
0.10960784313725491
0.11220785227817745
0.1264406779661017
0.1257286525720746
0.1044277897810219
0.13129111724137932
0.1370879120879121
0.12438423645320197
0.1443738656987296
0.13593646591661152
0.11246105919003116
0.14357326478149102
0.11548942273216208
0.11886792452830189
0.13792633015006822
0.12360316485061512
0.13502702180094786
0.12186048372093024
0.13414001590720795
0.12595490105844456
0.11023286323384716
0.1306254493170381
0.13496932515337423
0.11428040163629602
0.11394532320805889
0.1272437034409365
0.11203237451971688
0.15603527741935483
0.12591792656587472
0.11495748968070338
0.10562827899040171
0.10788203753351207
0.1095036958817318
0.1252818991097923
0.1494163424124514
0.11969604863221885
0.10653164277673546
0.13312248418631398
0.12101189671574179
0.11559341326781326
0.14920502092050208
0.12779729811320756
0.14358683314415438
0.12064343163538875
0.11389776357827476
0.1184673366834171
0.11282576866764275
0.1172478793590952
0.11114237478897018
0.12437838157661647
0.12274920060514372
0.11636981326397919
0.12798544492226266
0.11460708782742682
0.11894736842105263
0.11433628318584071
0.12264927934111187
0.1299702282500827
0.13243653502377178
0.12535421130495464
0.1244047619047619
0.13812366221315656
0.12876931273308473
0.13554376657824935
0.1264705882352941
0.1318862275449102
0.11476736345246123
0.11693836978131214
0.1243411643323184
0.11879985897035882
0.10765734634146341
0.14101265822784811
0.11801470588235294
0.12879078694817658
0.11683006535947713
0.12093821510297484
0.12495543672014262
0.1144385026737968
0.11310225303292895
0.1123419666121113
0.11595744680851064
0.11820546163849155
0.11707317397188964
0.1291162976744186
0.15659526292134832
0.12216811968503938
0.1329244673983215
0.13464140730717186
0.125635103926097
0.11397949673811744
0.13251687088607594
0.12937554969217238
0.10013314075049375
0.12508824327993484
0.11822705576707726
0.1629950560669456
0.11446480231436837
0.12155688622754492
0.1333686440677966
0.12816123688569853
0.11082474226804125
0.11442472810532342
0.1458457806451613
0.12654420476396708
0.12586798931705456
0.12120972017167382
0.12440846824408469
0.13154819863680622
0.13114186851211074
0.11438671995081463
0.14200000000000002
0.1319796954314721
0.12019486271036316
0.11059957173447538
0.11267159450897572
0.12028377906458798
0.1102882159795695
0.10924414759568205
0.12439862542955327
0.1257608695652174
0.11241154055525314
0.130920245398773
0.11610012307692308
0.11076400931134821
0.15465118139534884
0.12437275985663084
0.1330708661417323
0.10575237757988476
0.11833648320802005
0.12120936789908655
0.12430662245989305
0.12756024096385543
0.11709958015435502
0.12650534285714285
0.11448916858638744
0.11515912233009709
0.12632020117351217
0.15256619810395555
0.13273005353046138
0.10553165334972342
0.11397058823529413
0.13951039632304663
0.10682850973451327
0.1140597539543058
0.137218472759073
0.1194090936514044
0.10996677740863788
0.12011468901632114
0.12953020134228188
0.13197674418604652
0.10927835051546392
0.1216977540921203
0.12077294685990339
0.12787136294027565
0.11544461778471139
0.12373748571428571
0.11309088744049799
0.11940387542904982
0.13348977910447762
0.11606246514221974
0.1058462616302187
0.11938392186326072
0.10701492537313434
0.10626405750315258
0.12618343195266274
0.11613616199895888
0.1248868778280543
0.1160835617834395
0.1340074774445893
0.13157894736842105
0.12516031837171934
0.10987315735344533
0.12375565610859729
0.11527976877897991
0.12766898294377765
0.11853486319505738
0.11317567567567569
0.09879543088923556
0.11362293924380704
0.1191256
0.11833169756097561
0.11534549150090416
0.10962566844919787
0.11654804270462635
0.11734837799717912
0.12622950819672132
0.12363076923076924
0.1342376052385407
0.12040185471406492
0.10929189213483147
0.11489596626161544
0.11643805865490628
0.16492592102728731
0.1124907540765391
0.11772070626003212
0.12401423065520309
0.12751558325912735
0.11381381381381382
0.11016605714285714
0.11112664827586208
0.11676255861405198
0.12766284340175954
0.12204168138466973
0.11518403646242077
