0.09118886419914837
0.09142298228498075
0.11826129523809524
0.09888486471277842
0.11106145251396649
0.10030696327769348
0.11645983017635533
0.09177899809736989
0.10940302195845697
0.09835916837944664
0.09875442529644268
0.10098700090497738
0.09929772307692307
0.1067756557956778
0.1100232
0.09806907155963303
0.10580770363196126
0.10216460403458213
0.09336992280701754
0.10040872437223043
0.09619170696111377
0.1032359659574468
0.10129751979127842
0.1082873878669276
0.0972911312388856
0.10013958250555967
0.10696195395987329
0.08833796044632551
0.0942548160936357
0.11232575201760822
0.09168700398310199
0.09198643051925115
0.09995651858087792
0.10080866712802768
0.11591981132075473
0.09971962857142858
0.09501435044247787
0.10501193317422435
0.0968176622100955
0.09642456054421769
0.1016798207117666
0.0962980538011696
0.10261343012704174
0.10806925936540429
0.08762323902439025
0.10030475339805825
0.10364266902654867
0.10019451474103586
0.0963727145631068
0.10689864256559767
0.10889971598676956
0.08747494059624586
0.10476972241112828
0.11124031007751939
0.09899334925373135
0.10222416852300242
0.10549721247401248
0.1028368173449981
0.11058592401433692
0.10937470166852058
0.0916854017699115
0.11824855794441531
0.11072046109510086
0.09265697021276595
0.09579379953205427
0.0872594631716907
0.10263744332344214
0.11129731167512691
0.11990291262135923
0.09901122395209581
0.11701492537313433
0.09774141855670103
0.09541345033407572
0.09969753831990794
0.10590157094111172
0.11092771770062607
0.1033966439834025
0.10445817757847534
0.09201300138203355
0.1009966219269103
0.1033817657370518
0.12126582278481013
0.09656070409433344
0.09306211736526945
0.10418022479338843
0.10891943791146425
0.10175047272727272
0.0871701771957841
0.10723436322532028
0.10023838987341772
0.10301745617461229
0.09945660857787811
0.11456582633053222
0.09172353597811217
0.09054582509200401
0.10865384615384616
0.10632071511081263
0.10324783206816421
0.0981295829787234
0.09028796417910448
0.0953712854368932
0.10541989421487603
0.10065116922047508
0.11359570661896244
0.10713658962605549
0.11901081916537867
0.11366319999999999
0.10967741935483871
0.10224305815602837
0.100976416374269
0.09963005154975531
0.10939597315436242
0.10480160053351117
0.08610175238095238
0.12193886265060241
0.104113773012939
0.10216025583756345
0.10287450111524164
0.08768905396825397
0.09793574186825456
0.10116339219898247
0.10940325497287523
0.10367893770491804
0.10650634606741573
0.10365068002863279
0.09692563902439025
0.0995386902587033
0.0986927276356831
0.1145631067961165
0.11415929203539824
0.09609193402061855
0.10304853109243697
0.09575332032520326
0.10192527715133531
0.09933470322361723
0.09819357739490006
0.09730167898996439
0.09855904102200141
0.09754038494271686
0.09905985109593964
0.1186176055944056
0.10775534285714286
0.10765492102065614
0.09958057704918033
0.10252959853747715
0.1271746944644141
0.10820346565464896
0.11081893313298273
0.10523348829847372
0.10604951578947368
0.0982332716553288
0.10318551474947071
0.10970149253731344
0.10725931111111112
0.10309136990036707
0.09835357201554693
0.09677734059624586
0.10275105176606833
0.09775207767969735
0.09786525672123587
0.1005354482308111
0.09468778113207547
0.10804721030042919
0.11091982292179046
0.09998260347970174
0.09835778118858213
0.08815033020134228
0.10351027368421052
0.09782868381742738
0.10488764044943821
0.12307692307692308
0.09412348456375838
0.09188671056383668
0.09464937142857142
0.10033764962352097
0.10494029844559585
0.11026022304832714
0.0976924607003891
0.10911854103343466
0.09275861125115278
0.09554885114443568
0.0874451947858473
0.11244329440323668
0.10323991826625387
0.11013395457192779
0.10022608115246098
0.09218679131693198
0.09958057704918033
0.10556161425937308
0.10947959056500274
0.10977198697068405
0.0922037957967138
0.10330891428571429
0.09296864217016029
0.09967544445646295
0.09530456882129278
0.10563915547309832
0.0992066421161113
0.09816296555455366
0.10330081370348494
0.10083746953567384
0.09128960733944955
0.10863309352517986
0.10700474279460051
0.09244278667474258
0.09759980355871886
0.09026923110504775
0.10895560796620399
0.09576841018015442
0.10412608675055515
0.1134926212227688
0.10703517604790419
0.11414141414141415
0.10079535890722822
0.09728601739130434
0.10739213203883495
0.09978757429537768
0.1039188243526942
0.10046121652892562
0.09051142247372676
0.09847774545454545
0.10225396923076924
0.0955900449197861
0.09805425590062111
0.10486920197433366
0.08903750495569412
0.10594031517761034
0.09204037741828987
0.10312568901903367
0.1093115797851174
0.09452749799426934
0.11658815468277946
0.10218850278232405
0.10180026260971328
0.10895840739424104
0.0999507176395125
0.10379332159814708
0.08964835214050494
0.08883555409836065
0.1143856143856144
0.10382571732199788
0.09227755984027382
0.10775410408662243
