0.14313120359640358
0.13180688093385212
0.1545552081632653
0.14760791500380807
0.162989921612542
0.16214534594325536
0.16206636500754149
0.12865981462341944
0.14857434802259886
0.1439539019244476
0.1545632798573975
0.16097226455348979
0.16839080459770114
0.15598415957758874
0.15584984922644163
0.1558857471585244
0.1452365543859649
0.1602311854402361
0.1478942566353187
0.14846474611239413
0.1494658344827586
0.14098632928978744
0.15006111578947368
0.15977198697068404
0.16660140955364133
0.1444972551093699
0.1444643774647887
0.1590909090909091
0.15569011918492887
0.14740078689002184
0.1496971147494707
0.1484770028353326
0.15540723217303143
0.15140576774193548
0.13508824225352112
0.13537312166462667
0.1445276673323823
0.1557438253877082
0.16019108280254776
0.14248320294840294
0.13407793202614376
0.14213126592138478
0.14247057981651376
0.16267605633802817
0.15690553745928337
0.1451499940545004
0.14796345743527994
0.1523651145602365
0.16640211640211638
0.130757332278936
0.14937873757503
0.1485288828402367
0.1490721665480427
0.15914285714285714
0.16538461538461538
0.14793259005524861
0.1465752172099087
0.16325178389398573
0.15619320094244363
0.16658692185007973
0.15493542434963578
0.13383455892514393
0.15651465798045602
0.15860513532269258
0.14065144265644952
0.13230012497200447
0.14494680934891485
0.14381639736517085
0.16061052631578948
0.15393657736468014
0.16738106540971717
0.16397379912663754
0.14878987900677199
0.14447676929988768
0.1436287193257074
0.1624915139171758
0.15545905707196028
0.14467354614594038
0.1533362527845036
0.15011239220598468
0.15651465798045602
0.14587561902245705
0.16153325081332298
0.1487478518234165
0.16100504504084012
0.1604401228249744
0.1419509073825503
0.15643000669792365
0.1455210316671655
0.1428173322391559
0.15692610434782608
0.15634920634920635
0.16000704721634953
0.1554719562243502
0.1469422074074074
0.15031134516640252
0.1624731182795699
0.1490721665480427
0.1485235640449438
0.16260162601626016
0.14925995856236784
0.1388907662507427
0.1365466350417163
0.1506260343470483
0.14852067933247753
0.15618634477555637
0.15790912915439628
0.1568807339449541
0.14374532631578946
0.15511049723756906
0.15423296272965878
0.14762799435928878
0.15865690642902608
0.15517676767676766
0.15769693325315695
0.14838499949220166
0.1499474984126984
0.15393479999999998
0.160282131661442
0.14595740757867692
0.1545390070921986
0.14644033745928337
0.14579458090766823
0.1523972143384291
0.1506975906976744
0.166016016016016
0.15209871526661795
0.15131774573643408
0.14795871304347824
0.165297157622739
0.1572526606227828
0.14423760862181578
0.15393923213296398
0.1474088157480315
0.15477652678266804
0.15810647307924985
0.12980602082233117
0.14263546356589146
0.15368421052631578
0.1574935400516796
0.15509482682763245
0.15965207631874298
0.14390010729465824
0.15610687022900763
0.1486865857142857
0.16084295913688468
0.1416880940271725
0.14693763775447252
0.15893141945773523
0.15870535714285713
0.14847866298763082
0.15973971452560873
0.14563236097560975
0.15506358179384203
0.16625821876867902
0.153917290880667
0.12916362373355722
0.14485089195402298
0.14703773083235638
0.15267724343083788
0.15846905537459283
0.14622536152927118
0.15419336051252183
0.15085091316113158
0.14284229354005168
0.1590800477897252
0.1712121212121212
0.1629954515919428
0.1481020082717873
0.14325940496613995
0.15923584387025838
0.1568807339449541
0.14739783107165502
0.15777302759424797
0.13834715744680848
0.14762728554913293
0.14657661075133605
0.16164738731551653
0.15622754491017962
0.15327868852459015
0.14179788345120226
0.14611992053872053
0.13399972074564037
0.14647408128872366
0.1458231435582822
0.1536739380022962
0.13632625828687275
0.1627420362273579
0.15421754777136862
0.15445138488714424
0.1572156862745098
0.16090289608177172
0.15079579706744867
0.14985738064516127
0.15263157894736842
0.1414105327080891
0.16352657004830917
0.13040399868469124
0.14447776577946767
0.14840179507389162
0.1423320027972028
0.15733664501337408
0.15437044745057232
0.1429932980237154
0.15355781448538755
0.15830629461388707
0.13432027615480646
0.15108913287482806
0.1411636539848749
0.1379069520176082
0.16004884856943474
0.15693196405648266
0.14727423889068042
0.13362853727810647
0.13353907009947336
0.15210310601092894
0.14509963027267667
0.14163427513121718
0.15934484509903504
0.15916481892091647
0.15455407969639468
0.13345292011661805
0.14377992153372132
0.1438395295383744
0.15938416422287388
0.15456165359942978
0.16111682964487906
0.14440347392696987
0.1491476170894526
0.15302877590361444
0.14482240271525543
0.1723521374613003
0.133693876056338
0.15029503391812865
0.1550580997949419
0.1568965517241379
0.14680326424384524
0.15716479017400203
0.14409645359942977
0.1351050095238095
0.15441176470588236
0.15709592641261497
0.14267541384725194
