0.5354197122332657
0.4761378019144601
0.5211016812233463
0.5409284713810054
0.47571215267213135
0.5389659231547687
0.5183727525184427
0.5597225903672215
0.5709931945715351
0.5385709603692276
0.553711977295311
0.490915248139563
0.512359868491981
0.4953751012992452
0.4903631227200011
0.49525079719254483
0.4937733999999502
0.5373905008549461
0.5226977784722265
0.5062170206503813
0.5330255475483748
0.5030996366550837
0.4764636706390764
0.4993271834344452
0.5461273579304872
0.4968423360370931
0.6220170030695894
0.5281898263284814
0.45979024095028764
0.5132587125871222
0.6353302240608029
0.507126999301746
0.545989872847055
0.4916539248526002
0.5063723469606726
0.5105826415459727
0.6218932831299916
0.4886958860831941
0.48471248564954444
0.525017357721238
0.558913600787701
0.5397786051261093
0.626571268138636
0.5604822902397076
0.5405029806297581
0.5619286192083554
0.5374176571567927
0.5394382278391002
0.5421518954100619
0.5283742030821115
0.5372241940902441
0.4979464
0.44515502855324984
0.5271525321585335
0.49028499999994957
0.5132971242157222
0.4807432450117083
0.5395810477653621
0.5018378841500192
0.6310033541611682
0.5022541887117469
0.5217639768034745
0.5218179118381961
0.4813119924747892
0.5214363918412155
0.4533257300641351
0.5412977000780024
0.5013983371118452
0.49028499999994934
0.5288367785500918
0.6262796642087773
0.4887353769373412
0.5274557786250176
0.5271484464866786
0.5098513031624782
0.5147205719787251
0.5393164339748365
0.4873699137758946
0.626586738331535
0.5256935594534585
0.5020732499997478
0.5345109489604928
0.5619802280965224
0.5303521848757122
0.526815464265731
0.4618858465502033
0.5521560436869292
0.5059124747039485
0.528398988681412
0.5488226411918057
0.5426379393274796
0.5469975706806687
0.4751607563995733
0.5180318674023031
0.5142151718847223
0.6333013013047367
0.5236894263522155
0.548601243823718
0.6363363270932798
0.5401522391831577
0.6266138943388374
0.5311782550928168
0.551781613201774
0.5527711592039242
0.5566285783482295
0.5402759492857115
0.5418934601677976
0.6206903711062325
0.5736680393832673
0.55108489200446
0.45430560607655207
0.5056624597227853
0.504129512831666
0.4896219009568638
0.48612407937961194
0.5738160053669433
0.44541484751476096
0.5265576979135665
0.49073851403088453
0.5017200688139664
0.5431702145217709
0.5312567351784012
0.6264983253559396
0.5736133522582303
0.5278423043215176
0.5356943868609545
0.519169538765981
0.5487439310661508
0.5304915681146907
0.5322835097321788
0.5001920999999505
0.5237337519997425
0.5393052177502818
0.5208563921359259
0.507449563062875
0.49927627128906676
0.5238679573459885
0.5498907313796793
0.5260981948768119
0.5394376008870368
0.4937733999999498
0.5563222733319884
0.5585303372265364
0.573453370785301
0.530628312954039
0.4893213010233282
0.5461291877380091
0.5230615585515666
0.5593422421373628
0.5237267843401257
0.4890304970543573
0.4890495095519534
0.5739311489989497
0.49901949999988754
0.5362522327799709
0.5213598263562613
0.49154311142332024
0.4872843855041838
0.5277307714927111
0.5559076375540467
0.5099019439640892
0.5487515764728921
0.4993621813137152
0.5147291264058335
0.4860658957793246
0.524957000649376
0.5225078073495911
0.6140333006606767
0.5223978564905886
0.5721991657716271
0.6220088105219774
0.6187153883359323
0.5489252669239394
0.5236444835125166
0.5198199673055374
0.5231903463492951
0.5371131915268593
0.479923223896082
0.5547953703459904
0.5229939577010184
0.5224179287322221
0.5362368116470184
0.5442056489154743
0.5632512362610118
0.5345233105498746
0.5395058092651901
0.48924139829909974
0.5218313030412499
0.5394770825751752
0.5422549714318663
0.5201762654525478
0.538703424797892
0.5442554898431701
0.5153557549597636
0.4412111959717938
0.493896317040143
0.5627325690003097
0.5338731118515059
0.5281864930254989
0.623256091046425
0.48628622958354706
0.5408510022919165
0.5163331471257527
0.5416580676615195
0.54719126676189
0.5031943937391796
0.6360169425067888
0.5492542629768065
0.5457355213794591
0.5359460824142688
0.5701693237343265
0.5259936519841695
0.5131844670630568
0.5235460775683464
0.4448732947092146
0.5308294184808957
0.5450530159880997
0.5104091926436551
0.49488415072179326
0.5571632171129421
0.5295648759223673
0.5598796797530108
0.5481237861701613
0.5395053765491812
0.5249082288953124
0.5520003210159286
0.6360547041742728
0.5014391142730461
0.5356258419403693
0.5322085442099781
0.49651934844758866
0.6264013039743116
0.6143523915985866
0.538864160943342
0.5617137415831382
0.6319907848396201
0.5459653367916601
0.5109252129454607
0.5048991335950181
0.5486886144210412
0.47647809480499187
0.527160213220224
0.5266216170697703
