0.5189291072766861
0.4559436584643594
0.49907786911158925
0.5096438602378394
0.5152822255510228
0.5029569097132853
0.5463688516969585
0.544795140954219
0.5029434595246108
0.5224383832289207
0.48697615936176364
0.4897730920230649
0.4961854898660959
0.5398543814777004
0.48105553144044516
0.4927354736549436
0.4791644999999879
0.5063362695889858
0.5072177291176784
0.4771415313734531
0.5109833577924153
0.48869009466172575
0.4603288318108354
0.5474781980871251
0.46709881289494526
0.4740039593782194
0.5064748083928191
0.4835498762175336
0.5141122123012866
0.4506612498882759
0.5021091242409214
0.6117910438381042
0.4807465364358155
0.5066194879467261
0.48804213806692465
0.4955846732740768
0.49537588259116544
0.5980379161062027
0.49869811867573477
0.46167437099883246
0.47168505663287513
0.49964587382268155
0.5493944481236276
0.6073865275008622
0.5437882632346398
0.5208665643111925
0.5381397107506859
0.5228496477007959
0.5122912700691331
0.5134522866243516
0.49675210741171527
0.5027137283422995
0.43505327594918086
0.5182837243445563
0.4826528999999874
0.5014863358433368
0.4600984955413484
0.5042692972205423
0.6081384120472673
0.4921715069129479
0.49936733482821216
0.4900395975485876
0.47459747851534767
0.49807035526168963
0.43888078610701003
0.5123231483450399
0.47451329999998876
0.5085506207156227
0.5930348418395284
0.465211419152492
0.49539824975210645
0.4998254032348357
0.5149134411056332
0.49434805829078216
0.5046011745488087
0.5121601200164642
0.47108800852367194
0.6033038559216076
0.507057276529032
0.4871193999999873
0.5113939340544565
0.5363702868743644
0.5081329833825072
0.4971622610486996
0.455046656925904
0.5390167954688934
0.4779337022052726
0.5092115807139828
0.5143901973518411
0.5317630769062783
0.5186134370139385
0.486219987870662
0.613107212789322
0.5175824526090889
0.6136860174610017
0.6032519975126553
0.5104973300822295
0.5216249735514923
0.46548866521450083
0.5364383738097139
0.5245607882476262
0.5187416974904802
0.5227953048686163
0.5132417372427456
0.5893444871009369
0.5513397310057396
0.5502421791843176
0.5211790551909979
0.44479061331982267
0.49276271408389105
0.47593572032691556
0.4589656501300988
0.4716962329962214
0.556601051432335
0.4383551766513171
0.45954591539765044
0.4878585033445658
0.5172833773248385
0.5239102308048253
0.6040415594586664
0.5584682572296866
0.49760464811678123
0.5088900281361561
0.49222971165356794
0.5324236506866816
0.5136061229556832
0.5254399692422553
0.5555260427954002
0.4863052999999504
0.5237168382810822
0.5117623988251216
0.4777192044558839
0.5797705332567085
0.49848673402500776
0.49906308656412224
0.5180395629331378
0.5023551578455365
0.5151579513703672
0.4826528999999879
0.5399599916729153
0.549562117866581
0.5117392525514398
0.46107270780430853
0.5100779872283236
0.4946597584636968
0.5304265403270747
0.5004153235830197
0.4588265132158703
0.4623108802618347
0.5436335965623363
0.5572930195908601
0.4892308499999218
0.5208641512944611
0.5894780068432468
0.4979021073126373
0.537107990413293
0.46975246718916125
0.47678500537820934
0.5065800223246985
0.4999565492588269
0.5240164212748164
0.4641856491329207
0.5368100356386821
0.4951281686742205
0.4973804480867183
0.48585844680527135
0.5034703290301894
0.5065870443507413
0.5799229696575059
0.5946383449449661
0.5834679153494619
0.5397447421365036
0.5060329621916052
0.49761001749864225
0.4910683740516117
0.5031383053017322
0.46032409696609955
0.5441855865981732
0.497744224483827
0.5003482676882953
0.5206050850959852
0.5070644980399395
0.5018715160910225
0.5152463942706865
0.5382230085794172
0.47626505899457133
0.4945114350294885
0.5126379801461904
0.5333574284655632
0.5086661881877108
0.5223277413249682
0.5303548628074143
0.5020891777682546
0.4351239625852109
0.46497375861358486
0.5209941458827005
0.49918539256333583
0.46042749623179824
0.5381549730083425
0.5079169330765686
0.590882905818537
0.4813357625275759
0.47138656529261447
0.5260318787605471
0.48637465373961225
0.5277251798652814
0.4811670677507849
0.6088044236819301
0.5140054112046539
0.5083019244408616
0.5981356860491618
0.5245242712517054
0.5533628776111109
0.4924764465996019
0.4995637041224279
0.49608017089286943
0.434995956986348
0.5027016205208217
0.5328741633883189
0.5238701854511776
0.4858233917456585
0.49490182925484333
0.46473954400178447
0.5184825459828329
0.5000836723988088
0.5433959543884299
0.5241156861190479
0.5000495775601307
0.5360355600414851
0.6150440673353188
0.48778731040573825
0.5065851857352949
0.4877985597374685
0.5997253762047584
0.5835135522996177
0.5416397133932953
0.6129271047908728
0.5102259521185117
0.482955155810859
0.5205544968415448
0.4673934900240501
0.5188336148616113
0.49476315478947325
