0.5101733112005269
0.4874798021729502
0.46700257421378444
0.433334750029311
0.4766559685600095
0.5273953166267522
0.4219330996525221
0.5390747666649744
0.5687999673942584
0.5399631328056094
0.567838302024301
0.5619808699479569
0.5839756789462621
0.5815730310281301
0.5782029888126755
0.6095434131186256
0.6246441908076822
0.6232524602553735
0.507520290251465
0.6251400657920702
0.5214795972131996
0.5651650792725685
0.5881427485523615
0.5688676013080376
0.6190548302444194
0.645037312010058
0.6208473876918614
0.6405183898701086
0.645699012089291
0.5896343841081412
0.7098098361581681
0.6747746407857379
0.6954962432446519
0.9537030705071081
0.8062949388981397
0.7120581493566929
0.6971364139877723
0.7807622017792762
0.722229280441679
0.7269573981280083
0.7394902670228444
0.7584856544043153
0.694274692495471
0.5665474739723366
0.7699815425561931
0.5069379112164591
0.49081003158644915
0.4705003399953832
0.43812889061827753
0.5475998481569936
0.42255518814340853
0.5397659378347359
0.5684398839480925
0.5666382842517993
0.6045450381452333
0.4282338472554631
0.5729263928488738
0.5856751958569282
0.5785328997456274
0.6081492661319554
0.5490922771254837
0.6264981601077336
0.633289193003862
0.5056586356194402
0.6271492355708014
0.5205456501406316
0.5717699272387108
0.5798920447655379
0.5689613953305065
0.6194434560385261
0.6459364703344969
0.6256318608712662
0.639205868383956
0.6512183931667703
0.5937450193692888
0.7114777473025282
0.6693145494969184
0.6902505656581004
0.9344583628348407
0.8165054802678476
0.7107025644355048
0.6991532035470109
0.7751726224062213
0.7210157853620582
0.746168919722809
0.7344690173611818
0.7574740206804863
0.6989503348717682
0.5732823552355654
0.7703280495231067
0.5043057967285322
0.46783464279367715
0.47696538769078595
0.5248745806357709
0.42240075412750977
0.539076080861324
0.5683952066078924
0.5416644206503158
0.567494699008829
0.426918282414152
0.566479606678419
0.5860577088018653
0.5808930030323062
0.5753546725473846
0.6074787664346321
0.5505969067549683
0.6296499451925307
0.49947561644712685
0.6219469501484248
0.5207066144099486
0.5662291689576403
0.6194658722193905
0.643927106481951
0.6232228026563263
0.640432670601452
0.5889179749425032
0.7115344713346504
0.6674120565993169
0.6912342643899304
0.9331071510145645
0.8108581570965302
0.7111125705189175
0.6991659567822552
0.7710106100353888
0.7208214514859181
0.7283750035429672
0.7319667753324967
0.7515518677129943
0.690698586011758
0.5615723499988672
0.7705310634401529
0.5225163416608327
0.5011650559614669
0.4786834448167245
0.46346089147849084
0.5454233204171003
0.4440607895084389
0.5965780258709841
0.5687766861297944
0.4421877669175241
0.5825753187805073
0.6049278484020899
0.6052154050510996
0.6393180827167119
0.5615971367180718
0.6474177246254457
0.6678986260462033
0.5239280068014239
0.6443381863831706
0.5457551349773243
0.5803289132499928
0.6126787515730565
0.590467391069753
0.6477038256481873
0.6620709025114124
0.664006730284475
0.6814941739733192
0.6105517838677531
0.7379654172047565
0.7003359086210533
0.7398618094148415
0.8496820351666727
0.7430769972038171
0.7172395426370521
0.8175873215923729
0.7460270501138623
0.763183248934826
0.7572401340896873
0.7838848725238942
0.7287071786858619
0.5882423615883987
0.7801479001182072
0.5197117382956208
0.5014038351337069
0.479008225539277
0.45380041156439693
0.5011441815552405
0.5453666525098695
0.4488415376637889
0.5523008850272092
0.5885318133747707
0.5600905380874862
0.585128197437461
0.4455576188796075
0.5800313517411948
0.6108155583238332
0.5977480780540654
0.6333935402375737
0.5671729665868387
0.6611552019287595
0.5295512175720262
0.6417106093776406
0.5516921012093726
0.5722658265925947
0.6118466187239856
0.6472044167283288
0.6669781754144157
0.6735476557673018
0.6815169104353844
0.6117034984761194
0.7329683376208769
0.6939249181649257
0.7216515545459183
0.9831355454630929
0.8481737965055447
0.7349371420003442
0.7192777076443058
0.8132139166177117
0.7529314129364149
0.767405058859071
0.7683336087964372
0.783359714867421
0.7197475872568916
0.5864440854524454
0.7762092001156194
0.4931660268352273
0.4818960162355138
0.4750737403183049
0.510578921492164
0.542839943954514
0.4493448139702949
0.5551186440988173
0.6070996006442786
0.5742496582044484
0.44622957720726053
0.5830945100304739
0.6010672040478136
0.6171681467607096
0.6097527317141581
0.6464416065779708
0.5660143289424657
0.6822011859146471
0.5535022726133526
0.5899967397499714
0.6475498618778359
0.663941809673621
0.675662858702651
0.6865244221931627
0.6872171764304451
0.6041286890146663
0.7436987448013053
0.7087225254925413
0.7460406316171465
0.9997754962405742
0.8585638212894153
0.7436423813711375
0.7229114298293017
0.8294012366246047
0.7501654509336299
0.7722490308978164
0.7685277029368172
0.7960729086621484
0.7371682364964841
0.584358282809187
0.7739698531106646
0.5203643153891905
0.46095554740047534
0.5062974757060162
0.53928292539079
0.45081566619885305
0.5512587244976596
0.5917945993182031
0.5596447004002687
0.58684741226037
0.452090832166381
0.5865199436710642
0.5966858546933144
0.6112688298347752
0.5991291111125988
0.6413629342127699
0.5722269789327353
0.5424612814329818
0.6465684318424941
0.5528974878779018
0.571008489231382
0.6222445824659505
0.5817868428877008
0.6562815394916064
0.6685604623571099
0.6654357714694081
0.6813882094745468
0.6922641676532233
0.6124886934125392
0.7399531288018035
0.6987002100666738
0.7264141325139165
1.002578155501121
0.8585073793921638
0.7377813004492281
0.7249253078007278
0.8224783366067837
0.7689001286024226
0.7802794013237885
0.7970647295193383
0.7229167200093787
0.5871048535996614
