0.6463796758504433
0.5900378452059531
0.6291838085749544
0.9621946106670095
0.7393784405016769
0.876113468200852
0.5968145261296798
3.0922046411381396
0.6795009576354842
0.6855184490636723
0.7397305593569539
0.5856008987530126
0.709955098874912
0.6737348910548677
0.7187732740122377
0.6061032796241553
0.7481957229777869
0.7890332825520807
0.6071118718912647
0.7104172967471207
0.7944906976263852
0.7879440174425123
0.8655958973010769
0.665073879308633
0.7762939356265327
0.8341631257755291
0.6908090737546966
0.6971763113794303
0.6601262882539244
