0.07863655076308301
0.09895837608492802
0.06408994082759664
0.0610509408856655
0.05408500608836249
0.11187413816955522
0.047033628906844774
0.060162129100331474
0.05224929235755185
0.05288988352318913
0.10876183744096544
0.0531564682636729
0.058983323081143166
0.0816086582042784
0.051627119242704106
0.07915542091476827
0.06524427833333332
0.05340784607840244
0.07133696212536028
0.04201370815202859
0.06389330794571113
0.09104549740700914
0.04117333120305678
0.06506346300067986
0.060327256678661956
0.05078962577309864
0.06512221645944741
0.05756981543988591
0.0608829608185373
0.0683605467259939
0.06048030421607286
0.05359792707555427
0.0612116762470941
0.06667499933647944
0.07215094018234222
0.06874627602182316
0.05846013363360717
0.04901193378103608
0.07852457550119107
0.0472311558934234
0.06099985423453911
0.0727189739857621
0.07084325612245042
0.03726558648022016
0.07690233191990789
0.08931031460032482
0.06953049404062221
0.09961688945427721
0.08701726642602992
0.051212771245759306
0.09828437989580877
0.0553234390982428
0.05888724910904941
0.08957770921214309
0.07641150102592195
0.08194194740568966
0.061348488814878185
0.08129312684383849
0.0709369537256117
0.05058672277343478
0.07795963251556119
0.08493420356157047
0.0541668309327753
0.06175120333467113
0.07352271600279772
0.04578720068073637
0.11423070072241748
0.07091332283924999
0.0634056570210538
0.05355954461409086
0.04714448245494485
0.04580310597776812
0.07040119602938422
0.10677537741898985
0.0616366243387446
0.05132068094978624
0.08277857284335727
0.060178187903012145
0.05561940324372759
0.10651558605209821
0.0708715584198075
0.09844876821346721
0.06474634489158829
0.05382248755835215
0.060598185784166314
0.050276159654892634
0.05934662421487068
0.04900519025967523
0.07853450071393137
0.06446124477814918
0.05463421470525004
0.07513283485214549
0.053270937326152845
0.06079581940660443
0.05411063219041806
0.06928542398884477
0.07747207419749358
0.0789826690117105
0.07057683782424007
0.06963135780794508
0.08943034250162696
0.07598114475535397
0.08676274872145395
0.07323823131239296
0.08149828989890953
0.05519054422303924
0.058473653122837754
0.08087333535733708
0.05921931950565831
0.053992848322702056
0.09237000887504583
0.05926525858424372
0.07518051505860561
0.0572000929128029
0.06312310271152474
0.07153652548169945
0.0521790082062816
0.052264260530702454
0.047372531327859416
0.055942999999073775
0.06039054347710247
0.0676308237353752
0.0758803374279185
0.11586679613037122
0.06286031239417333
0.08231688821448943
0.08463930589196836
0.07171295812572821
0.05368884941607405
0.09080910228044799
0.07620453328825662
0.04189042507638005
0.07042180210653573
0.05685018174686475
0.12380090842867325
0.05367274050573839
0.06486203465433119
0.0833333805697257
0.07489551875964488
0.04905522991943536
0.05358963215798511
0.11150893892134045
0.08264648373902062
0.07288016645272072
0.061489592493264675
0.0681089907981684
0.08044070480001891
0.07930154529685965
0.05533474474447437
0.09562099020324219
0.07984348404666011
0.06220790762308205
0.04991087024291664
0.05110668051346346
0.07229940364811543
0.048114717917423416
0.04270410356753426
0.06835017277373262
0.07114555908661957
0.052065801439207346
0.07843706062077788
0.06677585207030423
0.04508675380309385
0.1115789491455901
0.06820334731736144
0.08240310510830329
0.05044865683909502
0.07168501813000124
0.07356240699985832
0.0796395328227013
0.07630623345615314
0.05768760129157252
0.08212034407791231
0.0634428066509418
0.06439844277200912
0.07203584837471796
0.11177110237648424
0.08071456927464342
0.041603085512529114
0.053528137475919814
0.10095593543026492
0.0521550038803881
0.054262596226720805
0.08657398962507913
0.05895036892085312
0.04816658226401954
0.062087975507912056
0.07671632290985524
0.08107103603391774
0.04704613019721177
0.06502320416957222
0.06427965704350336
0.0747911756115549
0.05547939276851738
0.07530821875762578
0.04870812517142613
0.059793012679974056
0.08021371008412906
0.05704331397940642
0.0532074763088406
0.060806689895174494
0.04353632244142541
0.050846749009473495
0.07234678570061989
0.06671823199776047
0.06946420152167701
0.05642481888926163
0.08137052354236864
0.08058028257977667
0.07981656185214704
0.04880479326258744
0.06822300371131561
0.06448022332916771
0.07406382011618523
0.058394926287957005
0.052508763343577056
0.040422756066289256
0.06209333220702287
0.05777396366805089
0.057971707418021004
0.0524848000075889
0.04809731279857685
0.05817891450416028
0.05898282973194845
0.07209708044367197
0.06902026855171041
0.08689055050668668
0.06273649408588908
0.043780794697740974
0.06429572399167414
0.053413959780758705
0.12947522676515258
0.06288814647948629
0.05974700953591532
0.06969490915243541
0.0766792033246857
0.053823099075428274
0.05691758076232005
0.05815114312972626
0.05548713840560973
0.06980544348096301
0.06573830438723641
0.05272690703108161
