0.3365706254280211
0.2990935802441852
0.3276143558185815
0.33109367342101426
0.3438835785892513
0.3386902945061069
0.3564100882259066
0.33397928508111696
0.3282640150132675
0.34047574401091263
0.33073048694559715
0.3383131080893711
0.33727018869166114
0.354291026540585
0.3207875347599255
0.3254696985675431
0.3217187095175439
0.34012826868595436
0.33033428586825453
0.3229743207870386
0.33161582414936386
0.32307363836663416
0.31462807248619523
0.35873276310429036
0.3309090010395881
0.31679407059764353
0.3302542353691119
0.332924103097729
0.34422232112264955
0.3084719735020473
0.32912591772131666
0.37153973026537657
0.33272061591272867
0.33163706104384516
0.310603232397356
0.31520904594401455
0.325798748389925
0.37323102892692595
0.33863901164359067
0.31241595886880125
0.30361059101993115
0.328034764244046
0.3453044354833467
0.37931232027526857
0.3552338227014446
0.335017329350827
0.3451314783018923
0.34532589626082644
0.3460958821958606
0.32068640008896243
0.32596429656453946
0.3288664200115909
0.30273207446194816
0.34405273771903305
0.3350320076923029
0.3297436640365204
0.31379394580364117
0.3390411565660452
0.37659031700155915
0.3365530694704537
0.3280551819752002
0.3133852030019516
0.32935554295607283
0.3377924695885617
0.2922849969383916
0.3213662955314813
0.3093141353860591
0.33238659565680034
0.375042373082819
0.32270635070228826
0.3299951673489476
0.3374194113907468
0.33325191424703393
0.3252939692645769
0.32943166773425736
0.3451573622484253
0.32742095656501014
0.36674263308909444
0.33148087660306913
0.3260819811360422
0.34301085514941443
0.3443515616056958
0.3355357513207333
0.3291210700710512
0.31249669945749137
0.35418926761994574
0.3214341308880742
0.3413801608877963
0.33658376331750683
0.3377429208033312
0.336210069807267
0.3354395167416697
0.3792753524131752
0.3476800448974006
0.371966410742692
0.36761629369155036
0.34210954324300147
0.33887329196785465
0.32020827929165807
0.3535336019030047
0.34220894110503053
0.32269595913813165
0.323771313672486
0.3329496609335995
0.3641166265772009
0.3590972125116515
0.3583389293230299
0.345337727573207
0.30593240250983095
0.336378807253101
0.3197421032731391
0.3171260245331459
0.3289527187895994
0.3611368752851056
0.3133522793999033
0.3169738170867914
0.32433232136809814
0.3352405542899395
0.34543084228569354
0.367058617274733
0.36092904489217364
0.32641218884343703
0.3302607071662731
0.3295670588891968
0.3410688614060091
0.343373438920621
0.33741852738365896
0.3527403547270306
0.3251735622826041
0.34619363056432473
0.34287861349137533
0.321513093224623
0.3612269110460373
0.3259470864765922
0.33610814415395046
0.34459872546028913
0.31480989375451945
0.3204614675062779
0.3330143618421005
0.35577415933334927
0.35115927348289316
0.34060254690887015
0.31146835298251285
0.34169111391810514
0.3260105837615471
0.34648851432346334
0.32566599635370336
0.31654862411679124
0.3281091099531206
0.35565719310248023
0.3508234075555643
0.3365694187919709
0.33401028614549155
0.3655313654282554
0.34008103430577447
0.3460177459542722
0.3055461559353405
0.31804873226110686
0.329692865390971
0.33542986360997473
0.3473405945117073
0.3126184543313977
0.35309764884069594
0.3293726794910078
0.3257014539628498
0.33614430664733197
0.3433067353763777
0.3421811026575507
0.36029643584379645
0.3618568458313316
0.3710031557567919
0.35189945404735234
0.32921731516804914
0.33710717472574947
0.3119039979962033
0.32865187780852767
0.31390320052057896
0.35332964076230355
0.3364901365592481
0.33651567435939345
0.3334325747365261
0.3195561422661161
0.3157428007168973
0.3355574173352407
0.3447592158312719
0.3294910409551309
0.3120846176491538
0.3458129971996908
0.34042675675940914
0.3320564521427124
0.34735928927090837
0.3486786485283969
0.3297730647384087
0.302922729764437
0.32293324757903896
0.3375814574965558
0.3374231153572378
0.30444568892455937
0.3446733302951225
0.33284235060733336
0.3637405774453661
0.33210826363169255
0.3279075038664832
0.33576934403075076
0.3308608182114383
0.35040961994291336
0.309314540242695
0.3681412510357882
0.3360124093609852
0.3192399061316188
0.37445175746011516
0.3465529667210224
0.35002278583701346
0.3118816902277467
0.3157535774304888
0.3265615165752809
0.30204742284710684
0.3265725447985917
0.3495550186740073
0.3464625869671973
0.3348575538148284
0.31500816796159226
0.31929555631575846
0.3355289812553369
0.33665622424528246
0.3555355627682113
0.3473374505579763
0.32907754279167867
0.343669347612223
0.3728567096450992
0.3236293600166432
0.33455833758589887
0.30941384228868996
0.36559927339368486
0.37035247187846054
0.3558969827791871
0.37073358059704176
0.34150895763483713
0.32446255560793213
0.3254981226830591
0.3235382912298477
0.3441247766843942
0.3284116099335911
