0.3475110347795786
0.32532076598729615
0.3468019899728527
0.3561833679433676
0.32854842465877065
0.34949803289956244
0.33496435826281457
0.3673425941861317
0.36978193855476704
0.35671780142433684
0.3706976836220779
0.3354472504556597
0.3478942181584199
0.3393371402084955
0.33482462571921334
0.33798920845836605
0.3387567675925926
0.35339041844876395
0.3394416843804041
0.34288919095822085
0.35520165714973884
0.34630080699212784
0.32088267448126634
0.3290349106512236
0.3558498188983956
0.34005867231076525
0.3841656491263481
0.3431516967829764
0.3245952597356867
0.3442391033511663
0.3953258472956074
0.3483201212344249
0.35684124540132667
0.3271967583733719
0.3345915389183395
0.34234965100247733
0.3840124405298403
0.332590978546527
0.3344854530718607
0.35091178284579544
0.353023286691548
0.3564541013118553
0.3929965350984862
0.36611580260476223
0.3593761712124115
0.36700362010377335
0.3546569179984958
0.35851831459092764
0.35838110095696096
0.34677152714952564
0.3564507884114244
0.34064667431874784
0.3184816926105839
0.35224794832311945
0.32913290881589424
0.3513484064407953
0.33715753826968453
0.3614702466012395
0.3405971038593252
0.3872552528839094
0.3413948471870484
0.348782992073864
0.350359474032537
0.32540313221301553
0.3505358446890037
0.3237240605447159
0.36544491793303613
0.3410702529559205
0.32756427796272974
0.33995072447620467
0.3882409633657278
0.331822196847092
0.34762476536657944
0.35302819695281107
0.3411861431966706
0.33488817676086485
0.3577869882800314
0.33859723039116174
0.391499181678027
0.35386140584423453
0.34711788686315015
0.3586129079920193
0.36662636193503956
0.3537590386148988
0.3531122339986756
0.32455893947931924
0.36163433023531283
0.34317436486867947
0.3436259697523718
0.3639564314604375
0.35934293368668313
0.3580849806055365
0.32960874402172263
0.3453320279411717
0.3482656775465365
0.3898149905807843
0.3487475039647192
0.3649429595602323
0.39738150432103303
0.35571044648425554
0.394361198319917
0.3532640546547634
0.3633532555786617
0.36357346968589455
0.3662542886034035
0.3548153447346648
0.3554676199041966
0.3795415353883294
0.3737269826316766
0.3497736892307747
0.3250501331256874
0.34324971209698907
0.3407739446890651
0.3387884307290805
0.3356794926179514
0.37196202363963304
0.3170033049124058
0.34819181090681073
0.34057431725013354
0.33946414892227683
0.35585923581496787
0.34358571195983156
0.3927259651397076
0.3774520068993886
0.35294897362913535
0.3552939946182453
0.35169942148732874
0.35939529567345196
0.3499250059195822
0.34557847420671983
0.34304527871405743
0.33665414234714913
0.35226851951549465
0.35101116128322507
0.3532149881316331
0.3388206157827973
0.34791554975508737
0.360599225495038
0.3505904291031215
0.35103463435854076
0.3384709849456211
0.35773059371257987
0.3568273727851792
0.3716906692440729
0.3538403508896712
0.3327919811090974
0.35795672584643756
0.34996435592348296
0.3654984229347147
0.3517148530486328
0.3393400779587849
0.3385902706792689
0.3689093063204092
0.34046768394271226
0.34175036665937086
0.3489362010853206
0.339887416496331
0.3366300257411555
0.348069255864511
0.36067537215969425
0.3419577498024656
0.3525412595161019
0.3416075986273972
0.35664932695129337
0.3350066016361681
0.3533103561521085
0.3392503677566714
0.37612155614383647
0.33997765352332066
0.3618076596132467
0.38520344160133324
0.3888091169186081
0.34980513688297055
0.3386041095721549
0.33794285342479724
0.34890388935365585
0.35745980142039213
0.3356108409294907
0.3577294418766276
0.3477137288054638
0.3412425604231137
0.34075814864829945
0.3567347840569341
0.37177706245226916
0.35605602091552857
0.35690903296361537
0.3385858434700263
0.3472605036030858
0.3578194164777585
0.3555115405870426
0.34718000011495753
0.356727061771713
0.3555136270268202
0.3439888634466374
0.3095771261262915
0.3438448803615787
0.3688124785127126
0.359833462306712
0.35361819825774443
0.37853122180954735
0.3357235640549653
0.3535274236860577
0.3337686480298705
0.35662930030219775
0.35087028722304436
0.3424117407738731
0.3926092587529372
0.3655978496674722
0.3593621334334922
0.3453545348952211
0.3685777268441939
0.3491142864389649
0.3364690921013488
0.3491332335178891
0.31855187313665423
0.35021590961311533
0.34458151292361605
0.3377510930314622
0.3447554750207634
0.3654918141971444
0.3500294486852621
0.36350514652410715
0.3597833616905181
0.3539279184757007
0.35185238151846754
0.3638686436602715
0.3945065270109642
0.3418858966051832
0.3549691015148038
0.34229238171928655
0.3395115504857282
0.39511056914984066
0.3750153851124275
0.3570566679183445
0.36540510778756874
0.3917975779201517
0.3556472869322248
0.337491365720515
0.3344935697045146
0.36334583910628265
0.33413570740506093
0.3502082641483555
0.35727495598237274
