0.41259849950525074
0.4409454655957378
0.4514863443332914
0.37692073136452775
0.4170727157352099
0.4112146174009783
0.43849548658588056
0.412422414450098
0.39655614527600413
0.4120390112122214
0.44253304881789157
0.3988803435747977
0.4268864195851002
0.4738873567620413
0.4152565794515929
0.41120719144405105
0.38038123954060016
0.43377598898645897
0.4231519675377705
0.42482247090554615
0.38576552347978604
0.39222374091022566
0.4781603115163474
0.48661436016308873
0.3968098124999916
0.3849664814293344
0.37753763120120876
0.40649877081933705
0.4118717096297213
0.43459818903526126
0.44202253085061005
0.45111456071415595
0.3808413807450772
0.3650872033853106
0.41686151662224713
0.41093879861624394
0.43826879312478395
0.4116060567423988
0.3966920612914313
0.4120217904771636
0.41116570093517113
0.41735728514583126
0.40239730882821867
0.442997898304911
0.3984373043075951
0.4655317179290427
0.4147068834384191
0.41095098171502553
0.39244528393205336
0.4256905307752107
0.42314397494282097
0.4243832867629995
0.3916466653575982
0.4783476848462333
0.4859296118788068
0.3965470937499983
0.3833709439889975
0.37831045720107137
0.4059122216148051
0.4130831878119551
0.43576944087612235
0.4416899425391797
0.45180112840902487
0.3814327638449654
0.3658012346225511
0.4179792364051954
0.4102523885992716
0.4386361509688271
0.41250576000163586
0.3964597756487845
0.40991264044312203
0.4104112840011557
0.41852255131280747
0.40871023510545734
0.40245153224886493
0.442200417941341
0.39900853431870276
0.42764087580845944
0.4749984295688735
0.4152676778578248
0.4122618179974724
0.3936825785660574
0.4347933032403251
0.422207717801366
0.4246516643046363
0.385822597226307
0.39172140760881236
0.4778853205562202
0.4855597776284821
0.39619343749999214
0.38482631827317515
0.37738614228154116
0.4059528995813356
0.4124007019364787
0.435230738210158
0.44221398485799934
0.4506471020735034
0.3808649803651162
0.41809357052077256
0.4111609988798174
0.4114875301605686
0.39672076025978487
0.4111277774153478
0.4181920558411717
0.40774586935924273
0.44099293665951667
0.398846881115708
0.42729424438890995
0.46548332825628
0.4159461881617761
0.4102840582285997
0.39336256456707774
0.42584601247298326
0.422142679019355
0.4241789010481626
0.3868117928346352
0.39168925848255476
0.48603604741559375
0.39582968749999276
0.38468636516563104
0.37695725157391086
0.405819757764038
0.44461768241381716
0.449905466419099
0.46103185757071785
0.38828630236527545
0.3859704690337137
0.4264537843546107
0.4202111139561745
0.44554171888784855
0.41750402927668095
0.404515529375142
0.41904303993448266
0.42192526253637763
0.42820110130030076
0.417201503700633
0.4101013917732827
0.4520381852081158
0.4094196649166841
0.4410007759139313
0.4802661623415887
0.42381737553391796
0.4160853288412686
0.4034469550943188
0.43666756615773794
0.43258966424069356
0.43494229598771006
0.39921077528760096
0.4872460856154445
0.49558668099573233
0.40136303124956046
0.3894065417706078
0.3870411016746411
0.41476717389620255
0.42267848929085206
0.44209598910524484
0.4482874123310171
0.4602480553612677
0.39469542696840104
0.37124271317646634
0.42398749924702595
0.4166971547545226
0.44715540973497797
0.4207177232697863
0.408721885805309
0.4170626518452043
0.4175828329947918
0.4347695514370797
0.4130298804387581
0.4080951857332534
0.4453806124272547
0.40747472099592
0.4353911726119184
0.4805697532637448
0.42204571118503054
0.4167845394431514
0.4013737251559063
0.44184148461496486
0.3936506909771197
0.4020791464452636
0.48399123750902995
0.41371524999999265
0.3883503819257868
0.38594303057393375
0.41442116859744993
0.42108477101066477
0.4460046884601221
0.4491812109272857
0.46223480006945283
0.40055775881019196
0.38798055696935896
0.42813312364353273
0.4223963155811479
0.44771811789631527
0.4257850446021215
0.40593596667566556
0.41840989809971707
0.4285310651029679
0.41641359481907936
0.4109555316796446
0.45235041829011835
0.44412502066550097
0.4804786427910027
0.415848599605837
0.4046375894592239
0.44662510131855493
0.4363054547224616
0.396485555841494
0.4870889145061463
0.4941473970248055
0.3995224375
0.38750559208172014
0.39020671930586104
0.4153635542467583
0.4230026617827566
0.4295664493474718
0.4468238262289105
0.40978125621274464
0.3817134220423479
0.42323356753135644
0.41624770026082336
0.448211582521733
0.4181873001734848
0.4243127140679821
0.41642269656815656
0.43429846753802187
0.40963888841362694
0.44129114298002425
0.408553762276632
0.4318248620294154
0.481025024737358
0.4197167352887492
0.41564897607454965
0.4006957208121248
0.43079629561264365
0.43150918289737916
0.42804780206824056
0.4037986177441324
0.4020300162457537
0.4830785430320895
0.49392259581425996
0.4131117812499513
0.38824790768436684
