0.4143071971819489
0.39890395320123234
0.3795522165688183
0.3517528912506231
0.39268157220599587
0.4233069355182085
0.34223703319693766
0.43280670939483373
0.4518283805124673
0.4340843283586183
0.4480528651691602
0.4456446858316348
0.45985797366688097
0.4515200809254255
0.4569976654328096
0.4750984509223673
0.48573901559174965
0.48432493451699205
0.3981614066904241
0.48730791289198816
0.406982964323379
0.4498215671839924
0.4469638775343019
0.4519766989850995
0.49008683018444876
0.4977469900438753
0.4861358243483818
0.49662336164737464
0.5009576538068642
0.4621761198482977
0.5391190988117106
0.5181443647418688
0.5313690552513468
0.7168082668419078
0.6125656599281472
0.5415502570461544
0.5410955819327188
0.5960940346251433
0.547551548452204
0.5596075717385811
0.558010540022243
0.5542916646039355
0.5305079639625263
0.4422879960382511
0.5884548826759133
0.41230958861215833
0.40140011250808055
0.3817436909477002
0.3632550189694618
0.43768738292050624
0.3523332438645873
0.43352598319683094
0.45138361862551746
0.44928570648200833
0.4717464853552882
0.34874240309979837
0.4528523141460985
0.46025481317342365
0.4562162038545791
0.4750122368377874
0.4242567593318593
0.48603303239235424
0.4893120640806251
0.3973310197883196
0.4887334036515566
0.40620616163309475
0.4537787075586931
0.44254227155894
0.45254667094758605
0.4902222674236407
0.49820944065599004
0.48744172892352733
0.4963781548247715
0.504387183804516
0.464485941850378
0.5406418677516951
0.5157643589960795
0.5280399982203611
0.7047769656649536
0.6181975069288901
0.5404323407381907
0.5431615044749222
0.5975894256855733
0.5467817816962948
0.5709534302083275
0.5550171599574985
0.5536606734275089
0.5330247120239207
0.453432722320483
0.5884937054354548
0.40834061174214503
0.38029643830984394
0.3927516076562277
0.4216739288748423
0.352160051899115
0.430910207424884
0.4514406765374805
0.43357119458859095
0.44821866373841174
0.34789737421956296
0.4476070364258226
0.46116524638182865
0.4517126744193394
0.4551196787773999
0.4745564744100034
0.42509012219080233
0.48748519935241524
0.39357520068107305
0.4849679211911807
0.4062706875875769
0.45053117330941034
0.4903843054431839
0.4976645054244195
0.48699945334538336
0.5044972307565516
0.462099879553452
0.5414061242914614
0.5143444604997736
0.528954291384072
0.7044722860398107
0.6145060047792863
0.5422874367038553
0.5430207615961534
0.5895198867579078
0.5463904524059453
0.5602126086044947
0.5533676325685568
0.5494992674204601
0.5283800952151387
0.4398070773801749
0.5887241533645327
0.4221113217012906
0.41032464279156655
0.3931860508512773
0.38537473426280194
0.43660510590024926
0.37225417148912676
0.4689420123612354
0.45247037234507853
0.3569595706305219
0.457797370648508
0.4716240519048761
0.4726914712280023
0.49415558437317375
0.43843069462898854
0.5008891173739467
0.5115979250934188
0.40789372394008855
0.4988121677355404
0.421287027602591
0.45982587453353413
0.4685582228526981
0.4645743715965721
0.5081801969792181
0.5106561997623318
0.5120114232853883
0.5219168336246964
0.47816443067184805
0.5565146682644931
0.5348906636977946
0.5587986096380053
0.6438191885996154
0.5680253347855794
0.5529008105321327
0.6246007698156826
0.5627479959640054
0.5820156664710612
0.5698135830798742
0.5850662259155736
0.551744109387435
0.4630426870292658
0.5946731792644265
0.42042998061632797
0.40769712623403354
0.3939504747593169
0.3701246961318022
0.4099354792943798
0.43639962043732405
0.3750634134550715
0.4414435079235392
0.46441758811435074
0.447239400864933
0.461632931088529
0.35954273595382463
0.45684238837002333
0.47889509824052495
0.47150158926683144
0.4907124272397037
0.4414317051456912
0.5079114853429073
0.4109738986531187
0.4980494750226203
0.4311507029163212
0.4544944149507066
0.4681740719781401
0.5077892042134406
0.5134573602785892
0.5255546660051669
0.5216198595616008
0.4780452178978713
0.5541650550491024
0.5312615915923709
0.5478240535864647
0.7355538130184487
0.6377620044998034
0.5571407419463714
0.5550569452186148
0.621698638260646
0.5669718103260204
0.5895739896732886
0.5763872634579644
0.5754836676475865
0.5467618884407652
0.4616169790921367
0.5922298892534468
0.40472505823520966
0.39528525593722397
0.3926938884005196
0.415574825530963
0.4346723458883615
0.37510382098876094
0.44321821085327334
0.4833354886028024
0.45511934613995264
0.3593786841237495
0.45783643470876645
0.4695128854828707
0.4806567051943941
0.475963189338293
0.49861919709249775
0.44106444850681037
0.5201193864862337
0.4323237035820414
0.4648584082080528
0.508545639722392
0.5118597207671242
0.5188664981071411
0.5341148616521157
0.5257109545398352
0.47360292151663014
0.5607049794758507
0.5392243098406766
0.5618056778963431
0.7457291074786103
0.6495674805135152
0.5694251592767156
0.5565944219219627
0.6315590518551021
0.5650276658253373
0.5931110575663145
0.5763357699790732
0.5926466953690037
0.5568843947459234
0.4602248675576851
0.5910894844702715
0.42088201977821976
0.37430606227439767
0.41293153879489103
0.4332173730667103
0.36723548771458514
0.4408195339493798
0.4708967518665056
0.4471252772487138
0.46247255012103206
0.3628843313682961
0.46080092274622036
0.4672052746692171
0.4766793136921672
0.4718196418356842
0.4956204700564557
0.4452118558056438
0.41928630059623884
0.5004510582206592
0.4312890431192624
0.4531407461796353
0.47483921868503454
0.45997658424984095
0.5170881953920842
0.5144513024948694
0.512776891171713
0.5318083298883283
0.5294094312960851
0.47887193985838983
0.5577855007804706
0.533338925691693
0.5505907315818244
0.7538371513161521
0.6499422481190159
0.5586210062397039
0.5584877116627219
0.6276483287451982
0.590934773612245
0.5839556887112902
0.5930411928445684
0.5489848001212608
0.46202269304330024
