0.4437638603947118
0.4554791170100543
0.4522102462359822
0.46555637420162466
0.4580365547562442
0.464295577011374
0.4262332869124404
0.4445321654892693
0.4915445743039347
0.4258961226293905
0.4349515403330348
0.4631834698709334
0.4582187064678649
0.4577240906731246
0.4930998315603056
0.4525134512667031
0.46123796071243356
0.47915368450567536
0.5309828996721742
0.43913274376325834
0.4445776249155907
0.4311249444970976
0.4457991670827954
0.4620443939473182
0.4990591394913868
0.4345785553066447
0.4795259630697837
0.4387738097869861
0.4724882305334801
0.5173482179399114
0.4372870989749446
0.48024028001527796
0.44645288061699906
0.4559452588744515
0.4179183082106145
0.4480554365073467
0.4385642972366862
0.5175134613471418
0.44020389399944615
0.47176416939192384
0.5098806684104873
0.45056317608102336
0.46371462309265715
0.4252989565071802
0.46309899918771247
0.4490263235645485
0.45051758624120103
0.4569630153384957
0.4580909768785974
0.41638779898552253
0.45197412384198177
0.43357423593922645
0.5244791994492924
0.51594568282164
0.5303747850474682
0.4683790406965337
0.4107925967415732
0.4622752885110097
0.468286633639456
0.4575191189097847
0.4443918547770774
0.4304368845801807
0.4698223553891452
0.4702905441573183
0.4425676113565006
0.3943107797227055
0.41222386920310217
0.5317359706689185
0.4555721785448481
0.5312028360504779
0.4597749700759832
0.45042437560040754
0.4277381518209781
0.46877837866319305
0.44132718562943196
0.4960826815333119
0.47322619298066104
0.45290521646833093
0.5160500154430202
0.4163740053408796
0.45090240047684704
0.4800425526251556
0.4681656653664402
0.4516003960223267
0.45146435209892877
0.4589282597677863
0.4511288419586963
0.46659036295435663
0.45330612919058827
0.5231936753331543
0.4434517260707417
0.5162957154253833
0.4728457864593143
0.4863274110089185
0.4383247632198719
0.48110739687706316
0.450975972174545
0.4454195445751711
0.4907553713414383
0.45941339885028915
0.4516826656646212
0.43490185043352586
0.4721357495688974
0.5220850925347328
0.46307886990401
0.45153922817487435
0.44879724664415577
0.4927627320362604
0.43529622928906186
0.4561506649448078
0.47965914289663936
0.4293421922794175
0.4455720767518505
0.42426883573839635
0.45368070228774915
0.4574949830463693
0.4583264529417846
0.42699907910258467
0.4913884308801161
0.4798983688150702
0.4635340347701863
0.47437420477531944
0.44246596358928053
0.44908766533883687
0.42695736702590026
0.46110350562353875
0.42969884286071197
0.4425706873604709
0.44683646878901806
0.4661182741829072
0.516998390643261
0.43463415233941977
0.3980698474140128
0.4622061211156779
0.4527002170751185
0.46736505902925823
0.431020107569106
0.5266360769234117
0.49481251409081894
0.43611765131518204
0.4425713666403939
0.42599549870126724
0.4548761390640099
0.4546630936750063
0.42776828471033157
0.5266256296399772
0.4559744359649862
0.44679946095440376
0.4415665169457356
0.5001534299873038
0.4272211004323462
0.4500198601275909
0.4259461126544795
0.44729662287181765
0.46699905339296
0.41966970131990755
0.4724487717491398
0.44219385169538095
0.4451279440366835
0.44132742749301196
0.4681520731426301
0.5187142950536261
0.5394098749057608
0.43019400135480274
0.45976144454108525
0.4590808273085003
0.4894726659674522
0.4824255468232285
0.4426463883271207
0.4397730187472285
0.47798555198972115
0.47271503116523694
0.4422968083859461
0.44867078104518976
0.4626920173723978
0.4771821108983839
0.44345678446208275
0.44097388114595504
0.48353408559165073
0.440674693852459
0.44664096181319524
0.4751285682888144
0.4417867845177294
0.43936991298374206
0.4381602641833961
0.40242670616709547
0.4537070879894834
0.4036124446475339
0.4447859394643898
0.4429595796585971
0.45362283454714974
0.42392071824056077
0.45197633791787484
0.44174083806450704
0.4862970188987349
0.4485163425968999
0.4510971049287489
0.4727472231704975
0.5148306531310927
0.45547774325303925
0.4372967746549165
0.4805585487712132
0.5260355446355395
0.4645553510552458
0.4421477814485294
0.46495090822377483
0.4345562225560114
0.4908211396002666
0.40324125020165114
0.4485036623376158
0.4633552362879591
0.5306047293703324
0.4587411008203228
0.43759837185433326
0.4308304136706049
0.44402867038899707
0.39605902274133864
0.44734569297316173
0.448996920400433
0.46929877669110714
0.4227374278004833
0.43635601492057563
0.4625076962036744
0.42631682949385574
0.52481781506196
0.482328083199667
0.4587914870908159
0.45680118605968917
0.4344860418200095
0.4591271264485745
0.439047160407941
0.4598747535703587
0.40792318985604015
0.4322257391569855
0.4754702837895754
0.46853558407407586
0.407477219967723
0.4712483944316282
0.5143746708103
0.44499866683010475
0.45817737553235527
0.43762480959015365
0.4423277746310771
