0.6189457918992285
0.6149711741152932
0.5974101710961035
0.6071379806726407
0.5921771681802666
0.5123591163485844
0.5541005643490573
0.6627977344419334
0.5582924487855401
0.5653872990920097
0.5148758016405681
0.6196337425061986
0.5601075921871334
0.48301889153041677
0.4872870506202447
0.6309864369260452
0.7288856329644604
0.6146664257219794
0.6471170557893389
0.6395368179832619
0.6113629143458972
0.5217511351912476
0.8566171858574518
0.6468198712998405
0.5868349618321804
0.5724106523902458
0.598930427840944
0.6711079582809452
0.5450305769186495
0.5304558881063688
0.7409688854063086
0.986893302419966
0.6340529939438017
0.5986988391603953
0.6918731249125728
0.5359749289241009
0.6035734530069591
0.5282518799023702
0.5545741183243682
0.695096319712855
0.5310227423015021
0.6420764389653324
0.569805109231871
0.5935708154749373
0.6684216606829224
0.5338160400316921
0.9439116151381831
0.6972073535166152
0.6070143427717943
0.5474903465256198
0.6875417800904536
0.6414764667116702
0.5664944915520275
0.6393927542614481
0.4475301146151762
0.6099965877219576
0.7085313395952164
0.5794081331227409
0.723122839454172
0.5534990389868572
0.7998417907426307
0.6252669506649718
0.7839821571092491
0.6028787345165858
0.6038162536844529
0.6652998550925666
0.6489571269944068
0.6683094405463832
0.5768686045001343
0.7669760466817085
0.6214537505309186
0.652998728865176
0.6007260493813125
0.548364706726175
0.5783718376329207
0.6826093601658871
0.5599902097098339
0.5562165985844996
0.6814665724576598
0.5297589286868617
0.48380534499208505
0.6064699993277662
0.595679700309671
0.6035205774210922
0.6642439469983284
0.6564304708327384
0.5710803778420457
0.5817121435622605
0.569484408802504
0.542116400790219
0.5214162488166414
0.6434875630959118
0.5887245039788931
0.5102377920807306
0.5185169727748793
0.5569947404891331
0.6582912831205991
0.5973831598826125
0.5794560573387602
0.6853788441323709
0.48785753286217703
0.7033924065487088
0.5746960070437019
0.5354164519490157
0.6463703113749608
0.7097618616486838
0.8041583111640016
0.6993947959578634
0.603900096641847
0.798685905912129
0.49845205175790475
0.7178209681131578
0.6649268441950401
0.6429029948906987
0.6156242896714055
0.6433079451973616
0.7016404133444281
0.6086216677912428
0.6974323472509674
0.6410172224326878
0.7459264363765519
0.5910201186347588
0.6057310586281524
0.6286540138692418
0.5192444655797357
0.475963252158174
0.5355352345464232
0.6141103611726227
0.6797655602435944
0.7775448879608948
0.5383570144201845
0.7488553431730391
0.7539818863363769
0.7130417688177287
0.5792759764290004
0.5753737927606151
0.6257011320865783
0.7802308448654935
0.6608479605386248
0.7761506520605662
0.5601239153972148
0.7253040015607173
0.5510547344358925
0.7097961378771852
0.9830695557102715
0.7811469385451991
0.5133862425436938
0.49201050891447135
0.605946105607801
0.5357884013256335
0.9725179661802636
0.9537599603777933
0.49574450512058027
0.588528733813398
0.5874732654987216
0.5005743153915354
0.6853345676049047
0.5920391430596277
0.6169281470538643
0.8363486782425664
0.47862794709015366
0.5544249876722303
0.5868677043700404
0.5467972047895812
0.7245680784603903
0.7029468560016575
0.5442591215341155
0.508830461762046
0.6464429350864774
0.9017973876173087
0.5719845952711958
0.4990968724036251
0.5830121311397046
0.6528177309497538
0.7099336567865906
0.5334526361074021
0.6429878165298928
0.5764199696543985
0.5765662953665398
0.5824789588105981
0.6625129718956341
0.6907521234056802
0.7483213161571161
0.6160721449764052
0.5507097035735615
0.5434303170783098
0.6715504121707456
0.7294069849504975
0.7032068167428696
0.6188980039258032
0.6379185567936411
0.6365163219941901
0.48418486764018437
0.5542890970338428
0.5541305427702896
0.5118414499391615
0.9731747072459837
0.5285285457333331
0.5995098009311841
0.5080961704565508
0.763198193016481
0.49650335920476707
0.7898307864033883
0.763078434464667
0.6350490243371385
0.5068849514714584
0.7240038121385898
