0.4018790782945765
0.27461281085128714
0.40561758999375086
0.29196283044355287
0.33047275703179174
0.509843177860316
0.39298244160441753
0.3836335209234907
0.3860021357541352
0.45407969769364986
0.3869795780545412
0.3242069972764203
0.6018198512965975
0.5903512727590103
0.5676306106335376
0.6213992633697283
0.3566288604963137
0.5692423996581463
0.557814896338093
0.6305533331960715
0.43162050416674624
0.5332406329675359
0.6467392820519464
0.31119566757582107
0.30523161095051754
0.41465540891425745
0.6850807297993879
0.44734416563441304
0.29725570411667607
0.362008333219648
0.536264398742424
0.3291220564670443
0.5675046836745994
0.3145789762316981
0.47117950366983913
0.28045168574309354
0.312578047008796
0.605309725725949
0.2394567872985433
0.4116248626178355
0.43366400191633236
