0.4684852968286459
0.5695196646394866
0.6119980886038272
0.4645065815668833
0.4799488567682094
0.358133930120969
0.3689250058507937
0.5099197035685659
0.28532522051302
0.4558216033842954
0.37134462497447224
0.3907718746565784
0.3508038355383758
0.3794970831747707
0.3802513668712826
0.30620164813811906
0.3504818464386469
0.38036384521199074
0.6554184983228062
0.31448602201212505
0.35192262074453295
0.41388446234563814
0.3808845583161
0.40262043344800946
0.39216763699474644
0.3437089550882287
0.4553095103305859
0.5886157460492507
0.4087811869362743
0.3534373074376129
0.40673078524337286
0.5232730775628904
0.5764709679557569
0.38663826278810615
0.34745396808441253
0.3785912721395629
0.4722686431909061
0.5038499991417998
0.44752210676231435
0.4159924430296326
0.4284640419752667
0.30983797008616537
0.582397822396277
0.552219886088565
0.4320839492133226
0.4147680460264357
0.5905527956443599
0.6133890894751679
0.5606645941246712
0.3604562288071127
0.34286592956914025
0.4645203477218599
0.44251589575667927
0.4285744560019672
0.532461632467961
0.4567695179404333
0.6053397993668714
0.45833358987032546
0.3598970128387253
0.6580776991066408
0.7308599012917012
0.4410153518681822
0.7563404487992409
0.4745448921729442
0.5337847308970959
0.4624244238388675
0.3899932254351152
0.36048089127086047
0.5901131575317553
0.4344155734942545
0.548622500507481
0.6033934796681506
0.4238796116329525
0.549791774608263
0.3317712932282356
0.7006083452543123
0.4804745359064189
0.48450631357074125
0.5078370461483066
0.3238082696920047
0.3033620315738685
0.3195263037678022
0.4850770893502465
0.43657874017041676
0.5199635804515461
0.5064655116806887
0.40073286353395654
0.4508632773018715
0.3308259026646227
0.6044737419246846
0.5158971677244848
0.42180602554235797
0.5419777696198289
0.24919953118715754
0.7052671387639247
0.6769687298386071
0.5003352353519084
0.6069487606648354
0.48554409772564533
0.4294137271028663
0.5343224338498429
0.6004296912186019
0.5318392385047924
0.55412710716909
0.3313577530128268
0.4723461294715763
0.48278788999887573
0.3314864575722919
0.45459022182612274
0.7333932291083014
0.4412138461732185
0.38327853946982776
0.44142833437509216
0.33000958437772165
0.39789182155878455
0.5994889790303439
0.44631038269970724
0.2817476209495495
0.5328897222229889
0.3505150131757159
0.3740747842166037
0.6304103676697763
0.5209998263146033
0.3754466392984317
0.4902274184986809
0.5065981955602209
0.31904824878843696
0.34736679918671953
0.4921321678352365
0.4125387174987313
0.3551222499606227
0.6844923838629231
0.38061486236621356
0.5038502892433099
0.39382514890903886
0.654139863391243
0.5464891972723334
0.36152157575278987
0.4319831845445268
0.39642795122240015
0.3225875669841216
0.4217508129565183
0.4369943921217619
0.4015132333689494
0.5577673173331239
0.43591676515566796
0.3800688386980842
0.362638481946812
0.4390359381284833
0.5799152136491039
0.3950709674788083
0.4849887986805719
0.5100092234469473
0.6131745648070562
0.4748860656273278
0.32079170399009427
0.36626995130780426
0.56675624847077
0.4876197064206639
0.42011365255329547
0.4028048066200855
0.505860134336751
0.5019277077772166
0.6170016070671093
0.40890601951300276
0.4583530519799901
0.4012033699891038
0.3704031262991604
0.4283623305347092
0.46152303003048706
0.3911274561227115
0.4679671551426728
0.44410132191976937
0.7480419512782818
0.3007369086210841
0.4426761226204531
0.401662083009369
0.34182333830758255
0.36275882903423695
0.6287756644409862
0.5250996676882549
0.5847907496123403
0.38527695396129846
0.3649594448418873
0.3847029533305198
0.3556871691099389
0.4685208852782512
0.5184332804946554
0.7326711291663637
0.5206471893152704
0.2797723415287325
0.5011129390013227
0.379348981359951
0.5805884249997172
0.5191812860921035
0.5820298298664599
0.4864997414532927
0.3440220403860589
0.3966277973567414
0.5150240777523887
0.4879008664148897
0.44491265024644433
0.6592237997421797
0.5021179680558087
0.47822618162299013
0.3899718382375222
0.40201657952001413
0.4527557854988433
0.40832421776367134
0.28569396631388505
0.37174567769592026
0.5899446365191221
0.3435465693716646
0.4351465502404984
0.6776590466312287
0.40095850062722055
0.7003460715652443
0.3642270939037727
0.39815962223819273
0.4721648199896687
0.6989713080864126
0.7329397574273864
0.4604532206800373
0.4769230826462113
0.4043031046496196
0.4774290372977084
0.4883194807947068
0.4078324724540056
0.556956072329839
0.3919299200474526
0.3950841792691153
0.6812054394748166
0.414799751395771
0.41070607969583744
0.47751319448182966
0.4543224729790146
0.3844493702051025
0.4413292645038993
0.3247977617979372
0.5851829069519386
0.4506111023438321
0.39122304077712927
0.34116147206746095
0.40250141583096544
0.5832378819735338
0.3127089645341478
0.5611202977928117
0.6395770333088039
0.24345598171642002
0.5789912509923395
0.36509265131573065
0.4718226389182462
0.613968098279455
0.36974398522188257
0.5089470237041089
0.3119877726604571
0.4163187539780625
0.31174128729039424
0.4607996738382827
0.41838409736417176
0.44915372249515784
0.5681970385963329
0.31050932041454554
0.41432117188004425
0.6147081174178931
0.427225629401727
0.44326804048874446
0.48701145051834144
0.2607370944367491
0.36882074506591445
0.42803615696103725
0.42544487722911767
0.5706718672728006
0.7095526473232638
0.5803096042372222
0.31856857861009863
0.3327715196205949
0.39341375246539334
0.34331396002558556
0.6360326911432879
0.33506218404929267
0.529532392924762
0.3796798521290232
0.5433881599447633
0.3592540677500884
0.5189503752623271
0.6679502835344949
0.393527486576722
0.4308076620326092
0.614236142310806
0.42025026811214494
0.5822474001502682
0.6630820315329091
0.3784267552976091
0.559507737442868
0.6419119969156837
