0.18334054208747463
0.16278246610024036
0.17885336825600143
0.18653042138219256
0.16165355150492283
0.1868693240626194
0.17937637972260337
0.20882981239588247
0.19781005678614805
0.18521566896028277
0.21781373965087927
0.16718532331549404
0.17872393373534032
0.16701566298721698
0.16760240707402274
0.16985168449970947
0.16760146567794745
0.1827714378206048
0.18331879928800762
0.17108138274389298
0.18408718869855206
0.17250007184500848
0.16123202648965368
0.17204584378791699
0.18604775922393268
0.16756587601390993
0.21702889867361855
0.18674821599206168
0.15367134035635788
0.1749832784814321
0.2215189243736783
0.17457478490475026
0.1910601978657814
0.16809019754586615
0.1753493345143973
0.1832945056883328
0.21869726930934005
0.16697574601359216
0.16397346627158466
0.1781315091454643
0.1921507502953879
0.1869197650263802
0.21921291549310726
0.1909948088398904
0.186820103281183
0.19197323220313325
0.18278162143379728
0.18945331393428627
0.20702257463511556
0.1821681039335696
0.19589044047462453
0.16960120862767808
0.14818313570746872
0.18745492683217735
0.18177647078311363
0.1812549170354413
0.16424582003254376
0.1850746511311889
0.17258386064430753
0.21787625781043807
0.1789286541002384
0.1785650346083896
0.1810421103626941
0.16305014717804597
0.18347228793345394
0.1508110987740507
0.19073128059855785
0.17382722194539726
0.17484199129211586
0.18253678072164434
0.21637970721531546
0.16580781763355426
0.18264674002964912
0.1986489772916594
0.17526966754566697
0.17654588349685954
0.1861705269853056
0.16471680517613135
0.2172332522366445
0.1793532729001645
0.17201722857226698
0.18795558796309306
0.20095342890968987
0.1804488114098401
0.17880579909964914
0.156310678775832
0.19353239697961336
0.17096717801398068
0.18188622193398069
0.18859149811218737
0.18610823139942942
0.2027775530908341
0.15979873120954924
0.18259697051877868
0.17408068945677088
0.22130522515309045
0.19617658123969672
0.1937870436987778
0.22192822431874776
0.19664458332587978
0.2251348197177234
0.18329026885410948
0.18816810495066527
0.18853918470147155
0.1930694173211147
0.1846399978360744
0.18446004756292414
0.22054091976185214
0.19899957405834273
0.19222088895685233
0.1582971798443395
0.17370170522432735
0.17107894635312337
0.16747340588497586
0.16354652976735448
0.19716862055844148
0.14828056781803536
0.18148691449536525
0.1648408927615817
0.17300482382844326
0.19293578398717215
0.19059237533218826
0.2157508220084774
0.2352172027108715
0.17875481412056912
0.18500718994465282
0.18389312249178838
0.19044598949150812
0.18054646944497488
0.18945613281623372
0.18005905355286153
0.17970061877084725
0.18440409080269715
0.17613509705097224
0.19940717943038552
0.1704993869527996
0.1777004840047457
0.19679235760071306
0.1835567433975296
0.18392350450616984
0.1677889209764287
0.19559540628498462
0.1965656371690684
0.19873573928856042
0.1855926708060405
0.1675398990613928
0.1946716338075505
0.18043167058901513
0.19136830430516072
0.1776475441275471
0.1921089638679115
0.17210738938739
0.19888589491422717
0.1712146824421544
0.18579014187264176
0.17715608655309434
0.16539706970995377
0.16398164456406894
0.18021286909700068
0.1910092642676104
0.17246322898653343
0.18961040860020206
0.1680747679926432
0.17482747141208857
0.16645052073960828
0.18156737326723144
0.1809102917957177
0.21433251679742985
0.18054689842277669
0.20506657735616488
0.2188601504187706
0.2169305812817124
0.1911288605050376
0.18018609257845497
0.1811326772817201
0.18835289546172218
0.20134936403390122
0.17104872600876442
0.1892982638797464
0.17882200950020075
0.18269874424232527
0.18364695436763193
0.18807221638251856
0.19399257577422654
0.18295101271224165
0.18356467847444627
0.17314925930192146
0.1812199554236855
0.1835539059656907
0.1851403613686619
0.1801835028596226
0.18420591081334142
0.18881975410061805
0.17555162718591735
0.1523467138145001
0.17012342954579132
0.19361081527385035
0.18101636694431472
0.17999561056023775
0.2168630039922843
0.16771772951720068
0.18406912585946872
0.1776175064016655
0.18437177537306979
0.1883804335701145
0.17928123098552573
0.22075062628434497
0.18901834116949393
0.18813486307048866
0.1880907764338061
0.19698340863295608
0.17923601611853612
0.17727136890877596
0.18048133349227496
0.15559359145725826
0.18317694799993672
0.1872276484925951
0.17891559582594252
0.17299928010557813
0.19144404631451004
0.17940077847088778
0.19333346374751803
0.18679641981381048
0.18968339732482406
0.1808464913475532
0.19117593020333473
0.2197705140653523
0.16928966785239233
0.18167364072763853
0.18464531465221853
0.16825721934204313
0.22733269625177766
0.21541729614175592
0.18672395242067175
0.19851203843646648
0.22038394889501023
0.1859870012968726
0.1802739859734289
0.17189532509813182
0.1902180137412238
0.16237389398808597
0.18500795445151116
0.17866069276480026
