0.18770548548994634
0.1996880991744124
0.2046285578158074
0.20938146183746156
0.18594702411274142
0.20323628054760595
0.2074651655410792
0.2035701740558615
0.19416438800265995
0.19786871096806458
0.1918237539356256
0.18985263634612276
0.18237879544979904
0.1951670347821258
0.20434556029783152
0.2176732099872177
0.1951636960316985
0.18887252800440374
0.1833571186953542
0.20036686189398686
0.1939554269136679
0.2004699790983434
0.1883752816847516
0.18759219630723958
0.22425144044860212
0.22757690421511578
0.18200405881998316
0.19425386778070394
0.18025772939858242
0.19441389062706946
0.19141402188748266
0.208590737693261
0.2038473560445076
0.21198183587331626
0.20425946452227867
0.2071440626332507
0.20283376104300477
0.19474909497305298
0.20401789175518126
0.196051266130805
0.2082070345756792
0.1820875380863882
0.2167721571092413
0.18992586835077144
0.21058191329703793
0.21823654594807085
0.1960101482693976
0.1963539465097799
0.20017971810910073
0.19504727070553235
0.19753860664292502
0.19574669911513548
0.1878771485723821
0.22266912189542457
0.22715654931624787
0.18029106909942724
0.19060173686481627
0.17349290063544678
0.19498712113249056
0.1910852064170453
0.19950053819329253
0.20315976978078418
0.20922961380446425
0.19475403649561085
0.19172595027274592
0.20886464000404972
0.20289605233920593
0.19786961249686016
0.19900096346603788
0.19415173746865286
0.1966141873926563
0.1950361791130633
0.2058377234710398
0.18045776089422463
0.21217420860790207
0.21679985858066336
0.19508938609267618
0.19280452883482552
0.2012574064374364
0.20360521178440877
0.1901297561471646
0.22399666088179737
0.22720175208643206
0.18220800589690844
0.18365534000174308
0.17829697722252438
0.1981306558987737
0.19219470092654944
0.20017706914655872
0.2027072212428282
0.2085478671743706
0.19188112841599803
0.1930593264727037
0.21074109809209848
0.2019048871428778
0.200354662873877
0.20255210982667668
0.19502632813489124
0.200983469482261
0.19240874460773874
0.19238067196115677
0.20973987364476074
0.21252383923449936
0.18976403620341417
0.20401484606110137
0.21840494177024164
0.19547493178111597
0.19115572962951333
0.18190355634998023
0.19598502285069036
0.19675387256722024
0.19855191769193758
0.19127953891450233
0.22731755226400052
0.18530579578929993
0.19612125244334733
0.1765160530207858
0.1990498338032558
0.19403239122109933
0.20881373917624776
0.1985234699439526
0.18963635251516583
0.21001460170126335
0.20256583518182822
0.19933598117184004
0.1943727290474127
0.20282080499341942
0.19715671515832012
0.18634264233267253
0.21434320132726353
0.19812809585977076
0.2119480606003825
0.22321880766971106
0.2095184689868183
0.19001719316163282
0.18267337286666457
0.20324702003547476
0.19981494025515217
0.20788382841778144
0.19826536744751874
0.18628639823158993
0.22845937742384168
0.2315269954990273
0.18483612053849696
0.19571261763189832
0.18441868917084517
0.1990669225995197
0.20305484179095956
0.205409707071034
0.21141523738306855
0.18974228491591086
0.19462678134732875
0.209883752455788
0.20380718091675046
0.21159556417732403
0.199985004034219
0.19879274389791776
0.1980482929865711
0.19823810457000876
0.20664468926249135
0.18597602625557152
0.21641379894222085
0.20238266581561157
0.20864226614551995
0.21959002142938674
0.19877734138810643
0.1999962879329848
0.18968694431225333
0.21271823417955255
0.1971400812429998
0.2018219973024401
0.20721416711495305
0.19524797449897363
0.22665495311143496
0.22947979809465763
0.1937349874999949
0.1899077563953667
0.1802522026027802
0.1963430769859498
0.19930243368506595
0.20735915758561962
0.207368381217109
0.21412450779678013
0.1816104194437343
0.18334400533854198
0.20623479818179372
0.19916398036026645
0.19999986080447427
0.19952281721865922
0.20161076255501736
0.19926702437966923
0.19765876991733283
0.19764537263199622
0.19786831249530867
0.18867221470549494
0.2219362028557325
0.2021739140114206
0.2123619742521432
0.2202607456134804
0.2040102700495075
0.19314711816764316
0.18590154616357724
0.20632973078659178
0.20265821891715582
0.20616658280495712
0.20159892806785173
0.22774470738560817
0.22742370080879737
0.18263469146654557
0.1836364042693099
0.19672758308060495
0.19458843242070045
0.20737718906282157
0.20461453688071568
0.21570086208983513
0.19082153865328125
0.19507672296306117
0.20188927703823917
0.2044135992606582
0.20317276129851927
0.21266167845332928
0.20703797934855142
0.19989816578314107
0.2009176849894339
0.1947582298083215
0.19451718969003498
0.18688834418166128
0.21518230948960398
0.1986797000725202
0.2029550655031486
0.219584820853489
0.20141973764183463
0.19387680276023475
0.18668569030538532
0.21342318408696823
0.19703537056634654
0.2125587436560369
0.1993446860676823
0.1950780027864013
0.22718276263345094
0.22749387471679225
0.19535869915751286
0.20158640039504852
