0.4146811502615295
0.43291671172735646
0.4488547434268496
0.404264386305899
0.4281733573167634
0.4217612947363585
0.4432341627685107
0.42066278209422636
0.389916029774016
0.42204041947983295
0.438037543999622
0.3946586119434432
0.4283685512708198
0.4668164169999338
0.42076463049370844
0.4262380295733508
0.3838387141038243
0.441730148545455
0.4223518895109699
0.42731064961266746
0.3952092027545281
0.39004200877989487
0.46535890466644886
0.47211227948247936
0.3962360959411072
0.38991410131288956
0.38053742356655473
0.4192481008740776
0.4176599443746961
0.4412569978347443
0.43372645380930563
0.4487452432425995
0.39887862553879105
0.3873646603037755
0.42766664831016593
0.4216295217119277
0.44277634819472556
0.42151965040088957
0.39074119437475874
0.41859791287633435
0.4313413357016644
0.41892443698140325
0.39055826075279954
0.44215743689869924
0.3936225642633615
0.4470172430295733
0.4206035839109025
0.4247092903886792
0.409549368023572
0.42885890550283723
0.4247508598470295
0.425600873026137
0.3913415701830606
0.46515992502707854
0.4716034510980911
0.3918915929247414
0.3848831195105534
0.38006146475488933
0.4188720756544133
0.4178628307287777
0.4429669449860173
0.43339034596789605
0.4492623798380416
0.3899402498466883
0.38424475735191044
0.4242555902300327
0.4213724646375842
0.4425909538165984
0.4181013193634706
0.38887456516804964
0.4165736059467181
0.4244555020453822
0.4219933127929619
0.42143651965995377
0.3897672576407977
0.43470556785515446
0.39465108566633755
0.42803929880565456
0.46581993956292034
0.42145906861496907
0.41846969915289645
0.4043319148585247
0.4457118590486895
0.4233674713181661
0.4252268678668909
0.3967238578770612
0.3916835722213666
0.46489481453501286
0.47125467012265104
0.39091994780042444
0.39484262041348206
0.3780075039516182
0.41689483101937985
0.41699795930661687
0.4416610927818524
0.43331763809886237
0.4482590344205786
0.40270942083767836
0.4298671659626356
0.4216287577119165
0.4143606176438021
0.3900799060553489
0.41903803244491733
0.4203154030754571
0.42199610181810626
0.430685513530625
0.3949486381823909
0.4290454027362064
0.4460632713967465
0.4215622180232053
0.41770405180129383
0.4054019537372452
0.42957558793111095
0.4257717137724857
0.4277113386899612
0.3938174399830945
0.3892456868309885
0.4720468028428925
0.392089329865265
0.3882818130859286
0.3756776698084682
0.41989630865417904
0.44945266937771255
0.43746225286846263
0.45239904268262976
0.3876745917215606
0.4088503513264963
0.43296034026764957
0.4269844806880882
0.44318052196655144
0.425083173346034
0.3948773630508675
0.426238116668022
0.4252890222836283
0.4242581396382468
0.4267510664671281
0.3946249626370666
0.44404094570995467
0.40059523553017634
0.4357452865338777
0.46738641738677705
0.4238807681195076
0.42518774580634877
0.41142065116657633
0.42941914630700967
0.4273202778696128
0.43489075242162323
0.3913943439044246
0.47558505741703927
0.4765314329874647
0.39452379352510464
0.3907844745366365
0.38510760588331194
0.42147374404321125
0.42485444411883583
0.449038719704827
0.4377055018137155
0.4544514682105756
0.3961806140710738
0.3875544656015595
0.42729706443178883
0.4266864273549187
0.4445621141288173
0.43291233083233877
0.39519853359086876
0.41953752613217354
0.41906531554337345
0.44336027924499466
0.41826199820408827
0.39468800356287875
0.43692062780561935
0.4024844928523411
0.43007688614571205
0.4656168830708859
0.4227557416804997
0.4281091956529707
0.41273727317335906
0.45206893962416517
0.4008195620912044
0.3987157943227738
0.4715952282550156
0.41927886103747714
0.38995378322354596
0.3844955063565739
0.4243047998372772
0.420240091793107
0.44960344768610916
0.4367708519954231
0.4565611022128032
0.4091523022301327
0.4111562244838213
0.43156484267500916
0.4307867905324432
0.4451150362732273
0.4368195546085176
0.39661979179637297
0.42481524453540187
0.42744404939577685
0.4207901696522867
0.3942085373885069
0.4475873764579937
0.44604029226164005
0.4663075673706426
0.42514880175514713
0.40902868141618154
0.4488352062309684
0.4317618157880194
0.38819863790124215
0.4708913340117219
0.47486149436209435
0.3950966994706794
0.3909518124541347
0.3883552355775094
0.42273266431264545
0.4237510345219252
0.42012490265074964
0.4325036754666705
0.42582318301233746
0.41794369670750303
0.439107425367644
0.42580413434621556
0.44600373248785385
0.426898245159977
0.4251005987858341
0.43339081427210735
0.44227412307709335
0.4218840260798277
0.4358264200315816
0.40499477255163696
0.4342585402977882
0.46547055966680695
0.4251447999347382
0.4276349634019343
0.4143432843813455
0.43100185697510274
0.4287026820289915
0.42852079533483695
0.42933810821208496
0.39582078358265993
0.4692008466916624
0.47399920182295796
0.4195265314549167
0.40256704576097413
