0.6061943816032793
0.515243922099166
0.5438145149674519
0.5343498021981357
0.5760931095812495
0.5425903613427269
0.5700883462542083
0.6039907706190606
0.5291687418499893
0.5828181815997255
0.5305164269669366
0.4812085578183998
0.5337911720876991
0.5048345854044567
0.550285687738874
0.3862407589785311
0.6360567386367337
0.46322279742327177
0.5433238859695734
0.5714086794760618
0.5341700680608212
0.5636425509490716
0.5203420546901799
0.4934136344770119
0.5956733978530846
0.4314003355315292
0.5502976336409744
0.5413273326829084
