0.5455382481471198
0.6067511147457629
0.5039879993126375
0.5055178446677966
0.5832283398565314
0.7225040206250665
0.617111875041949
0.5814721402120662
0.5307768888532833
0.6030340336789617
0.5824079540992892
0.5575942267685847
0.5772077164803683
0.6539166738979374
0.5710827412470141
0.6824987241505367
0.7304177829274198
0.5573290490230761
0.597088801869524
0.7421816460997043
0.6072066859208298
0.5032592192223408
0.6490595013353322
0.7188140141470334
0.6906300607872834
0.6913225874784819
0.6634736167647977
0.8123482967694872
0.6743799707563012
0.6776350212026591
0.7236808621365407
0.6455199623194245
0.6518871165805621
0.7596406950459337
0.702301247439522
0.6263355592116906
0.746005221029211
0.6240841236387795
0.7044112022012372
0.7201431012471815
0.6132558673568304
