0.5142409600314426
0.5415851750135159
0.5535218846006954
0.4764123028764514
0.4441654784932819
0.520431156716312
0.5370474222825962
0.525001257960165
0.5121646964109927
0.5095746256858057
0.5125287086359048
0.5146478147470526
0.5167355075436054
0.5555289811857826
0.48874123783469703
0.5293174226832351
0.6091417837422727
0.5367798789817452
0.4825630297361405
0.5230768373582207
0.5283339029153117
0.5193010080876707
0.48483143634331627
0.502466020309429
0.6165784907050481
0.4836731986272321
0.49317658860799773
0.47455850896482055
0.515907732368109
0.5153577747764984
0.5413884351771359
0.5577952611079917
0.5520869743054488
0.480670348330452
0.44926092722068417
0.5295063617317165
0.5208856591730923
0.5353143366039043
0.5258889972623689
0.5120678861664528
0.508670697976373
0.5158873023538315
0.5131029355462257
0.5157431770629919
0.4913866932128573
0.5574147840887292
0.48753890602588446
0.5308178172139205
0.6093076844973967
0.5340639611022628
0.4815346369209057
0.46224840642786014
0.5207750500271673
0.5300730613224429
0.5161991009238909
0.48529855338518463
0.5060497429336659
0.6050695647275597
0.6144402680945314
0.4847909191677051
0.4955450916407546
0.5144514694405415
0.5185402727221453
0.5403423866245958
0.5562564074821401
0.553014341124113
0.4783408284279983
0.44514190769755974
0.5271485068868643
0.5164314974091113
0.5346860528603501
0.5255339062349375
0.5149485940922409
0.505335500641768
0.5095423936648787
0.5157127245687803
0.513809393524714
0.4898898390716327
0.5556768816487652
0.488941289862857
0.5367452936194559
0.488279291820493
0.46405754817671907
0.520175074725031
0.527821834464816
0.517309341042614
0.47896666206025645
0.5028980807690772
0.6038966619818873
0.6159126763555215
0.4847131801850844
0.49118614925747
0.4751625202117151
0.5152520950596001
0.5417029559038418
0.5575404292028389
0.4815485058574992
0.4427403246069215
0.5242519846022655
0.5185556087933609
0.5340544584506629
0.5253548080608803
0.5123279656340025
0.5056713891880562
0.5130765688244712
0.5167219383999135
0.4892342275579061
0.4868897474013449
0.530238385426937
0.61019372726411
0.5363060560508097
0.4846012753227581
0.4639648618846707
0.5208805962780374
0.5300151717717437
0.5150591768775988
0.48359669742004896
0.5027579162338449
0.6035866955835916
0.6144066419588852
0.48469520442260444
0.49778869459014696
0.4726860569237593
0.5158470269993617
0.5265009801050016
0.5694669927086611
0.5691782946750914
0.49453660512416864
0.4557230467654528
0.5414822143877612
0.5362063146298315
0.5498959069214834
0.5338193389699079
0.5274153536643997
0.5217183072890795
0.5284236686966858
0.5286480107944521
0.5249750900643495
0.5017034456365281
0.570913320293805
0.5071251640912828
0.5559415314247244
0.6175551155671148
0.5463183672959102
0.4777079116036478
0.5411147757967101
0.5413032165487931
0.5346089648977215
0.500670801426745
0.5099292394450821
0.620055888757983
0.6281473478478595
0.4928124038766626
0.4992436623947735
0.4949558345464511
0.5283234728189534
0.5304373239350231
0.5533059147776633
0.5699000540016386
0.5682872733743359
0.4925953163136412
0.45223196198511456
0.5283920563056267
0.5496299002019721
0.5409806874220258
0.5187424515097204
0.5248754538689627
0.5238138125658646
0.5238009404992564
0.4976806040251757
0.505632394521417
0.5379467862119696
0.6206741458351698
0.5494935635774386
0.4899793758061566
0.4781454566358585
0.5380712046065249
0.54343782982349
0.528226565892863
0.517847473961931
0.6151944134443738
0.6295640015120562
0.49645254270157574
0.49255865208091787
0.5323111294684826
0.5284031294473475
0.5568323730991631
0.5674249494064626
0.48485928790829463
0.4620550175542548
0.5413563429846422
0.5358471282659566
0.5453716827051629
0.5314287519876383
0.533937648729962
0.5172863242775402
0.5319631777675656
0.5254136632190728
0.5051506598044273
0.5716113318517443
0.5096194301813151
0.5532727340481076
0.6175225645563256
0.5469971300088371
0.4893057938269824
0.4791529725256257
0.5380354283670723
0.5399757637811178
0.5341571057278578
0.4998911883527425
0.5023588930198754
0.6176422229176306
0.6247247777145122
0.48930048350515465
0.5095394276555336
0.5277111996696368
0.5282478770873132
0.5538701875823517
0.5658639198571589
0.4952712842011026
0.45045907036189936
0.5302947577500055
0.533339035713019
0.5313230680143642
0.5476087785846411
0.5157935480336442
0.5175447261359849
0.5265459832354195
0.5113773751723135
0.49587905847773217
0.5544212988254307
0.5060992980388835
0.5313098051592189
0.5468643835543592
0.4875211561231915
0.47016617412034867
0.5317577450505582
0.4929300346257673
0.6099501760220927
0.6215184789054107
0.49194148422457146
0.5078947716194943
0.5096715924659238
