0.7124642619844023
0.5944422816014574
0.6805288373666848
0.662962087420009
0.601140723234975
0.5560762171269599
0.5733005973032776
0.5854840795767438
0.45873609274319366
0.7445776549179421
0.5173685113351139
0.5794054238217317
0.4519455619022833
0.5384953236099791
0.7512623133472225
0.7215452074595333
0.8279024533337602
0.6188998427299908
0.8652887980514788
0.7230144015699633
0.7379793920876312
0.575441956950381
0.6268016064574461
0.5714013400471972
0.6546630149410154
0.6959526641574393
0.47293041308593614
0.7260697346919353
0.6075809391881527
0.4452082672906579
0.6407086574861617
0.7352185670161441
0.7639553872350431
0.6951102771390532
0.5847263370807008
0.7524714828696967
0.7053381437766725
0.5735224667434462
0.6985646588563929
0.7393758309053707
0.5017944005883583
0.47055180625386095
0.7765594505853446
0.5447306722439631
0.9558895566168203
0.6401168655571178
0.6528327944803598
0.7550744194902786
0.824784382322376
0.5851887736131984
0.7116624256744208
0.5956318829630753
0.45306582991068034
0.7458276011896496
0.7316415582351712
0.6276133261360672
0.628578613260905
0.5225750572658971
0.6707827885781
0.7095172306703247
0.6323464281706372
0.8189116518394927
0.4925016049981545
0.6734198670889965
0.6519185878796866
0.5720853033613611
0.5897250843946358
0.5968959416509462
0.5984948428915475
0.5466422615280556
0.5737646745372453
0.587315180511497
0.743368036416807
0.6464063817644838
0.6852441525229571
0.7230956331785481
0.5725361068619514
0.6183109234534961
0.6350004290882514
0.7269533230110078
0.699412338158352
0.6302575588493227
0.7518988738549498
0.646065330385684
0.6350166655287915
0.7602503641068017
0.5508563403227715
0.5530144452606635
0.728050754686019
0.6400175972348483
0.682441645960668
0.7301822578592169
0.5742129411309733
0.5501998542446767
0.5025792617968876
0.613247525559903
0.7930888504887574
0.742435648219334
0.6167839522277173
0.572520797721253
0.6178094409308212
0.7810729422757966
0.745438833989521
0.6697144157751326
0.6749555016224162
0.6050138032845194
0.5982284725847495
0.44914587023504043
0.573153911482809
0.6331974549932098
0.4354263440484646
0.6802075017947714
0.44585177242181845
0.48751974071467963
0.8132538404568534
0.7659552632003623
0.5836673720945875
0.7068795604079212
0.8654018734984494
0.9730497871914427
0.5978133338252373
0.6279080619626461
0.5832173182361705
0.7481862454802555
0.5312875163843414
0.6176428852895597
0.6298761406689605
0.7696418023510329
0.5889673845205311
0.7859235074409694
0.5222398501662221
0.845467375622275
0.6297217363187704
0.6511240663281052
0.6648179445614133
1.061651436537398
0.8196279031228892
0.5688481076487292
0.603009166858175
0.5813468834246691
0.8273277458414262
0.7190122334199616
0.5814919072646427
0.6046058833608028
0.7463013376772936
0.8351335134847132
0.4649858386986138
0.5744791956082616
0.7665080903203398
0.510479938911323
0.7690401499180509
0.66279140980845
0.5903489974414857
0.7780937549307169
0.6862272456830014
0.5423410068864337
0.46268256866013313
0.662867975005286
0.627224511031947
0.519858882672114
0.6395276330478779
0.5301445717456996
0.6610547133210738
0.6737549264354615
0.7665238251812321
0.5305128023584667
0.558460076612013
0.5445177149742295
0.565380430149051
0.6443754036357059
0.503463140092765
0.6042424138759377
0.7723316481424138
0.8298094604333267
0.7713658806573488
0.6417084590459858
0.550782379086407
0.6392235203726788
0.6719654420483043
0.8319364098956766
0.7746827621141942
0.6537675060429907
0.6787719399342759
0.7691479195068758
0.7457248186420844
0.4782509898378938
0.4585185716381316
0.7373368442273269
0.7803981985383788
0.8550012220145001
0.4751256209525559
0.46828226406856255
0.644550837165107
0.7198693374072613
0.6614720760710745
0.8144660558739881
0.4591616303511389
0.7333166826474233
0.6595037861173809
0.6149606969285181
0.7470056161367987
0.5459819607205085
0.7045859573347387
0.6851838920114658
0.5568828840391453
0.5304998965100165
0.5145990562563767
0.47001543279068725
0.6101535317092515
0.9036736677085305
0.5882593930024399
0.7053082253605176
0.6849944807858411
0.5542687521117573
0.7821669112065082
0.5877464452391896
0.8168981107965345
0.7551941386791925
0.6651137285411185
0.6637839377065387
0.5333632939652774
0.5977835307865587
0.5409728021989946
0.62161057676946
0.5880200318757671
0.9022803858802523
0.6034653204050947
0.6714737116203385
0.5833408982336397
0.5575104969547545
0.5297153679330979
0.6461146030651537
0.5089707689264965
0.4504525054416619
0.4851683678294596
0.5631121498771002
0.6173488112651033
0.7372632197150354
0.7062715436292993
0.6073585081681748
0.7208219342084153
0.6641004856637467
0.5802840566533702
0.5729850782074368
0.6966250109026045
0.7414534732278544
0.5408892318017252
0.7606883392382733
0.661547969709644
0.6541518616690437
0.4351513449571406
0.7573555695036487
0.6782091905142191
0.44407347268244973
0.6286479605256522
0.5613693766635137
0.5202096018506486
0.6165008304447599
0.6614453951740692
0.7648111877385378
0.5783444287964803
0.5117334997940145
0.6471624028951461
0.6747085662412622
0.5448203665558768
0.639643898885393
0.6005444485794489
0.646499279444837
0.5385816136072917
0.6113315236340796
0.5527823523508856
0.7763617716114875
0.6474070307586345
0.6544605108147898
0.6560335003092784
0.7435505737798441
0.8915828196343107
0.5817702977888538
0.596042846580701
0.644848478656139
0.4154123640037315
0.7299783172464618
0.7607763608347125
0.7714189897374242
0.6200585513469417
0.5900154076781781
0.5604224650733531
0.4912047316831903
0.4716975642170987
0.6738914702103815
0.6697290612942276
0.8786053543562654
0.7395620426699344
0.5554302892651641
0.5008504519162522
0.5273715887632071
