0.4729483354075541
0.49723110540179577
0.4830608893458747
0.5018178415501233
0.4940415823783344
0.44285082215194466
0.4819600468426895
0.4862913823298793
0.5377142692641893
0.4482805092370803
0.4594687281509101
0.4907578588524105
0.47748461350147053
0.482086132791667
0.5363968885780284
0.4806690476072363
0.4969718713361604
0.514600162109688
0.5902761533028159
0.4704080931657596
0.5376509721131486
0.46731161641565583
0.4556088668329725
0.4714556777859904
0.4902391828653633
0.5372146963329852
0.4640710831494417
0.51955484146229
0.4539190110812589
0.5684258597465419
0.46745409999998655
0.5217832971426496
0.47357250879595586
0.4550667532993997
0.4718187214962739
0.48710195723165806
0.4696036099403914
0.5599974873101976
0.4568891508893777
0.505911118955955
0.5687658284656044
0.48272037824831265
0.436618609921934
0.4865134172884944
0.47702746975592
0.48551069717320544
0.4829033128332362
0.48126994517633587
0.44595191038239607
0.4783641271225486
0.46064677300599643
0.578582976260942
0.5588043486864683
0.5768956442055714
0.5060970627851098
0.4347224911509744
0.4929668588207992
0.4923335987952415
0.4920614008542688
0.4802299145090505
0.463478239330137
0.49636918113625283
0.4809320265955955
0.4246950752677567
0.4419046091921235
0.5906358352396888
0.481253842952327
0.5793422632098341
0.494877548060835
0.5012300689996544
0.5120423275559386
0.46665515738464974
0.5326435374836571
0.5098612735803362
0.4783818845725197
0.5653562957539733
0.4356900025182574
0.4718111982077078
0.5210353633176055
0.5069463753839438
0.47994992041731743
0.480215351710527
0.48125607136339443
0.48872062683725237
0.49285394250877146
0.48305328027757577
0.57765767586495
0.46981382470899524
0.5582197708192661
0.47097205490992444
0.5048733792470647
0.5195422986552266
0.4700580868921522
0.5214959757727989
0.4712956404601616
0.48080886310904236
0.5338023462705584
0.48442246389517224
0.48172525623333007
0.47648085159818393
0.5214742687061457
0.574385980014448
0.49896659782965247
0.4737947230983659
0.5288717219662569
0.5220064781086265
0.4601163854563611
0.48451795359347205
0.5136075015361954
0.4548460140963071
0.43785513152171424
0.47252329078783806
0.48550037646199873
0.4897877049298366
0.450067248918294
0.5265625798836076
0.5228818054544399
0.489381886430968
0.5128667502205577
0.4693758214618031
0.4785352867948133
0.4480565842650097
0.4900872506874314
0.45256734733075227
0.47061165440184904
0.47233364825690977
0.48922673789604887
0.5587269252100481
0.4593126521740998
0.41784037539608176
0.49627965496737714
0.4748867004991281
0.46341315458368815
0.5929386895931718
0.5312134597296274
0.4538164837844407
0.47189698784156536
0.46704823244160665
0.4419423685841859
0.4936695534488738
0.45615156024945014
0.5795937369847113
0.49339626288741806
0.4717943
0.5211896493609761
0.47396281600261736
0.4670337499999973
0.5395756801111246
0.45145726853541635
0.4672468158261412
0.4793113593693392
0.44850477028693503
0.47480140870201293
0.4956312822993275
0.5223781509332662
0.47493244999992207
0.45919306457215714
0.5689116052219917
0.4518241626794258
0.498830083309185
0.48205594668106494
0.5227502372878575
0.5154486555759648
0.47758107823392415
0.47589799999998833
0.4632652124224609
0.5126217058523808
0.5043682926358066
0.47321601793955426
0.47899196171927944
0.5105794761790694
0.5171385320347728
0.4668940410380552
0.49535710245641806
0.46239950556339154
0.5200194287680387
0.4658858999999884
0.47382946312015684
0.5245536330648015
0.4862444196426112
0.4438457257056918
0.46435163331093926
0.4707134097851328
0.4170267701832444
0.4731884647634617
0.46788997616873174
0.47580642599320594
0.44186605429128545
0.44333370330732447
0.47978324700022723
0.4747392499992968
0.44987455556209127
0.5194663449531806
0.4763940941251499
0.5206575080626875
0.5650564984261559
0.47147517074404083
0.483589682100492
0.5073535825683918
0.5729256688513432
0.50322767298023
0.46646789999998745
0.4956692851845202
0.46726569806629015
0.4265467410823462
0.4876892336170636
0.49124991735532214
0.5774873790060909
0.4953072199567733
0.47411119920840117
0.47188510631048175
0.4796901261460298
0.4170060918263583
0.4758850343124218
0.47175804386455644
0.49960330416474863
0.4926398416770601
0.4411683832649603
0.47035742175883466
0.4990753620804812
0.4497832375676577
0.5696400395797728
0.5163489886341045
0.4814760059210129
0.48762986386669455
0.491372687910057
0.4981790012935352
0.45926121357208766
0.49505844924033715
0.4707669497196763
0.49112730805017035
0.4363762276504659
0.45375505229498697
0.5113882918621074
0.4976243910222559
0.5015927785374089
0.43150635045394187
0.5646165128899523
0.48940995990782826
0.4794675010588417
0.4834094369595474
0.4613737431347582
0.4894859484821857
