0.6657436040997315
0.6196773764298202
0.6225933404837475
0.6862837469269893
0.6060252101193981
0.61185403567976
0.6734392770369195
0.8930440418054819
0.6556217675465789
0.670625487538295
0.6416762235036618
0.9770143804647199
0.5923958655458147
0.6282716081365453
0.602193627734691
0.8756922899670185
0.6780766659455114
0.661935622188408
0.6237977191149097
0.5877300562482138
0.6110413688278488
0.7267100007528655
0.871695117371919
0.6824849193518178
0.6309335202173233
0.5798488883931544
0.7657586301127108
0.9468991985293634
0.6767659805538565
0.5827233903215556
0.825656027589824
0.7191368362659989
0.9487805471335975
0.6640635258123997
0.6943608718719457
0.657971054502532
0.7286301838606565
0.7025724236329921
0.6500301033154028
0.871403766122272
0.6868299334292953
0.6687035838766108
0.6811461687527594
0.681017871198708
0.8753208248952566
0.5667812182844085
0.6600249343775936
0.8720658602006203
0.6108988912318707
0.6698563734005843
0.6107906768910694
0.5972190065398029
0.602639459621588
0.8641087820454647
0.639148889057042
0.8624991917704458
0.6711167970347441
0.5853517841215878
0.8662211051113409
0.7578847762251408
0.820755827555722
0.6652954666607916
0.6423819314045365
0.8010650034808628
0.8359405334474235
0.6747517790373715
0.5847244412483334
0.7512566196374647
0.7488219257645641
0.8778203755223374
0.886682485072473
0.8824362550900878
0.5760079837732406
0.6939624025617646
0.6800314559110026
0.6634316395064451
0.6694505477812497
0.6022542253898582
0.9684527700188786
0.7201347842653185
0.646522625379359
0.6777276686383797
0.7561020572667408
0.6632247083321756
0.732861628960762
0.6908190568487227
0.862524220101762
0.7021900028153876
0.6729442105461844
0.6693675910834201
0.6810549230668086
0.7688132723993409
0.7068592578070791
0.5710871426799798
0.6018883180881729
0.6032677323012522
0.8980181288442352
0.5596267247045856
0.6820937301806099
0.9233229031101027
0.6044615480569051
0.7237672763684985
0.7278055043292722
0.7062969945126307
0.720578546303968
0.9598802363512597
0.6920444404123779
0.8863030254756551
0.8730545198077795
0.6787265718242579
0.6428052219050712
0.631521794058059
0.9698351870230979
0.7518012579773056
0.6540152633313554
0.656652002118861
0.6412120252572169
0.8596781810163154
0.7116856803395858
0.8867078794591301
0.90079264902429
0.6415017105170915
0.6913926523604232
0.6488879580683399
0.6732356744337153
0.603549784457255
0.647460927550104
0.8539758952449744
0.8499051669445479
0.7213950354704679
0.7178180555070355
0.8786944221377744
0.8869146108378912
0.6410345056376558
0.7404860387116594
0.6581118025006761
0.708110208236481
0.8403229274305444
0.6988175325058212
0.9955811419972386
0.6579373652354967
0.7618565244404177
0.6524911261126167
0.8894730855385431
0.7439507712765422
0.7736565918448586
0.6465061953460851
0.6686488746170668
0.6739752930676508
0.6494417596379012
0.6973035266134867
0.6802000378652786
0.645835159238966
0.6888613607183901
0.642413786169324
0.6854510819458615
0.8904298038101894
0.6855513474375379
0.6700405403425802
0.8987572791345209
0.6059949696511693
0.6802386396774379
0.6693168878098482
0.8161855804044981
0.703322617939403
0.8470023850089154
0.5687730938885929
0.6548216864668712
0.868849480280813
0.8960228257436368
0.7633996001766468
0.6016274540190175
0.5894430205821154
0.6836487407564066
0.7020092294285085
0.6925568702570734
0.6139976225859702
0.7101015186346396
0.6439722247385292
0.7187013016822066
0.6561254894227861
0.7091490528368526
0.6076584402528843
0.6716022626836552
0.5793459519871085
0.6724047815250407
0.6575028227238096
0.9643866122321569
0.6581117771413494
0.857916327174162
0.7054244599746673
0.7143789795532336
0.6454726258066845
0.6793427448771705
0.6612844596746694
0.6687274217703281
0.699061409055435
0.5822180471575326
0.7410863557189208
0.6599599527869418
0.873245831357843
0.6965259786803271
0.9843113822813117
0.9716489989113806
0.6991898403745652
0.6202896423066578
0.9745393945485042
