0.4380340104575145
0.3859111638482695
0.4231455818336919
0.4310700751783795
0.43896166916326707
0.429717682284964
0.46227663877271885
0.4525497757156641
0.4262959520374927
0.44069095180645
0.41775710390608223
0.4198542539592657
0.42463911739957194
0.457411049532794
0.40962882858033384
0.41838878524120765
0.4082105549999909
0.4322522021917393
0.4292504768382588
0.4066933285300898
0.43207469834431145
0.41535475099629426
0.3940838038581265
0.4631086485653438
0.40282410967120896
0.4043401495336645
0.42869328629461434
0.41516240716315017
0.4380841592259649
0.3868331174162069
0.42547733221859185
0.5076804628785783
0.4130599023268616
0.4288017959600445
0.4099850235501935
0.4156419249555575
0.4203690919433741
0.501028437079652
0.4265235890068011
0.3950929582491243
0.3977172124746563
0.4235715853670111
0.46088301609272064
0.5080398956256466
0.46034119742597984
0.4394871032333943
0.45244196306301443
0.4446372357755969
0.43671845255184977
0.42904263496826367
0.42140126055878646
0.4258724762567246
0.3751271369618856
0.4412127932584172
0.41448967499999056
0.4249519318825025
0.39391105165601126
0.4307019729154067
0.5086283038303064
0.4216286301847109
0.4233626811211591
0.4114831181614407
0.4084481088865108
0.42618543642968343
0.37311400958025753
0.4281957812587799
0.3998383949999915
0.430250145536717
0.49727613137964627
0.401408564364369
0.4203858673140798
0.42736905242612677
0.43502226082922485
0.4195982237180866
0.42728806091160654
0.436728491096359
0.40581600639275395
0.5013150719412057
0.4291301373967739
0.41417672999999045
0.4360454505408424
0.45111489515577324
0.4299369175368804
0.42170887578652466
0.390122172694428
0.45676259660167
0.40728745665395444
0.43440868553548706
0.43465017389384014
0.4476594876797087
0.43779725776045386
0.4171649909029965
0.5123304095919914
0.4406868394568166
0.5091016930957513
0.5012761781344914
0.43537299756167214
0.4400559101636192
0.39795367891087563
0.45482878035728547
0.4422577711857196
0.43320457740531443
0.43604989865146215
0.4337684829320591
0.4908455453257027
0.46600479825430463
0.46518163438823823
0.4433842913932484
0.38243013998986697
0.4220720355629183
0.4057889702451867
0.39306141759757407
0.40627217474716604
0.46995078857425115
0.3812663824884879
0.3934966165482378
0.4147310575084243
0.43679971299362885
0.44543267310361895
0.5018683495939998
0.47135119292226496
0.4220406660875859
0.4305247011021171
0.41800946374017595
0.44815491801501117
0.43770459221676233
0.4429171569316915
0.4654817120965501
0.41367499853737777
0.4452876287108116
0.4363217991188412
0.4071265833419129
0.4837746689836272
0.4227022305187558
0.4267973149230917
0.4410296721998533
0.42071978838415236
0.4303865038831874
0.41448967499999095
0.45746999375468644
0.4610641700619856
0.4363044394135799
0.3946417108532314
0.4350584904212427
0.41983199884777256
0.44665708524530595
0.4241486726872647
0.39295706491190274
0.39923316019637606
0.4602251974217523
0.46680694469314504
0.41942313749994137
0.43948529347084575
0.49094568513243503
0.42612146477193225
0.45166817280996974
0.3962677703918709
0.406425934033657
0.42877219674352385
0.42746741194412013
0.4455123159561123
0.39697641684969054
0.45510752672901156
0.4201833065056654
0.42187251606503867
0.4168938351039535
0.430102746772642
0.43244028326305595
0.48377940724312934
0.4948159387087246
0.4901009365120963
0.4573085566023777
0.4283619016437039
0.4257075131239817
0.4122547005387087
0.42619090897629913
0.39408025272457464
0.46063918994862985
0.4258081683628702
0.4277612007662215
0.43931327794455155
0.42425179352995457
0.42035705706826687
0.4352719757030149
0.45250443643456284
0.40969879424592853
0.41483699627211634
0.4369784851096428
0.44885525134917237
0.43033682114078303
0.4442458059937261
0.4502661471055607
0.42544870618333375
0.3751801519389082
0.4012303189601886
0.4395827894120254
0.4269383055062457
0.38927404217384864
0.4524534097562568
0.42977487980742646
0.49199935936390277
0.41350182189568196
0.40603992396946087
0.44336108907041033
0.41728099030470917
0.44829388489896105
0.4048287208130886
0.5055731677448638
0.4343412384034904
0.42517986333064617
0.5011017645368713
0.44589320343877903
0.46385933820833314
0.4133107549497014
0.4186261980918209
0.42089730816965204
0.375084147739761
0.4258633953906162
0.4521556225412392
0.4454026390883832
0.41686754380924385
0.4151297919411324
0.3973918380013383
0.43769908948712466
0.4275627542991066
0.4600971225311343
0.44558676458928587
0.42387436317009797
0.45086385003111384
0.5101202305014891
0.4146776628043037
0.4287760693014711
0.4098023398031013
0.49863121215356876
0.49013516422471315
0.45872978504497147
0.5085325085931546
0.43516946408888374
0.4111037035979561
0.43436929263115853
0.40304511751803757
0.4416252111462084
0.4199658841202739
