0.4504019641749492
0.40603611088626324
0.44345141736306665
0.45833533894228634
0.40939905703283413
0.45318727681633825
0.4377555128190141
0.47454830511874035
0.48088418786132675
0.45778845220959624
0.47068251143806256
0.420791699262567
0.4370749861147484
0.42403132597443394
0.4204132698145163
0.4241028199259803
0.42289784661013213
0.45554287564120954
0.441131884274794
0.4321627654877859
0.4536837382823046
0.43121845366841866
0.4061849329793073
0.4234605675758339
0.46209551844786534
0.42513175202781983
0.5191568964463361
0.4453292000960114
0.3973426807127157
0.4375161065124137
0.5303589589227952
0.4342712300572578
0.4622817758094704
0.4176440136809439
0.4287822433293127
0.4360413248799705
0.5191620930980989
0.41916275963281807
0.4160890090459015
0.4462630182909285
0.4680223805907757
0.4575198274505299
0.5238456619577552
0.47408265767978075
0.45928774893203417
0.4739464644062664
0.45556324286759453
0.45741661250758936
0.460397670920766
0.44893938247031373
0.456171366578585
0.4260524462072959
0.3863662714149374
0.4483514121059131
0.4174287269018554
0.43914832861633707
0.41445855393896136
0.4585163148651174
0.42905810763183155
0.525752515620876
0.4297239748671434
0.4439174707915823
0.4440983135028397
0.4098211743560919
0.44395921622336865
0.39371523754810134
0.4600902546624622
0.4288089154355099
0.41703247093094115
0.4443140404134466
0.5222254529072701
0.419124792776266
0.4482975952856356
0.44898809542838913
0.4350499304495579
0.4349328957843202
0.4571402891522555
0.4193134689039307
0.5237438094836409
0.44682549462467197
0.4304430666325172
0.4537411535548214
0.47449721926516275
0.45028223820429547
0.44761159819929824
0.39902029841662423
0.4669155402278834
0.4319343560279613
0.445203761578399
0.4654504384747263
0.4608025404471311
0.46368551881539194
0.40889133573166336
0.4414287588513225
0.43816137891354173
0.5276226752450561
0.44632667241316826
0.46558602299721047
0.5311153654147466
0.4583477504520651
0.5242151127164515
0.45104645835928703
0.4663362099013305
0.46707836940294306
0.4701476452149166
0.4577519057845083
0.4589200951258482
0.5146534657923609
0.4841468329254286
0.4623226149722124
0.39361106613259306
0.43190846095370516
0.43064172771182085
0.4198658653191422
0.41709305953470893
0.4829041536563981
0.3865611356360707
0.44757700359390507
0.42177482552316337
0.4289963257832294
0.4603346296651286
0.44778332850610303
0.5235946840169547
0.4861765682287605
0.44960266824113815
0.4544348927098184
0.44233169952903123
0.4642532063191389
0.45038936930898743
0.4484664789658007
0.4282861902029846
0.4416799118152893
0.4570311781210737
0.44436323410194445
0.4359252347704024
0.42707267690790857
0.44540096800949136
0.46545138186809276
0.44736049874725037
0.4571001666180508
0.4229085583414737
0.4663312509295906
0.46799542496042323
0.48272949810292276
0.45202320919828787
0.4196506564062187
0.4625896444266952
0.4449695166926564
0.4720275366603735
0.4452950882550942
0.42084273150348384
0.4197136363528455
0.4830861739800478
0.42692647471089834
0.4511484919895583
0.4435425070054529
0.4223928137347021
0.41796328912813785
0.44835886889308946
0.4695046653189546
0.43492645797306684
0.4604734576359757
0.42824257598528637
0.4398243618906551
0.4172166109671998
0.44641537894553
0.4408558477430288
0.5094485485840605
0.440754975353016
0.47843991091110916
0.5192555705470847
0.5179916732894201
0.46068677221630083
0.4416426147064595
0.43891027202441835
0.4455159892237276
0.4564024317715061
0.4130039903247891
0.4685965277594928
0.4448282840107534
0.44089256203303756
0.45101478873526374
0.46081109943170373
0.47627133360583584
0.4547100412698939
0.4571293569488925
0.4199129764351682
0.4441182325256926
0.4571078119313814
0.4592223569785689
0.442853193564549
0.45658140439922656
0.4608901285486306
0.4390764287384516
0.3799932549974212
0.4243773698175779
0.4758716325730171
0.4541257738886294
0.4486784798077341
0.5163126094190973
0.41744955181185284
0.4581382517189374
0.43616900755742927
0.45874355074613954
0.45926637627338357
0.43042912863771804
0.5308153796140515
0.46578929680707293
0.4619293006090624
0.4510569044123276
0.48023670207117813
0.447037433080954
0.43385518994072847
0.445325361285068
0.3865844627999854
0.4507858304932204
0.45764263441947806
0.4319271601161454
0.42526141153191094
0.4716901465431156
0.45089459694177547
0.4725313931770517
0.46359283962762093
0.4574786827615362
0.4463386519864449
0.4666674298946527
0.5295410281307045
0.42857933570478457
0.455440321455277
0.4481369573331108
0.42618179497421704
0.5241858183956714
0.509743016515642
0.4568424002541875
0.47416355677837024
0.5266152260342952
0.4619740025937451
0.4323807400587458
0.4275115301962636
0.4654457341491142
0.4112441201572418
0.44821718131482097
0.44870793202310694
