0.6168671007786812
0.6074853388424521
0.5874627537357586
0.6797180871342458
0.6790108872718021
0.9566563828555561
0.5836461222535926
0.6478542793673988
0.6499617622818764
0.6334755017789575
0.8084779341153538
0.6716434504014548
0.5731046050285775
0.6415199709303816
0.5566345185105349
0.7002871566869662
0.6281856864550174
0.7052277432042109
0.6417346155803412
0.8788085643108665
0.8875114060811415
0.626985319262064
0.7496347926360948
0.8821815700352665
0.6460434305868423
0.695220152831115
0.6526262709990878
0.6663540769280122
