0.6817046129463386
0.7043577344103221
0.7089469983972541
0.7146895592031279
0.7030443317958041
0.7028736945243375
0.648717911572811
0.7239424907154446
0.7072402261353093
0.7332132064035317
0.7332156577475207
0.6887233294941402
0.710608963097483
0.7245020322728544
0.7049995682094181
0.7385067677323703
0.7131453850224162
0.7069038237160034
0.6874181839109254
0.7365042023641406
0.7065537401951769
0.756722070044124
0.6598524682087333
0.6676427144283178
0.7064708862952843
0.7073756486521965
0.7276321629508375
0.6620080306661292
0.721489395407275
0.7220357805162082
0.755636579883733
0.7033526626637665
0.7213467277992954
0.664352981740644
0.6771934724536828
0.6945842600436076
0.7028820808933471
0.7081796907306371
0.7090428919750744
0.6949925646272298
0.6856685001652045
0.7518676395664224
0.7244810579792398
0.7118651965319798
0.7106743043833073
0.7263894086895578
0.7060856051043156
0.7294850379163391
0.7095994214942362
0.6928617966342183
0.7336887630611905
0.6920241311850313
0.7447716572049972
0.7211013897990913
0.7153866824872722
0.7660446200538376
0.7567314662579052
0.7402399768679923
0.6882203264852389
0.6989348934494451
0.7284905955001647
0.7208845895060051
0.7011596356636898
0.6779414541047629
0.7238470138136572
0.7135410731470659
0.7187053933211961
0.6964012986191291
0.7159200428474497
0.6571188080581466
0.736379578378615
0.7025020462697076
0.7193881352517167
0.728531373584419
0.6944032383563707
0.673632122116532
0.7393316250187665
0.7246302462097801
0.7204407251764211
0.7662674892441372
0.7068216612940603
0.7263059564743277
0.715288286255819
0.7047999001757759
0.7121002618260693
0.6985641589474392
0.7131557500054919
0.7063291789796099
0.7200237405574811
0.7155680509571924
0.750430666468173
0.7049485240836427
0.7090453290715979
0.6969890770063042
0.7196317667573107
0.7081101822719478
0.7062259307119821
0.7490572213039264
0.7231841861296102
0.7106336061944722
0.724359679022903
0.7298392914154106
0.7584513756497144
0.7090145901956586
0.7256331164856133
0.6970312360599609
0.7199968156306455
0.6764346732355391
0.712488382126867
0.6843677352054083
0.7120931981554839
0.6985785375798472
0.7183221200170828
0.7135524650867744
0.7142010600900502
0.7016831961908028
0.7181604176565258
0.7078758936146594
0.7238469542214682
0.7028014569955603
0.7092990510302186
0.6663817473501934
0.7226936221532936
0.7458868237101209
0.7223403261760573
0.7291355334119233
0.7560993399491989
0.706715868228853
0.6720370983272642
0.6971691320738579
0.7167967903078559
0.6682102843888663
0.710391055936332
0.7583751862108834
0.773890592163625
0.6922552288502035
0.7091086158284395
0.7161226860126925
0.69892180482283
0.6998629742015178
0.7020377243369357
0.6858427450852601
0.7233560406383788
0.7124282310651745
0.7096926543097282
0.7278666536594414
0.720931936109206
0.7060930445934208
0.6891923519384769
0.7220985578850071
0.706866489883929
0.6968335641258756
0.7012815271442163
0.7051439213714547
0.6626227321243126
0.7149432396494119
0.7000667000797247
0.708908336363098
0.7077910147839905
0.7124158156855143
0.7567999306309029
0.7176780596247065
0.7003580179068892
0.7492330079064125
0.7263349305006463
0.7318409994011668
0.6705398655445821
0.6705770151732755
0.6785884855060272
0.6910858557776829
0.7123830621109714
0.7045861706313478
0.6926478305437742
0.6716179717003368
0.6848529888586079
0.7263575676699289
0.7239073900866295
0.7218213237971958
0.7091175293792351
0.6975366600633125
0.6749922954508598
0.6661384559957493
0.69274044240138
0.7005537387234555
0.721874331182645
0.6681826419530643
0.7049893947492787
0.7139381864810337
0.6973071931588546
0.6787105777763838
0.7128604405356831
0.7005125577998905
0.6995298105267473
0.6979482960781006
0.6742597191889051
0.7279493784968044
0.7215337063983871
0.7150627783705641
0.704227427492551
0.681187844563538
0.7432255252389046
0.7011146150149487
0.6563660479192938
0.7151277104048174
0.6733516637401237
0.7317038901339659
0.6868690543569034
0.7335445851251042
0.7232673014911719
0.7207960750650735
0.7010958486531077
0.7106359779071667
0.6622657862341648
0.683705293365827
0.7063941594326331
0.7006164527476443
0.6652677607677566
0.6722694033102147
0.7160500707076823
0.7210746342534345
0.6998467273905492
0.7110833066000353
0.7081027442856767
0.7029243727440015
0.718235699998245
0.7056722598129337
0.7215701432236775
0.6984874743848354
0.7131296172009424
0.6578573065858844
0.706265239561364
0.7649327528238201
0.6769943940013996
0.7143132910533726
0.6860295520077079
0.724240401386778
0.7363888104410973
0.6754046051270846
0.6778775300082144
0.714899384239033
0.709807457310704
0.7146939511870615
0.7118276574202289
