1.6121021430542137
1.7454909391702178
1.7125566164050303
1.7041334331947562
1.714090859730659
1.7172116956775578
1.5879577190792828
1.717254628551824
1.806442384188219
1.7153369448098834
1.7453804280476435
1.8080005555765553
1.683033750190237
1.6787937801089663
1.655288791469967
1.6290710495019887
1.5915627994391977
1.7325848692885746
1.6700513135300312
1.6043417806587907
1.6686353965724754
1.814111939665442
1.6892192121961247
1.6253441928370944
1.5925078607492738
1.690215900906958
1.7283927867263331
1.5894349976045345
1.5846882036876475
1.5572024526165291
1.8279001746324004
1.593343165088513
1.7878227192021112
1.6840651313741182
1.6971905803946963
1.6840358236574122
1.6602483074289622
1.7108902224575429
1.5838610225845102
1.6935148299237386
1.788451335793341
1.768972334116816
1.835678311398484
1.6872476897839137
1.6869053104690572
1.6802845954443257
1.7069446316406593
1.692947162408274
1.6831815036543376
1.574292650130139
1.7031570713293402
1.5569833080951503
1.646577973700436
1.8138809846975386
1.706544630869053
1.6362201129307856
1.6118945128040612
1.5022565908206444
1.688830442341012
1.7576195884520278
1.661746207087608
1.557923326174952
1.5606696825961959
1.7924702841759388
1.7736735388110791
1.6148246690518657
1.5640982006390862
1.69045822201824
1.6649653015937973
1.6857430113636331
1.6341913927240026
1.5917702493843586
1.676007304108574
1.7902733056496678
1.8264155634655053
1.7075382824898546
1.664885759855064
1.6485793906391244
1.7211923005158083
1.730730006973619
1.6887455302177843
1.6040626355642862
1.7658551941162652
1.5882948202777611
1.8033303841219812
1.7819994333062288
1.591739291690266
1.5905173006653042
1.692406662488891
1.718319969361859
1.706139776648517
1.620592635065289
1.6061972739878025
1.6717484740845427
1.7058880523221418
1.5961472487737183
1.6086197406312481
1.7260471837390479
1.7601533868700658
1.6725551325311248
1.6687340952533969
1.731939899759352
1.6405066383400682
1.831594804585761
1.5817206586138683
1.73300841258069
1.7173276483740156
1.8228225256770942
1.7885008736044035
1.7059268324001025
1.6687341636472692
1.697714251244924
1.650618221115379
1.760018316363243
1.5758096236222447
1.6785772441727105
1.5430149182566244
1.6277405331671533
1.9691220784521966
1.776958043560977
1.6167683865272084
1.7197953070355583
1.690045286889531
1.5574764212147634
1.6910110172173098
1.545803302716525
1.6024532625470322
1.8256488837588467
1.7474909617419287
1.6338636690721036
1.6338702473068711
1.7164768847114646
1.7114867994808454
1.701272611844384
1.6028699129222699
1.8146074853553704
1.7391897615669825
1.787782701688566
1.600766490566461
1.650124270850687
1.7377316190920944
1.7393058777278283
1.6830889754642544
1.7065730035701943
1.6907594956255192
1.6351219736536096
1.6917335314853035
1.5271786690774942
1.6958601311899688
1.7632118304323057
1.7597228499324085
1.6905473110460627
1.7017694809614556
1.6979512765180726
1.5688228593191866
1.6806170416368116
1.5843456917586816
1.7092435878329104
1.5108758761285006
1.6923474799707443
1.8127928268810884
1.7207134661412307
1.5461954247115521
1.5694430837444722
1.7144574694002623
1.682366493453161
1.5327486754384145
1.726069622422195
1.6168458911729497
1.5885803489040793
1.8340281772563412
1.7180035167337022
1.5488235732044264
1.6098401266033824
1.7501415985661706
1.7412370074764247
1.5942031748078507
1.7073900301347753
1.7208418940314627
1.729006657115963
1.5657796998120461
1.6280610142089322
1.6679789488260512
1.6968750149387966
1.60287233070668
1.7911537388708074
1.7000943635406986
1.702764673657047
1.57848135333976
1.6905573489093717
1.6767579932616468
1.5978800902440757
1.5800347302692372
1.6900092241399367
1.5517701369568362
1.6556274612138737
1.8235957010284742
1.6938182058973323
1.792412213854294
1.5361338896040737
1.5963453017359666
1.709983699862769
1.7457322065643026
1.8429901011357916
1.7716418084793433
1.6034463650738433
1.7093563141884422
