1.6493486402250412
1.7767447677272359
1.7413952789181109
1.7480100945095791
1.7362378777473093
1.7555971014658165
1.6360263699377893
1.7703016054662053
1.8479960341865302
1.7583507615027751
1.7923464477449507
1.8776622030846157
1.7102433938803967
1.7217820866737683
1.6969177007957945
1.6930929288346566
1.6371104533179979
1.7653169628588419
1.7076687467060456
1.6209573238906398
1.7080485665402843
1.8765970531733325
1.7332504267217312
1.662824996968768
1.6270257430057593
1.711283796758253
1.7926106570542695
1.6495847777869328
1.6360597785102868
1.5874723826284975
1.8547774003133803
1.647822225129555
1.8401998269416255
1.7326898426059012
1.744500384794756
1.725777422128933
1.7369404846547596
1.7623058713715871
1.6237209213411532
1.7491208500358228
1.8260294157134722
1.8124011335186716
1.8776322799319511
1.7328169758523415
1.727551602812705
1.701144578440791
1.7360487499796715
1.7348335041055134
1.7187219858912837
1.627295546599406
1.7302845168421241
1.5899479655125657
1.693533663179136
1.8760497750656544
1.7433360087353633
1.6820443238493916
1.6500424589977034
1.5532814224366964
1.7311631490606516
1.8107226012450894
1.7041358125493817
1.6039418413936994
1.6080712119971878
1.8299547845627415
1.8239572203935108
1.6460273542449213
1.5922723920056707
1.7405678238349767
1.7225127650942793
1.732928153409086
1.666659788320583
1.65748488956894
1.7031006620452138
1.8424325981866103
1.8735593376197666
1.7438729735629608
1.7153828282208878
1.6912027713120228
1.7920154331525673
1.7816819443649572
1.7345724680407548
1.6452505037976186
1.8156962583996321
1.6238013601329735
1.8707031325739494
1.8322201040258568
1.6297703661068277
1.643880055409395
1.7448926302996683
1.7629454853195665
1.7482854536163086
1.6828830940226258
1.6612109860327096
1.6955242779699642
1.7431812640470923
1.6171858731605775
1.6647649491949208
1.7458332378192474
1.8125746742050302
1.7155316267555212
1.7063591284338675
1.7900291104363704
1.684552970279456
1.882666315789533
1.6376473947203336
1.7888348523249613
1.7727983762307482
1.8840876547423964
1.8378506761529039
1.7488041922235802
1.7135808730104076
1.7261399666109756
1.6993721976831466
1.8072267762208425
1.6206291395753791
1.7290712528881436
1.5901986449905705
1.6902184387780372
2.011959758400586
1.823822573120204
1.6635391156839683
1.7456935961988573
1.7448370008153895
1.6088673286518742
1.7416109869038094
1.5860360607094526
1.644062845290204
1.8570608747620094
1.8039970766708644
1.677299930131453
1.6735138914786656
1.7736561693877624
1.7569411183868484
1.7395701392772183
1.6427788964646488
1.851611758662909
1.777618191266258
1.8201956951732132
1.6521651653756222
1.7055845445961304
1.7837805098035153
1.794442387103191
1.727271737844269
1.7654366263037358
1.751279369488699
1.689821492921197
1.7342005215956466
1.5951411975244356
1.7407545318969015
1.79848301050634
1.814288880161771
1.7297949557414467
1.744235707599244
1.7408437967037929
1.6079438075679127
1.738166979086165
1.6337066598766086
1.7509514846750656
1.5723627067961778
1.7532917134836246
1.8425530953153644
1.7655862503482098
1.5941644921273626
1.6129487011082286
1.7655008448032525
1.7287618792873531
1.5634341670037757
1.763380653145488
1.6593751411072506
1.654179521972515
1.9016296402750144
1.7637350574453332
1.5785379621303788
1.6523928199628775
1.8006922523307762
1.7784500895278903
1.61475953011794
1.760828093811502
1.7548119019875674
1.776859082059487
1.6104662688463987
1.6666739116690605
1.700389048239077
1.7446860931727777
1.653904955928572
1.8308693688104132
1.738031154405794
1.7747720052444809
1.6255973885753772
1.7320511931397857
1.7361547639836417
1.6489836086485563
1.6212696690637776
1.7437729096127146
1.6010733743995527
1.7120991123815583
1.8636967880156574
1.7193129760298624
1.8435834071805492
1.5866130244887553
1.6456928850697712
1.7585627336749208
1.8093111339727224
1.902155698415041
1.8240852677571184
1.6323061938611385
1.780046458387001
