1.544712718506698
1.4512738745926268
1.579949265222038
1.5601420033503464
1.547179479935827
1.509457118172684
1.3065310200738607
1.5883981189092746
1.442416168289208
1.463358908145802
1.5264583962643055
1.4602848843311547
1.5391777537763853
1.29443278976744
1.5293298724620816
1.2453604614861118
1.5237457091395585
1.3146567452734594
1.609103780766864
1.4757708191213101
1.629857622524238
1.5733128680511137
1.551084702406539
1.6419008383582316
1.4765367198888768
1.559060854740364
1.5534824195706596
1.564442951338479
1.9042470875784347
1.689240000217438
1.5913437663076075
1.7356828766628278
1.8095579338263093
1.5455035803192372
1.62020157290088
1.5544968275156406
1.3080413744990618
1.618486691733998
1.5688264365912747
1.394755648373448
1.7523115126762898
1.5186928736849907
1.5880321524779597
1.5717179132845878
1.4998060902380976
1.5823155561419742
1.6129804527660403
1.624907356553803
1.5587761813394017
1.54512485511271
1.295221105305688
1.5379011821551176
1.4994736385598642
1.5421918787051407
1.511593327461234
1.420091074079328
1.4324266669731025
1.6065707238778641
1.5087477725990275
1.4112941677630626
1.6433129887289284
1.310346619312552
1.620818460303473
1.4622337536316556
1.5550948914262939
1.6364207084327522
1.5689224748023864
1.5153654351615429
1.629358488214787
1.5665722557261166
1.5548771263101644
1.6288928573745511
1.508526119042531
1.556828032442409
1.7310986515859668
1.6857283415049211
1.5442300332679817
1.643127628018081
1.8354255838524032
1.528641653019382
1.621285489911989
1.5197409094353413
1.5671087108021162
1.5450406650498194
1.494521700238412
1.7090626534332063
1.5026559753119875
1.5315634651197394
1.4842324446126034
1.456154839412517
1.5275268791826797
1.5430529299097426
1.6148631666083795
1.4548372357032546
1.5649325600859496
1.6413566131229977
1.5721491440249575
1.5661182786420784
1.5706853380551118
1.300610166093253
1.5708867424939525
1.5248453097269625
1.5874244139599323
1.5446033950349336
1.3891590276039811
1.5493860310246543
1.3087987031973745
1.4751114199413564
1.5566554319907329
1.5055461821353477
1.6688427365668599
1.4144958840313824
1.7055411666335043
1.517175949093461
1.6291705675037444
1.60622826596774
1.3689161021274008
1.4734375568219404
1.5508617125307742
1.5131543561119565
1.5666140765607495
1.9444479514766766
1.79667258704099
1.593515951656152
1.7903682745130798
1.7555234316245019
1.4995426789829427
1.484751556966908
1.8030885345059608
1.595437811896764
1.4050342765045354
1.669382510906128
1.5378184932793815
1.7651573360570354
1.58023715908858
1.5641533552591957
1.5469240427140893
1.2715457011336766
1.5210387530824592
1.556865147374035
1.4987866926307165
1.6229231698979993
1.722357707578026
1.5031891459575435
1.3864398953742363
1.5933382874364292
1.4917030325675156
1.4762263115135645
1.5502032116008393
1.6424238577411887
1.5059447999032216
1.4451581026840692
1.5756082819153583
1.4356780595143253
1.3367339060073526
1.5285114582699797
1.6825253291955682
1.6714331733471033
1.5722997532317022
1.6219992578540403
1.5225257124727625
1.542820854727213
1.539555154712403
1.5564474180517804
1.5391834465356755
1.5604333575725102
1.9216649299066937
1.8220591662564662
1.702834719758121
1.6410333137665791
1.7701940502820226
1.5487621596360563
1.7566948258129558
1.6199051143832555
1.4974707160078504
1.6250946413784038
1.5870018098264174
1.519455621738375
1.7254283210485455
1.5914680715149314
1.4051108855633405
1.538772906197239
1.5057422349532743
1.4133319122355565
1.5337257619513793
1.4694050918789103
1.6417418298748077
1.5444198958011874
1.6445163659309585
1.3161589443749346
1.461646481425431
1.517062931837376
1.5548736555849307
1.6110927683404976
1.5883345647581912
1.6195071830845196
1.5956620966393786
1.3580043678458575
1.3232304511845967
1.562865815407211
1.4338031202991408
1.5441946810695208
1.4348628098991978
1.5938620802792116
1.689718098917112
1.4828695341134646
1.5582131572793676
1.572877478745344
1.6307206025643348
1.5150611015344644
1.5043088292825615
1.6542310023085776
1.5232809042439153
1.5406510870723085
2.07976739393016
1.8138892054324787
1.6518951577424201
1.5522668285626555
1.6973812586966566
1.8196842355742404
1.832173101567172
1.5825751524031542
1.5189918336856163
1.5310640892287932
1.4678779718201853
1.572856977855678
1.61061204646576
1.59204468689852
1.6291341200293765
1.9295104314785854
1.7443191820441273
1.5967493974425633
1.6700406848565066
1.4272731454776448
1.73520703920346
1.5412485913981404
1.6621750504298831
1.5912150698040783
1.2785105038101736
1.631326442256684
1.398906521573763
1.7330403855730223
1.5611451098177056
1.4644861210936537
1.3564374940132127
1.3992106214096238
1.3938303028375991
1.6046840313636928
1.3520013064745653
1.521484583263558
1.5498928095095943
1.5570703995233186
1.5597580471857286
1.2688286987697812
1.572098093346469
1.4899716897565767
1.5068974837924634
1.4549953151853028
1.5292676652379749
1.365929227182818
1.5291436873369697
1.5773761489889138
1.2770488634642168
1.5439674378619692
1.587545685391672
1.299956983945761
1.5732354225659804
1.3201752205846868
1.4591197040214012
1.6299568170997756
1.5107983300652903
1.5838466758746998
1.5112865784328575
1.722627319841925
1.5533285485108428
1.289248641082626
1.5512720269964735
1.5011224939244443
1.5189636176039023
1.8902620787209539
1.6702666077869919
1.599244267764951
1.638182063255186
1.7952105319672444
1.4831332205537782
1.7173255451220284
1.7146838644613493
1.5338625804874177
1.3490409784140318
1.6513509366565664
1.551439243905546
1.6861738189880753
1.6076762447625532
1.4632905299627212
1.609180585463057
1.5563549155118852
