1.7722090612680108
1.6965239085017645
1.6811270601662573
1.7651288540234382
1.7166782255921946
1.6512028239113596
1.6239126701098325
1.746157211492576
1.6172089975027701
1.6185531803891164
1.7336382143914393
1.8329618653506963
1.5834669735898772
1.6006646196292058
1.6810751096192065
1.7357056926080865
1.7083665395304775
1.6023078743951356
1.6419929506782016
1.8856339253474943
1.7249787601815654
1.710229338559442
1.8057480935502734
1.6604599224019712
1.6209737147118854
1.7614185042679635
1.7860762160510728
1.7526449491490192
