1.3540179165968524
1.2157666665476872
1.3487744484716426
1.349995895797252
1.4406053031133275
1.435137531937665
1.4528316568533575
1.2496295748337285
1.3474803281206122
1.3581904121363582
1.4247135528992512
1.4343790940692553
1.435747200185914
1.4487358784033013
1.342368385758519
1.3470622163940635
1.3398502396929826
1.4359534039540311
1.3493295692747331
1.3421550132735667
1.3511218703562604
1.3398238453858151
1.3343275851177743
1.4544086588697627
1.4288044591445215
1.334685328508189
1.3481348080451683
1.4283786485522745
1.4385716098577515
1.3273068792413045
1.3487071300148947
1.3907244061868598
1.426977966368964
1.3517735855599742
1.2283427611297506
1.2330411604850182
1.3436998902729493
1.4675977721779312
1.4344511135544187
1.3296526498270322
1.221021768928428
1.3451570756684958
1.3625370239237138
1.4759320385851278
1.4499781223757118
1.3531207274185397
1.3641492519683582
1.4385945584929034
1.4439265700265485
1.2370183830796166
1.3454420362764243
1.3480679569346679
1.322110178590062
1.4395241662904616
1.432532007692303
1.3487514058044763
1.3323605413968616
1.4358479863315905
1.4711031073078533
1.4344438190717297
1.3493388448888317
1.2307172846526235
1.423972806799721
1.4330891385684366
1.211832565801738
1.2381996861473827
1.2302576984244566
1.350056574800481
1.4709907941354505
1.4164857383458092
1.3553236636071058
1.434460896106904
1.3525382749242347
1.3431785692870404
1.3470406515151123
1.4417171042715073
1.4216951501133972
1.384691185586525
1.3522448087580328
1.3457981586029872
1.4376281189930626
1.3626907877879944
1.3589637078350634
1.3483937719136616
1.3357529890957642
1.4500823075380622
1.338497825787403
1.4359699130646215
1.3548077486093355
1.3550882037810568
1.3581407037203104
1.4300030088051618
1.4750276427584887
1.4419584306703146
1.3906522781500994
1.3873971308706312
1.4386633066838619
1.3582513960959683
1.3394080876062648
1.4501291303582893
1.3616480776378
1.2416713081696231
1.241984820061044
1.3528327720963902
1.3833154973602562
1.4536077745637075
1.4534093962982086
1.440073966105317
1.3235792835624627
1.430539718855311
1.3407974661602782
1.3360347726999149
1.424266213379033
1.455319324780055
1.4083537827071795
1.336128591921757
1.3439949083522251
1.3561990142899396
1.441272535075662
1.385424424737803
1.4549042221971382
1.3449349485177042
1.3485735959612652
1.3500258035491863
1.3609752283827534
1.4410786441258263
1.35778025984531
1.3728482720913717
1.3441897940217344
1.443665206791715
1.43773572819378
1.339319966026713
1.3821868114892506
1.3447846015947025
1.4301605153583175
1.4397333292110452
1.2308327005217772
1.2406538431651928
1.4267117302631531
1.4507095598501452
1.3724947422018736
1.4362394717124616
1.3291655378532767
1.4361758467425325
1.3452633741186901
1.3696921260429509
1.3426442769125344
1.3352330063869948
1.4235118212768847
1.4509864341739087
1.3700086230265442
1.4322348260127937
1.3522704534625647
1.386856679511254
1.4378649554055951
1.366970515490489
1.2213601836487467
1.3360549221461644
1.3484097779114868
1.4287999677249972
1.44259303750845
1.331071346828411
1.4469604910072655
1.3493288762683755
1.3430548493633667
1.4315953221789925
1.442700674770317
1.438904624424932
1.3793592385321272
1.3793458024453271
1.4665048050146259
1.4466356925794623
1.348051260266337
1.4321334086938802
1.230702674166416
1.3475603956119957
1.332470249014763
1.4496150416398463
1.4310140886550564
1.4300812481298852
1.3504465368581666
1.2408809664412004
1.2331285599592303
1.3540911437540757
1.3630813874877137
1.4231850708058773
1.2302265015923874
1.442454158973582
1.361477109785104
1.3531828022310344
1.442204387310124
1.4447220897549726
1.3497113487853296
1.3225560284741145
1.4162885107369336
1.3544695306266847
1.4343192506229383
1.2206628384970841
1.3625582541734496
1.352002584006348
1.380928128354457
1.4269926732610392
1.4218278992879192
1.3531718158884583
1.4245171079191892
1.4456091656924268
1.2268044799930071
1.3881748692201072
1.3528202469060697
1.2378955155373415
1.4702176332451813
1.4413058550393794
1.3688165634764846
1.2291468148431315
1.2329896252128179
1.3469246760288327
1.3201344526857266
1.3435333342162374
1.4450920933311937
1.4419411531164952
1.4288376297161567
1.2322162169994932
1.336953680814218
1.3532064783553086
1.4322060776177163
1.449518100188026
1.443450420192562
1.3469383218179438
1.3630719731662952
1.3935207118137738
1.3416262908991012
1.3615024322608216
1.226700202007
1.3853748094170768
1.4644963543118168
1.4506383620895318
1.3893742914762917
1.436337514441388
1.3422235530277469
1.2432431007782974
1.4174721147592595
1.4389309527684941
1.3457107694339479
