0.5320668773334983
0.5593849935770202
0.5434435005141091
0.5645450717438888
0.5557967801756262
0.4982071749209377
0.5422050526980257
0.5470778051211141
0.604928552922213
0.5043155728917152
0.5169023191697739
0.5521025912089619
0.5371701901891544
0.5423468993906253
0.603446499650282
0.5407526785581408
0.5590933552531805
0.5789251823733989
0.6640606724656679
0.5292091048114795
0.6048573436272922
0.5257255684676128
0.5125599751870941
0.5303876375092391
0.5515190807235337
0.6043665333746084
0.5220799685431219
0.5844991966450763
0.5106588874664163
0.6394790922148597
0.5258858624999849
0.5870062092854808
0.5327690723954503
0.5119500974618247
0.5307960616833081
0.5479897018856154
0.5283040611829404
0.6299971732239723
0.5140002947505499
0.5691500088254493
0.6398615570238049
0.5430604255293517
0.4911959361621758
0.5473275944495563
0.5366559034754099
0.5461995343198561
0.5432662269373907
0.5414286883233779
0.5016958991801955
0.5381596430128672
0.5178430042471306
0.6509058482935597
0.6286548922722769
0.6490075997312679
0.5693591956332484
0.4890628025448462
0.5545877161733991
0.5538752986446467
0.5535690759610524
0.5402586538226818
0.5214130192464042
0.5584153287782845
0.5410485299200449
0.4777819596762262
0.4971426853411389
0.6644653146446499
0.5414105733213678
0.6517600461110633
0.5567372415684394
0.5638838276246111
0.576047618500431
0.5247944480515677
0.5992239796691142
0.5735939327778782
0.5381796201440846
0.63602583272322
0.49015125283303956
0.5307875979836713
0.5861647837323061
0.5703146723069368
0.5399436604694822
0.5402422706743428
0.5414130802838187
0.5498107051919089
0.5544606853223678
0.5434349403122728
0.6498648853480687
0.5285405527976197
0.6279972421716744
0.529843561773665
0.5679825516529478
0.58448508598713
0.5288153477536712
0.5866829727443988
0.5302075955176817
0.5409099709976726
0.6005276395543783
0.5449752718820687
0.5419409132624964
0.5360409580479569
0.5866585522944139
0.6461842275162539
0.561337422558359
0.5330190634856616
0.5949806872120389
0.5872572878722048
0.5176309336384062
0.5450826977926561
0.5778084392282198
0.5117017658583455
0.49258702296192847
0.5315887021363178
0.5461879235197485
0.5510111680460662
0.5063256550330808
0.5923829023690586
0.5882420311362447
0.5505546222348391
0.5769750939981274
0.5280477991445285
0.538352197644165
0.5040636572981358
0.5513481570233603
0.5091382657470963
0.5294381112020802
0.5313753542890235
0.550380080133055
0.6285677908613041
0.5167267336958623
0.470070422320592
0.5583146118382993
0.5342475380615191
0.5213397989066492
0.6670560257923183
0.5976151421958309
0.5105435442574958
0.530884111321761
0.5254292614968075
0.49718516465720913
0.555378247629983
0.5131705052806315
0.6520429541078001
0.5550707957483453
0.5307685875
0.5863383555310981
0.5332081680029446
0.525412968749997
0.6070226401250152
0.5078894271023433
0.5254579637545647
0.5392252792905067
0.504567866572802
0.5341515847897645
0.5575851925867434
0.5876754197999245
0.5342990062499123
0.5165921976436767
0.6400255558747406
0.508302183014354
0.561183843722833
0.542312940016198
0.5880940169488398
0.5798797375229604
0.5372787130131647
0.5353852499999868
0.5211733639752685
0.5766994190839284
0.5674143292152825
0.5323680201819986
0.5388659569341894
0.5744019107014531
0.5817808485391194
0.5252557961678122
0.5572767402634703
0.5201994437588154
0.5850218573640437
0.524121637499987
0.5330581460101764
0.5901228371979017
0.5470249720979375
0.49932644141890326
0.5223955874748066
0.5295525860082744
0.46915511645614993
0.5323370228588944
0.5263762231898232
0.5352822292423567
0.4970993110776961
0.49875041622074
0.5397561528752557
0.5340816562492089
0.5061088750073527
0.5843996380723281
0.5359433558907937
0.5857396965705235
0.6356885607294254
0.5304095670870459
0.5440383923630535
0.5707727803894407
0.6445413774577612
0.5661311321027587
0.5247763874999859
0.5576279458325852
0.5256739103245763
0.4798650837176394
0.5486503878191966
0.552489933620482
0.6496733013818522
0.5572206224513699
0.5333750991094514
0.530870744599292
0.5396513919142836
0.46893924929848974
0.5353706636014746
0.530727799347626
0.5620537171853422
0.5542198218866926
0.49631443117308033
0.5291520994786889
0.5614597823405414
0.506006142263615
0.6408450445272443
0.5808926122133675
0.5416605066611395
0.5485835968500313
0.552559311492799
0.560451376455227
0.5166688652685986
0.5569407553953793
0.5296128184346358
0.5525182215564417
0.4909232561067741
0.5104744338318603
0.5753118283448709
0.5598274399000379
0.5642918758545851
0.4854446442606846
0.6351935770011964
0.5503512424902918
0.539400938691197
0.5438356165794908
0.519045461026603
0.5506716920424589
