0.759694186243548
0.5987763024338234
0.6973253398745232
0.699952198534776
0.6354283352843684
0.5999526757474724
0.6187198829014797
0.617381710735958
0.4975540972228741
0.7985468825080734
0.5553581845423993
0.6147614065398543
0.49366666935166126
0.5748666450018205
0.8181118231446725
0.7893802719942598
0.9066074152664956
0.670188936956745
0.9031800372863855
0.7943051802608324
0.8061103618691529
0.6247436715184908
0.6798165339852748
0.6092287474037736
0.6959767044497258
0.7680489038173007
0.48877377717348996
0.7700185310437622
0.6504145214989525
0.47266754710040043
0.6934049825499451
0.7812525405542264
0.8090878535750201
0.7509097301618974
0.6293145767484032
0.8207951241107617
0.7674883824204689
0.6020724442249964
0.7547142551198895
0.7885626971489802
0.5359217390890703
0.5120939613621401
0.8067926472146351
0.5600331616529446
1.050708091326859
0.693267873434549
0.6759728716501834
0.7887493085568499
0.8858299609768706
0.6361889760734306
0.7796683222246454
0.633249615900877
0.4641189481522778
0.8028039598715404
0.7673232104136707
0.6748396954603878
0.6369134799398628
0.5547979353233726
0.7299712559411657
0.726381976982537
0.6514142950107442
0.8800663306990327
0.48230504636366456
0.7233078586379171
0.6961017689624637
0.613894965826779
0.6425540134253203
0.6494111601637661
0.6312450868785834
0.5792313381889118
0.6004188451921618
0.6022287848443394
0.7913285666606075
0.6684571794850444
0.7441826581941973
0.7464177077609869
0.5991805873803555
0.6457724408188849
0.6691795282362929
0.7983176574695093
0.7685610575199413
0.688747976517159
0.806052976949718
0.6855178645452572
0.6527631459378195
0.8228966717266893
0.5770478577489626
0.5797499465704202
0.7954438075513369
0.6512250024720032
0.7144135183724182
0.7835745813355537
0.6017417711617254
0.6052196058997382
0.49453600511800677
0.6151163832172756
0.8437384097146502
0.7649306836712679
0.6529048615967293
0.6190968335693929
0.6407445762710544
0.8034634078417535
0.7854542847464555
0.6941821424045583
0.7411042552861303
0.6447121763114767
0.6223329000307865
0.4828062664858163
0.6032129833439955
0.6518235950542899
0.47446586815603453
0.7405768461125244
0.470180057700036
0.5281624589694982
0.8809289271573167
0.7955029723383719
0.6255596171358229
0.7745175803252214
0.9091862654944228
1.0694635010743319
0.6498716067710084
0.6317327338976443
0.6151423356555659
0.8225733861980922
0.5724091040805322
0.6589198935671472
0.6876850603783555
0.835598580439943
0.6225433974059567
0.861002946565053
0.5674428237362297
0.8787823765224277
0.6857660358949256
0.6898740972446776
0.724682302169035
1.113151369584851
0.8594546161653803
0.6110114687750712
0.6524926816696124
0.6252389918333666
0.912443121039729
0.7884835114559042
0.6287886406615871
0.6401942132393413
0.7866497931301082
0.9159712372558718
0.4928676536121088
0.6149320463109411
0.827386318772415
0.5255252253928855
0.8301444617169332
0.7020161749606807
0.6453127166186141
0.8189253782458291
0.7309709818375802
0.5916096256340192
0.5002917590893835
0.7040984929270625
0.6657530229396142
0.5423470841276236
0.6805902201754955
0.5577523056611694
0.685713579513235
0.6871348938895788
0.8280905659551486
0.5701561105740671
0.6022829034751668
0.5948658939129374
0.606759914059625
0.677844407012247
0.5337600493407624
0.634040081471503
0.8307640295066616
0.8632391194701101
0.8543531002568214
0.6973344133275089
0.5949969488750629
0.7025232455292467
0.7370300124082242
0.8780798725954247
0.8151216230034686
0.6640598728697931
0.7259302724620073
0.8446401856690114
0.8147689924009164
0.5068070671249427
0.47636117706968883
0.791352153695488
0.8015164091098661
0.9213671155070534
0.5202599367103115
0.48903286798810586
0.7050246183448854
0.7508941668107718
0.6989902422489779
0.8748797233059978
0.47655683414503125
0.796602176109291
0.7138563163440788
0.6393227368342823
0.7941804166728942
0.5783013534269646
0.7252750960413161
0.7265446667728571
0.5990861278512074
0.558224968033228
0.5498225087445163
0.48973540051909314
0.6445627077050037
1.005854600696173
0.6306402846155708
0.7477734991664925
0.7459830019890741
0.583311704414497
0.8110005091897188
0.637785864455279
0.8377095616379712
0.8266067427671051
0.722794229012428
0.7044360270739285
0.5276157092570364
0.5971987009114879
0.5802667840200035
0.6469705347665586
0.6200190119761346
0.9931266586050796
0.6375335829487676
0.7335408103500045
0.6095874922360822
0.6030409549593856
0.5735557898667982
0.6597246731291491
0.5378259962053933
0.48849946928964927
0.50804887486243
0.6074277824972432
0.6669032299809334
0.7940922424260746
0.7720884834773716
0.6271558727096049
0.7605439653245687
0.7260600764565698
0.6358379498433153
0.6057108163524322
0.7173231451736942
0.8170352941802418
0.5381962235570903
0.7854618816430573
0.7333749488173484
0.6642516827010275
0.46767949346733123
0.8095693943898297
0.7048170224968132
0.4661281394410232
0.6643362171006135
0.6177845678852089
0.5465049981072732
0.6676513281143681
0.6998782819602083
0.8346041284944121
0.6085046152631732
0.5447909505780804
0.71105436745274
0.7237917436204047
0.5747421476013174
0.6793566783662238
0.6413072366509599
0.6752549699068672
0.5882425103856873
0.6604678337951799
0.6009545485205213
0.8366096557848169
0.6565008860278253
0.6695431329416968
0.6894839688396739
0.8182017125754953
0.987473195856966
0.6161188950740623
0.6447679086456387
0.6496365854680222
0.4435872339009807
0.798887836519574
0.8252364478378162
0.8247743051947325
0.6623320811166546
0.6189290843515562
0.5744155542379672
0.5195063190428275
0.49986622041839335
0.6960381884505741
0.720414890925703
0.9196987290332348
0.785302966553582
0.6061478669530651
0.5268253384662066
0.5175492820961887
