0.8280993686750072
0.7772989338731043
0.804797353094855
0.8276003449485902
0.8796852016783652
0.766746833544317
0.9547046957690956
0.8809224006838359
0.9112796044232307
0.8661080511705389
0.7859669698697757
0.807879244133606
0.7476038437785595
0.879054738146315
0.740664672288467
0.8431599768940103
0.8378011100127909
0.6884639381098665
0.8531847978628114
0.9128770928480053
0.9262257961618249
0.7062801456104834
0.7527662184713859
0.7130314424597417
0.8249964946775631
0.7198544494985328
0.8601348219585201
0.8216447727554802
