0.46689810589267705
0.4888285526423004
0.4741512389729555
0.48956545380998273
0.4717686635916081
0.4737400858425681
0.4339133304928847
0.48889593447436747
0.48507619695146986
0.5144753803895981
0.45557220790958286
0.44461540191013743
0.4830286929160101
0.48594367559995644
0.47876318136265644
0.516487219675267
0.48073521448927686
0.48198946561382494
0.48557524782185074
0.5526566717372671
0.4492499096119108
0.5198370276572362
0.4614594259318374
0.4520070255070738
0.47388021860469587
0.48478746366967346
0.5130855549519544
0.44978163710123104
0.5010872653908212
0.495566547358761
0.5539432491712138
0.4533948290130928
0.5027544725477434
0.44356823403922807
0.46390635925851076
0.4401148559210293
0.4707177000282954
0.4877678321654997
0.45798542264946646
0.46461258023485186
0.49413043668532525
0.5514301943870822
0.4803542718431602
0.4892039294143246
0.44384082118040746
0.48343815803845636
0.4631564318835081
0.4779718907147109
0.4517004975218939
0.45578589856438695
0.4876603024719954
0.4492651859986033
0.5493546351647114
0.4715206513580735
0.5353343012135603
0.5486040052261585
0.5510441585623223
0.49841392828445186
0.4249128112769665
0.4714972057247347
0.4979804720930685
0.4758182587666116
0.4694706287093059
0.4758963910766317
0.4941041021218161
0.4803883470625848
0.4203123427714245
0.44133391473285866
0.5502341022057742
0.46500036973165043
0.5501478967036106
0.4797981791286443
0.4883252319277659
0.467996599308916
0.4472927989011914
0.47913961579028735
0.5156672753394308
0.48819945767437334
0.48848998912434105
0.543806945015471
0.44172564560698857
0.4728729799180086
0.48754708189501583
0.4773633786263122
0.48465278495867137
0.46660708802665013
0.48871489303643156
0.48483055829686766
0.5433680705923759
0.4672953809461551
0.5472276317139795
0.45512033629166526
0.4847193176193128
0.45366236453892417
0.506325480417276
0.46998151759811635
0.45449949622383196
0.518773986569818
0.4783596341712929
0.47221959334132535
0.46027949850475564
0.5036476824578857
0.5500327247742298
0.4656762392148466
0.49024826889937034
0.4604346905959837
0.5028922396111919
0.4562494835393687
0.46745498990116013
0.4988097162644751
0.4485661431464108
0.45833354574792984
0.4805789809170831
0.4901768255983855
0.48490097601534066
0.45343769362937747
0.5032192310349767
0.4847881823766326
0.5005047618635583
0.47007099909750355
0.47946936343885066
0.4477724163453634
0.47135916802751754
0.47377922674608464
0.4817696608560515
0.49559191898653215
0.5467724282069228
0.4624155701759507
0.4117070018735405
0.48463727072999435
0.476592701108236
0.4785335435769428
0.4706409226247682
0.5601450831944433
0.519547094620137
0.45136677399741765
0.47372621369280715
0.4688555415169103
0.44278563062854226
0.47240636077416964
0.47099588370535395
0.4406582411382621
0.5465673536544103
0.4734676792230618
0.45800775634477825
0.5066797581283471
0.481386754399522
0.4523590995674647
0.44536595195565054
0.46699711577001407
0.45256546707750256
0.4513553479151702
0.47560373951327206
0.4800132915285482
0.43511741774528445
0.5034253337315124
0.45790076400635815
0.46877887203891083
0.4643646382636334
0.49497316648262357
0.554127468623769
0.5519219223263363
0.45605162091562157
0.4835821255802668
0.5036734452306832
0.500768612975562
0.47420192696134866
0.4541416572137189
0.465567982373516
0.48560711561953684
0.47066973867977396
0.4543710130157274
0.4852131125161199
0.4623792736624537
0.4877773819890604
0.5006028134622382
0.4537088632069303
0.48127456194565343
0.49938441339891293
0.46272037895015455
0.42909395678484497
0.4636772964162773
0.4529852784758707
0.41411592103239425
0.48525211252304296
0.4104184400523081
0.46779528707244367
0.4706280508144163
0.43345159562003466
0.43257579472802526
0.48100447452397377
0.45778840062393583
0.4444654403490538
0.46118520370066296
0.4528654612349531
0.5075113370888121
0.48457921211029453
0.44909991017396417
0.4727549107575502
0.4953476705187261
0.5454367754965922
0.48100534943288237
0.44503560383354357
0.4783619296853743
0.4632114682819131
0.5135887757430448
0.4205624098603036
0.4852352063388655
0.4860082871928702
0.5436616407353961
0.476394645540703
0.4732629060405778
0.44240994242196185
0.4131402140216098
0.47313253775317426
0.47015182441420744
0.4747888321127364
0.46506810383033814
0.4740571814153647
0.48537655240930827
0.4476986683796518
0.49676554368135384
0.47972862024395124
0.4680913406925165
0.4845041868817358
0.46353528885663653
0.47836011806569
0.4543319812271669
0.48395020698615443
0.43420706715318425
0.458787585274878
0.49854203200398045
0.4763295814803367
0.4902734520906938
0.42363633496709086
0.49445586955895227
0.5406755187800925
0.47686951882559764
0.4802784227750495
0.47553667469558275
0.4479123651785929
0.4841212121586514
0.47191885650058457
