0.2819404297425118
0.3078175564112364
0.30306885827577384
0.2956597221130221
0.3060523647394718
0.299309076820208
0.27278268347245405
0.29432513494461227
0.3144344168383194
0.29795486228482
0.30092917773060596
0.303502852112087
0.29781589256198343
0.2906564333958724
0.28649919456366235
0.27229845816733067
0.2745120983363194
0.3055171364296081
0.2913469894356006
0.28864073883901853
0.29005481132737154
0.3075957425299323
0.2923243566289825
0.28449511691474966
0.27911301924726056
0.3017090218408736
0.2920844092140921
0.26824568744794763
0.2708076108084738
0.2737511185185185
0.32459654465408805
0.2712956090012859
0.46742710074461663
0.2973050417821105
0.2955141943189154
0.29249422534287417
0.27084949059547353
0.29370478492589086
0.29617724501424497
0.26762315793991415
0.3060310351906158
0.30182984706262106
0.31227257486631016
0.31515222352941175
0.2935062451563525
0.29718962589027914
0.30474727899252696
0.29131159580275906
0.29451310783608914
0.2890063714383211
0.28094303606075455
0.293559798652064
0.2616959189486073
0.2867456807922616
0.3196157750272866
0.30426333821871476
0.28153832408335533
0.2544599855177081
0.2719956057803468
0.3023757125731809
0.287486399232812
0.28852625914749147
0.2675919247588424
0.27140685668046666
0.3043886351292432
0.32676325973315085
0.2759685635811836
0.28374540367695333
0.45241547491856676
0.2772860454545455
0.3065836203061684
0.28741719380303926
0.2755267176470588
0.2738185441151566
0.29526260303139656
0.3121482800687285
0.3087087246246832
0.2847595258586656
0.2853859070484582
0.2978582264381885
0.29151133091436865
0.2996863798195242
0.3053276131099063
0.28368894811346734
0.282553977443609
0.2677066183733948
0.31941482857142856
0.3051888582354245
0.2686495453734671
0.27697638748928877
0.29646268454258673
0.29455134343012324
0.29167596997959777
0.2789089732627399
0.27131822577444825
0.3035467
0.3024637647007806
0.2797366151157298
0.2676897624400274
0.4516222288164666
0.29863870577849116
0.2996057956810631
0.30583179489225853
0.2947273564356435
0.2971713372801876
0.2754337066184294
0.30557963853211006
0.2679650535092981
0.28679725370148057
0.30397632255062945
0.3088315489841986
0.3211959641025641
0.30306405359596883
0.3052132793296089
0.2925831183431952
0.2692967453483689
0.28507849295774645
0.2517195443890771
0.30227134371108344
0.27908739688850476
0.29999438564273784
0.3475526457417922
0.29603427180756287
0.2653575212681083
0.29005521556886227
0.28841655734613403
0.27535841941213784
0.3014019803505045
0.2548023463768116
0.286433129390681
0.32719599179265657
0.3134470630717739
0.2752782323337679
0.27609811139574303
0.4621681891675025
0.29695678774805867
0.3074665804336863
0.3021493429438543
0.27401242818962773
0.3241201446719599
0.2898824675338506
0.3109810717954205
0.27301429014084505
0.2689317516206221
0.32789684957983195
0.30834248702368694
0.2934529102529235
0.27098342243672247
0.2962142659552207
0.30190589405684753
0.2667457578947368
0.29741040433105903
0.27453000553717566
0.2948169472293265
0.30131409256434705
0.2982779333476211
0.28985745110456557
0.29725855882972
0.27612714295862933
0.26816140258899673
0.2994914580025073
0.27735617954545455
0.2912144579759863
0.2656723698033919
0.29195084371885655
0.31093854435695534
0.28962453846153846
0.276219512195122
0.28077607826086953
0.2868254005534417
0.288602050243799
0.2619356870620881
0.29322795907050436
0.2793655479768786
0.2722496582073919
0.3263855686746988
0.3190485928375343
0.27417238055626436
0.28174297562385076
0.3353806614457832
0.2984792123486683
0.30551604385773506
0.27470134999999996
0.2897272716941669
0.27225441605257916
0.2999024957983193
0.2789137563621017
0.26581960209643607
0.2895825565737052
0.2936069320897086
0.2865928903635314
0.3075651106870229
0.29224567053603123
0.28597307063887634
0.2708653324142807
0.2835368317757009
0.29489940541082166
0.2797283331264546
0.2804555654403567
0.2881981239669421
0.2687160270136716
0.2949488264476932
0.31673827034949265
0.2937687813154587
0.2987578779847587
0.2783313414998506
0.2647578051582649
