0.5041234640870182
0.4048746576487855
0.5009298963610792
0.9846193253313621
0.6109036100871461
0.45512164708657965
0.44415854555291145
1.0191188943293228
0.4068828504866344
0.5227410327211724
0.6065523664884802
0.3603455597902588
0.35196770975167235
0.4880238395573846
0.6686581651865681
0.37955233022305923
0.7525249893444158
0.6554908670367319
0.4050008057508019
0.5648009287958656
0.4429470827955773
0.4198521236117962
0.5262189099184365
0.5349156584143404
0.5539142493101805
0.48599852518577125
0.5314328427883225
0.4720256033768655
0.4600675856931129
