0.34585280061521956
0.2040270649125968
0.37913445862091233
0.23466951012905812
0.43491596870919447
0.3268969234565969
0.24659508302923194
0.2352552694672867
0.3551669288302629
0.29271002913073557
0.2629411258334758
0.539306953244466
0.3508446820951719
0.44563285204563724
0.5098687761050206
0.2624155100391843
0.4626881878428142
0.32984948043482526
0.5554111705094185
0.3832490510378242
0.4880341147124311
0.5885816302291029
0.18848502989003918
0.20132710160632417
0.36857446177547004
0.6411700317527047
0.2766740984820123
0.16488074798455324
0.2803538866994838
0.39925969396514593
0.2472022521964811
0.5637680144443613
0.21392430301981125
0.3875218995879878
0.2416385793180587
0.19122405049428332
0.22812807146989234
0.554478489041904
0.15373803649142517
0.37396807901727736
0.3115763215475456
