1.6426581037164898
1.519942889781033
1.561120041645474
1.5651571963449031
1.4335852045405533
1.4066169532211465
1.5494506848967293
1.613698550347669
1.5437353386477388
1.6724243254120266
1.5188757592936923
1.4060531971291095
1.5412779395182135
1.5241622815840241
1.4553550160214195
1.4159659075564983
1.599232652622946
1.3737731423803867
1.5307897964575965
1.6973906783235497
1.5770239179122627
1.404823792067397
1.5285719294525186
1.528239462922126
1.5494726137164008
1.3816785746782894
1.665856261437056
1.655287735464501
1.4453869615606878
1.4230243522415844
1.6914215444159368
1.6086351125542975
1.5204138122181823
1.561328020278304
1.564221184266546
1.4435015325346283
1.4002591017998864
1.5422425023682784
1.5894271721179498
1.6259791980304055
1.4885778762454451
1.5483051784730195
1.529253307002142
1.4564137432481115
1.382960313445431
1.6033141061505314
1.372619828470789
1.5288271819113386
1.692665066204172
1.5735049230099674
1.398227908989695
1.4300627050718615
1.5236453733485427
1.5269632314221573
1.5619860996390387
1.3655342779030857
1.5014708508030736
1.6663866010493655
1.6543806742714935
1.4230450241241202
1.4225066838802911
1.6890654803398255
1.599826379100161
1.5141142721734169
1.5629056487396888
1.5647671698409258
1.4288468503206304
1.4018168059953071
1.5445928462179443
1.5755425178268974
1.5497875963672676
1.6340886467915605
1.5214801383476313
1.4032330555842667
1.5451773471280414
1.5273625513611913
1.454441009394814
1.380161944603739
1.60063476918924
1.3740351843245142
1.5256439040933114
1.6956836963556166
1.5775394861152932
1.3897966512648046
1.4257284044612606
1.5228393719144098
1.5280869055741095
1.665386408464315
1.6546864662132263
1.4418227261433918
1.424482566723826
1.6901256720848759
1.622166190458262
1.5427506037684098
1.586329194021239
1.6290046577684416
1.4210918845641867
1.5733097312085467
1.5964729914912668
1.6370036737915141
1.667011205372773
1.509980674517544
1.5606424871544604
1.570416542314025
1.5639858962432989
1.4053081167494224
1.6169691226674943
1.4032680408957117
1.5725121516089833
1.7080959602327987
1.5890088939347655
1.432537287679469
1.4531127248303302
1.55831019862486
1.5700725546427903
1.3902294017716104
1.5144351173275843
1.7101178918639846
1.4284758202584804
1.6898181613850847
1.614031705309152
1.535345118007575
1.5821052092525631
1.587796562245217
1.4184199436278906
1.5701944959944585
1.6304943393715743
1.6327984735350092
1.6733470769649066
1.537899223619362
1.497182671173522
1.562719787168836
1.5586802907110622
1.567469491910999
1.3981772480376464
1.6050286541429744
1.4097582644438478
1.576107683849321
1.7086386146123806
1.5898126885681494
1.4322092915877054
1.4692568004550348
1.542344638490103
1.5535695103076181
1.5744656423432604
1.3944456917501593
1.5174692435818482
1.6728856248658488
1.7159260786582662
1.4345170261068072
1.4458153927182047
1.5452023042858758
1.6002688719290141
1.4736654836930212
1.4145504967063411
1.5696080263261403
1.6545668007385492
1.6767946988554017
1.5413371754430747
1.5086645287476887
1.5653834268836397
1.5679531769138362
1.5556302945572171
1.4133576135182133
1.6163303828105082
1.7135001694646723
1.6451215391723701
1.4323683647886747
1.4541553144052188
1.5453732911179185
1.5614654543404867
1.5703129937604987
1.3959211489920906
1.5256944011229816
1.4366457359154863
1.4469887252099258
1.6760788867712149
1.6799066487729546
1.547479390270813
1.5927040229320917
1.6249379529531436
1.4639266710594105
1.4225846318137385
1.5674004662319574
1.6271827128544925
1.6744109646109677
1.6707417253080186
1.5521758563641397
1.5651456735991076
1.5577412148631784
1.4857616405721454
1.4048413935420383
1.6021776400847376
1.413472033826436
1.5781047177674665
1.8034483004589301
1.6277548118173233
1.4678587897116517
1.5475499368047572
1.5579334397468725
1.5755305603485483
1.3910538135489963
1.5424474750798405
1.6793846112876245
1.7199636500785551
1.4415369551779935
1.4519058457308835
