2.0710259996063165
1.9501038284704721
1.987339972062508
1.991931326367622
1.8201080872385311
1.7958545458065025
1.9675292342576869
2.047891724948826
1.975661928175493
2.135343314921133
1.9474716540130852
1.8049651811730216
1.973434798464326
1.9538193707918874
1.837108776748049
1.844835958472835
2.009842349970946
1.761910253261061
1.954921041999686
2.159872420332558
1.9966060446895528
1.7995304322858416
1.961665184417952
1.9666464779255397
1.9737047041897398
1.7880054422869125
2.1376749171078346
2.1010588355535216
1.8306007182803423
1.8158440374265394
2.1045371118931855
2.01952210541447
1.9497928154396629
1.9876157293616445
1.9914542024807491
1.8233117475624945
1.7928884597866876
1.9626911041980328
2.036723853966563
2.0760377086130424
1.92735994655003
1.9771679913918194
1.9562205075648729
1.8377025059203853
1.7941165270577837
2.0123611821667695
1.7616713703048736
1.9532194723386902
2.1570306918686977
1.9947757825514065
1.7741044577538319
1.8153237352920526
1.9596875450216082
1.9656341606372854
1.9820339039793538
1.7778024869479994
1.8721542930318826
2.138039369567011
2.100325463967393
1.818874224562046
1.8161603132938124
2.1039205379278254
2.013944660710458
1.945947607228543
1.9882381402725933
1.991660162972461
1.8165700152333504
1.7933114330245532
1.9643330813542437
1.9932140263284952
1.980128125096973
2.081270002373492
1.9481901302294131
1.8029612542289166
1.975632305738985
1.9552977282014552
1.8364905788282886
1.7919957293691389
2.010554818434555
1.7622698092960172
1.9513686188832864
2.1584045873650166
1.9969963286887598
1.768686774162889
1.8123401087621942
1.9474948267702779
1.9660125766014498
2.1373910276751693
2.1005269590021904
1.8281322130716569
1.8167242064027758
2.1038211697263076
2.028562903713262
1.9657385499370617
2.005163923458351
2.064539364986098
1.8059259835565646
1.9928708354612708
2.007482437063497
2.0873693560176036
2.1338887908104858
1.9520148580476264
1.9865469102393836
1.9928468095760612
1.9868034910400643
1.8093093948032128
2.0217850517837777
1.8021418594068175
1.9937261319161457
2.167382086407674
2.005765607227228
1.8164897477292246
1.8320035327023108
1.9874314630648637
1.9891580596955023
1.7944093252726643
1.8811285888275284
2.167985351425682
1.8226512476292385
2.103560099109946
2.0245574262764534
1.9613162089319356
1.9913067194257792
2.0077410554767727
1.8040798895061139
1.9904445216235358
2.0589788816577848
2.08512634974702
2.1375609092794274
1.9600554042076859
1.9336610581983762
1.9866027815530978
1.9869894488025277
1.988860228898885
1.804923540730498
2.0134301947109026
1.8050139816349497
1.994952576255621
2.167939032672433
2.006013005369601
1.816846961132914
1.840366140188192
1.972209219608318
1.9845700058799736
1.9906252141621374
1.7958392940227035
1.8830617214110712
2.1431246566659157
2.1712727167224064
1.8254985693033845
1.830101472679225
1.9681560653271826
2.0160115092289606
1.8434870433502566
1.802983425501332
1.991483264046734
2.095789573755927
2.1428798524264896
1.962765949231916
1.9510402992789355
1.990215090627478
1.992702703567665
1.9825502730165336
1.815175336950254
2.0224326474430767
2.1710945979948084
2.0925074516106896
1.8172780639678756
1.8344966960311868
1.9755845927861564
1.9899400162632657
1.9903934632690923
1.7986512022697643
1.8987587469241916
1.8279685554577416
1.8321028655929532
2.0944187927424314
2.116342158374098
1.9795118803907683
2.00884112332504
2.062630559051172
1.8395330884233019
1.806935791490568
1.9894339033929764
2.0582058627853277
2.1422547189575827
2.135664546081854
1.980171383853945
1.988834880199331
1.9868362487679627
1.866470192995954
1.8098546839381675
2.0121150560068197
1.8075202963818338
1.9969933576027086
2.309726952616925
2.0597734160416237
1.8408360922837388
1.9755500174288214
1.9874361571359702
1.992065805566071
1.7945454442738966
1.907879116134628
2.146643469473339
2.1744251045813057
1.8296303150889968
1.8344014940200304
