1.5729256957160749
1.5902422308530393
1.6956027109065244
1.552875281828287
1.5772496985125943
1.5727667829518466
1.6871387880822433
1.5742349049992541
1.4309533929580955
1.5735260716537458
1.591893826420371
1.432648085219973
1.5827398104216248
1.7101012519187921
1.5757246528650728
1.57439242622807
1.4218380758059521
1.6857540529279254
1.5798823034912888
1.5815359715264297
1.425876853450046
1.4291336111537822
1.7122304541695774
1.7176816920194007
1.4320141201568473
1.424363453483806
1.4198335729734157
1.5707942498551033
1.5733807812107679
1.685676640691887
1.590879475229824
1.6957963572661907
1.4243897606125708
1.4142371980681259
1.576830396919732
1.5725560957860014
1.6869390625325584
1.5739790718884925
1.430894553357696
1.572997771292695
1.5748164668969995
1.5762087273566068
1.4338025737922209
1.5924708305356297
1.4324402565710537
1.6053652663499507
1.575287040772512
1.5742222837501758
1.562408452652242
1.5824067613253878
1.580329321385491
1.5812602398259088
1.4287444273259178
1.7121176916698846
1.7171568107818855
1.4311332706957893
1.422748582857718
1.4196384835729812
1.570748023812667
1.5735978379646676
1.6869542867581693
1.5907158650935789
1.6960103473177166
1.4232198198577137
1.414263529281735
1.5770184899590298
1.572478615840333
1.6874380853865056
1.5735771005220427
1.4304094407899401
1.5720908786739907
1.5739789926114198
1.5770236629720304
1.5720905973298567
1.4336368351732027
1.5908570645359026
1.4326471537777927
1.5827647826766222
1.7102764025158679
1.5755801648118368
1.5735764840228725
1.5613224119587732
1.6872668969054163
1.5796957179126472
1.5812333743677385
1.4260338578770613
1.4291777946105477
1.7117663640381413
1.7169923750406837
1.4307239392167335
1.4252461778364511
1.4190141047933145
1.570432425393917
1.5734806198570754
1.6862315175662663
1.5907464642839637
1.6953111143419672
1.4251230352955095
1.5774500343422893
1.5730890021961144
1.5728952984948656
1.4309023851453455
1.573277846571311
1.5770374419104083
1.571805332587337
1.5897842383628396
1.4326802914376944
1.582537882075049
1.6047802376888813
1.575377116691416
1.5724821823650919
1.5617040644638887
1.582836439949048
1.5800931181479265
1.5813949072727727
1.4261607733164277
1.4288604203382564
1.7172707817625237
1.4308148987275404
1.4243968026909182
1.4182966192248105
1.5707121986218164
1.6925425015593512
1.5952622329083825
1.7011454610207386
1.4261000146071328
1.5589201947707232
1.5832119574631458
1.5789192175301934
1.6915212299311533
1.5776979330973058
1.435614431684607
1.5782638540200131
1.5797504754714513
1.5827650016761186
1.577402877858351
1.4383437005011444
1.597691794766558
1.4390642998576615
1.5909210733359078
1.7131938708029262
1.5806009653880961
1.5767417907501688
1.568182015145476
1.5880325353284892
1.5854970770179446
1.5878919837456829
1.432873801324475
1.7181197179218384
1.7225300992095387
1.433839548920788
1.4267811783090545
1.424812680413448
1.5754141865210871
1.5794664296646705
1.6908293021087923
1.593983610533987
1.7008948588448376
1.4310749857711793
1.4178810535988622
1.5809872119969632
1.5771996416406329
1.6925779871446902
1.5804739044363996
1.4376147487006565
1.576172922488648
1.5763982896225002
1.6867325989331037
1.5736051896934498
1.437162956295182
1.5933315269550723
1.4386852145018256
1.587208034084273
1.7133292079207572
1.5795433407201154
1.5773694301689056
1.5669558446019305
1.6916202610746875
1.4307438015734049
1.435164961379395
1.7160332796550923
1.574146862256246
1.4261923232088725
1.424368338214981
1.5753382299894207
1.5781453711991247
1.6929345010376824
1.5951153676716046
1.702713468507532
1.5655238169926486
1.5602296993368583
1.5837010896483747
1.5809265691535688
1.6929371778340259
1.6806212075010796
1.4364932910422252
1.5778613692570052
1.5835895311233514
1.5759126958831178
1.438613828101477
1.5986162184362804
1.594601493172283
1.7134330863741558
1.5763729654562146
1.568511803109303
1.6938955794472144
1.58829160892901
1.4307679065014942
1.7177032362433904
1.7217578320405549
1.4334633769951093
1.4257851657475478
1.4273337262015486
1.5758139264485678
1.5796530090892158
1.5500805818651522
1.592459208346489
1.573243346316852
1.5580881179871577
1.5826666561368747
1.5767947243167169
1.693864695054699
1.5782278653302455
1.5802918145913052
1.5784592952847654
1.6863438043224603
1.5726860140918155
1.5909098848897811
1.4394110461721963
1.5859672777054443
1.7135694189823962
1.5785678748701386
1.5767751117698867
1.5672616160694006
1.5851597188608926
1.5852692951963676
1.5834747495241075
1.5710963621803387
1.4346930312640565
1.7149959537253014
1.72127015698865
1.5734367500341515
1.4277483744323027
