1.0401548936333893
1.0670629786411445
0.9660265028137464
0.8996512905026208
1.0504754929865512
1.1399063509324319
1.0083399611958281
1.0822196552355212
1.067358831423714
1.08425149053428
1.0827043452588598
0.9225466264444184
1.0806769553071576
1.0805107606794389
1.077002955268848
1.1405989330774176
1.0471463784920523
1.083510821719205
1.1040324486142916
1.0392270958473355
1.1241418221647503
0.9254820836622062
1.1251026684471095
1.052124755181119
1.1474428510797903
1.1566119348197939
1.1498890177553625
1.2172138875625682
1.1630743747470513
1.1330392236725109
1.196261906856964
1.1653069129218563
1.1711057024697928
1.277879211656068
1.296634571663088
1.1618549388098796
1.2850381327144733
1.1675442903898885
1.0999753890443866
1.2009618827439896
1.0503625291914558
