0.6716880864474238
0.6073476296334666
0.6172551726991373
0.6860711461996958
0.6223277905116215
0.5990539824400822
0.6953968299056449
0.7068833655322562
0.7557680458041799
0.6340176031520293
0.6757551484349058
0.5985274912295773
0.6085803887105696
0.6209109144988527
0.5924642457414055
0.6045708914328218
0.6510112821085547
0.4518094566124335
0.7145679680144952
0.6713639614923264
0.6752758905145588
0.6095720305370054
0.6564971787677789
0.6214655488804561
0.6365377834335089
0.6125128538248366
0.6683858225857509
0.6541519875113639
