1.0220582204820816
1.026268196348207
1.0798548798815135
1.0810311019438554
1.069091697108479
1.040345394155664
1.001496225147818
1.1057990165161502
1.080395397957972
1.09876284920984
1.1326723055987502
1.0706521034927698
1.0774614767433994
1.0869583370807574
1.0696524501461049
1.0852507887843676
1.0780732435185185
1.0761301394829215
1.0157686106268013
1.0669363199642508
1.104169394818376
1.1159739185724962
0.9941821623251617
1.0093291010468917
1.0805464751188396
1.0707654887208278
1.0915328700067342
1.009544109570148
1.0715334481604832
1.0813651766564052
1.114302960262647
1.096638634067603
1.081312618523606
1.0096395906738134
1.014757394041482
1.081007779416675
1.087940410841374
1.067594880172786
1.0838713720864452
1.0721034918854175
1.014310389318179
1.0873236834881326
1.1191263301317547
1.0932437338609549
1.1123386113236773
1.099298825748877
1.0850908938484312
1.1022586759465223
1.095509892686073
1.0729901282952556
1.1009334676024372
1.0733543772768004
1.0686500820232345
1.0950463450602606
1.0153998727921756
1.1126306583554626
1.097440285934856
1.1152999281711393
1.0816520949050947
1.0847145256415263
1.0856285004642185
1.091542183452024
1.0756314770885698
1.0064839952862963
1.0859888904077453
1.0851545732722359
1.1340193874830549
1.0817804370904183
1.008008487233913
0.9845382631344428
1.0831754953846437
1.065657557343962
1.0834599860816392
1.1044346043452735
1.076876130812264
1.0037559195706947
1.0930763029746933
1.097246028076782
1.1105753277665495
1.104544457457144
1.1054768713443204
1.10166495343964
1.086108846888683
1.0764606806032624
1.0798753510313843
1.0658756738235116
1.0817472586803856
1.0707434527052417
1.020846759725547
1.107079286523121
1.1004733850997221
1.089094541445643
1.0689741011145855
1.077663307559338
1.0749779397131523
1.0954319243368114
1.08755884932025
1.1151041782334072
1.120290513754836
1.0854583763413128
1.1294283644204244
1.0881103055562051
1.096855299752274
1.0897205683266706
1.0949165991951464
1.0775036314321214
1.0794458004054412
1.0327890479045627
1.1071986043925661
1.0096120660037542
1.0884323228562418
1.076228253705532
1.0839639956385176
1.0738000288341671
1.076027412871125
1.0913130492742134
1.0646383565394293
1.0739729491006527
1.0910172792252217
1.0733320212719646
1.0805829731289018
1.0150297588642783
1.1217274359768017
1.1384666278428675
1.1029484974039376
1.092087991750304
1.092253814078696
1.0876640977879943
1.0752476021595874
1.0279631721617335
1.0851856684934673
0.9992613203786085
1.0848540553331132
1.0991716036204753
1.1354719016970622
1.0719316870995697
1.0805975984213565
1.0942092757299844
1.0867360145602343
1.0731112011435686
1.0717833067544362
1.0426029569722937
1.026967853601989
1.0919475701499066
1.1024842279884979
1.0778218323636108
1.0918821997547197
1.0888952697368934
1.0807622573836075
1.0981049510162109
1.0860194506901533
1.0764071200463228
1.078890539651414
1.0710561058408126
1.0169686244766574
1.0719854830566538
1.088327267199791
1.0790933610049747
1.0839886649983153
1.077585403494349
1.086050333778736
1.0172419065053673
1.0901081069398144
1.129987936425625
1.078531670875935
1.0915430845966345
1.0045909003295765
1.0268786692632057
1.017113049005381
1.026850314380886
1.0977962275217295
1.1108752054288291
1.0245962346752757
1.011316376012126
1.0116281983260649
1.0847112340501757
1.1084141911893841
1.0853724895034744
1.0711377385644896
1.0745034324776384
1.0320738349976804
1.005948421171852
1.0775812881048987
1.121181196398242
1.1017922869282364
1.0743877285958452
1.0763419507640861
1.0867136056007303
1.0921768855959453
1.073374980882966
1.0804643269003924
1.0829119728181609
1.0881467917892702
1.0744328452778442
1.008987989026224
1.0927024429204775
1.1060402938728715
1.1142377563907946
1.0781334689489004
1.0177591040094116
1.074807303720801
1.0709154430528982
1.0031701616930169
1.087177715485348
1.0167135466624098
1.0814084887546895
1.111334749223378
1.116570501414581
1.0923750971094097
1.022044153449273
1.0782029172899683
1.082743977832596
1.0112327914526391
1.0858592142890753
1.0684088768060693
1.0747059788800475
1.0008410410698758
1.0103438660764008
1.0978002183402544
1.1040816200169343
1.09655512336525
1.0763154409982318
1.0805742878232927
1.0792582953452146
1.0856220142402178
1.0875628812200904
1.106202050943162
1.0776701056690126
1.0933924259231615
1.0128689782142677
1.0939171412044182
1.1509710603105139
1.0218658385538373
1.0805970059460293
1.0883796747274899
1.0999587948959129
1.0770234032850492
1.0075109895258858
1.0072748604762174
1.102119701267702
1.1010426613930846
1.0817469793717172
1.0988420254059361
