1.2589968032047807
1.304783712026559
1.3539075825861635
1.3061674024212793
1.2220538386213236
1.2155035060319497
1.0363816733579534
1.2652955165681314
1.1477281945878353
1.194109100916504
1.206483243199213
1.1524366121155034
1.183880121979965
1.0476005022495238
1.2319681526991468
1.00578419723438
1.2154934992654631
1.0320998058199684
1.3256169870315775
1.1672767773987176
1.2934033171667578
1.2158749315522062
1.219824940008176
1.3214441416628393
1.2461674082465857
1.2021586754858453
1.2719132619806088
1.2993664595556236
1.538461352807972
1.3798864510528714
1.251777765014413
1.4074700495056047
1.4656151194248421
1.2643318785069786
1.2954341796527737
1.2430952455355164
1.0551756168175424
1.3108843570602127
1.2418797898722262
1.1656552696873712
1.388755221683104
1.1928802031691543
1.3754100508259866
1.2691440663329578
1.1867126495483924
1.2361283749960712
1.3626790188465416
1.3575268662800317
1.2973545397196076
1.208596946012312
1.0029548390234644
1.1838768967839461
1.242457865145943
1.2635812917316096
1.2168326072810853
1.049215851250449
1.1911821233575375
1.2649872677051925
1.2030150232987749
1.2266400067550858
1.351605452618815
1.0900613321170824
1.2937232131647414
1.1406571326334767
1.2791521237832706
1.2983216200191003
1.205398137769658
1.1803529155813082
1.3118730891909236
1.2615292552674158
1.2920624570693744
1.338547076480317
1.2650293632102554
1.283804195688086
1.3881787049537788
1.4444062061597789
1.2675861042686776
1.364184780767932
1.4952720369947285
1.1987931945249792
1.2845211228999558
1.2135293413557382
1.2700586741233442
1.2760567624600934
1.2659318365874073
1.390035440033291
1.276811000551367
1.2747437343890493
1.1792531728771602
1.2678404707523059
1.2236545775619547
1.2583356305846465
1.2955132513033223
1.1487456633630733
1.2798068381412828
1.3932357317608741
1.2921917380667987
1.3596452233154754
1.2261701994586072
1.0494651243516795
1.328209604791853
1.2867787611260515
1.314321939780498
1.2923262306490158
1.085294091296714
1.17372756280209
1.1039979922541732
1.1710986193272341
1.2694774766879833
1.255105388535474
1.2382771632216827
1.102231089440043
1.3485327769375361
1.1837834600232973
1.3260635769809797
1.380196079266242
1.0995703177304101
1.185116142703023
1.3667983070006615
1.1960835813790958
1.2299719500485518
1.6505315076715166
1.4302962438086724
1.2258008192763303
1.357934968093936
1.3645340296687059
1.1749500179943142
1.1888907091666079
1.452510891115344
1.2314742475948053
1.088898857970816
1.4193571941115664
1.1994881683816352
1.4180281324750315
1.218146771242585
1.3974996933887531
1.3458816338699315
1.0139616560676274
1.2047816735996648
1.233135063090486
1.1684704528445777
1.234479653988865
1.3393730954520537
1.2582878792733705
1.141728727456584
1.2171070400181518
1.1907537942227064
1.1354507664187197
1.2501580364778855
1.332604514555322
1.2326873056734462
1.1890076551430557
1.207030612053933
1.2236861685416385
1.0620652440314364
1.1962918021819473
1.311974101979918
1.2989212856684247
1.2120748324725827
1.3247449939711111
1.2615780033185333
1.265006284909071
1.3275595092822436
1.2620705219705675
1.2530751733945156
1.2402016805943454
1.5171009986321804
1.420799712423653
1.340894145062994
1.3768491235871325
1.439729668872342
1.2735042637383347
1.4172736223250613
1.2964998201312317
1.1502720349320925
1.276898166358145
1.239118525249081
1.1653600091478682
1.3330800256586737
1.3663803241465446
1.1725785174100025
1.2995672251426693
1.248287670834486
1.106908991269997
1.1968621868465037
1.133483857183643
1.318934859958269
1.2448379112654213
1.2944967426666412
1.08019832609108
1.1394256058278533
1.2491659048153572
1.203310566234225
1.3365187400015077
1.290742146520198
1.2922644895588844
1.3176994262197854
1.0985634597727107
1.0448107458147127
1.2779464440002746
1.191416176790361
1.1844321020086506
1.2374584022474964
1.2909773911008224
1.359584887918701
1.2398488630137987
1.238548119181834
1.2733175706051854
1.3670260241479508
1.1524096345930843
1.2145407098431131
1.2548179984681358
1.2204348488713768
1.2575690372545554
1.6721146525735084
1.4075725964278032
1.4530705978898044
1.214782459448735
1.34503077465833
1.4956725130635748
1.4764416535631912
1.3015141674161184
1.2164022958163523
1.2876143901032915
1.2318354000889644
1.2278519930940703
1.3156052214810958
1.222833733610136
1.2736557703159495
1.5197855957370598
1.3387686572873232
1.3620151760945616
1.350055214413128
1.1106544759183703
1.341289290326387
1.2202811579640482
1.3094201567590706
1.305735729150379
1.0281467103173505
1.3393088674527787
1.2024503945355927
1.3332242339749023
1.230508081188128
1.169449686687997
1.1754144116660301
1.0860474568903051
1.1783909283074299
1.3349100955982989
1.0441326443827912
1.2809871592453066
1.1982703901114455
1.2857209973719705
1.3444476509487018
1.0375524076589309
1.2673645924735677
1.1370604968918043
1.238888607853601
1.1880206266123925
1.2713184916501872
1.0678164140734705
1.265141771833262
1.2418160549554769
0.9905144163947881
1.2499527062534075
1.2475827545535163
1.0692848297001334
1.2512632587190469
1.123996735761891
1.1645711915858292
1.2994180223665919
1.1710853418240732
1.334085173082731
1.2856083974547936
1.4101724673177873
1.2998818375988523
1.0098697127428162
1.1900976039355333
1.2503832444714293
1.2135259206794664
1.5376554143219265
1.3278563466285858
1.2175074311243816
1.3030725274301396
1.468970545093695
1.2278786360179261
1.3638137186900734
1.3534371473087126
1.2396572527107095
1.056557974682766
1.391272886490355
1.2887993576055998
1.3923749810293926
1.2945567435766032
1.1112963268959657
1.318825960920118
1.2723677503607849
