0.41239205695301806
0.3635700350023253
0.5260934406156725
0.43365061339742494
0.47284429138386047
0.5466533847339945
0.4837455512915647
0.5342724530528751
0.5484920447808236
0.5608133799928757
0.5030603281076497
0.4630017359124214
0.6333802045087747
0.6228501640667111
0.6578213624093134
0.5705487717781265
0.5076605883857643
0.6269040877135068
0.5098565479297896
0.6789190438518655
0.5154661137430276
0.5689162251826514
0.5806961670139233
0.4648004325720508
0.4302720795425438
0.4796119005133164
0.6024599395964236
0.4746545537155513
0.4533984280387204
0.4607442359004242
0.5389181282130264
0.42078964877214237
0.45125001239838686
0.416337613562746
0.5535118377018493
0.3739788180784489
0.39937002474464334
0.6142735380992599
0.33388418656200974
0.5053036951665001
0.5557175373722633
