0.39724239060324146
0.3629977570956044
0.3739683791701385
0.38989714304340317
0.3388151643857872
0.4094711818757009
0.36661739495717094
0.40348760223068925
0.41183727663262315
0.3826474592155635
0.42217009049369575
0.3508701697329848
0.3745807182969013
0.3652403221808189
0.3493605903395277
0.36219636469874317
0.3599288483333333
0.3829209350259568
0.38095037238472745
0.36122377864135724
0.3828206182467754
0.37405053874088917
0.3399840997471515
0.36075989248865814
0.38911342780116853
0.3584717946078404
0.44084174384642083
0.3839656376156704
0.33354502684626997
0.37051598311505285
0.4534530433399297
0.36786300419860957
0.391111868841032
0.35790442912357157
0.3725173553049195
0.367248702444967
0.4388274680073221
0.3446954515245936
0.3557857785963906
0.3768882679459612
0.4024589584332755
0.3934292467681192
0.4520092776803841
0.3953166227031704
0.39366198390647866
0.41657080190107776
0.3893923046140412
0.40413877388617436
0.40060120343000827
0.37054856195325825
0.40010499240534547
0.3607048886392892
0.32212553726508864
0.3903375757401415
0.3639004501603495
0.3806690100958012
0.3499904975365948
0.39854239008604214
0.3646971983595786
0.44255027185223716
0.367954650170332
0.38294742254277114
0.37771640989672195
0.353420294034571
0.3830895647821718
0.32197727504317825
0.4142359504730134
0.36553444668134805
0.3577051013083878
0.383280972863425
0.4434077286963797
0.34248639571864103
0.3770845183126619
0.396223128055916
0.3633165167205725
0.3676020388524836
0.3984343477367188
0.35225099442323043
0.4453612981948956
0.397640488678618
0.3702344826178211
0.40400209931185493
0.4094783898208728
0.383686397302345
0.3843042825041486
0.33070814084315536
0.3991684673736102
0.3635593829313214
0.39029029436914964
0.39857510486479353
0.3877828478089814
0.39696728860964814
0.34049250349179716
0.3704871239783195
0.3739693700262434
0.45200020198844526
0.38093389615402673
0.4041289158676891
0.45975619018679165
0.3912966608145171
0.4592997252389816
0.38859533034447713
0.40939792900710836
0.40625577484637476
0.4131933482286413
0.38592689226885657
0.38794768004226554
0.45492379778859704
0.41462185373545773
0.39483498568856507
0.3425851763350981
0.3663752170686979
0.36612150735010596
0.3578829008025409
0.3538889906024726
0.42076426287219504
0.31773696488511116
0.3733551383151016
0.3524284780289637
0.3587588723154175
0.3891467545059538
0.38736879937673374
0.4528434333444969
0.43606710495822537
0.3785350592096089
0.3938697325981869
0.38806910752698875
0.3984092227433914
0.37681701438311366
0.3969788132176652
0.3704379660652505
0.36828536111756094
0.3853677500070649
0.3735099820589653
0.3949363905030483
0.3570183813116389
0.37615517518789976
0.40359237707750895
0.3835456547710411
0.3775839913299094
0.356373416863194
0.42405090313425664
0.41489749087126965
0.4206317204729825
0.3797657624683609
0.35004486861156836
0.39812590399194203
0.3835811693819925
0.40500798206330413
0.3909667354875389
0.36478422154408685
0.3588384836797256
0.40967058435318193
0.3592837529553825
0.3853173138220568
0.37359756618560913
0.3499839072557117
0.3569495102516056
0.37807139968655457
0.3955561707039983
0.3690828453499595
0.4031092951289834
0.3536729811607407
0.3978640892565141
0.3540172592891886
0.39035627886907076
0.3751500692181636
0.4464260095100334
0.3824874098226209
0.42298935006320226
0.44561468885830335
0.441106586713693
0.40224231010363265
0.3773941529785699
0.3764651738733728
0.3797918792942502
0.4054284598172484
0.35836423454996313
0.3875703401843217
0.37283324126159945
0.3919016433275928
0.3782837663633992
0.38910591534466055
0.41829525679012297
0.3830517241719992
0.3878233025238764
0.3587992469624125
0.37808568500904427
0.3980458798925235
0.3850393297577076
0.3748861243028505
0.3917101604644456
0.39229436019498387
0.36670335513998487
0.32875242645589614
0.35860757075263583
0.4060113127402122
0.39534258600282773
0.3842771182694056
0.4458922212929705
0.3533621448256091
0.38058518353042625
0.36548252887999644
0.39364427900549426
0.4001156001810738
0.36754701574591275
0.44755059485082826
0.40592038560483973
0.4006676296539703
0.3937066669763684
0.4087904396873926
0.3791704214724898
0.37385945560622996
0.3807307236802735
0.32212196829205
0.377027150817121
0.38203292130931077
0.37552089376171666
0.3626001790373742
0.3996159676036404
0.37061908931882437
0.39956327443857986
0.3955637876977368
0.385336120675161
0.3850637949299628
0.4056795585884887
0.4649644146627664
0.36485133722781504
0.37714956065923116
0.3841916939367458
0.3521129737497241
0.47110147367035515
0.4421550672922197
0.3911130776944326
0.4085947439731529
0.4574667177273326
0.38705250386539203
0.3737052005826413
0.36868379829571246
0.395141248250789
0.3468141222557959
0.380471131207061
0.383598034988615
