0.9939398564964884
1.0228620168133538
1.0762213203455624
0.9611647433456524
1.0017577414412686
0.9941576057053785
1.06230433844949
0.9964333668050885
0.9201731640512207
0.9953910759446489
1.0258459585392354
0.9232008438148531
1.010554933425988
1.100616430870063
0.9988237532836974
0.9970570839364687
0.9051835022297781
1.0599884945877105
1.00558181155346
1.008558264416466
0.912403579037042
0.917269911764711
1.1039259869824203
1.1130981925298733
0.9222916653136963
0.9096291323282824
0.9017562116619023
0.9908340064931042
0.9948665795622083
1.059833091629336
1.0239355906216723
1.076523854508745
0.9102688586826995
0.8932571609292531
1.001053078292249
0.9938117213717312
1.0619542565984086
0.9960811583816478
0.9201340316639643
0.9943162949267343
0.9980757694153102
0.9994755929026649
0.924774668784407
1.0270438246502547
0.9227992481312435
1.0479989090285595
0.9981128374967463
0.9966829400261932
0.9767701487784921
1.0100547451541433
1.0064569715399208
1.0080031085898633
0.9167338550670057
1.1037323016736205
1.1122244606575562
0.9205926726415787
0.906709940539719
0.9014123380337624
0.9907349764772282
0.9952273961253868
1.0619913218121384
1.023651407214253
1.0769007143642157
0.9078010617621209
0.8930912973409033
1.0011266232831166
0.9936706163203722
1.0627403335395156
0.9952101154594999
0.9192334096084408
0.9927303129414997
0.9962767549812973
1.0009840816081133
0.9930540570384341
0.9244567534531778
1.0239650077811213
0.9231988517555574
1.0105729388696392
1.10083023999625
0.9986388682732705
0.995233687713456
0.9746846534579388
1.0626744923185787
1.0053509800814466
1.007935190179508
0.9127557631284353
0.9174500428583008
1.103152503430027
1.1119381114066043
0.9198729659334683
0.911370059232554
0.9002764012660778
0.990098202698226
0.9949821890584286
1.060747834291483
1.0236955187275996
1.0757150519085195
0.9116974845286607
1.0021911993451722
0.9946643206945776
0.9938698521013722
0.9201024766362427
0.9947937566770926
1.000894267261684
0.9926349389276129
1.021980482282585
0.9232717088458038
1.0102769715024926
1.0469992650619933
0.9983208679078126
0.9934317619042334
0.9753666333913715
1.0107900097805511
1.0061471032881817
1.0083592742157672
0.9127650666384908
0.916779718329943
1.1124363710095637
0.9200964599550823
0.909573671844531
0.8989731020802614
0.9907459383718518
1.071364847120143
1.0311970561779766
1.085326007145357
0.912258329486183
0.9711423350549235
1.011616487958877
1.0043497134275152
1.0693126693542818
1.0022689045120916
0.9279615815654292
1.0032513742098894
1.0055666955732308
1.0103212119910063
1.0019080090045038
0.9323115849776352
1.0355229346738237
0.9338625621409371
1.0241367364397114
1.1056026211104668
1.0068335958289212
1.000746048254027
0.9861326009772
1.01909333294605
1.014896675086686
1.0192332241545343
0.923344371712788
1.114030552502744
1.1211502542677594
0.9250981978416013
0.913555516930263
0.910027462387071
0.9983742813699538
1.005083250404729
1.0685961313543895
1.0291674769752939
1.0850618720324452
0.920785351505292
0.8990999834649502
1.007679343490594
1.0015785217820072
1.0710955870400922
1.007232402487062
0.9311835001604418
0.9994591777239819
0.9997882844322252
1.0616628435759656
0.9952657700564591
0.9304265969764833
1.0280718183151574
0.9333819760597437
1.0178179802778842
1.1057011915446038
1.0050663945975515
1.0019450346471137
0.9842585029079793
1.0700636803611112
0.920564719990195
0.9274983244952173
1.1104262626651487
0.9962002370124923
0.9125579693490989
0.9092757082344078
0.9984414879722253
1.0026619333714737
1.072002098172699
1.0309159784075954
1.0881122897595714
0.9817282606702469
0.973391267237895
1.0123060662824002
1.0078149633478732
1.0717071536193232
1.0514485689756286
0.9294839184539851
1.0025125404469022
1.0118528530904143
0.9991263247231412
0.9327160274549307
1.0372384412619153
1.0307117418930956
1.1059134426900254
1.00015333151362
0.9865007970692972
1.0734886075309407
1.0196640286722842
0.9197618929291405
1.1130512669235393
1.1198032975556942
0.9245345164902202
0.9119730526930188
0.9142776442943119
0.9990977932718845
1.005308216844207
0.9965105911609602
1.0263816450521603
0.9951908996411195
0.9704172352266195
1.011153811510176
1.0008718345298282
1.0732504275867083
1.003237800872391
1.006420276598477
1.004040926740432
1.0609683617877428
0.9940365576188935
1.0241242438257554
0.9347106587122898
1.0161115470152302
1.1060757743496212
1.003664919787871
1.000962509725281
0.9848548046697974
1.0146023406424354
1.0146243844494545
1.0117409855942279
0.9919900533693478
0.9265502355946678
1.1086069157399265
1.1189655313033704
0.9950805688183038
0.9158885354757494
