0.09847774545454545
0.09958057704918033
0.10390243902439025
0.11003812537313433
0.10947959056500274
0.10716461414141415
0.10731444962352098
0.10408465251396648
0.09028796417910448
0.10658841739130434
0.10374366109510086
0.0939454320681642
0.10312568901903367
0.1080581980973699
0.10241917315436241
0.11058592401433692
0.09393356595744681
0.10717131474103586
0.09933470322361723
0.10330081370348494
0.10273161916537867
0.09262287715133531
0.10375414059624587
0.10531670495569413
0.09659917094111173
0.09819357739490006
0.09237742071176659
0.1065158212227688
0.1015061957967138
0.10669642857142858
0.09978757429537768
0.1035386631716907
0.10891943791146425
0.10728575468277946
0.10937470166852058
0.10725931111111112
0.10700474279460051
0.10541989421487603
0.09134876922047508
0.10309136990036707
0.11620104256559767
0.09963005154975531
0.08763962435269419
0.1079951276356831
0.09295156923076923
0.09835357201554693
0.10275105176606833
0.10895560796620399
0.10494029844559585
0.104113773012939
0.10167704615384615
0.10157995984027382
0.09464937142857142
0.10365068002863279
0.10533596837944664
0.09244278667474258
0.09409424398340249
0.09204037741828987
0.1061200622100955
0.10148919131693199
0.10721518987341773
0.09958057704918033
0.10390243902439025
0.09959731598676957
0.10351027368421052
0.10505572032520326
0.10704381855670103
0.1061834421161113
0.10180026260971328
0.08969094925373135
0.10175047272727272
0.10894301132075472
0.10233477978511739
0.1075863067961165
0.08688930696111377
0.100989403983102
0.09393751826625386
0.10270061935483871
0.10665224445646296
0.10342588456375838
0.10224305815602837
0.09998260347970174
0.11013395457192779
0.10077730408662243
0.10116339219898247
0.1043608
0.09453973313298272
0.10375414059624587
0.10511475409836066
0.09176801030042918
0.10304853109243697
0.09032487898996439
0.10412608675055515
0.10059200733944954
0.1065154902587033
0.09945660857787811
0.10353750409433345
0.11263646265060241
0.11127175794441531
0.10661890661896244
0.0981295829787234
0.09054582509200401
0.10328342304832713
0.10030475339805825
0.10860012307692307
0.09745273020134228
0.0942548160936357
0.10418022479338843
0.09791084044943821
0.10379332159814708
0.10263744332344214
0.10080866712802768
0.10445817757847534
0.10318551474947071
0.10395091770062606
0.1007208
0.09199511979127842
0.10573122529644269
0.09306211736526945
0.09619481247401247
0.0883900607003891
0.10739213203883495
0.10829220138203358
0.09901122395209581
0.10150429799426934
0.09342229253731343
0.1082873878669276
0.10806925936540429
0.10604951578947368
0.10199115044247788
0.10523348829847372
0.0906483176395125
0.10594031517761034
0.10301745617461229
0.09816296555455366
0.10758902633053222
0.0870703145631068
0.10399018113207548
0.09336992280701754
0.10216025583756345
0.10503105590062112
0.10030696327769348
0.10650634606741573
0.10025756322532027
0.09803513317422434
0.09855904102200141
0.10476972241112828
0.08975745109593963
0.10895840739424104
0.10480160053351117
0.09235389352517985
0.09633675547309833
0.09188671056383668
0.10364266902654867
0.1028368173449981
0.10985130111524165
0.10083746953567384
0.1042679312388856
0.09765955395987329
0.10314089440323668
0.10394302292179046
0.10775534285714286
0.10238095238095239
0.11129731167512691
0.08863334186825456
0.10040872437223043
0.09957163110504774
0.10795321637426901
0.10195937021276597
0.08856285672123587
0.10067812102065614
0.09609193402061855
0.09981382247372676
0.10274521018015442
0.10022608115246098
0.10925891858087794
0.10330891428571429
0.11253841425937308
0.10362371262135922
0.09579379953205427
0.10667433831990794
0.10252959853747715
0.09604655201760821
0.0916854017699115
0.10713108381742739
0.09888486471277842
0.10800273597811218
0.09835778118858213
0.10461716044632552
0.10072538228498075
0.10948303017635533
0.10580770363196126
0.10820346565464896
0.10261343012704174
0.10743801652892562
0.09168460090497738
0.10471585033407572
0.1009966219269103
0.10222416852300242
0.08624645114443567
0.10713658962605549
0.11009775890722823
0.1034493771957841
0.10690220355871886
0.09699145396825397
0.10592755214050495
0.1005354482308111
0.08844967767969734
0.10382571732199788
0.1037243947858473
0.09349278697068404
0.09773277604790419
0.09275861125115278
0.1046736854368932
0.10128883051925115
0.09521478494271686
0.09642456054421769
0.11146700403458212
0.12019789446441409
0.11610012307692308
0.10718249203539823
0.1025668449197861
0.1067756557956778
0.10214174103343465
0.11428902278481012
0.10711638250555967
0.10740881438561439
0.1022710421701603
0.0982332716553288
0.10632071511081263
0.10228136882129278
0.10426351007751938
0.10940302195845697
0.10486920197433366
0.1033817657370518
0.10049126419914838
0.10242645497287522
0.11826129523809524
0.09288610278232405
0.10504587155963303
0.1032748538011696
0.10367893770491804
0.10931520559440559
