0.11600609756097562
0.11426953567383918
0.10960784313725491
0.123943445398773
0.14673287741935484
0.13446271837171933
0.11709958015435502
0.11863354037267082
0.1299702282500827
0.12011468901632114
0.12225656877897992
0.1209221232080589
0.1342376052385407
0.11953488372093024
0.10735948318584071
0.12595636923076922
0.11295770790796086
0.1336435643323184
0.11189112452830188
0.12340305257207462
0.11397949673811744
0.1311641791044776
0.12856696657824934
0.118658303926097
0.11967397799717913
0.10252689588173179
0.13251687088607594
0.11743174010386613
0.13157894736842105
0.1216977540921203
0.11384221019652521
0.11317567567567569
0.11023286323384716
0.13661003314415437
0.15562352102728733
0.13792633015006822
0.13430529543147207
0.12170952186326071
0.12302861130495464
0.1244047619047619
0.12019486271036316
0.1289655172413793
0.11693836978131214
0.13135518157661646
0.10577223088923557
0.12404997397188965
0.10604309150090416
0.12669835985663083
0.11292517173447537
0.12958617906458797
0.1248868778280543
0.11448916858638744
0.11801470588235294
0.11460708782742682
0.12533724340175953
0.12499994418604651
0.12756024096385543
0.11542785303292895
0.11445325957446809
0.11324085750315259
0.14243954241245138
0.12748091603053435
0.11708349365140439
0.11282576866764275
0.10996677740863788
0.1100163666121113
0.1301111120879121
0.14534878139534885
0.13696700730717185
0.12824352656587473
0.11309088744049799
0.11946755407653911
0.13593646591661152
0.12064343163538875
0.11635434412265759
0.12040185471406492
0.1267906976744186
0.10646983311938384
0.12243733184357541
0.10682850973451327
0.13051176789908656
0.12490942754491019
0.12307692307692308
0.1140597539543058
0.11285843646242077
0.12495543672014262
0.11949378823529411
0.11889118931705456
0.11499719450897572
0.11946845714285714
0.11241154055525314
0.1259476673983215
0.12239874969217238
0.1316818774445893
0.11595744680851064
0.11114237478897018
0.1340358582278481
0.14222822092050208
0.13502702180094786
0.13812366221315656
0.11660600163629602
0.12264927934111187
0.12798544492226266
0.11820546163849155
0.1221359223300971
0.11918465227817746
0.10788203753351207
0.10550059602169982
0.12547169811320755
0.11505477757988476
0.12984118325912733
0.1236486493170381
0.11708883354603464
0.11969604863221885
0.11438671995081463
0.1252818991097923
0.12618594309109518
0.12043413173652695
0.11478665919003116
0.11531814526091587
0.11326781326781327
0.136596464781491
0.11934340117351215
0.12766898294377765
0.1141124586549063
0.10970677451971689
0.10696629213483147
0.1350232
0.1390275952693824
0.13363832581292653
0.13387379863680623
0.12103746440677966
0.11888412017167382
0.12401423065520309
0.12622950819672132
0.1172478793590952
0.11707827542904982
0.12042360060514373
0.10210218978102191
0.1257608695652174
0.10665956363636364
0.1311163869481766
0.11195126844919787
0.11752560000000001
0.1184673366834171
0.12414163090128756
0.10710994075049375
0.12438423645320197
0.12650534285714285
0.11590145576707728
0.1200463062600321
0.11879985897035882
0.1128230616302187
0.12373748571428571
0.12198102245989305
0.1264406779661017
0.11548942273216208
0.11683006535947713
0.11606246514221974
0.10733399405351834
0.11118667124117053
0.14648719632304663
0.1304868368856985
0.11695974634146342
0.13729492515337424
0.12671875
0.12311296199895888
0.11476736345246123
0.13181441590720797
0.10691854759568205
0.11984251968503937
0.1168
0.1160835617834395
0.137218472759073
0.11993220338983052
0.12077294685990339
0.12953020134228188
0.11446480231436837
0.12155688622754492
0.12595490105844456
0.11725627899040171
0.12436728138466974
0.11442472810532342
0.13057996485061513
0.1330708661417323
0.12108922363847045
0.1140442132639792
0.10843840931134821
0.1242732
0.1464583145038168
0.13157894736842105
0.13352100476396708
0.11161971830985916
0.12059973924380704
0.14981009224091157
0.12193428968070338
0.11853486319505738
0.11350844277673547
0.10553165334972342
0.12876931273308473
0.10846781778471139
0.12608125610859727
0.11622336357827476
0.12673406824408467
0.12618343195266274
0.12093821510297484
0.11381381381381382
0.11082474226804125
0.12439862542955327
0.11489596626161544
0.1102882159795695
0.11676255861405198
0.11629618823529413
0.10927835051546392
0.13273005353046138
0.1301109350237718
0.11732706514439221
0.12508824327993484
0.10987315735344533
0.11524542222222223
0.1458457806451613
0.12531328320802004
0.15659526292134832
0.11761827079934747
0.15256619810395555
0.1272437034409365
0.1186862967157418
0.12297955209347615
0.11810344827586208
0.10701492537313434
0.12787136294027565
0.12416506851211073
0.11894736842105263
0.14669946569872958
0.11739130434782609
0.11654804270462635
0.13312248418631398
0.13888307261146499
0.11559807191011236
0.11797963859899929
0.1144385026737968
0.1536926560669456
0.1263918440677966
