0.39333761659333755
0.338545429226361
0.35467230471325745
0.3379795810948657
0.4146488323232323
0.41183568645533136
0.3929534829143587
0.41901250389610395
0.3439064810126582
0.4003131520299813
0.3626278856036152
0.32698314978211246
0.3586969655172414
0.3272707868438838
0.367260664935065
0.23048307340553553
0.4380962220434433
0.3117832719621252
0.36490075813366957
0.3568342013964313
0.38662895097001765
0.40513517336108223
0.3579138833974549
0.31874837765538944
0.42584264641192915
0.2878017904761905
0.3370043041954328
0.3453248339460574
