0.7775306941323258
0.6830859199575096
0.7295649050079921
0.7138515993062585
0.7003320566669022
0.6591147538080265
0.6351271385322845
0.7287962341074281
0.7433407147857959
0.7533344943330847
0.6607496379112139
0.6686803630711005
0.7324047756823253
0.7249818363683023
0.7830995056567474
0.7402650182404529
0.6779980081564501
0.6901803349012388
0.6270061433132749
0.7690163485787995
0.6762166605998895
0.7552474912165286
0.6739500782652446
0.72031835184379
0.6840053379833648
0.7397970373639045
0.8183392912917615
0.6742700124843815
0.732106617777321
0.6003040330160451
0.6410425884237736
0.6888750740001884
0.850334906691666
0.8286306775251762
0.7008076811084419
0.7498704080347272
0.6945453502050933
0.8244158588554599
0.687191715855746
0.7111941374480116
0.7106032061483369
0.6651789065796121
0.6790080918465387
0.7369349309532883
0.7802620294353539
0.6933372130109831
0.8033508305744078
0.7784062439351902
0.7288868264744162
0.5949582422377663
0.6791354346717666
0.7213929113817267
0.741700601475744
0.6391882490194
0.8496174912917397
0.7145549438830355
0.712007586245131
0.6853909739719957
0.6317936608481471
0.8263681820133987
0.6497183178930102
0.7697098781914887
0.7195054909930589
0.6470729876740868
0.5967916834440199
0.7150137013389934
0.7040638229649147
0.7594373601075272
0.7467300623739999
0.7284626281660159
0.7609464161266845
0.7374971631557568
0.7743791863122277
0.6891079783635965
0.7109945520608634
0.7300294453339533
0.6725038013914861
0.8108614025777712
0.6330774044300375
0.8030315922248847
0.6149999108607642
0.7699322622318022
0.6196773407134292
0.7550613332765638
0.793063144938441
0.6261147455063345
0.7653244266277235
0.654929705071883
0.6894043730507164
0.6364273752001675
0.7481880175961778
0.7155701931522954
0.7969450176847384
0.6155589542008084
0.7399295458646151
0.7180764777740829
0.6815837948709463
0.6137031134888482
0.7005042677327138
0.7895326972697572
0.7763152167380466
0.7403309564510167
0.7353101040775933
0.7492674612978116
0.6797651818593682
0.6807329491923936
0.6997751860024726
0.7184344014271847
0.7542775018859823
0.8189053982811706
0.5773242980650051
0.7207129128717267
0.7757880443169625
0.7213805294549096
0.8457891051146814
0.8080464186755935
0.7179945873487606
0.6617096265381042
0.6699583873770755
0.6737920629594923
0.771289750176478
0.7049579312222654
0.7238445041412351
0.7075874682782244
0.6771154271705608
0.779981055670037
0.6165372451927869
0.8030951231354535
0.6461654079890177
0.7060278168850594
0.744756314511207
0.6562529576749883
0.7329938976063757
0.6362363683196405
0.8271262434008674
0.7523413042979362
0.8278940403305679
0.7076518474562101
0.7447423446546662
0.7646873840576607
0.6926303340100864
0.8462470592560292
0.6758529836049209
0.686348989756367
0.6788855730847692
0.6870210998998494
0.6309260838954877
0.6784984079810156
0.7182115163242672
0.7323721195309593
0.6153958418747012
0.8436240763248954
0.6237036352176767
0.5749671122716092
0.6813546120525744
0.5958915590755609
0.6374327526521792
0.6928468203742375
0.6236653567965194
0.6573979592273496
0.696286868101937
0.6788588601135018
0.7215916876504805
0.6378138886679608
0.7226735122179118
0.761047861121502
0.7966001056409588
0.6094177005046264
0.6933852238660974
0.7221554225418617
0.6756101400728656
0.6497774429354727
0.5963838647303236
0.7976622150649643
0.6826816835065682
0.7880876860246445
0.7854660898685696
0.6010093069858785
0.6284746810400308
0.5889737803415139
0.7973977418072966
0.7218836732691434
0.7241238703382877
0.7019694579607844
0.7068498661257672
0.7289032316592097
0.6026851160683293
0.7499661525423018
0.7095649416750329
0.6269705809909978
0.6901159628016089
0.6809140546494515
0.793202273410045
0.6582017576872518
0.6081999364032853
0.7071768425182161
0.7335085984752483
0.7225870241830215
0.6983097251014063
0.589357396877461
0.680366272038991
0.7557345241623176
0.71817411578647
0.7530047966574388
0.6758007889062078
0.6840546707283617
0.6843484581292515
