0.47071473669156716
0.4919738663408203
0.48673084293954505
0.5021743545919968
0.5003394572067408
0.4506493175468362
0.49003803249617106
0.4824194094435128
0.5341096367040885
0.4553029040014175
0.46511235839686843
0.49260197654110804
0.4750894229676329
0.48530364898249245
0.5329879375057748
0.4836283702343134
0.49828027260073837
0.507708872047706
0.5734856302803147
0.47476701773865115
0.5333936859470606
0.47219896266157113
0.4618621344684148
0.4760775874560879
0.4919633415691371
0.53320933841664
0.46954979545375514
0.51135288430182
0.4542173755007833
0.5654889148791046
0.46593218769914335
0.5134852065257809
0.4716992711255052
0.4613633424933761
0.48113737187527733
0.4893396940062722
0.4737933762199663
0.5577483980551341
0.4569443901387102
0.5056329571136714
0.5608935909429921
0.485334733657332
0.44967195518804437
0.4892422030957028
0.47410569798764945
0.4879765976964576
0.485862032180409
0.48426042776634565
0.45316605731275184
0.4762390433605099
0.46611195064112376
0.5629593512581366
0.5523317912212162
0.5728457041837509
0.5059240973996575
0.4436328881832527
0.4947603620918999
0.49407323981308615
0.49422252194820204
0.48380941027884516
0.4624532295023654
0.502735461391442
0.48885154632590105
0.42856653936992534
0.44378172301971075
0.5734948289933122
0.48436848474945815
0.5706288458923611
0.5015130001842986
0.5016663715723023
0.5163877828801029
0.4652661880307749
0.5231592678149036
0.5092529912987895
0.4820187275480103
0.5627331446697579
0.4445380844026453
0.47619720731066806
0.5128320929720064
0.5067674095572963
0.48326476865200535
0.48875172388595156
0.4840665976476868
0.4846091543508592
0.49459571093484433
0.480443092138452
0.5686774900181949
0.46777110548016
0.5563040176281238
0.4752519675398547
0.5050545796499122
0.5177118417522172
0.47952911734715975
0.5132206556001047
0.4692364766572415
0.4886404475281043
0.5305325887422793
0.4871715475116839
0.4845555783531
0.4737606433573661
0.5133840493897222
0.5659982272233857
0.4997678315619696
0.4827501680420183
0.5262590862017774
0.5252062093033171
0.4664244972743159
0.49193708036203
0.5126582167519723
0.46117858315298216
0.44624424265898766
0.48142767809707643
0.49255290943092433
0.4851948294326546
0.4580452859360374
0.5240874460488035
0.520769092564513
0.4914923756828591
0.5054683591414006
0.47374013087249034
0.4819160455554107
0.4600196739805272
0.4921497912367483
0.45946124621777895
0.47946773160304956
0.4762777241760155
0.4911898301719778
0.5461461959405762
0.4701267259921431
0.43381829307334147
0.4913747947974859
0.4730037894913589
0.4625996762769873
0.582057117251592
0.5279180124246048
0.45432460218113063
0.4744609483108679
0.4717346554375058
0.4497160917582985
0.49505335182256155
0.46320299549798916
0.5706717870044795
0.49960447607752356
0.475938541352459
0.519306923117728
0.48357619872551083
0.47220420453273004
0.5401696667538831
0.45842628438341293
0.47201035396756524
0.47663460303093824
0.45574044973854166
0.48343630724112696
0.4971798375674671
0.5203749505616262
0.4786230723507091
0.4647722985304497
0.5610747071575461
0.4583732462284824
0.4995090857315986
0.4849652257574723
0.5144663466834791
0.5189199341439905
0.4859294346007731
0.4795493801739748
0.4684144499290823
0.5052770091309002
0.49882326974054125
0.4712809498879813
0.48686234852684135
0.5154108878105318
0.5095278897586141
0.4654521214364901
0.4904954332207943
0.4677559498491436
0.5184035150943137
0.47566317365240623
0.4776249032651566
0.526940355983373
0.4824272977498424
0.45128195254970205
0.4630054388863642
0.47563589828215297
0.42819991982365146
0.4820466043966254
0.4725545332052633
0.47326546230990174
0.4497513263573337
0.4513345711068775
0.48342382065344897
0.4833854430979188
0.4505759259066655
0.5178379975483186
0.4738187644680142
0.5186985917776746
0.557329164563951
0.47596223217469064
0.48624080394373603
0.5069820330250704
0.5646145009300996
0.5035055873344848
0.46504939286696145
0.5016422792127142
0.47670772294773384
0.43017603778079
0.4839335695928666
0.4864499264752018
0.5688887370286396
0.4963217379711843
0.47819310364487877
0.48107409908280996
0.48322011918017127
0.4328177554465055
0.4737646729687304
0.46997808925105206
0.5006619977460968
0.4941887401821965
0.45371827657447494
0.4747253048654265
0.4935420129441073
0.4566237201444277
0.5616872330938396
0.5147243673008307
0.4843337179759173
0.4900590909820744
0.4863995298006634
0.4993431418907237
0.45878108074649115
0.4964719275362467
0.4798866599939726
0.4926022694436125
0.4457981069282966
0.4602845958972298
0.5106942685098297
0.5033692625141859
0.5020307171022084
0.44089722272710646
0.5508473663857334
0.4846720452558467
0.4877533441457672
0.4906745432057038
0.46064140323492714
0.4961879101262436
