1.5267218966589937
1.529835282270218
1.6967013095809327
1.6925871184313581
1.8154423486352806
1.6856902738615573
1.8157316159141215
1.5285864888236913
1.7005802243108428
1.6857197197811173
1.6872499994510113
1.6919053326582105
1.5299918843799913
1.692750918530851
1.7006222777389202
1.6896715881374487
1.6942889851276737
1.535586954941905
1.5421148934318578
1.6891688531031301
1.6961685405011813
1.6897242073711058
1.6876152149512142
1.691926022345558
1.6906085416044656
1.6974299645434763
1.6905611367136377
1.5315974086648947
1.525365215083036
1.8251618164741872
1.5262011638276989
1.5330921223159146
1.5297224697931202
1.6873844998717675
1.8142839439606193
1.6910258875111
1.6872701680567082
1.8216703303051829
1.5265907645978705
1.6922786767175668
1.701887268795456
1.6893376652147623
1.8054484696159223
1.6937355302828632
1.52604324672762
1.6910220216126701
1.691808737113004
1.6904551813940538
1.6847664936521682
1.5326354634121844
1.6907020955444163
1.5386882522313663
1.7016720510561845
1.8258587255515364
1.6931581825993824
1.685313300901539
1.693684861510604
1.692718905631071
1.6952679164448958
1.6933852398698048
1.5257036471729042
1.8181290002901702
1.8136899903561499
1.5211796078127247
1.5243764093263668
1.5401230337955245
1.6912674781435215
1.7064151534596048
1.818493997714724
1.6925557666089888
1.819676932735537
1.5280809133907487
1.5355919922968155
1.693863438637511
1.691996525885269
1.824312109536122
1.6858250649759163
1.6906940589687884
1.5330074875420452
1.6939321042319628
1.6913525952978485
1.8171155265587526
1.6892421769518688
1.5293178508097462
1.6932317510780592
1.5338952060051847
1.7030223003922096
1.5249905204872192
1.8221889257608486
1.6891825701548797
1.6943465911307538
1.6949932568578625
1.8136125363050297
1.5329685756309703
1.5263009634215214
1.8129857232732458
1.6990637983207573
1.6918670186762845
1.6898237846887407
1.526863161176141
1.5341817787338992
1.7038364789067646
1.6928194811355315
1.8137562425936167
1.6987194284544673
1.8215877494853714
1.692300548182045
1.813790550650797
1.6951802237440339
1.6874128238867947
1.6848401752901327
1.812197402399934
1.8122880805689203
1.5271311139098802
1.6938029603316542
1.6974231801564306
1.6963119109609928
1.6923625028422848
1.530545095100321
1.6882154916388101
1.6904363082490126
1.8091414913574182
1.692718818904235
1.6889713004388158
1.8100433501431088
1.6882485190402436
1.6912311723232403
1.5399455081964837
1.8122684504538014
1.8069498109363096
1.5312726682111282
1.5309174145932032
1.527051484431362
1.7049906952495915
1.6964115168740757
1.5266653196046884
1.6483964831435172
1.688132309395868
1.6846545243872622
1.691626911213089
1.6934564135626498
1.7052659314088032
1.8142261732011462
1.6890660798497268
1.6962235056826145
1.8183035834884653
1.6913453073015492
1.8210532710582183
1.6884082546664183
1.6906150164314566
1.5298654104729437
1.6873565345356905
1.8125840069335228
1.6946052806577863
1.696559325500114
1.689049346921839
1.6865565132702682
1.702262567908105
1.6859603128948273
1.6918737793207266
1.6906670760787368
1.5341134400383405
1.8171134853804722
1.8133375757531707
1.689713051159899
1.687592345282335
1.5306682232986617
1.534756527807546
1.5289686301815866
1.811503208698056
1.8215147422146913
1.5332238780255991
1.5261977253177024
1.5306764949499092
1.6881440880699308
1.6968807947445368
1.811655811849441
1.6886911031234826
1.8186087178109118
1.5289071562057106
1.6842285994280233
1.5243994190924832
1.6932185410242204
1.6834399190283234
1.812526542952742
1.6887932074052452
1.5274118003547945
1.6853250491361373
1.6875021843332065
1.693364369396696
1.8125997352401402
1.5241759847108325
1.6962678645477187
1.5277458758223639
1.695205603326657
1.6992985185770335
1.6910457148340376
1.6904158576345985
1.6930384530059002
1.7029475798409128
1.6934142156344199
1.5259454232798146
1.8148363584897917
1.810743126523153
1.5213396715268739
1.5307014887217059
1.5286698053569132
1.7054027250311627
1.690734472554648
1.6908708621512352
1.8134831786963999
1.6925379244508885
1.8068010453908667
1.5302911489247955
1.5286054946135044
1.6951460570335384
1.691740771641425
1.8064523226923515
1.6891800165628295
1.5297619610846358
1.6859470865141388
1.7021879280243946
1.6933052385525251
1.689767519373667
1.6928084003081147
1.5282608284927854
1.6944840802208954
1.525294844169274
1.69315580249472
1.811949728643332
1.6897983461710278
1.690308013350568
1.6876804824643146
1.6947552240193344
1.8151891846758623
1.69291426986368
1.6854343343394582
1.5376669148247457
1.5279481705400622
1.8147286424275602
1.811701418727276
1.525637971171936
1.8137704449224807
