1.6896514251373804
1.5314781452863708
1.6965807583182417
1.695447254618778
1.817617887905436
1.8182528467078025
1.811870957572385
1.5281325713161975
1.700245730594912
1.6870711063683812
1.8096975086532479
1.8175005061793426
1.8202586733001997
1.8141796922413553
1.7040214323861642
1.6972743863377373
1.6935813614052886
1.8198040203803934
1.7064900739857665
1.6914574512482001
1.692848790819265
1.6865082499062467
1.6933401004787114
1.8167305260270503
1.8262005378661579
1.688780799187303
1.696256142952945
1.8125229076917706
1.8164982626949624
1.7039791166534957
1.691745488624735
1.6983146313729571
1.812022308986465
1.6956810308876773
1.526804001790971
1.5319645482224606
1.689459788750099
1.8240284258285826
1.8132930056878058
1.694004942990382
1.541642745214384
1.6903013412088397
1.6926572507600912
1.8120099199812438
1.8155208429699392
1.6915042510537666
1.693112635467252
1.8123036412605305
1.819276185740789
1.5244556437657393
1.6940394438015947
1.6905620326959854
1.7059754470731026
1.8254099947559879
1.8308316949438088
1.6960746253094592
1.6858208211083847
1.8184509103005948
1.8160411527287572
1.8192701987125026
1.6954614642318366
1.5282844842438497
1.8164524772554114
1.8175409060988543
1.5336010991767006
1.521521823690253
1.5306199027191592
1.7046446205046522
1.816057117476773
1.8254364850680085
1.7040407099606938
1.816824732177943
1.6897155001567692
1.6944708682721443
1.6894857786123305
1.823718011982187
1.8165095764148909
1.691920450048593
1.7066315580863467
1.6884606904563724
1.813299151436695
1.69702434129838
1.7026127154541795
1.6936722277183724
1.6995738637862274
1.8165341026600352
1.6903084455613486
1.8158728970630558
1.6923968868375612
1.7027380231377842
1.6962669381132394
1.8241180689730137
1.8186443705644546
1.8186993473432558
1.6905868941168922
1.6993457496432718
1.8161913358642163
1.6927988379274157
1.7000896511786292
1.8176596857162406
1.693933457582581
1.5314724787601133
1.5365451318649792
1.706327465356862
1.6954755066613658
1.8132466046706648
1.8136222868653176
1.820452810079438
1.6885369792674751
1.8134951844889597
1.7009998224687748
1.689421262653559
1.8134461842326712
1.8082135770001704
1.8143336347869843
1.6944792802622923
1.6953730663897681
1.692079033183764
1.8218677687830496
1.6970398417988721
1.8144495258895939
1.696352563901207
1.6907224080369196
1.6950172978200468
1.6905074300081926
1.819591658678331
1.6916415528556508
1.6934093916660216
1.6924968227691841
1.8200800052148085
1.8246718510748887
1.688664569557114
1.6872596367666013
1.6947926477974948
1.8127586907908093
1.816812305159847
1.5264345613256443
1.5485714535440829
1.8192494541028559
1.8113081529108421
1.695235094073421
1.8106644200042703
1.691875108369753
1.813728836223188
1.6896705972136266
1.7120224018561572
1.6909890181072977
1.6919971350737288
1.8129112722288614
1.8225664942835982
1.6894789038494125
1.8147108387086428
1.687890693247291
1.6960075350123265
1.8206913146370214
1.6908490074789737
1.5330288467627424
1.6902209397270078
1.6917669272417526
1.809848572240407
1.8171187222881582
1.7036386739147522
1.8269284367320124
1.6911209749203473
1.692178049301206
1.8159021609831172
1.8268313029137673
1.821685392739977
1.6918677353858838
1.6890482488581724
1.8191282498689119
1.817111526600934
1.6914691197489575
1.8135354268447517
1.5358414289946902
1.6973942398318114
1.6912655259401594
1.8141252173934923
1.8185989943051952
1.8100304817622952
1.6894865039702802
1.5416710229751838
1.530255962446681
1.69053482478684
1.6900185967504024
1.8038468543956259
1.5333671728369023
1.808427391617812
1.6951801713335597
1.6949887993052193
1.8140913874572047
1.8109231861462831
1.694724724902246
1.692565240322579
1.8173214329743506
1.6896118479083928
1.8167206930114743
1.5336781032260167
1.7021467289819248
1.694151191494554
1.6881872971278007
1.8186391365516665
1.8247849737070332
1.6930500192206699
1.8104109072426922
1.8165065271006746
1.5292058039008247
1.7013406374895446
1.6819466744596314
1.5332639371981132
1.8170828161898867
1.826784570855689
1.6941500989338827
1.529378488326807
1.528207252826513
1.6940319796367818
1.6826520250886834
1.6895248818089486
1.8143494951979393
1.8176461252602942
1.8076573764866712
1.5290865472097945
1.6930889447752442
1.6870859441925234
1.827005315218049
1.8175928131063357
1.8168383821768275
1.6924392434079836
1.6910130552299036
1.6969957960948425
1.6896827213803636
1.7064600253680215
1.5244642050699033
1.6911909229199265
1.8166897955324846
1.8164225973456793
1.6853784810458123
1.8170043809893726
1.701886431041441
1.5313254990748586
1.8134952488632357
1.811367166031123
1.689191779131351
