1.4611885409635192
1.3158625360606426
1.466104720919119
1.4624592823513052
1.5711125553117586
1.5687972957794538
1.5746492652055184
1.325314383474904
1.4621845123867196
1.4630592801680469
1.5608997642165656
1.5678601856792873
1.5726437027439637
1.569736052554694
1.4647245739682637
1.4663101246404935
1.4576941032894735
1.5679526594914814
1.4624042061288467
1.4603454729900853
1.463918393567029
1.455206007214314
1.4586675459164506
1.5738365453561531
1.5692856419544645
1.4555412083165284
1.4600051895361825
1.5647625798204552
1.5661764394771258
1.4547754520996141
1.4632483936088228
1.476542420382897
1.562146874223923
1.465267259702787
1.3219686950244707
1.3237010077993714
1.458563802701539
1.5758831555354735
1.5674285028196258
1.452688784995579
1.3189390166580597
1.4576516303436398
1.463642879534204
1.582705045725559
1.5706876043098192
1.462067105671305
1.4673844674933658
1.5642445029911056
1.5742100912434174
1.3223342048559181
1.4619743090109087
1.4623538673016938
1.4540181900163789
1.5685080554301538
1.5698183615384598
1.4622338461337203
1.455978423838067
1.5696795360486884
1.5773137363190433
1.5711569774364564
1.4665146458335647
1.3220288875905417
1.561791152755173
1.5660493751277162
1.3197104968168414
1.3236279349494633
1.3283578382616859
1.4602677900631764
1.5798530717293608
1.5577915829113331
1.4757695426913702
1.5696383481928398
1.4639962210620283
1.4583603385206145
1.4591530034450333
1.5711924178755217
1.5604161666631091
1.47231266378064
1.4665504503769713
1.4625209816544866
1.566342923486287
1.4656804070257645
1.473571665586126
1.4625902042015466
1.4655266393057447
1.5727841741605892
1.4553266712356219
1.565740808261996
1.462845884675625
1.461362211733193
1.4706098287763352
1.5637047066387577
1.5808466584623668
1.5671781180209756
1.4756230803710206
1.4765033616372785
1.570163754557703
1.4660652625183477
1.4594641415616387
1.574060658628915
1.4673070350406476
1.3286296830361408
1.3273667771280158
1.4651654774012413
1.4740982620640304
1.571477959306977
1.5724167907728006
1.5673717501696622
1.451400568205031
1.5631610296736855
1.4632577503123936
1.4578172876095563
1.5631385998766094
1.5714595560714661
1.5572744719667346
1.4582901470110363
1.4618237101914822
1.4682176714299795
1.5697554218277285
1.4733059960001622
1.570949161536162
1.4600912130238164
1.460927404183228
1.4652630095471455
1.4679213707012277
1.573035557384618
1.4676737038539636
1.472240809043377
1.460728547282607
1.5734784108771693
1.5668092947612164
1.4569346270382966
1.4768828559073124
1.4606060430512524
1.562839812409329
1.5679732190332443
1.319717378986952
1.330474934801834
1.5610530328947354
1.5712744183135283
1.4743262630500766
1.567710201756754
1.453352941872976
1.5656209565477652
1.4615109997062299
1.4767451348441663
1.4565555138200286
1.4571473241524404
1.5630472684426404
1.5720736030579696
1.4696381277516326
1.566426442144203
1.4620650617232938
1.4790953492168257
1.572105612750261
1.4717979581772187
1.3161851417274906
1.456204027688568
1.4615979689560366
1.561161714576321
1.569137961471329
1.4553446098348783
1.5680996239680596
1.4641286914334517
1.4573656543528188
1.5658284686036708
1.5766072956305097
1.570548888236944
1.472535284335918
1.4697059537120238
1.5775558439291928
1.5695589923277107
1.4616885215472442
1.565245402327938
1.3246563665661102
1.4616587484409926
1.4560158059432002
1.5733326564806667
1.5639707640826237
1.5619396510159727
1.4592203109659234
1.3325832424613202
1.322928990421367
1.463162962003114
1.4657799962382356
1.559871487436632
1.3233187845314716
1.571584240790486
1.4701419727949996
1.467513608594512
1.568277279430172
1.5712673859660244
1.464224031217788
1.4546248482010489
1.5569645912982761
1.4603353542886135
1.5693302494024932
1.316676245398431
1.464820814762506
1.4635912751285527
1.4696924110831873
1.5632772673448145
1.559825394108807
1.4608260624766531
1.5602477610895393
1.5700483937555765
1.321007954421306
1.477216317250352
1.4596415804598668
1.3267971938560519
1.5792677060805642
1.5678122640460748
1.4685381938450583
1.3213852183599393
1.3226139659622986
1.4640577371826526
1.4510423018876368
1.4568204718986224
1.5704818574181683
1.5693265287426996
1.5622690897282825
1.3223059090678582
1.4558788811660766
1.4613312516824877
1.566209455002582
1.569166997995676
1.5709682906903668
1.459570833730047
1.4677161343576122
1.4801297232150328
1.4580445318835993
1.4807289242726989
1.320607795035197
1.475819739591267
1.5744493429843216
1.570902442535591
1.47511603463434
1.5662919657486305
1.4578201489422495
1.326945255814988
1.5583975676648514
1.5671162746635234
1.458153614555546
