1.6848002353420661
1.6414118256439358
1.7413270468113247
1.7304627556653573
1.6652873715554553
1.6559568291206934
1.4030625964348764
1.6949126810611899
1.6091484383610202
1.5836770402082407
1.6716045765325462
1.61443277334391
1.6435012585701942
1.4072422380985805
1.6678797549090916
1.3771761772009912
1.6760389163951812
1.4020070870220536
1.7484681900580592
1.624806083079511
1.7969275742473678
1.6659807889975131
1.6825772296054085
1.8138792821812568
1.6674034844233734
1.6742917259908958
1.7109936671542754
1.727462393812794
2.123151049600975
1.8884096275234596
1.7149209144397004
1.883573546143453
1.953081669509732
1.7056838700144095
1.805480184874706
1.6956323364446073
1.4134147743631476
1.741978760222268
1.6792931847913948
1.5578013988121917
1.9028884290103314
1.663085166888774
1.7720380508259863
1.6944187916076832
1.638969286716534
1.6961607490197266
1.7511318490352208
1.75019252131291
1.7255072415935426
1.6756144871008927
1.3833235449058174
1.643303126292143
1.6689347948570252
1.68688098457935
1.657001146606928
1.4811117774547538
1.5773421690345357
1.7154317170532365
1.649123131406883
1.521626798677825
1.7677249342915047
1.4325540433418984
1.7330968779046256
1.5368328796690498
1.7151395884104217
1.8095302120768622
1.6775532241532598
1.6379385599532497
1.7441837385204644
1.7074160998710879
1.7220578040081498
1.7584750192393324
1.700370598504373
1.7179111872847246
1.944037556757568
1.8868323173944843
1.6893509843397467
1.8370822093393606
2.0177534943590696
1.6677996667472015
1.799770680009513
1.6743651698739115
1.694202164651357
1.7119260513323302
1.6808127889683597
1.8969241066999578
1.7058114580371957
1.6912563900740631
1.6325566999511791
1.6043809980070134
1.6810150616383877
1.7020780979932315
1.7152553147953857
1.6294964703806172
1.7170056143969907
1.7898402575824701
1.7247846503475004
1.742288701576345
1.689009390178498
1.4091966309729431
1.7260954398869905
1.7145924574874065
1.7390509543371806
1.7027300311240752
1.4957797457142274
1.6396050001279954
1.4398202578595354
1.6267625519364117
1.7101702462151807
1.6051223141553086
1.7106296627450381
1.5087976457033128
1.8472009055253664
1.6579535475653848
1.8144081672211037
1.7774145451383978
1.4466849560282824
1.6519421625050033
1.7616824287743214
1.6639579832213525
1.690430138727797
2.189681265896459
1.932081452364822
1.7012675106343549
1.8653139481295162
1.9350634669946112
1.6504842679943141
1.6557152367769286
1.9629194851399485
1.695673488996705
1.5001631199080603
1.8082173369687091
1.6516964742484777
1.9206270461107147
1.6861585936057888
1.7623695818645895
1.7319245786552075
1.3856079226723648
1.6698545554894286
1.6906335181831902
1.6289897350133444
1.7015203013629272
1.8359113141015715
1.6959194959098984
1.4720816063803506
1.6697250657692246
1.6398986634379982
1.6256283067660129
1.680885590657452
1.739467639797664
1.664669287655428
1.5602407531822713
1.6615716037083266
1.5774553306784707
1.4215388092488275
1.66643273321643
1.823974567096197
1.743682718951783
1.6816679487516524
1.8215394979619892
1.700665957551943
1.705634284909071
1.7388143749538854
1.7061498838382716
1.6986502389871507
1.6949875753311876
2.114328988479896
1.975596639959885
1.8426714196120924
1.8435792686648527
1.977810444820803
1.7111241665723427
1.9368080775308723
1.7344514592065485
1.6189881289646422
1.787307419020294
1.6984917920304925
1.6304947159624483
1.8687736016698313
1.7677044932350519
1.545233184076669
1.7236212606456278
1.6909275512113808
1.5111374433354685
1.6496528332175604
1.6235197833879478
1.7856698214967308
1.6950203977277172
1.737159225425262
1.4281373977990328
1.607636323357372
1.6752528613370963
1.6563785596007259
1.7546443628224269
1.708604935012136
1.7321096763908639
1.7242477059090195
1.498131765700053
1.4101704710055525
1.7156859029858726
1.5597907290869852
1.6624595443230459
1.5847457258100668
1.7274712229433984
1.877551570251164
1.664975469947963
1.693755626833198
1.7147336885943831
1.8456479518587945
1.640734588093886
1.6725355867282243
1.7172883072226235
1.6786281346605743
1.701295802686654
2.275789027374991
1.9672174296815061
1.8236803462087285
1.6889885287128041
1.8440598415385865
2.0155473894302696
1.9802798290828219
1.7314084212860874
1.6579076721604382
1.7159991468600482
1.6583541341740862
1.6723598390284498
1.743309280253784
1.6904988853129224
1.7235706640208
2.1169815410089687
1.8747429973153475
1.766166540580543
1.8425590669696086
1.5331882786449138
1.8746983931301253
1.6813096375803553
1.8194685537056354
1.7350107879739085
1.3943175369109075
1.7592596120525243
1.5782527542228209
1.8700223391515662
1.6898774452271004
1.6242400037694835
1.4856042976683566
1.5156210339270293
1.5645167002944005
1.7527922101473443
1.485788547971436
1.7109568677880203
1.6707875653691775
1.701091367742341
1.7331268962317208
1.397892634704006
1.6935191026159933
1.6107205275196756
1.6681550171200104
1.6327796166659503
1.6890588286174817
1.4291271809907637
1.6857138290389826
1.6805742063589357
1.3738291262839961
1.6977049091921377
1.6852438963583045
1.4197682904455735
1.7029133581665605
1.4523390455002008
1.6386767499341235
1.800181522366592
1.6322456963768532
1.7491422741021936
1.71187630300379
1.8114632239160278
1.7081407661702808
1.386128097797305
1.6665990216570523
1.6913452076268378
1.6742437446126206
2.1205655428996457
1.8574744339980065
1.6887385041077365
1.8123593706554884
1.9974042215069503
1.676459761017926
1.8572420862365056
1.7796913661602836
1.6906066099961385
1.4204667522774943
1.790320929134278
1.701882614696176
1.8946625003986077
1.713634591889333
1.5390750267844
1.726934069028226
1.7116803141191743
