0.5228977756802382
0.5075699838184109
0.5463832035509676
0.48942811407487063
0.49614800815871435
0.5499082699528248
0.6714229881236863
0.5365564208952216
0.529032721947981
0.7389503966912314
0.49179747273978924
0.5246737667003579
0.49265613469556263
0.6747160249998737
0.5410038753365486
0.5286602730421632
0.714285310210961
0.5019328285773168
0.4807609751513915
0.47990879373103745
0.5710114148228981
0.6770782026725934
2.58482326988851
0.5332938124453714
0.5002677506655285
0.5693936768625576
0.4739833291956846
0.5865748548679018
0.7138021182738398
0.5333607875597585
0.4973005114714061
0.5451108757739221
2.5482738879054967
0.553117781680254
0.5297436323478514
0.5738400691982168
0.5581928797519605
0.5228463799880463
0.6750044073500747
0.5350711487337713
0.5300754501519747
0.5452448487820164
0.5358737000210047
0.5507912129608805
0.6719670499993753
0.46550283450766494
0.5144374406458707
0.6686043999997741
0.5000752297956763
0.5367304387444944
0.48249494374522595
0.5725667502468298
0.4816479236010104
0.6664368992758504
0.5277846840738456
0.5370257022946199
0.4692774152550999
0.6563949999997762
0.5829528527432591
2.435798665369383
0.6303927526071571
0.5305503417999562
0.5003932408811819
0.5157708501200563
0.6075545491415392
0.5577596900541073
0.6693967465975434
0.664527409223975
0.5876102065353097
0.5502641034550865
0.7259612849466563
0.5425022996395931
0.5094779227920354
0.5162625402534132
0.4899946017936478
0.7458347648185378
0.5858841802335769
0.5232145332998706
0.5380751804644659
0.5940288745826782
0.5357276320938031
0.575390767051569
0.5540264323145063
0.6483291715270114
0.543732630421793
0.5249093428693974
0.5593918315628436
0.6936113999467116
0.5465539493194115
0.462200517836036
2.512858628511252
0.6639257922043162
0.4913778303836384
0.6728587008491574
0.4526622597038288
0.5478764674832124
0.49726817875033974
0.5500697109764712
0.561478961518375
0.670351394196942
0.5540567623196727
0.5742285274095874
0.7351484342940533
0.5492287723600139
0.5091410186938209
0.5221929331785338
0.6879215999997762
0.5003897933953271
0.49799716187854404
0.5944580517534177
0.5371407693579339
0.5428920624267728
0.5110274521041909
0.6703485999997756
0.5595567473996779
0.6754185791412584
0.6874343106489618
0.4901197535456605
2.51062474822005
0.5331180885364414
0.5249030608755572
0.5680638485102072
0.49926350101348194
0.5136218430423685
0.6604744237495854
0.6608516729916076
0.5541521620695018
0.5642578885079583
0.5088706212338486
0.654199001734824
0.6972934667971262
0.530157712934951
0.5254737765107859
0.5136233706274987
0.668055180864778
0.4974221672328435
0.6445902111830994
0.5579059473848332
0.48385540375304925
0.759507973838867
0.4784447454841787
0.5374944931852541
0.5753501127900625
0.5164653322562706
0.7147350572175418
0.5642396447697733
0.5966482791662676
0.5202990225887371
0.5387956430150665
0.5372647656108269
0.5092257095034368
0.544644570570814
0.49573145111800443
0.5261526902848855
0.5332527404533852
0.5228957330378216
0.5439373340651389
0.6834169058460161
0.5440102877293053
0.5208983768212271
0.6882371179063353
0.4959987907957174
0.49560447144334546
0.5173739934236198
0.5517272445285946
0.660412897319779
0.4674862753535788
2.4231231828483777
0.5211569902513019
0.6751594419540294
0.6780483161920131
0.7323720056046529
0.5999662120713773
0.4835964538403601
0.46619819329597323
0.5617645032269554
2.5943578387170625
0.544217798361267
0.5331605095447601
0.5154782030872387
0.5741933610373253
0.5235721740218715
0.5325086771322616
0.5570806125736477
0.5206419918824754
0.5580778941662448
0.47796185836346505
0.5220037157642181
0.4727449943608172
0.5386385631219569
0.5291330111959185
0.7461916482004805
0.5215378934600292
0.6612466910440014
0.5249583640328566
0.5602029537328391
0.521453062116737
0.5297386760124173
0.5223793530014285
0.6011254503671989
0.519911663962415
0.539053605930358
0.49702928939307794
0.5893193813392129
0.5367162471888209
0.6575923080684616
0.5437971987333708
0.7355395491576301
0.7353885900582154
0.5652265757732453
0.5202094230939237
0.5003042141010109
0.7446501330376563
