1.6925098951024597
1.5687385956303825
1.6101998745420496
1.619936782757963
1.46859905717504
1.422806684198361
1.5915070178763315
1.65206662449881
1.5925504458787403
1.7103456193513722
1.5619092027455626
1.450702346389955
1.588326455874764
1.5756658307916376
1.4978313142227275
1.473191967862007
1.639594397289892
1.4119576174027961
1.5723433295414615
1.758966582674125
1.6220942161563952
1.4356275047901284
1.565723623801337
1.5809999708544926
1.5809414988528179
1.424197752182448
1.7239084898864487
1.7118387711960632
1.4882751932803395
1.4663677600380334
1.7442797912636197
1.659231203689111
1.5673346341008063
1.6108191678066295
1.619441423175701
1.4682937101528553
1.4202662775601764
1.5842008102258194
1.6428343897817388
1.6660839278087207
1.5318719634046443
1.5924987957024381
1.5777782156924767
1.4985537745130446
1.44124926772792
1.6430694403497763
1.412394282443832
1.5692012351047313
1.7551670094019216
1.620122424644252
1.4240854642718008
1.4577685008042964
1.564717261716282
1.5792392504896984
1.5934156122990224
1.409733182940913
1.5568520282925742
1.7244715076516661
1.7105457176306855
1.475437649562018
1.467834256001146
1.7447861334436499
1.6513076030312117
1.5620985495122122
1.6111087720780908
1.6195133190764572
1.4627231953794206
1.4199774930783524
1.5867763978447864
1.6133995611585887
1.5998967789236511
1.6736713603289157
1.5614602523406078
1.447510707102483
1.5910195700889136
1.5769006332431745
1.4968907270900518
1.4376852435036778
1.6403296861144254
1.4127742435635375
1.566831952556547
1.7562700657394332
1.6227494999509857
1.4162636712238628
1.453151921825322
1.5580151083964235
1.5792508242302397
1.7235266745611928
1.710844410793345
1.484433913071579
1.467550052484501
1.7434278370940468
1.6728225206815233
1.5928350460427754
1.638462576353814
1.686703437189852
1.4385460661055072
1.6146027751752647
1.6352743196992237
1.6890543942612966
1.7113951670586838
1.5553638996253352
1.60829824356369
1.6174238864141581
1.6057245768768937
1.464480067660216
1.6576860326838383
1.4450175373247411
1.6179662441394536
1.7707902989902224
1.6375879277469172
1.4587919555082047
1.4847578732766022
1.6132841905697308
1.6067016244437164
1.4348585740463824
1.5708106491550011
1.770578162413062
1.4813379226292354
1.742952135944753
1.6689405735202079
1.5869735087882315
1.630184949024774
1.6447266041851
1.4356797248904511
1.6104390688761483
1.6685323056017796
1.686530575706051
1.7160756508733759
1.5806369890036953
1.5421705034216058
1.606388557490457
1.6115880556965203
1.6084111947856559
1.4584533741538477
1.644561929989733
1.4471436804610014
1.6180500449175415
1.7719184834049178
1.6375263275406535
1.4601915918110369
1.493701620109541
1.5835830203348509
1.609440507332302
1.6067100001431518
1.4349321903179513
1.5735759206513658
1.7332283451318977
1.7746320715089525
1.4838386818033462
1.4863490253194709
1.597635891695672
1.6570656557578667
1.4986556463577485
1.436259779797655
1.6141417658140609
1.6967519205292332
1.7285848584240675
1.5853306722526728
1.5537563690891174
1.6145618449987933
1.6194549337891584
1.601320524492383
1.474028397332549
1.660267559518722
1.7765236245197527
1.6963508156596991
1.4613258271149523
1.4911947736883417
1.59068048724055
1.6176545944493104
1.6101673960467775
1.4418924578172023
1.583371839649593
1.4891199304577385
1.4911798715689335
1.7292674914560786
1.7330698263493387
1.6003562509014913
1.6431193470430268
1.685043724200372
1.4965325942104952
1.4400827426579652
1.6102012439469717
1.6695248755014904
1.7290931922617805
1.7129919129375442
1.597638295197695
1.6106589669988847
1.6120675314407094
1.5264389384157164
1.4665826582724641
1.6434675279357212
1.4509488553190653
1.6221753550406586
1.8699225573918445
1.673655436307547
1.4965094871395646
1.5884001154817073
1.6136750316610373
1.6099668563496639
1.434442519272694
1.5939798733240438
1.7372857971323925
1.7800516636653625
1.4892139900889967
1.4931586363292078
