0.424013700523059
0.45846296553121574
0.4655550153089838
0.3819861427610517
0.43082806526435524
0.4222480635467911
0.44805850122723295
0.4256976345795142
0.4119788585530072
0.4238626737422746
0.46107230932489257
0.41475866509525205
0.4428672726734112
0.4938594708213561
0.4289547102044191
0.42492913178708397
0.3931406239523295
0.44531288673234437
0.4377840897786415
0.44043040743561257
0.39975183703919526
0.40795014278234165
0.49883521823978033
0.5094772665461861
0.413048445156843
0.3974813774017957
0.38939097582820403
0.4184111295064124
0.42441912978875035
0.44523720995520294
0.4597029547437522
0.46600293733709935
0.3957463482398977
0.37571350368912193
0.4300069435613775
0.4218109063868183
0.44771066793268355
0.4249634280745064
0.4116843785119798
0.42338891426866243
0.4248413600330664
0.4303877127882551
0.4181186101923264
0.4615177397986462
0.41450865160364603
0.48891353736397725
0.42802417291734646
0.4248605661726511
0.40190212223021826
0.4420364938152863
0.43828773507867436
0.44016575301177213
0.40683402608040686
0.4986269366683303
0.5084242935005299
0.411979476945788
0.39493485838486886
0.3890569709095806
0.418384637256985
0.42485607737651354
0.4477060418707688
0.4594102340122949
0.4663702881313678
0.3949601537176323
0.3763954129494349
0.4311029598638594
0.42169186192121655
0.4488455970869928
0.42476275727580026
0.4109904567042585
0.4217986118934362
0.4243760833360475
0.4315667959798753
0.4208254101936939
0.41791218585288686
0.4594578284079553
0.4147581211778763
0.4429880621274382
0.49444409762232533
0.42849794886304776
0.4246877250197409
0.4005563233375963
0.447844801382178
0.4371704851441911
0.44018145003564724
0.3997943157541225
0.4077190336989316
0.49790703797690833
0.5081322910649743
0.41127327671672875
0.3984376671574963
0.3880941297549684
0.4180857696627419
0.4247711718242429
0.44637712008941544
0.4594920938049482
0.4650326446682124
0.3965933934825857
0.43093004236050975
0.42298345328906856
0.42401093315994465
0.41183386610869044
0.4239170559679015
0.4319326915878075
0.42008591132852025
0.4579016216921225
0.41477151352644964
0.4422876600178673
0.4878172686361897
0.42803061311647433
0.4224333908429438
0.4011819510731063
0.44283845030168384
0.4375639171709417
0.44003992826210797
0.40065481329952235
0.40750838737796663
0.5085863593089734
0.411239511227536
0.39788120330283433
0.38698162833288957
0.4181009752371608
0.4587029695550302
0.4685978618247497
0.47704020570909905
0.4017497137913799
0.394367758230292
0.4429876383653913
0.434738782428808
0.4577106014552268
0.43243221814486626
0.42124087709596214
0.4334462555104251
0.43690664158046744
0.44374477575981197
0.43144951799494724
0.42729574857510405
0.4726271593444377
0.42768701258082054
0.4593907040322223
0.500549232289082
0.4390593702299105
0.43030779048910206
0.41422970308673224
0.45430114846127473
0.44914291386555627
0.452897613756178
0.4159080941329599
0.5097463679446366
0.5192599316634922
0.4174068489207129
0.40262629737259276
0.3994309757329234
0.42812986153774996
0.4363686564385085
0.4550167206983776
0.4657362428120289
0.47607839581652767
0.4109934458823799
0.3836920247971851
0.43922585350696186
0.4310153261384088
0.4597591488925552
0.43697352359361163
0.4255773404232709
0.43018632424859127
0.43077657406082603
0.44713966180382947
0.42479241768477227
0.42468550313682507
0.4644586337400359
0.4264751733335481
0.4523556977562584
0.5012008808114886
0.4369576012481543
0.43110430724099846
0.41126880348957534
0.45615078643947976
0.4093370510432502
0.4194843561701148
0.5059541695902
0.42578072475624623
0.4014969544148102
0.39857584280164343
0.4273965460092708
0.43438519827945354
0.4595352127456794
0.46841303847844556
0.47965741027400977
0.4088353369378008
0.39678749364432453
0.4443428286914227
0.4383944940313634
0.46043878398021143
0.43500274558067165
0.4228258819336208
0.43284536345833163
0.4449215585922182
0.42936329701240233
0.42797331434554853
0.473951605268219
0.46542862652669503
0.5012912765490143
0.429504163652643
0.4154336305572308
0.46180323353767766
0.4544025764862185
0.41191426672303916
0.5097688529331144
0.517894931616802
0.41646468949510473
0.4004016021537783
0.40432775052790537
0.42875750532432
0.43699981309189007
0.44650349957318497
0.46342292326894197
0.4224841252946077
0.390718520230247
0.44055855842759584
0.4303009666275343
0.4623015826227666
0.43323505469454476
0.43813527234370475
0.43244568677206285
0.446501544893994
0.42204582578602906
0.4593498627512027
0.42756994706850443
0.44878970289242004
0.5017586098279105
0.4343337647273575
0.4298916532133642
0.41162029847641257
0.4476644100989438
0.4483653130262109
0.4444536898860693
0.4170577751543286
0.4190251120643924
0.5041509288573309
0.5169945050104384
0.4241689437841504
0.4023976145988714
