0.4404219061240052
0.43259098370518434
0.4007775836440635
0.37870159197769293
0.4216141138245873
0.4756060112795879
0.38066319846115143
0.4713247915400843
0.47662359879529304
0.4717276831371412
0.4852555255970974
0.47663029751636365
0.4969269806549181
0.5063964916933933
0.4910964536039279
0.5354738863695814
0.5235464342450021
0.5242292233049377
0.4796005734506805
0.5269636061522518
0.44225247265737444
0.4921616397915052
0.5226889285784502
0.504517914987543
0.522776854020362
0.5567779840075435
0.5345994160948742
0.5730574141034612
0.5565891253626758
0.5135001071472537
0.5946011585345553
0.5855829121056563
0.5852940426253355
0.8005993883179209
0.6778788044498479
0.5968122861156251
0.606103677688148
0.6531668797217828
0.6012512381452887
0.6178013053648583
0.6125452126382673
0.6562656616907652
0.5959765150935284
0.49427706409994215
0.6314508438149925
0.4403836222307425
0.43534345939592184
0.40652017582239025
0.3865501354055686
0.48663907019645725
0.3871325552535799
0.4666625566928016
0.4778719976471338
0.49642933047280013
0.5132024549218939
0.38831536629266117
0.48586344469243814
0.49804749552942423
0.49412917898202363
0.5313859799530981
0.49887488520260337
0.5228122165720284
0.533639702225652
0.46813927671458017
0.530715450826708
0.441442287843796
0.498056098576608
0.5161737525057374
0.5045711236593808
0.522807320871697
0.5582223756341678
0.5419426623201165
0.5719835582868038
0.5583093323750778
0.5189359321570244
0.5941484441723075
0.5806248105416612
0.5815151122769983
0.7831142054844514
0.685493189941677
0.5954460207156627
0.6078470242818799
0.6491301029995058
0.5985258864332119
0.6365931307975077
0.6103357320522642
0.6364450860175658
0.5993254841112653
0.5036194845474794
0.6316399169686835
0.43377622254639914
0.4016543233304986
0.42218388780441835
0.46182868348138917
0.3847107327993148
0.46942756561921417
0.476398553161597
0.4733135328790412
0.4865817461249869
0.40264109426304523
0.48210006392443094
0.4985444543926421
0.5034240299723935
0.4900036587315261
0.5341943461438035
0.5027149191793963
0.5304809933771567
0.47651113817588314
0.5239499596701422
0.44211469251234686
0.49017773468001374
0.5230851355015903
0.557882026394381
0.5361285233495302
0.5766988973337365
0.5164030930790235
0.5956276303154595
0.5790601107034561
0.5811461576914052
0.7849413106740902
0.6799683943046112
0.5953959112225214
0.60968446030835
0.6448923114976608
0.600606153982404
0.6193111817548314
0.6075456450076953
0.6525709378739477
0.5942753950727002
0.4901888982102909
0.6318629844779623
0.4634955078491232
0.4559835410341326
0.42114235757980756
0.41582006494525453
0.4901264808870398
0.416416127845615
0.5035768308848759
0.4969453194772839
0.409761985343526
0.499378560362727
0.5190897769768086
0.5211848922439528
0.558116013017926
0.5069449897286366
0.5446469116092745
0.5668450221662314
0.48614990913969836
0.5483430968927793
0.4656391874648773
0.5059746011642786
0.5504991912871544
0.5220517890309581
0.5502432106953972
0.5746843130281377
0.5747273012894862
0.5864909221617255
0.5431588806262923
0.6189955881909238
0.6076817564233452
0.6225157688890881
0.7164481987720991
0.6257969703565108
0.6190683926920748
0.6839669565866339
0.6223302427867805
0.6511706816299068
0.6301980476338443
0.6712636830134129
0.6259710897684275
0.5155199516536406
0.6492970169491206
0.45393715372171567
0.4489196717170755
0.42450224618726806
0.40454432990049505
0.45540670675466577
0.5011354071394115
0.4169290807089816
0.48588337579617646
0.501081723919967
0.4965833859185559
0.5005664845410864
0.4115094601056516
0.4986508804151904
0.5361424440781046
0.5154908173743176
0.5562114785561412
0.5165960920040511
0.5685044056928541
0.49280265637033127
0.5456165954947689
0.4690160230666328
0.5079881366111129
0.5486701489486496
0.5462657319320432
0.5799195028178976
0.6052634526950417
0.5873300505129628
0.5388356360972744
0.6134788631978676
0.6034726087800801
0.6102316902077094
0.8216564243337212
0.7137930571907113
0.6191428929777206
0.625444341271346
0.6826069486659198
0.6240290333712367
0.6554859507283135
0.6376042629126177
0.6682825747401062
0.6186438662863039
0.5181999371543495
0.6464119986848456
0.45063518194307317
0.4245069178370128
0.42335075978418324
0.4482732961952652
0.48286469532852283
0.41422258187486094
0.47911195453380806
0.5141817970759189
0.49726958982765446
0.41435293239571414
0.49842689253954986
0.517855869595732
0.5383043648065258
0.5242507954749868
0.563349456614554
0.5148123253848877
0.5753674761392067
0.4752676224405282
0.5235497020379803
0.5519173010484315
0.5734267411865731
0.5797554669372049
0.6130440845322915
0.5918941441162062
0.535857015247759
0.6219439715891513
0.6164824314982351
0.6260839364383108
0.8356728207634267
0.7233320355943416
0.6236380875550707
0.6231255662316254
0.6908786941660849
0.6242737472553406
0.6599890583178212
0.638482256501663
0.6823089406602665
0.6303658373368286
0.5124159524222828
0.6482248854557546
0.4511489199150415
0.4117724594453841
0.4550517285186427
0.49593463226180734
0.4144381644639546
0.48582515238225377
0.5026912057176086
0.4965063282878993
0.49831148918126533
0.41392179557949754
0.5043729851173439
0.5074153811189958
0.5376952945335743
0.5212483450991551
0.5610789245112653
0.5168490066831125
0.4996251896461649
0.5502443698278167
0.47408080164933974
0.5053889711252172
0.5558469523052093
0.5184992144142964
0.5556666898646064
0.5778480911554245
0.5794108992157121
0.6113753934785563
0.5969521876515237
0.5389244326586633
0.6188782380364936
0.6075281026808506
0.614476001925853
0.8398786098079991
0.7233039537748922
0.624082023867556
0.631393108550673
0.6890242140125323
0.6559072642052877
0.647272638117305
0.6800966469019741
0.622325672878449
0.5197357920190685
