1.1331395013689043
1.1538558772101801
1.1629156932815228
1.0497451892650458
1.022263238770818
1.1511246158345578
1.1648828344017406
1.1417046087778213
1.1293454589825545
1.1277772595164919
1.1313717039906368
1.1331129342954849
1.1312082222108426
1.163368652561444
1.0612329156190399
1.1610485432736295
1.222527617523795
1.16621386606634
1.056754961117119
1.1384440042832178
1.1440126433085047
1.1358404494619692
1.0541066459783586
1.0712152715096015
1.2285401142630181
1.0573653618136003
1.0617246852071323
1.0492127795047312
1.133449380244447
1.1333311175904757
1.1530125484493776
1.165282760540034
1.1619123722945646
1.0519694758740707
1.0256682563357784
1.1409027906512428
1.1517143352370067
1.163864143134674
1.1415725835913269
1.1297029341388376
1.1277722853970014
1.1334572923041621
1.1324329645631321
1.1310270229865171
1.1149660144622586
1.1637726327387163
1.0604877381169386
1.1616914554798128
1.2216738562294083
1.1644469243512827
1.1075523669233207
1.0398018440819392
1.1366855665793967
1.145279911554494
1.1337487879096768
1.054927670372844
1.1256781269169698
1.2189979808920688
1.2263384040844623
1.1091942845838207
1.0621282840523014
1.1325398041127857
1.135234103291839
1.152959344224282
1.1650970527232614
1.1620227884890524
1.0512866156858038
1.0253594358184746
1.1571197447556747
1.1503766827984956
1.1639435374659068
1.14132296130055
1.1311170531499066
1.1260711988322039
1.129893377709802
1.1337557636558653
1.131131514712562
1.1138548472323875
1.180209409567882
1.061067874668889
1.1664560837575857
1.0587257607939284
1.0946553213965329
1.1376152706842635
1.1438817838420237
1.1344327087603117
1.051411990678338
1.0707341738394416
1.2185300927292628
1.228343018313907
1.1106447900925422
1.059647253523828
1.0489967896038086
1.132952813146801
1.1531939687496697
1.1646671602569278
1.053094112406515
1.023653781681212
1.1554767814245248
1.1510939301547833
1.1634291695488312
1.1414290365067132
1.129359523507357
1.1267174047031443
1.1313868986942546
1.134439082186715
1.113014448600803
1.059958459592851
1.1430531651042608
1.2214088613978475
1.1650992811844143
1.0563882374169402
1.0417186902740503
1.137399526309041
1.1455753793039087
1.1328398683708152
1.054674525560391
1.1233538184704002
1.2181574040208671
1.2271843244703835
1.1095396522113021
1.0635860570045312
1.046949353156827
1.1333752087343016
1.1424217192648636
1.1739632700674525
1.17445382267499
1.062152259502911
1.08604427122531
1.1691532721673696
1.1648491662549085
1.1765311128513503
1.1483363122198091
1.1404604097533968
1.137681294927075
1.1436010950839157
1.144031350568597
1.1393910282990043
1.1239516685039952
1.1742089307113321
1.074668632093663
1.1805420418491335
1.228689062715169
1.1748985656300612
1.1046302307733034
1.1527982989161556
1.1545094601047474
1.1471472836873047
1.067270900530724
1.1293277490915048
1.2300781374664105
1.2372517358326365
1.1163734394383111
1.0660583576605744
1.0452759428335379
1.142895267643321
1.1446371253724297
1.162873468339574
1.173961409027306
1.1743234443868193
1.0629071974233288
1.0832785120520514
1.1600411529911652
1.1765558480378324
1.1696260666732485
1.1354018920726185
1.1407648108033597
1.1410854080666546
1.1376598975531076
1.120527074009456
1.1260479277422093
1.1506090670974813
1.2307823095359502
1.1763671431083866
1.1134600980366516
1.106029196692066
1.1497147921967907
1.1558237660081268
1.1425114929112794
1.1346416647793915
1.2270532841783215
1.2371398930303805
1.1183708588507724
1.1147815066224054
1.1447357811471361
1.142790136334612
1.1649806467582358
1.1731404914273829
1.0557836890108174
1.0377050520201578
1.151295095696293
1.1480573647082823
1.1561807750051467
1.1464521996737465
1.1441019353525481
1.135243844213721
1.1464661703992223
1.1426694385811733
1.1252191331667076
1.1751402646916216
1.076234445851584
1.1799483505362873
1.228510759695497
1.17496479623051
1.1132845004075902
1.106054645104586
1.1514704669406222
1.1528015382472934
1.1479245702920693
1.0686154538650317
1.1234546241412562
1.2291933090843177
1.2342804723351437
1.1142255417525684
1.1268796915640824
1.141933911941849
1.143608028045381
1.1616287462679324
1.171497243198158
1.0653890641474548
1.0293353304756914
1.1434562122335978
1.1613022134920317
1.146441170881459
1.153401057079871
1.1337170303809754
1.1356218968639933
1.142366608675135
1.1298276123948738
1.1190320464371137
1.1618686683234094
1.072612095514906
1.1451408482629293
1.173250078324045
1.112164661750213
1.0994226105714762
1.1450443500652951
1.061152177322247
1.222942835378333
1.2322258595130067
1.1153850796122964
1.070637796331532
1.0744784439287305
