0.7262161428505314
0.6324158792103378
0.6681408257818207
0.6804505109531337
0.6021467421432943
0.5455849533942905
0.6578558096856538
0.6771183742738017
0.6475057047303642
0.681566571566492
0.6234878771118015
0.5828731289984221
0.6422832845799835
0.6409489607915129
0.6374947829600668
0.573125472556593
0.7009814209493652
0.5619812994736638
0.6354143733123492
0.7422334638449085
0.6813493018898167
0.5629782410422718
0.6142638434930298
0.6346877173189692
0.6310708961843572
0.5515961071302161
0.7007450762757558
0.7244952390173343
0.626414630780338
0.6009318213437806
0.7871154309488365
0.7255967528264319
0.6304654434313781
0.6689318870291222
0.6799460335231773
0.6000868914480358
0.5432573864469208
0.649315563239713
0.6688539576893267
0.6683735374065601
0.5884878718319513
0.6466751978577476
0.6429169697562788
0.6382816088093741
0.5741178380629882
0.70493456944128
0.5627557385133113
0.6315520164877522
0.7379549681685337
0.6793067456906752
0.5740759675307853
0.5882930835604185
0.6137431200636186
0.632552795415905
0.6456174664588569
0.5350007309373699
0.7085030959229204
0.7014073766939939
0.7229223444623318
0.6130215620620043
0.6029734273548129
0.7881832312015624
0.7165000741915888
0.624533920654047
0.6690550879808397
0.6799508971284556
0.5951019854524559
0.5426127231052521
0.6523579560900578
0.6700033285736353
0.6562921058369906
0.6771385393066274
0.6224552133962051
0.5790876335392667
0.6452242022638781
0.6420619857640343
0.6363930012209336
0.5698322005709473
0.7017281199543606
0.5630264606972977
0.6289235193931775
0.7389226049266414
0.6821370855820991
0.5650521197543498
0.582860028356886
0.6176351492094967
0.6323809480446345
0.7003142980042045
0.723269636688922
0.6218869630715398
0.6022651755253638
0.7861954707779163
0.741463329165654
0.6607431940956322
0.7016229028015455
0.720749773291729
0.5641583073799784
0.671979745032262
0.6956812610170874
0.697163413383143
0.683868155182783
0.6035494204141896
0.6656849102258435
0.6762234248332069
0.6616961197953084
0.6013676040887177
0.7221475231338688
0.575757576283703
0.6765973002511079
0.7562142052814971
0.7000100880067621
0.5892452593976947
0.6204372435637481
0.6727215543221645
0.6619844068178238
0.5643853984332419
0.7249538793187377
0.7555943679067523
0.619983460129234
0.7856124543621568
0.737643147142085
0.6541620587163796
0.7039839638242715
0.7097303785392644
0.56078184258262
0.6669473425024547
0.696273317573777
0.6944991886855663
0.6890528216703503
0.6452876814017001
0.6007851260332205
0.6627924454591367
0.6703983591435168
0.6646976777290416
0.5945204908655227
0.7066387976291483
0.5775107298740271
0.676109779248502
0.7576280087711605
0.6997939886261799
0.5911661071500985
0.6296715600702156
0.6357809206981175
0.6683867580584663
0.6612633931336591
0.5637808384655751
0.7281352202715133
0.7119999893648888
0.7600315489022258
0.6223109380533276
0.6237750016395938
0.6667357048799171
0.7241037290223202
0.6355421478614948
0.5622001569458168
0.6719820166977246
0.704499593915886
0.7051571614228564
0.6509729337630512
0.6016254039942086
0.6732462221844513
0.6793420488999053
0.6572166502303078
0.6127571275236966
0.7256960155565448
0.7629579377822249
0.7055389976842039
0.5926519086884908
0.6288460125169194
0.6447394344677471
0.6780228835423328
0.6665653624356201
0.5728152855909214
0.7271316860122942
0.6289978179577369
0.6300205745569237
0.7696561408129023
0.7487001603369592
0.6572894361568531
0.7067694589020205
0.7192146067749722
0.6343345471040921
0.5659584182416642
0.6670959142239694
0.6981486818595718
0.7062322289138798
0.6853753963653892
0.6528827508695706
0.6680820103986617
0.671194172777083
0.6578766111255978
0.6042488454396127
0.705654763900172
0.5819653347876813
0.6812773537596338
0.7709516597793042
0.703560746440509
0.6336483845674776
0.6413361645081503
0.6733054689235711
0.6654283817414607
0.5636932567720925
0.7384835519187518
0.7163267609619196
0.7665847432073912
0.628308027588997
0.6318394074837966
