1.0582842119666098
1.1299276797216615
1.1450698669239756
1.1463199269322522
0.963022680451805
1.013646198513631
1.0648854008252102
1.1149231028709616
1.055006334724181
1.0584899825037926
1.0554584300479626
1.1157900812554402
1.0554333853112874
1.0529842977734432
1.075123465054942
1.1753409224483222
1.117965006742296
1.052537700076604
1.0301777110749188
1.1233405871233137
1.1226267258064344
1.122122224206539
1.0383780517415961
1.049287245590435
1.1816804509906622
1.1903284342320848
1.0483768798314173
0.9695993311292749
0.9608070797121975
1.053843023403476
1.0570510633828083
1.1460088369500399
0.9658224157062847
1.0149813249974065
1.0631246313891036
1.1114489142682946
1.114712237533164
1.0555654246184103
1.0589666881481947
1.116397862509822
1.0575663300209235
0.9852577819963205
1.0949392444510406
1.051942646322534
1.0766026089202616
1.1748302147620806
1.117635771333637
1.0528303111763684
1.124056554550513
1.1223106836819265
1.0696894524448513
1.040688497347052
0.9783979574634583
1.1805864707412037
1.189951017378041
1.0466932411213448
0.968512053498811
0.9590686110082414
1.0545272231567009
1.0594072962696734
1.1295458234682971
1.1443792410541058
1.1460162308662576
0.9641071946843434
1.0121865066060978
1.0656875177341976
1.1103772575168398
1.1300651292684738
1.1130311666981576
1.054981033656167
1.0569719756041456
1.05592261281609
1.0572973948900275
0.9841040515966399
1.0929602580009732
1.1750470855823794
1.1178163868642514
1.054078949839099
1.1251546204515415
1.0710431537275475
0.9791383990566895
1.18071602291302
1.1895781299747172
1.048461590128121
1.0376069626121818
0.9589094032639464
1.0538766177403207
1.058219305559633
1.1300098503431957
1.1447462127083996
1.145923095912259
0.9638992279606049
1.0122976878021075
1.0652487001714377
1.1105536839708416
1.1288728195887394
1.1145665852447513
1.0552037528166462
1.0578380923646273
1.0561909111807952
1.1165119632451872
1.0573836323469927
1.0932115231523916
1.0516376150142572
1.075761273696099
1.1747049174005284
1.1173273547697349
1.0520187694602756
1.0305832253760168
1.1242281102175098
1.1236906719637088
1.0416372571186707
1.0484741201742813
1.189804444991459
1.0476779297556142
0.9701485048866946
0.9580522210997293
1.0549266730709923
1.1208800736176185
1.154833601917285
0.9744843990579185
1.0229921239809971
1.0765060203039352
1.138904851533414
1.1203795516293944
1.064005664991377
1.0671859136409818
1.1282487915333703
0.9929046623445763
1.1046160776843956
1.0649078668542604
1.0934351753064302
1.1824472443397054
1.1295645636580567
1.0568349116925655
1.0421232239650773
1.1378266075608978
1.1341061684666331
1.1337748597167154
1.0527153731929098
0.9867481287906035
1.1904799305141223
1.199369780471739
0.9833742868626338
0.9753698826067918
0.9711885273588114
1.1208410275194813
1.1392851886324242
1.0994025050511589
1.156702495660685
1.0476131152863672
1.0201767209438155
1.0668714177217704
1.1410052458114015
1.124212839721187
1.0688808597187824
1.0629836257268699
1.065368588470021
1.1263705886194593
1.0609113493886662
1.0609250113609199
1.0991323498485268
1.0641447579878123
1.1374988707980613
1.18388626740793
1.0726760185878608
1.0590859307046792
1.0416134763587483
1.1340248506201918
1.1323064782754733
1.1292899894369215
1.0491641038459327
1.0613465324912292
1.187248505998235
1.1987526011857463
1.055400671428561
0.9746939898549536
0.9682825021426186
1.0625167270885907
1.0700412436077555
1.1440833945363187
1.15398740842905
1.1597561282425415
1.040661375852449
1.025146324402574
1.07689224368282
1.124268738018497
1.1404584372052788
1.1186748878654547
1.065235665311193
1.0661290419873293
1.0749058414484662
1.1285898202896862
1.0636963392763317
1.0643626917060718
1.1059087418258868
1.0684734409260668
1.0962441023504401
1.1826691422336721
1.0766269853892148
1.0569727788401533
1.0444620592543943
1.139373893507677
1.1354691095900367
1.0824827356424875
1.0570164344489563
1.1911511794770986
1.1974923804011874
0.9706464997495226
0.9749392875805359
1.1142416830151425
1.1216033602790487
1.1384083406180812
1.0973207641791216
1.156248547784959
1.0521488432417767
1.018575928731247
1.0714360614981384
1.065668473904808
1.1425488776124442
1.1222994469207233
1.073895949921674
1.0629861210399663
1.0651321953094175
1.1234953328560797
1.055755998427689
0.9904425697862473
1.0914403785099998
1.0633793279368118
1.1318360569322232
1.1830735104056884
1.0712827060529
1.056049074447023
1.0405468468864303
1.1319916466242996
1.1323824294443814
1.1283174873120738
1.0475470456047522
1.0614638083897039
1.185834823512516
1.1965492351890838
1.0549744704153392
0.9756524442009498
