0.810022527560391
0.7669863312455928
0.7965552670189057
0.8086207031178292
0.8082789512786202
0.7344497432959657
0.9415761429110747
0.8738420315030347
0.8956801493823588
0.841895405407827
0.7800011374998335
0.7899071762700514
0.7427820712736024
0.8650067603836492
0.7423245860413807
0.8054540380959953
0.8331259507255124
0.651834811794077
0.8433188939412428
0.8902700091672002
0.9183359782530374
0.7060553305950716
0.7362450521641083
0.690700832140665
0.8007459619044538
0.7055401119946996
0.8385922434538472
0.8088500801178578
