0.25054317577804974
0.3066675830930766
0.2162737612161145
0.24604235498438287
0.2882691388686801
0.39001852996078457
0.30721624896994637
0.3096038411270871
0.21143761560008834
0.30827906686932843
0.27087136750706176
0.24499680749870287
0.27064292340470486
0.34881372671885935
0.2610648050530891
0.389917649368147
0.252527549953793
0.2626042555838436
0.5268830159105755
0.2670431234275924
0.24174184134952426
0.32062149545927043
0.432372578491935
0.37852882383610786
0.25561765405917386
0.36254939800877506
0.331940616825544
0.4803364025347535
0.35501092853561766
0.34508113836654675
0.30221670825791735
0.40157066204649067
0.30923517220134855
0.42738746599391964
0.36000503364308806
0.3058522959978631
0.4123783195704567
0.32333647724898235
0.287916176574617
0.3520720549608287
0.2800973822312528
0.48875545824595934
0.3786547671240561
0.3418657509317881
0.24002539792226846
0.2644732506328203
0.3086956367381259
0.2354276631446567
0.25758120844505517
0.3641027810563732
0.3289730336490583
0.2786640165398637
0.22045943184148942
0.34356084500010536
0.2781113549488712
0.32607696572634265
0.2525823631639166
0.2697975544550536
0.2776202658077347
0.37164662949234667
0.4606740160173152
0.2398381854258393
0.2748992576526585
0.4663266039576639
0.2807980256219522
0.24092813375655223
0.32705786039718754
0.42952536790129126
0.37853999715852216
0.2540787265415424
0.3672620254309692
0.35473114578470555
0.4756807729579749
0.34118086176090323
0.35966019415042244
0.2922993757228063
0.3959164623130499
0.3095013278446094
0.4066712932829158
0.36087027983052566
0.30353125248184176
0.4141760306247142
0.31439350230615254
0.27687084080926716
0.38064033207407094
0.28883744617976714
0.3742581577287078
0.37821154014941855
0.35763285318892885
0.23960832004521154
0.23994937234842903
0.21793873507341296
0.29030940374921876
0.3183712738023345
0.3151024136019174
0.3019050713243035
0.21183122454156147
0.31410554326554424
0.28040806395787343
0.41778236955850034
0.2579635607788644
0.2712400860238247
0.33407760107285134
0.2669498616814059
0.39142292278897745
0.47711005911718096
0.2719582467670348
0.5436301951794422
0.2628622665911773
0.24425112774682745
0.3040715824325827
0.2556771491109209
0.3741530802823907
0.33059861881278924
0.4858317124471947
0.3657076471435671
0.30107208574512223
0.39480550162376427
0.3030438146705587
0.4236534416869623
0.35239615984913797
0.29972168734077104
0.4251151086491821
0.3162564011782964
0.2901486826889813
0.3548730963065343
0.28302710756364735
0.49683067601930325
0.3841149524263174
0.3392286297428778
0.2400792520599923
0.3350019739612494
0.3836536229365075
0.2764158539738408
0.3114213248708785
0.39460516462533696
0.39967404858353967
0.251578471362074
0.3336011037486439
0.39360747505840177
0.2912419017937806
0.31168815443242215
0.32317832497936916
0.3955958227569877
0.44344816206629356
0.2756097323159306
0.32284590080815745
0.49429076901979996
0.311229376179515
0.27568302291182256
0.3372628722674107
0.4809316102147114
0.38905254869117367
0.29307908815138406
0.39184825681993624
0.383666006113857
0.37753531681535524
0.4280333424872333
0.32536228537703654
0.42248728248489
0.338406392895343
0.3922556721024897
0.3312263016790037
0.4040984763921408
0.33795074631726124
0.31033953040110357
0.3937536028669356
0.3085005990154475
0.4421134169060684
0.40792325640167293
0.3636376201799024
0.302597487015676
0.28993629612326566
0.3437401974475789
0.29526655714872496
0.3004682665895445
0.3802087193882877
0.4608726306295209
0.3818002474578537
0.33916517373932487
0.2719109009562035
0.3694709742906337
0.2835788049956492
0.3894446228664406
0.29813267732977067
0.3848938716594825
0.31830907085597726
0.41014042571570597
0.4768637434126702
0.3624103225462885
0.5095188388784934
0.30654192577375483
0.25899102354088377
0.3845616829901413
0.4736251238295903
0.2713833571574674
0.401736899598232
0.5124130984184246
0.382408378030867
0.3968873170206828
0.31427887090308004
0.42535603925678866
0.3444531565069159
0.42503265402209794
0.39207495976927664
0.3379636672540489
0.4315787522724225
0.3488905948679447
0.2903074040787569
0.3919842374387193
0.3043319905833308
0.4409526650667598
0.403281632749964
0.38752463420852024
0.30252286943947443
0.3864391825469578
0.28256648514970895
0.3058115049528312
0.2960797955630454
0.3622730933534965
0.36330459258059045
0.2862116709288246
0.2564955772768204
0.3114481462738987
0.4034488337663624
0.2832033470419203
0.32123537645580524
0.37370086945484016
0.32181011800386744
0.3958333495049549
0.47130156176959237
0.31132339751657506
0.28858944859949065
0.4002147649946212
0.3038895557848059
0.3761244477415684
0.36275343708272856
0.5003785796549399
0.38495996166820096
0.4122137752238809
0.31809067382420386
0.43841828624110935
0.33261211193197404
0.4362863129936978
0.3947403138663827
0.3139738410156485
0.4036567475422873
0.3276502105568077
0.3038336874957761
0.39791242238001584
0.30871622979011537
0.4550548940557316
0.3972450387359777
0.3619284154038922
0.3232491706305912
0.2703607041945355
0.31247520582504523
0.3554882381937608
0.4564083039256306
0.3726847864318059
0.34338076084393
0.2600414877470385
0.3709920733759291
0.2624802899401336
0.37518749500193005
0.3040583487335184
0.2778469955279029
0.3957978956833913
0.34670319895537216
0.40446443712141844
0.4563942060624945
0.4940212315478192
0.31292868731980755
0.2839831230693325
0.37435397444601104
0.4712281364714851
0.40588001034109245
0.2826971505538267
0.3823869268245255
0.4054900019162786
0.5130180842135428
0.3933364577288541
0.39405206356723116
0.31596764876693917
0.42861565592340944
0.34904076155885916
0.43832128935618064
0.39490076500841864
0.35509579243175005
0.44254330853330676
0.3468942350937064
0.3880564612432736
0.3100998604890392
0.43739683714373556
0.4115559572527407
0.3938474495245949
