0.47696016846079736
0.38863574694576275
0.42284561723884084
0.4063956261078408
0.427334970967387
0.4648493761841187
0.4478213809199135
0.4857525593804529
0.4036549176479185
0.49203969773145756
0.4086808516606949
0.3600029336430005
0.40704908327346406
0.3832758915028642
0.4252494982510302
0.28730567273185165
0.499302970831202
0.3713124332448919
0.427864618215788
0.43443430724888077
0.4559536197777991
0.4092053687220419
0.4287378707375257
0.37094387343445334
0.4737919280655532
0.3392344916844683
0.41043633304154437
0.4416322576651731
0.4121502784320805
0.38452816449521376
0.5229334220288598
0.4726844001878399
0.3958586180866493
0.42152360482199636
0.4037618478491808
0.4764203047922979
0.4434842533169818
0.4396137392690698
0.40228987482928075
0.46782139877438883
0.3722377872259085
0.42575547974103145
0.40032335930347074
0.4277591205572042
0.28302300741932407
0.5063821430960912
0.36396187783296746
0.42995078117823365
0.4257549001098379
0.4463416318890745
0.4450193802678559
0.4499887527005402
0.4085716536626708
0.3711582674440438
0.4886879809781809
0.3144375853096684
0.43178802465230137
0.41100810750228367
0.44197800303790097
0.3512625598725147
0.3767745886055616
0.5096439064404887
0.45918088740998364
0.3847655846802554
0.42826104954354693
0.40614488971975615
0.4258714320126913
0.45190151957308955
0.44150602868382927
0.48086585040155955
0.40609953509492547
0.4791307514846822
0.4226875135487005
0.35781945412790067
0.4161210687763871
0.39442889531723446
0.42436880328890736
0.2826047288544671
0.503474560378984
0.36944273473791445
0.42318068473227516
0.4361758440301057
0.45632283284818764
0.4329540996372128
0.4460042656487694
0.4419328598173322
0.3766658407036478
0.4095405549665201
0.4424322972062328
0.40901325343060424
0.38719666433713007
0.5197664204458433
0.4883307590924829
0.41025917595953626
0.4409444716684433
0.43220015022824454
0.4771073839805159
0.46570815392253717
0.5017475365187017
0.4370511691169363
0.4620184279683303
0.3766960498963712
0.4274931558192305
0.4410630584171012
0.45322549569328585
0.30572655873291227
0.5186891037858244
0.367093202830526
0.4493751420935424
0.44267133399110103
0.45711578186655927
0.4580928230048979
0.46244169368104904
0.3977924545039366
0.4788617435037334
0.34147658686811416
0.44321098605352166
0.45330397321341254
0.35583037952545926
0.5200202399631826
0.4632247673367152
0.39590213959716425
0.46362600417176186
0.42500655547526883
0.4747115842472742
0.4658506507021222
0.5062315444127958
0.4259386011890029
0.475326394705892
0.4317792664679129
0.37591010612422526
0.4445075108368704
0.4057662997577613
0.4600994196556456
0.2934025412877099
0.5090463748213037
0.3906888719986753
0.46648921340063443
0.4413006492318788
0.4611408220768701
0.4514756890305039
0.5074842228995067
0.42968192490577795
0.38903122136939633
0.5002156997006136
0.3616710587581529
0.4477160141188279
0.4102358915850325
0.4663898208371038
0.37581174707063114
0.42134052191337895
0.40453739784323667
0.4401155576546961
0.5109434289307613
0.453832346770967
0.4493890643439024
0.493570033117278
0.4463780521030356
0.43117301720846224
0.3762342242567123
0.42722288390153196
0.4217582232658914
0.4288957859691049
0.3096396128825085
0.5061260481211536
0.4478935872729888
0.4493285511909882
0.4479985383398945
0.4437807978288617
0.4182944230744003
0.3969047983068551
0.4673758049607305
0.34307985809444536
0.4388389438883486
0.36676081399646904
0.40946540151806465
0.5036841142285726
0.48289437427768983
0.3929861574301109
0.4548142606318436
0.4187533234594003
0.4713975592351727
0.47868843569486946
0.4532390396752235
0.4864225092129031
0.432821607138197
0.4740469121203924
0.42591096454035293
0.4405072922365753
0.39955030074423864
0.45470128793378156
0.2957379318596649
0.4993088080590383
0.39471918000271017
0.4609489331481138
0.4385357391544932
0.4740762235669301
0.49048326078725435
0.4370938212358641
0.3945564687833566
0.49336705111823576
0.3469709424002037
0.48086082910735595
0.42676681082958656
0.4660990340515309
0.39013017803394173
0.42582614579570965
