0.9317427203739213
0.9959477230890204
0.8629465497854603
0.8255510191278164
0.9762196729370486
1.099702807067956
0.98774208116295
0.9716886641568933
0.9125052666554606
0.9772194376055715
0.9493022240598307
0.8803686364167377
0.9436609870436288
0.981595085614967
0.9384588243019162
1.0431214066126078
1.0226660735429984
0.9138145678640187
0.9528116750119265
1.0454322059236236
0.974144871372279
0.8016374755689403
1.0321637142144935
1.0020933697492265
1.0724075936762967
1.042746614332381
1.0326090670724504
1.1639613152024926
1.037060158750381
1.042346587200692
1.0795914527081893
0.9949775159770213
0.9990032534505447
1.157702577667978
1.0971788089801449
0.9709633477441558
1.1327780813183916
0.9629369767167306
0.9437307705134235
1.0707598873558553
0.9488594927401132
