0.6927274726880458
0.6874307547634327
0.6533267789088095
0.7727268788526513
0.7496664628281944
0.8245962118547776
0.6567457345630576
0.7385858075624101
0.7390300181909932
0.7255566038430812
0.6827958281946549
0.7290983769688569
0.638743453480903
0.7438807274768239
0.6091443330330547
0.7793221779278845
0.7116303901139335
0.8023135109154409
0.7413366841878873
0.8513392400265112
0.7805422273445185
0.6924537402346382
0.8692920082123478
0.8027239229420534
0.7432891809941469
0.8156969299649364
0.7485226355729321
0.7748468955662162
