0.13174298562258235
0.1440088862165675
0.12197241035455508
0.12104102141476046
0.11158835159842079
0.15750536616260968
0.10566052702733146
0.12251537280824082
0.11632234515776191
0.1153611663665145
0.16025187151985779
0.1119042858782214
0.11822239991227124
0.1342834976425179
0.11063978469440444
0.13220310484956793
0.12165876092592591
0.11476899278066185
0.1249483863760808
0.10447501405813966
0.12356615138204356
0.14304450798975277
0.09907334676410921
0.11859188202378576
0.12043686589875076
0.11077755724696316
0.12832754323309084
0.11495256250501701
0.11620820448951019
0.12486286169119952
0.12692643223935995
0.11465308057157879
0.12126214738535006
0.11955289500514647
0.12484976711191216
0.12487702771924905
0.12320027223749054
0.10830340697691103
0.13119797379381812
0.10966732388942052
0.11905072177635914
0.13002132873694733
0.13451959312710254
0.10478946017058746
0.13415527162179264
0.1443045701746008
0.12731069394452674
0.15093778270039968
0.14126357955605134
0.11210144977050739
0.14960892374912294
0.11433890818752152
0.11376866556614192
0.14231202713620184
0.1273012869090488
0.1368211028805761
0.11892918737486712
0.13783132750748897
0.1262945243153533
0.11765062420748044
0.1317940664898899
0.1382381935067973
0.11489915401067252
0.11551319931048375
0.12975580320527144
0.10500568697648616
0.16365984410273626
0.12634687996483418
0.11710267212748346
0.11090970387426688
0.11515998891979434
0.10573033166086507
0.12693059105551172
0.1556049908821316
0.11925637757550432
0.1089339002602405
0.13792743790902523
0.11824690798989712
0.12263216550513853
0.15553002175462097
0.127709014882064
0.15005686082655367
0.1254275958901357
0.11514158408080724
0.1202367684077753
0.10807591673920205
0.12054694144762806
0.10987432148245845
0.13108623021973917
0.12530506565063515
0.11708859990248614
0.13211368814889424
0.11112251922036916
0.11922956348297116
0.11454428595178515
0.1323586741628281
0.13251546175887172
0.13657822362255886
0.13496847578953805
0.12754486707462886
0.1489641534610257
0.13204572515577953
0.1418090242368641
0.13147939981953183
0.138207444547028
0.11634708782758028
0.1189597267641395
0.1382267916309499
0.12274376194911221
0.1131980571632281
0.14040116586564377
0.117746756144888
0.12957225534856157
0.11550006087348492
0.1195752577913248
0.1314247873779563
0.10840868237285549
0.11311860481567756
0.1087297052765406
0.11463751063551919
0.12048675830300222
0.12272589129982676
0.13833868670236013
0.16670151198661928
0.12243920489905541
0.13720243998239662
0.13844655998533223
0.12968852795686128
0.1144682257878307
0.14078173722109077
0.1306951008908619
0.10197147272749431
0.1276379287198244
0.11754569268367002
0.16917120506286773
0.11280221380265396
0.1227298165378438
0.13877132814985504
0.1308157666599396
0.11108321553150197
0.11268646945621064
0.15845154794681704
0.13620276867050485
0.1324138683013136
0.12152171024088129
0.12296541158088961
0.1361614522773693
0.13409840751687652
0.11804850106404098
0.14686297060972656
0.13293146736840672
0.1193075138347023
0.11440070494716534
0.11108139317713801
0.12602961406238639
0.11005010048703857
0.10505048538366266
0.12372176688935364
0.1275671120424674
0.11482560246677823
0.13224369719975693
0.12340447928783575
0.1071322303714542
0.16031824278560747
0.12336750909664818
0.13697309485246892
0.10891537858433584
0.13067744369660353
0.12673332800261977
0.13464052360179368
0.13705123048894133
0.12381620336020085
0.13475388937659408
0.11877519133153393
0.1194089205490371
0.1283735412124467
0.16009264678293422
0.13304352938905897
0.10637041203850928
0.11401578497677903
0.1479104852139727
0.11044731252612007
0.11592194216580977
0.14341239301166062
0.1199061279245447
0.11127715542993236
0.11921496313599908
0.13171496425529275
0.13662396081493153
0.11021055554008892
0.12274376553498237
0.12359581493083212
0.13146898370041252
0.11495611902318081
0.12354370389192496
0.11024008404595174
0.12245145327642279
0.1367605332374618
0.11758839146415342
0.11687889015912616
0.11780699680798778
0.10722588274716179
0.1084040553512452
0.12976225059298394
0.12311148933008517
0.12543634513818336
0.12341458405631989
0.13850531247847486
0.13647768984459316
0.13232595765070998
0.1135038552762779
0.12548349077195586
0.11925210739090344
0.12996151720263024
0.1134019015470131
0.11360737111181222
0.10202749856808255
0.1176141991417118
0.11732189100415269
0.12056146371747765
0.11405476168641951
0.1122063768984043
0.11937660116372639
0.11912056253858158
0.12885954734194485
0.12829157488590043
0.14654630072492436
0.12020329987745085
0.1081214103104514
0.11997795110297095
0.11320035049258848
0.17975794353783328
0.12377259251666185
0.12017200774097227
0.1290372919399626
0.13831899911029924
0.11542325118023875
0.11360988514410299
0.11410860180297187
0.11833821983665593
0.12495885243702393
0.12374264187947681
0.11531926621850895
