0.28317149365339145
0.241172351897533
0.31572055910352864
0.2299698991080325
0.26840429997229137
0.33796148719266605
0.32362258999025045
0.2548778700801763
0.24965864773695942
0.3651419828419616
0.27737041215584596
0.23874353954582458
0.4458592535702819
0.33155384987239456
0.3957653086069793
0.47506768854031906
0.2608279777381388
0.3751388343037544
0.36017668274294956
0.5275820021560926
0.3544962348603364
0.45853828419110715
0.36876988062606814
0.2336889698063246
0.23982271470014782
0.3425160472186748
0.33529540352601334
0.2958235644847535
0.20429423224011156
0.3338154784172348
0.39049156554122855
0.2660081962666861
0.36172093604900496
0.22483311135212625
0.37213465783154664
0.24711192609328692
0.2387395265589286
0.49848550829829175
0.19099302678481983
0.3509445792042323
0.27793213616186746
