0.4792138783715084
0.5111681430814713
0.5194792081209881
0.5231264614079603
0.44645418960597505
0.47540537334005706
0.4952119448731347
0.5080332509943941
0.4826760308234739
0.48642717016088954
0.4810317544768621
0.4998437051031236
0.47467022576204154
0.4825603615489468
0.49587195821104046
0.5376221314729162
0.5034468174875119
0.4778157926194909
0.46723724129073796
0.509256516738799
0.5042741365552645
0.5082295627320607
0.474532360627156
0.4757266902168005
0.5435471497174339
0.5489051221956127
0.4727087241571326
0.4550511912041507
0.442610482281598
0.4817557972817066
0.4813665011998515
0.5218934422967332
0.4594321984798573
0.481434111636006
0.4929306412613859
0.5110065437967475
0.5076927051619475
0.48360351149664704
0.49026730339233576
0.5045459246485849
0.49315901926568384
0.4517559758633002
0.5114124576029198
0.47830641179852673
0.5003248892637926
0.5378322944051828
0.5036317475458421
0.48253169901033255
0.5094877255212531
0.5050735129011148
0.48872798143017615
0.4799315737224642
0.45305808659276203
0.5429730856416282
0.5487982327153491
0.47078751810670916
0.45193070290155574
0.43788861505585874
0.4821294571611
0.4819001390457539
0.5104880088617363
0.5192032380375559
0.5223220738622392
0.45315574577710294
0.46767883431562907
0.49606788002101376
0.5076139975142395
0.5100472868233601
0.5050091571836318
0.4838341904430195
0.4842692972885241
0.4832455772720017
0.4910760474666085
0.449931194151202
0.5075294109206496
0.5379155262231246
0.5043812253336839
0.4810651207653942
0.5099366701069746
0.49359935739071903
0.4540949353069945
0.5434435319094334
0.5482596160052917
0.47232770064064605
0.47091011292897833
0.4403199878519769
0.48414040914712114
0.48234253539826344
0.510778079884618
0.5183090735392268
0.5219350496241766
0.45102823079166876
0.4682815575331858
0.4977759882342477
0.506804247599296
0.5115320996223428
0.5071068628392426
0.4849759033319802
0.48798734838153224
0.4813818975301025
0.5016772095145626
0.49367778154503394
0.5077615366614788
0.47826418349757255
0.49597160071371205
0.5388378392616635
0.5048839575566224
0.47966033192137836
0.4663287552384905
0.5063213392941202
0.5063420405934898
0.4814005733705442
0.4779755704540645
0.5484671278945727
0.4740485737780713
0.4566129078681911
0.4391678408526908
0.48538816801407086
0.5038562792245027
0.5256777983304795
0.4589585087823119
0.46866275763761067
0.5002016301164517
0.5162162648517385
0.5067987524465231
0.48593159512925904
0.4918895278885409
0.5084202432578695
0.4570359606805898
0.5125205342689374
0.4888403020580447
0.5069205499184858
0.5439414047569076
0.5169598914592103
0.4799535659986156
0.4702589832706012
0.5152210934697655
0.5118495796056743
0.5174251134844309
0.48498637088114255
0.45440213292563936
0.5501719138945366
0.5549844449392853
0.45275685931320936
0.457716153605799
0.4493584621986952
0.507875367735894
0.5163542157758768
0.505683898855295
0.5280346999784866
0.4774959228941082
0.4711363905421765
0.496779684568441
0.5171387893229842
0.5166561528811513
0.4918930463264415
0.4879792103789611
0.488232295003752
0.5079817519801735
0.493157356898667
0.4798737812869961
0.5115299072077434
0.49104642565124323
0.5188338247362903
0.5415856400815597
0.4909578072246601
0.4878933282909972
0.47494143752815
0.5207575054742694
0.5092180755678862
0.5121475181253325
0.48997110662907917
0.48515127562979
0.5476808543582116
0.5532527932120707
0.48271025714281846
0.4539147060221018
0.444935633913111
0.4864296264457998
0.4905976385119968
0.5209154723522902
0.5240233870194608
0.5299679118298398
0.4702147630629743
0.4652194062731484
0.4976532497808033
0.5082964159267672
0.514917669997125
0.5069372213639864
0.49172187904488074
0.48928431479964307
0.49055031232173474
0.5086782958817693
0.4877175364918013
0.4829909633370292
0.5175446201365953
0.49281941387329026
0.5077678224209281
0.5421416510334365
0.4952746071379857
0.4823047940507122
0.47345597786570764
0.5177096983586038
0.5142765703263137
0.49951985370704394
0.48809635903199544
0.5493874914250263
0.5512201416022704
0.44778133595997016
0.4498762882838522
0.5039563176595091
0.504816535826679
0.5186320574137847
0.5042932761133471
0.5303041828218731
0.4792367411297804
0.4713866437381093
0.49268423138730877
0.49290170130992916
0.5170743901461321
0.5163848955489665
0.4977488090007719
0.4885227623294739
0.48968694140733204
0.5050082808543269
0.4832088322371044
0.4566970487470382
0.5085751337347326
0.4884634514524545
0.5138226470843789
0.5415975983115598
0.49239332561506194
0.48245308721875857
0.472034127935434
0.5209108968158791
0.5091801430093321
0.51847321012472
0.4839694753075502
0.48463302235022165
0.5475261929094444
0.5508629650741592
0.48403823957678827
0.4622390533008128
