0.5817133351918309
0.630505048382427
0.5383321679883213
0.5303309581243973
0.6080070770487475
0.7359459548928279
0.6240529767398698
0.6183649345877481
0.5824109729093129
0.6388357122826809
0.6269068493416035
0.5718422301432295
0.6229169553071576
0.6869846824865633
0.617445901826383
0.7150253460600702
0.738774644656522
0.6140153191771638
0.6475334968323212
0.7402971354282436
0.6572433257899595
0.5446248337825722
0.6801413351137763
0.7355729939870893
0.7157164097344253
0.7293392075470666
0.7027006729277763
0.8302474241479341
0.7164286092515915
0.7078955455115914
0.7626349372536668
0.7023761276568069
0.7092512169915088
0.7997758976848055
0.7688200749655979
0.6900732615321628
0.7967989975109298
0.6922861068412822
0.7566018746006251
0.763568116978224
0.6472099801051832
