0.4094635425463663
0.4098927287716798
0.41160774981371473
0.41655385771059616
0.4116417418887387
0.39067272581396295
0.3938111018744447
0.4188636488636143
0.41240214061524755
0.41587761093397885
0.39511767134587256
0.41802130361640966
0.3900906431273962
0.38956245072882406
0.3724213553505088
0.35712745633465887
0.39600340021683034
0.4266510408590166
0.3910132550497849
0.4005751289914252
0.38167639272703174
0.4212732547203808
0.3972356271053069
0.41903530750377593
0.3949190809005148
0.39427911198921706
0.42867046569542966
0.3968077231044487
0.3919855186267286
0.368819514685816
0.42550352184428514
0.39871428847029616
0.5572393350638424
0.3998410883864504
0.413964786588191
0.4017419687887802
0.3797418497049805
0.41402026399567804
0.40443192006191037
0.3872966007630253
0.4362546545584265
0.4078169284684045
0.4279346191722634
0.4214112624153664
0.403632750312705
0.3852348259993491
0.4180747937155167
0.3977160916055157
0.3915299597890345
0.39964557152878283
0.3896824426391704
0.3839767270152948
0.35211801138090604
0.40617251544112654
0.4234353946843279
0.4430847550571426
0.40945828060990686
0.33257927844943236
0.38180011156067123
0.44793538573234987
0.3771924059769616
0.38674215728096506
0.3740569761734198
0.37192348466856445
0.3902053769971662
0.4402244313482322
0.37344913507879574
0.43654241614381073
0.5114700513076111
0.38593499090908834
0.4376266660567348
0.4142633219862712
0.37012915622803555
0.40408522687367165
0.41279340955984567
0.41849631396439235
0.40609911803417786
0.3677497021678335
0.42268247759326344
0.4282307150036198
0.39718189180848007
0.41918955652361933
0.4533431100490497
0.41297427697682215
0.3994087163201416
0.3940968992956253
0.42469550192364147
0.42068729723807363
0.3859995118417259
0.4033994204937717
0.40911674750177895
0.43446757068018216
0.412473431198403
0.37699718996253817
0.36374015154793427
0.40840611901897456
0.4304452866246863
0.3735931009449464
0.3824408045200417
0.5004172144983134
0.3870427938913211
0.40815060153505645
0.4458865927151512
0.41715090109435154
0.41104299197901967
0.4157672474171802
0.4027922632863684
0.3975819991379564
0.3858477974029307
0.4146619368998303
0.39750071132413617
0.4157390153549134
0.4434549554539159
0.4487193413587511
0.3994284515605178
0.3775840971988209
0.37619453742220105
0.34103860877809183
0.43113512527732367
0.4145814760933798
0.4292309549646717
0.44611618733172986
0.40513352078859977
0.3723961284645674
0.3995767275463032
0.3770900192347664
0.39274924227277086
0.4097243148668759
0.34258183084281846
0.42798268350141067
0.45528780112843437
0.43384868254046227
0.3986121466511692
0.39011284491721004
0.533474654670815
0.40266927318507306
0.4427831770801116
0.41401642417331114
0.40356622117731766
0.4695213588117655
0.39923130826013536
0.4443772734640944
0.38842746431506553
0.39721970220790653
0.4307498566684826
0.44929558411341286
0.39879566108707354
0.3662565662873066
0.4126203985698868
0.41771310672310574
0.3824739767880322
0.4078916871044267
0.39113758255429426
0.41194524232272767
0.3990676504296107
0.402507459970401
0.4044405729651191
0.41128144673444034
0.37441284371934874
0.3977754229409967
0.4002036783038678
0.40516230109480283
0.3995405565788471
0.3760295190742211
0.4146686380326675
0.4075637770197467
0.36616312496611625
0.40408789305970744
0.4137242816340119
0.411948118901887
0.42154772170755345
0.35102253856212656
0.37758167493533956
0.4086838820919547
0.39586341556997967
0.4484813785112603
0.41809210271126673
0.40740507188531444
0.4035103249756301
0.4525400611144573
0.3977670749101697
0.4360563938240518
0.37566461906084125
0.4014921032733705
0.33618609814431233
0.41761199277731825
0.39967198828771844
0.40704589808706343
0.39985906004232596
0.39779310629161385
0.40118723846390497
0.4256270279204515
0.4000365160009772
0.397501151056399
0.3888839765997567
0.3855052362608187
0.4077757986584508
0.38269723146728435
0.4263975449072925
0.39269786209648216
0.39633383058330474
0.42151842931113803
0.4559364571116451
0.42665056838245
0.4111812955895713
0.3981685554591344
0.4011159292874478
