0.25166450302414867
0.22567616104333196
0.2515335877563047
0.25056399125942286
0.2646871433700344
0.26157393108684746
0.2709923688235503
0.24300206332345292
0.24944785620293286
0.2540817969217621
0.2542453268463267
0.26089571189941707
0.26335636117195105
0.267388772383198
0.24841910389071317
0.2509308564138229
0.24459965719298246
0.26156242537820495
0.250275430161432
0.24658211450546086
0.2515980255693159
0.2435938610400518
0.24277997241369004
0.27129808169036634
0.2592360404395945
0.24167253472988695
0.24883791903254043
0.25725649134909184
0.2618992197339508
0.2384148525363674
0.25036412944948694
0.2724886506279028
0.2556499362371547
0.25239825810510447
0.23314906246168843
0.23572134731375594
0.24648739718979545
0.27739237108536186
0.26075184654961775
0.2385184939290445
0.22900879423459508
0.24670540240485428
0.25605388138316715
0.28345483372427466
0.26826629067421237
0.2516570532359379
0.25819540778468975
0.26113562459360357
0.26725466450798635
0.23676551517421393
0.24854845811493323
0.24975064969454466
0.2360332674425764
0.26321288868824616
0.2609401476923051
0.2499760207752786
0.24091750609397147
0.26221100895211163
0.2793667374507586
0.2622403186032744
0.25192331628895864
0.23412294889726606
0.2543055838219576
0.2596554054784612
0.22564170504743167
0.2377555284387385
0.2364706946744569
0.24971166594546299
0.28033754634592456
0.249710928502857
0.25801920251939037
0.26163969771989753
0.25219571839450533
0.24619748312306197
0.24805938198405827
0.26516380885881163
0.25284452671060254
0.26838345974686606
0.2531000236540017
0.2489095761029896
0.2615884169917398
0.25693039792550365
0.2585960693684758
0.24997551044608332
0.24609377136060373
0.2691465926794606
0.24311171880921
0.26068428853064696
0.2526433733139843
0.2521620862057
0.2570821329986583
0.25748308617756777
0.2823497204883423
0.26365461947651603
0.27209206340844805
0.2711421170031639
0.26353082449662585
0.2553085834457265
0.24513081166716147
0.26967591559488163
0.25716396507137923
0.24114487648230554
0.2407651188756238
0.2527812197990527
0.26854742376971463
0.2700342935482737
0.2703304748284038
0.2629782865099917
0.23557386070699754
0.2574802994115986
0.24720400658906874
0.24312274412378856
0.2549619253022569
0.2707115523406085
0.2462513018695656
0.2433494155731174
0.247909367417483
0.2553485942879677
0.2644111827613563
0.2690740882951862
0.27034135349332
0.24759238461660832
0.24938232005779737
0.25169744523853277
0.2571405596335925
0.2656456806041777
0.25576350547970944
0.2636175524538995
0.24754925652173668
0.26685744706755365
0.2618180091819985
0.244083757226004
0.2692097869586252
0.24773817785838195
0.2572001311070586
0.2630826192977158
0.2332445118034917
0.24147599118681073
0.2551059052631553
0.2687935912654693
0.2643103221007802
0.26157986938768624
0.2385893118905012
0.2607187213161192
0.24829166952996798
0.26415682435484683
0.24526183629302525
0.24253405221577415
0.25462363588780995
0.26922401489275133
0.26144062031127085
0.2594645072627987
0.25131612607434345
0.2719627314912319
0.2639882272623425
0.2610893094670831
0.22804261015049487
0.24248549993389298
0.24958501874700945
0.25598467292052723
0.26469239959191165
0.24014830266531575
0.2660240459901301
0.25096494708073097
0.2457501214864742
0.25896951631306525
0.2677231881603307
0.26378140506475045
0.2663397291472182
0.2652026224629404
0.2776242595775274
0.26647787396286926
0.24947783272543256
0.25895152440872715
0.23516809629301053
0.24926957762119545
0.24097634198318538
0.2691790792482053
0.25799394109507195
0.25680835965834314
0.2494486591296361
0.24241016356100825
0.235447500152239
0.25248356230287594
0.25712647349037976
0.25322262329700357
0.2344425944495436
0.2656153599056273
0.2582295530320415
0.25386048433021857
0.2641926666961184
0.2663957902883989
0.2511560720012471
0.23645427067006533
0.24930124081408395
0.2515038739661193
0.26145980001017255
0.22796011355820608
0.2565335475743822
0.25181946365396035
0.26583013577505765
0.25610797624234144
0.2526613173586904
0.25118107134604467
0.25390594760349133
0.26626302377920125
0.23214945376572527
0.2717383945881838
0.2505666509463746
0.23890156375735733
0.2797941357302982
0.26364724763418157
0.26052382292861714
0.23323729328122816
0.23526591647004652
0.24997488528459422
0.2340526218293455
0.24572344244594388
0.2662295802997448
0.2645070727436779
0.2564426877777756
0.23483333042694052
0.24271494479211783
0.2513970120151186
0.25936621304811935
0.2674740392734808
0.2657674843531715
0.24818558221919634
0.25789716300956295
0.2750420940115228
0.24545024911308022
0.2624744626134082
0.23194767881687875
0.27005973960333757
0.27557827891845527
0.26861632185004924
0.2713780504442526
0.26105179207600726
0.24559940078799858
0.24109982263731403
0.2503478729696442
0.262418890972807
0.2471276735957977
