0.9308162100412389
0.8774967629724808
0.9394785585525957
0.9616276514951867
0.8975085464260204
0.9331107769013538
0.9037169645562826
0.99087839097537
0.9940443814504848
0.9665515213236893
0.9952849498260855
0.913704022297634
0.9423934693408264
0.9207861487157626
0.9123564768654302
0.9178081530695208
0.9205867787037036
0.9556382491077218
0.9124660243876096
0.931891852073247
0.9622283505549794
0.939497056814308
0.8712078366395277
0.8885782454652102
0.9608989887985772
0.9246531769228283
1.0267636096002124
0.9221140645061479
0.8877849845810091
0.9331843131673065
1.0562821051434699
0.9468672473595803
0.9631544313601577
0.8841665596093986
0.9010685674506802
0.9287393953281501
1.026876657161955
0.9073190907869667
0.9096608249985327
0.9502799987534789
0.9449516956509153
0.9614352759423517
1.0501030130138598
0.9896297282675595
0.971068348231259
0.9849269450773026
0.957458917037541
0.9643588259995208
0.9649292752750444
0.9403182293232787
0.959619106121944
0.9257072454553499
0.8736323351689305
0.950408544571438
0.8880046420584105
0.9519425516162001
0.9202203271253878
0.9756538070571312
0.9244868916711451
1.0350154544988823
0.9258552904529811
0.9426357749617154
0.9484980636809771
0.8803212688250746
0.9475412466889096
0.8899129572939226
0.9826168736717079
0.9255948090929722
0.8852571024467395
0.9118166609954905
1.0375635883359384
0.9057486247445874
0.940955807615985
0.9510162900796892
0.9265219734366084
0.9032355945933626
0.9638400437670733
0.923669181814938
1.0476790191815715
0.9529827503171608
0.9428344767687339
0.9646626195939398
0.9857824822869123
0.9564707706126125
0.9544792160136599
0.8884503609812715
0.9744928277278253
0.9320640451325273
0.9217399558113357
0.9826572688993667
0.9725658205355071
0.9650776022266796
0.9000452101133465
0.9362747318627338
0.9436066399389684
1.0396775540913792
0.9430806518246138
0.9839366158324772
1.0603741322224427
0.959914983595538
1.0519788650684174
0.9537460334059555
0.9765724209891733
0.978043978286695
0.9837275716115342
0.9588436937942358
0.9601365074106535
1.005546870782135
1.0058720965825962
0.9378496327579863
0.8866211967025532
0.9315144426053927
0.9246001767632888
0.9212298314687983
0.9135420045143503
0.9977772035053508
0.8706503139578238
0.943564543184638
0.9291975437745886
0.9228986169888587
0.9609165292841952
0.9224171262092407
1.0491140983492402
1.010574305012431
0.9570345369456726
0.9580439603283051
0.9494753904768989
0.968383095601411
0.947516066934446
0.9254367367777048
0.9298382311986269
0.9080315783974624
0.951811675412161
0.9529289759965558
0.9533457275000774
0.9215545965822325
0.9420275003267407
0.9703759470590434
0.9475717595693486
0.950438201819413
0.9207430213508871
0.9523847418168081
0.9523146148847771
0.9970477182527033
0.9592155816133338
0.9064381731621294
0.9644022726744691
0.9457962999229595
0.9838110552973037
0.9487346571134765
0.9209178807193982
0.9204122849655335
0.9921695377312045
0.925587038668159
0.9177957566372698
0.9455984908456823
0.9279217673563391
0.9153946496006877
0.9419423941186416
0.9727657613140097
0.9271376125247713
0.9434161147683402
0.9317750958143953
0.9622399270723976
0.9116093902773034
0.9534000173732924
0.9134962960210231
0.9982007466636607
0.9135617249428446
0.9641714733934756
1.028398893856926
1.0412432171271258
0.9359334998697884
0.9110661434286871
0.9094524950785721
0.9438308317013262
0.9610242157366083
0.9121371231850406
0.9666181343029936
0.942357360676801
0.9145813991531658
0.916900859707389
0.9633970776598916
0.9993780958196147
0.9645755444730295
0.9642356948553017
0.9204104175894495
0.9396574315988481
0.9640366487840204
0.9610475465931337
0.9402963484473994
0.9626704441876738
0.9590898191966624
0.9335104161648788
0.84236030413595
0.9367498049471865
0.9943411630121519
0.9719032798101885
0.9559136468363914
1.0051417121613095
0.913808902153797
0.9566568575891927
0.9006516059999206
0.9618712273323469
0.9395133753094356
0.928833780257187
1.050217461124157
0.9852988710493951
0.9676783113448152
0.9256907367051677
0.9914725293602553
0.9445924602127884
0.9060009837542549
0.9442235966754535
0.873831246203826
0.9482796899981698
0.9266699791167958
0.9091672068198987
0.9382375283817814
0.986706120606345
0.9509424783849605
0.9796626324421678
0.9702477727701648
0.9565005920991547
0.9507202199001036
0.9790324762329412
1.0494012602504037
0.9280802296367205
0.9631073260314211
0.919629172017387
0.9262853893864589
1.0508982696856366
0.9962367301098072
0.9637617061486892
0.9825770827129444
1.0437899258030015
0.9608855447170664
0.9089260695383444
0.9018298164369707
0.9818644767276207
0.9125569171416231
0.9473259944222254
0.967865704554503
