0.9021038154373997
0.859135160677368
0.95713477664278
0.9605299014056208
0.957562505598414
1.0539951283588818
0.9765307912655661
1.002043571385288
1.1055492071324373
1.058124476189235
1.0284563894423258
0.9142196947012868
1.1234427319173153
1.0797365234948204
1.184464397255684
0.9289800310034512
1.055507542274294
1.1423234827755162
1.0032959845536311
1.1282704287244572
1.0024560733705914
1.0288551503887877
1.0831102931278829
1.0123796190326046
0.9620816270144834
0.9720344707607956
1.1893311876164936
0.94478796181354
1.0771008695488176
0.9512453656823592
1.0723753043713284
0.9346567621349973
0.8299397881681151
0.9514858355685973
1.0094830487010347
0.7886752705485367
0.9091040003303578
1.056644954536981
0.8118575150185701
1.002242044495365
1.1112677553538879
