0.2441589612782088
0.16721135791972225
0.16223151774059572
0.15427760353471762
0.17456391765285997
0.2192617787855883
0.1552025596919309
0.2033890424062068
0.1657305535009862
0.1723384690521432
0.20727243731864609
0.18648825270849081
0.26940978219384554
0.26702446906740535
0.2663437303087587
0.2127313422215322
0.24690129014055606
0.22769657258064516
0.24279265414999487
0.30419423868312756
0.2087423160816974
0.19794032422272692
0.14708257457509538
0.23552862419205908
0.24371928363182008
0.2172919379340278
0.26115813078703703
0.24195390946502057
0.3090409539609593
0.23760568482472652
0.26566363468787146
0.23583854600123494
0.2561124576792859
0.22733932440546115
0.27843292181069956
0.25149338374291114
0.27915186917399265
0.21139576317644296
0.23978673259427227
0.2644767975761963
0.23345965425259055
0.2691153052966821
0.21823169518771202
0.2919003577621897
0.24540390790195005
0.2882320987654321
0.2729808666087963
0.2233305923199415
0.21453776837638353
0.19053138145070278
0.23829607828049656
0.16291298839711235
0.14931522633744856
0.17045267489711935
0.1316394345827379
0.19875390946502058
0.1774781538295052
0.11448355238731714
0.14030448873449902
0.1610277705161978
0.198238683127572
0.1840486175233405
0.17964119681847224
0.16089192298646735
0.12132544224765869
0.22843290555100018
0.20510937948677788
0.17194072535139018
0.1521635066338049
0.193361316872428
0.13372717670137316
0.23704381705693475
0.202807254548777
0.11436374682128783
0.2489933302007466
0.17274385708423104
0.1442799707602339
0.14351866666666666
0.14164098292378174
0.1215562465744231
0.22226681807502546
0.2233305923199415
0.21453776837638353
0.19053138145070278
0.23829607828049656
0.16291298839711235
0.14931522633744856
0.17045267489711935
0.1316394345827379
0.19875390946502058
0.1774781538295052
0.11448355238731714
0.14030448873449902
0.1610277705161978
0.198238683127572
0.1840486175233405
0.17964119681847224
0.16089192298646735
0.12132544224765869
