0.03226172839506173
0.02874496117739361
0.02711275720164609
0.029042556069583097
0.030766321516879285
0.033702677746999074
0.029464858920818952
0.028670562454346238
0.0379495041627045
0.027390946502057614
0.04294580624951053
0.029514124732351363
0.03204609053497942
0.02710781893004115
0.029514124732351363
0.032162666666666666
0.028670562454346238
0.0433602213694625
0.027812817377916643
0.026017278009018385
0.02242152466367713
0.02730052185630836
0.034346799944467585
0.021313147131091004
0.02919808659074587
0.024315121290729085
0.03206255144032922
0.0261761316872428
0.029284651687698778
0.0433602213694625
0.02919808659074587
0.029514124732351363
0.026030827263267428
0.03142832749465706
0.03164435210834103
0.03357415093847078
0.0209580056897201
0.02705185185185185
0.03154567901234568
0.03177221385302848
0.03343710026888036
0.028492741356314764
0.02667759958810854
0.029464858920818952
0.03458756540473992
0.029088065843621398
0.03343710026888036
0.02518888765129576
0.028670562454346238
0.030882666666666666
0.02514567901234568
0.029090636176155794
0.032162666666666666
0.026026762486992715
0.02242152466367713
0.03226172839506173
0.029177744571018262
0.03170847440238022
0.026017278009018385
0.027707698577500047
0.03357415093847078
0.021764630966505126
0.03357415093847078
0.025188477366255145
0.03250699588477366
0.026017278009018385
0.032162666666666666
0.0337666744981335
0.03293458114704884
0.0209580056897201
0.02518888765129576
0.029090636176155794
0.03142832749465706
0.03137186859673475
0.03343710026888036
0.026276457906592905
0.028492741356314764
0.02894485596707819
0.032168
0.03347625760304905
0.034581153175336
0.033065105594277805
0.035257916307724436
0.026390123456790125
0.03300082304526749
0.0433602213694625
0.025283704344212298
0.03678511129655146
0.029191792622758242
0.025571768025543923
0.02711275720164609
0.03514370741639909
0.03280175951574844
0.03678511129655146
0.029230147737765465
0.02569258715571732
0.028492741356314764
0.026609390334188462
0.03509093433291684
0.032439506172839506
0.03742552737293563
0.028235390946502056
0.028470090196601894
0.025347841018786663
0.03246143002584384
0.035318559556786706
0.034802375089771215
0.029231750795116446
0.02539259259259259
0.02064574221764857
0.03497848118839372
0.026276457906592905
0.03434069457268903
0.02514567901234568
0.026483129881831696
0.03497848118839372
0.026017278009018385
0.0271488668124401
0.02970864197530864
0.028492741356314764
0.02714796946409616
0.026483129881831696
0.026830346125812803
0.04299148980604067
0.02863694437558399
0.02769637809130134
0.034767107828049655
0.03143733333333333
0.029090636176155794
0.026698355213520448
0.0433602213694625
0.03229174824444619
0.028527625220749482
0.029698240484251563
0.02894485596707819
0.026698355213520448
0.032162666666666666
0.02667759958810854
0.034581153175336
0.034186801066994975
0.029229495365069507
0.0209580056897201
0.02919808659074587
0.02514964440601393
0.03332751136900257
0.029899021263107506
0.02514964440601393
0.03497848118839372
0.03497848118839372
0.02667759958810854
0.02714796946409616
0.03207466666666667
0.026698355213520448
0.03258216513953063
0.03357415093847078
0.034581153175336
0.02671999913979882
0.026762139917695472
0.03171168051708218
0.02518888765129576
0.02711275720164609
0.032067489711934155
0.04358863915211319
0.030180416205761156
0.03514370741639909
0.026276457906592905
0.03154567901234568
0.025451279266960256
0.03229174824444619
0.02894485596707819
0.03457153483123012
0.03164435210834103
0.03229174824444619
0.02707258186207937
0.0320724279835391
0.02514964440601393
0.028553657535651995
0.028670562454346238
0.02242152466367713
0.026995623962577334
0.02514964440601393
0.026483129881831696
0.026698355213520448
0.028761869978086194
0.034581153175336
0.02545226293903616
0.03195720164609053
0.03458756540473992
0.022371252186852743
0.027707698577500047
0.03343710026888036
0.028725167723914688
0.03142695044836627
0.026419194205522863
0.031184590301187566
0.02514567901234568
0.0209580056897201
0.03384172605529016
0.028553657535651995
0.03498542274052478
0.03458756540473992
0.0352938105307124
0.032611533140157155
0.02653048606742902
0.0282238683127572
0.020609389156720843
0.027220605705824623
0.0327257420314825
0.03216374269005848
0.028792305819332845
0.03164435210834103
0.026483129881831696
0.026078249653139093
0.03453395175532224
0.026408766800041037
0.027495639684005334
0.02643881092500377
0.02785391703866134
0.03514370741639909
0.03154567901234568
0.03465500485908649
0.030065340617625936
0.02518888765129576
0.02667759958810854
0.03678511129655146
0.029464858920818952
0.03154567901234568
0.0272560274085798
0.025082614436914744
0.03048373858623166
0.02546850634885275
0.029514124732351363
0.03225672001641531
0.03229174824444619
0.03226172839506173
0.03458756540473992
0.02827472555658151
0.02919808659074587
0.03514370741639909
0.04115109510011225
0.02711275720164609
0.029090636176155794
0.03488265852194116
