0.028264862219898518
0.035140406373110285
0.04022492188864523
0.039436395855314776
0.03848559670781893
0.055636045631346755
0.033275613510232394
0.039320379092694646
0.043683269376354195
0.04036142219437701
0.03764706854385617
0.03255295351600208
0.03219571727337731
0.038515055914640405
0.03291851851851852
0.03709474699127081
0.03812886675720537
0.0360087209117548
0.0321609791737886
0.04744237345654841
0.04664255668410793
0.036493827160493826
0.04658091210483724
0.042586821586129066
0.0492635215121582
0.04127872678772956
0.04047736625514403
0.04362469135802469
