0.33999958007894515
0.4392761875448856
0.4114716049382716
0.3543495815990288
0.36927332661459644
0.427423181491741
0.3841133810403201
0.3593914753504499
0.38429132040627884
0.3883069673949931
0.440293552469184
0.41049655801108675
0.3949178059895833
0.4136394551337058
0.350267199991398
0.5390041152263374
0.5069069958847736
0.40289610381209284
0.3746781332897695
0.46535463686342593
0.358557182760331
0.4432025834908633
0.39801050735795
0.35017226414425906
0.44016433027906127
0.47665050784856877
0.3804327613624705
0.32251250358032035
0.45058931216725856
0.4213088494545715
0.4127696885960251
0.2958978580752344
0.2776879010579258
0.5401679012345679
0.46128878883735375
0.2603572873026411
0.2945251886491657
0.4884330326779937
0.2612411249619515
0.3809105229993699
0.37120337014122745
