0.3778518518518518
0.4190439687683958
0.4620515786056327
0.37594238683127573
0.36953624819680825
0.45646059381018667
0.5457833179439827
0.3878675973270568
0.43865020576131686
0.5462350223196805
0.3762622342111562
0.4244049382716049
0.42374035332854637
0.42507866666666666
0.3878675973270568
0.3645744855967078
0.49082249980421333
0.42101858500391365
0.3081208810267083
0.34180592142747024
0.45408490811896546
0.4606844370401222
0.4244974888424067
0.3954950882322766
0.41026195311923963
0.45486752334051506
0.41660411522633745
0.4326924310044116
0.49082249980421333
0.3954950882322766
0.3762622342111562
0.4088838232276598
0.37431348642632634
0.4804987191955404
0.4009613125538413
0.36162408946342467
0.3887765933779549
0.40492013246632724
0.48087392274546015
0.43425185185185183
0.4009613125538413
0.46164880317990176
0.30834864854830324
0.3878675973270568
0.43849333333333335
0.3625448559670782
0.38469959798470255
0.39935333333333334
0.37597554630593133
0.3778518518518518
0.4408763350087653
0.4836536241920591
0.36953624819680825
0.4454375179471115
0.41264319277148814
0.5036164609053498
0.3081208810267083
0.39935333333333334
0.4428841334481948
0.37431348642632634
0.37942995791746537
0.30834864854830324
0.38469959798470255
0.4009613125538413
0.41728063763209194
0.4140641975308642
0.4699234379809172
0.4954153287910826
0.4399028806584362
0.435680658436214
0.49082249980421333
0.45456205969689045
0.4152968878366227
0.4373596862192289
0.37594238683127573
0.45610462839689875
0.4866112650046168
0.4153874269005848
0.4571082950054015
0.4167131553298451
0.43993779618867596
0.36162408946342467
0.4826418800741379
0.4512772455921144
0.478047960048387
0.4086156378600823
0.3643199580455929
0.5126753744741972
0.4706704627064738
0.43522139917695474
0.4137285936398922
0.4401138414549493
0.3420993209786939
0.5501596645121576
0.3625448559670782
0.34386747243791715
0.35449049384321885
0.39860424809031064
0.36162408946342467
0.4477412711428081
0.34386747243791715
0.40237053999299827
0.5358697496541102
0.48294909199544883
0.4454401081591596
0.4392327120369645
0.42746266666666666
0.345983099441678
0.37522491762053417
0.3913955021275485
0.4153874269005848
0.3645744855967078
0.345983099441678
0.39935333333333334
0.3887765933779549
0.49623602133989947
0.5125102595670463
0.4413550298537393
0.4097167071210986
0.3954950882322766
0.39016971988175914
0.537176476676564
0.42116736853681097
0.39016971988175914
0.4052283770651118
0.4052283770651118
0.43963374713169723
0.47500047672622564
0.38562245359891356
0.4454375179471115
0.4699234379809172
0.4437053497942387
0.4833586616394788
0.30834864854830324
0.4706384015594542
0.37594238683127573
0.41349395201269085
0.4462650205761317
0.4333643838097641
0.4813545827133422
0.2913420751278205
0.4129777777777778
0.3913955021275485
0.3645744855967078
0.5101585744331589
0.4088838232276598
0.43308827368366093
0.3876067602233288
0.5069827160493827
0.4326885050305992
0.4153874269005848
0.43582095609122634
0.3911986299074316
0.39835370454202507
0.39016971988175914
0.345983099441678
0.44575825825825827
0.4699234379809172
0.37648279126754286
0.47557366255144035
0.5208253180465784
0.389603316642871
0.36953624819680825
0.456119312397212
0.42333004115226336
0.42964395091105384
0.3625448559670782
0.37431348642632634
0.4760599415204678
0.48087392274546015
0.47811594486647346
0.48700955438953714
0.4522313154253792
0.36104256382961564
0.2913420751278205
0.4301399176954733
0.43017881977457373
0.38712172081518337
0.44933530425248647
0.3419958280242792
0.45866035703293323
0.4152968878366227
0.44895740334929524
0.4088838232276598
0.40492013246632724
0.38813323921190523
0.3583371271245231
0.48854043354227716
0.4153991769547325
0.5166878270236996
0.4026437301946582
0.45610462839689875
0.4129777777777778
0.4437998056365403
0.3497623821192545
0.3887765933779549
0.4152968878366227
0.4556136102159252
0.4774172839506173
0.4351611393249205
0.4638606750795116
0.35640593673423926
0.3762622342111562
0.3913955021275485
0.3778518518518518
0.48087392274546015
0.43941565353442086
0.45610462839689875
0.5980842274257968
0.47144614561307335
0.4235670781893004
0.38469959798470255
0.4986490719711802
