0.2441589612782088
0.16721135791972225
0.16223151774059572
0.15427760353471762
0.17456391765285997
0.2192617787855883
0.1552025596919309
0.2033890424062068
0.1657305535009862
0.1723384690521432
0.20727243731864609
0.18648825270849081
0.26940978219384554
0.26702446906740535
0.2663437303087587
0.2127313422215322
0.24690129014055606
0.22769657258064516
0.24279265414999487
0.30419423868312756
0.2087423160816974
0.19794032422272692
0.14708257457509538
0.23552862419205908
0.24371928363182008
0.2172919379340278
0.26115813078703703
0.24195390946502057
0.3090409539609593
0.23760568482472652
0.26566363468787146
0.23583854600123494
0.2561124576792859
0.22733932440546115
0.27843292181069956
0.25149338374291114
0.27915186917399265
0.21139576317644296
0.23978673259427227
0.2644767975761963
0.23345965425259055
0.2691153052966821
0.21823169518771202
0.2919003577621897
0.24540390790195005
0.2882320987654321
0.2729808666087963
0.2233305923199415
0.21453776837638353
0.19053138145070278
0.23829607828049656
0.16291298839711235
0.14931522633744856
0.17045267489711935
0.1316394345827379
0.19875390946502058
0.1774781538295052
0.11448355238731714
0.14030448873449902
0.1610277705161978
0.198238683127572
0.1840486175233405
0.17964119681847224
0.16089192298646735
0.12132544224765869
0.22843290555100018
0.20510937948677788
0.17194072535139018
0.1521635066338049
0.193361316872428
0.13372717670137316
0.23704381705693475
0.202807254548777
0.11436374682128783
0.2489933302007466
0.17274385708423104
0.1442799707602339
0.14351866666666666
0.14164098292378174
0.1215562465744231
0.22226681807502546
0.2233305923199415
0.21453776837638353
0.19053138145070278
0.23829607828049656
0.16291298839711235
0.14931522633744856
0.17045267489711935
0.1316394345827379
0.19875390946502058
0.1774781538295052
0.11448355238731714
0.14030448873449902
0.1610277705161978
0.198238683127572
0.1840486175233405
0.17964119681847224
0.16089192298646735
0.12132544224765869
0.22843290555100018
0.20510937948677788
0.17194072535139018
0.1521635066338049
0.193361316872428
0.13372717670137316
0.23704381705693475
0.202807254548777
0.11436374682128783
0.2489933302007466
0.17274385708423104
0.1442799707602339
0.14351866666666666
0.14164098292378174
0.1215562465744231
0.22226681807502546
0.18757015689038556
0.17788688570190248
0.1481048655996717
0.21088059146404023
0.1320473633761655
0.12237530864197531
0.14652674897119342
0.09104669915003759
0.16801975308641975
0.1426933690447204
0.08524077374322418
0.11433852781928623
0.13995689972986922
0.17009218106995885
0.15307915255976198
0.1583245202370723
0.11524697596664188
0.08739133498092265
0.20947827081863427
0.17461234239172996
0.1296152021134708
0.10954349330797544
0.16846748971193415
0.0938539308887883
0.20979031247552665
0.170205510742162
0.08715585232496251
0.21225232986138304
0.1459695932081666
0.10089963578536985
0.10242
0.10494238511731223
0.0807895511981596
0.1872242671052288
0.18757015689038556
0.17788688570190248
0.1481048655996717
0.21088059146404023
0.1320473633761655
0.12237530864197531
0.14652674897119342
0.09104669915003759
0.16801975308641975
0.1426933690447204
0.08524077374322418
0.11433852781928623
0.13995689972986922
0.17009218106995885
0.15307915255976198
0.1583245202370723
0.11524697596664188
0.08739133498092265
0.20947827081863427
0.17461234239172996
0.1296152021134708
0.10954349330797544
0.16846748971193415
0.0938539308887883
0.20979031247552665
0.170205510742162
0.08715585232496251
0.21225232986138304
0.1459695932081666
0.10089963578536985
0.10242
0.10494238511731223
0.0807895511981596
0.1872242671052288
0.16228757146213485
0.15245945648728548
0.10288101467118088
0.19160382681850827
0.1058671331952516
0.09106172839506173
0.1262814814814815
0.05877280579420694
0.14626666666666666
0.10385385385385386
0.05721973156605035
0.08272526150323119
0.12099076997325504
0.1491917695473251
0.12016517902944496
0.13907479013814528
0.08206047431081279
0.058783439559486644
0.19411815182776834
0.12667071292453078
0.09090457320201087
0.07733185843570287
0.14569218106995885
0.06262109551833409
0.1902671182812541
0.14075756389171692
0.06011462180717515
0.1888509280288198
0.11839860982866524
0.06870383194829179
0.06609466666666666
0.06916840205469943
0.05095487373370171
0.1517673010154802
0.16228757146213485
0.15245945648728548
0.10288101467118088
0.19160382681850827
0.1058671331952516
0.09106172839506173
0.1262814814814815
0.05877280579420694
0.14626666666666666
0.10385385385385386
0.05721973156605035
0.08272526150323119
0.12099076997325504
0.1491917695473251
0.12016517902944496
0.13907479013814528
0.08206047431081279
0.058783439559486644
0.19411815182776834
0.12667071292453078
0.09090457320201087
0.07733185843570287
0.14569218106995885
0.06262109551833409
0.1902671182812541
0.14075756389171692
0.06011462180717515
0.1888509280288198
0.11839860982866524
0.06870383194829179
0.06609466666666666
0.06916840205469943
0.05095487373370171
0.1517673010154802
