1.0546099770438984
1.1321280395200102
1.1356914873280952
1.1384367183150939
0.9592866638816389
1.0610818094634509
1.066094985732158
1.1335484624351506
1.0580853642437662
1.0603536309308974
1.0567881909405048
1.1258548246698867
1.0514589812953372
1.05854726566035
1.0648602373503122
1.1446023708875752
1.1289623416969734
1.0549736158012843
1.0507156931653239
1.1321731316901111
1.128519816505476
1.1321688202199136
1.0539669820653264
1.0540846874343626
1.148638271585912
1.1509576605435055
1.050885719325704
0.9643098398316419
0.9559636975946976
1.0581664523231404
1.0566387335459035
1.1379747154654314
0.9695278631895317
1.066083667671994
1.064196345699188
1.1353863386273872
1.1331222363592932
1.0584438702216405
1.063846846023343
1.129382655894804
1.0661381389924818
0.9582497795357225
1.0728863062898817
1.0555372922144113
1.068454033599368
1.1448939600097878
1.129422943707539
1.0592089088607153
1.132104279679519
1.1291195210996299
1.0607417500265142
1.0582437019288995
0.9611639277825466
1.1476895800815834
1.1507011825567575
1.0498330769853867
0.9621939055903481
0.9520584881024694
1.0585249002879022
1.0565740803516497
1.1320026535176675
1.1348275235201402
1.1383354862930957
0.9643103382633877
1.054513946646477
1.0669255670655766
1.1329350683716977
1.131109275217125
1.1308739366576706
1.058076930554428
1.0595681044576084
1.0586241324646044
1.0647878129780237
0.957271252381185
1.070191105266046
1.1440946425625473
1.128912801737625
1.0572707060011373
1.132768517500684
1.0642333581208228
0.9624726008551537
1.148445091928861
1.150707559124383
1.0510051105125187
1.051264907827249
0.9547603155236776
1.060264811929581
1.0571390264488039
1.1324080826130944
1.1345910587886927
1.1379461351195044
0.9626790584890554
1.0552718091795819
1.067961578419719
1.1323849970534614
1.132449954420584
1.132955886837856
1.0585817108872024
1.062077243931769
1.057155748813637
1.1273179156316877
1.0669934483302235
1.0704012181913787
1.055430359653939
1.0647063887368313
1.1449825270191376
1.129105210480103
1.0562349638658934
1.0499165305244
1.1297468390551335
1.1301529882155452
1.0598747872682042
1.0561230281145542
1.1507844881997675
1.052712394022457
0.9653913990647955
0.953711733555301
1.0608371715336822
1.1284736603615237
1.1385530632233851
0.9669688496636613
1.053889333417837
1.0681290584111707
1.1342117455658216
1.1314397612574172
1.0586643940775855
1.0635930650547998
1.1306139824756354
0.9610422424617421
1.072012373963297
1.0608290728877814
1.0700878893287504
1.1480950835234116
1.1376547550006697
1.0558396941779757
1.050942580794789
1.1345407091256985
1.1324138723729902
1.1369485626826827
1.060281252057211
0.9606947953506714
1.151463234983404
1.1536495759467198
0.9597036724505692
0.9654286500798805
0.9588432876019543
1.1313116500571383
1.134507099914512
1.066705604247822
1.1401164157371506
1.0552117050954557
1.056560067475099
1.0675611638325866
1.1350197044049055
1.138552002342141
1.0620803027741124
1.061105323518152
1.0608076826319128
1.131127678917413
1.065428355450055
1.0537698102652413
1.0728991865750233
1.063189952921002
1.1375673742768606
1.1461218719554453
1.061593680710617
1.061584363998334
1.0548728135278735
1.139688483415142
1.130812685740947
1.13329907485968
1.0651471765184828
1.0590217565117916
1.1502796405243088
1.1524630964218965
1.0578633607142822
0.9621194518053325
0.9563439349114461
1.0596995166120018
1.0617547699560759
1.1371812373322119
1.1376943385547307
1.141801318667032
1.050267999473514
1.050450276057771
1.0660166678811565
1.1315421806144321
1.1328439439002305
1.1314577372959336
1.0628104642777632
1.061534169751984
1.061077041566109
1.130907124063674
1.060620398806396
1.0554670283828982
1.0763618960635355
1.06329417923342
1.0704654266217442
1.1464378125118952
1.0647482028683997
1.0576123630094476
1.0528835419001918
1.1363590221620608
1.1340876675732692
1.066264879307539
1.062382289394632
1.1510945108060917
1.151238619963998
0.9578091336349498
0.9585943453611766
1.1296535947129125
1.1288244162516283
1.1369003805286728
1.0661502907624099
1.1425106682447765
1.0560531163296343
1.0567317887858931
1.0632855440471163
1.064413746962669
1.134740987276726
1.139055277431146
1.066316088346448
1.0617290228027958
1.0624141912919582
1.1290172236280829
1.0583228248727217
0.9612238131171549
1.0718100401484945
1.0610618476274118
1.1340688091008644
1.1460772584509777
1.0630128112878503
1.0579766105030566
1.0531250994997778
1.1399818805938948
1.130757513111497
1.1393058291040246
1.0606250560179107
1.0589318891815445
1.1505048826913065
1.1512298388242974
1.0587574441614347
0.968756556335717
