1.194711261706229
1.2135521894048458
1.2621932683664174
1.271759991980982
1.2589035535055166
1.2056816147517035
1.1667651315020007
1.2928154175722835
1.2668876774002706
1.3085976288906633
1.2799650274759853
1.2405325782458676
1.2671088512860404
1.273542798404065
1.2630097239046922
1.2934476201343887
1.2669098960792708
1.2652657043486106
1.2058536618812337
1.3103068440593333
1.2672637733540482
1.3196932970715345
1.1841764066811302
1.1823946342761644
1.2611673707616908
1.2667962235193844
1.2878670925005582
1.1792781013314229
1.2798163690176096
1.2773299923746952
1.335880727749577
1.2681227200655025
1.2805752980826766
1.1771044849531906
1.1916279174700504
1.2404612599773586
1.2583340778363523
1.2685353622887368
1.2543695136678232
1.2525173192851082
1.2093806040039126
1.3152585476704843
1.2888577030829282
1.288603892212956
1.2661223368788925
1.2730063910732565
1.2558152895643748
1.2714670439005513
1.2515153107238393
1.247457127253378
1.2776947003626498
1.2439848461216936
1.3116871571957616
1.2653035962820687
1.240141826210329
1.3370437208932684
1.3348668232275946
1.3033274234517167
1.2307732900459727
1.2572876309729346
1.2808343334203012
1.267314421999827
1.2571058685011338
1.1977265096445269
1.277273137964148
1.284923717347419
1.257584997546541
1.2417100108298254
1.247577387378275
1.1668709937516608
1.3090422975343108
1.2626109648960409
1.2728538143613395
1.2662735651250965
1.2438851688723243
1.1977469295512484
1.2933469012134444
1.2927252086119077
1.2913535565824845
1.3167527471651257
1.2637028943040303
1.2678404050758725
1.2709950459580117
1.2622571618957097
1.2684368650143236
1.254776614077308
1.2707926493946928
1.2664392804702809
1.2457216239614954
1.279291045250034
1.3307362783078025
1.2514982416164304
1.2673660371185762
1.2479152605698092
1.281691913198538
1.2598641368750654
1.2516577300881342
1.3164086789423015
1.2874197727134045
1.2618633267778148
1.2790553014203045
1.2840762564281483
1.3169566824165364
1.2580978849667606
1.2760437561125544
1.2512225876169225
1.2801547998998404
1.1876318142778044
1.2782565303033215
1.2111855331194061
1.2508921966967632
1.2507599455312999
1.2687033257297509
1.2716465692805503
1.2693161350399755
1.2495011441387371
1.2796506103513037
1.2669772169050457
1.2984240982636488
1.2579905951430166
1.2649055978770203
1.1798807944887881
1.2838396202353992
1.2933913604524458
1.2887726973686013
1.2799061254616477
1.3145224698044649
1.2556827434737285
1.218509855862261
1.2089188765204182
1.2662147373165626
1.1954944252681043
1.2610083298084933
1.339884449351229
1.3257521014994311
1.2450899033335405
1.2620450207053844
1.2622101915197481
1.2433258888526744
1.2580647216157694
1.2581643994784404
1.1834500973896658
1.2484801615903085
1.2631180941736349
1.2726545567238912
1.2848378406894114
1.2700384269836476
1.2505692728373639
1.241066798178447
1.2634647438466762
1.2509488900652048
1.2467376367264407
1.2601312581765853
1.2636695438771808
1.1723716368932928
1.2785890404373284
1.26912650753188
1.2595677398167004
1.2570184544945961
1.2735676671488223
1.3183508277532692
1.249032694884224
1.2683328166336927
1.2993650027899453
1.2828233163345932
1.2833995477579863
1.1942300159417547
1.1844919110692407
1.1929394056420801
1.2071935902347715
1.2617416731760742
1.2690426873884098
1.207566107391699
1.1888722089221477
1.2059978233325128
1.2813388226471736
1.2576583660346519
1.2703050567614578
1.2745209754558622
1.2525162003458548
1.1739103523498877
1.187524478200822
1.2460518923484911
1.2480180839297728
1.29029727984799
1.2164915846195896
1.257674434875233
1.2622829809307146
1.2382054565115477
1.231064275523151
1.2669378897537062
1.2511933406199294
1.2443620206376709
1.2519185809382474
1.1852014033629845
1.3033115033197964
1.2898471720863665
1.270263565190603
1.2598102082127858
1.208354300372325
1.3092243166471145
1.2626967669519382
1.1749336191677175
1.2664720556876856
1.1899028034320858
1.28958205964569
1.2462101021998626
1.294503319932125
1.2731283318127908
1.246143230242094
1.2604486758181306
1.262371349125091
1.1757877170396798
1.2234200710870533
1.2607762078695772
1.257240855915778
1.1926115014431589
1.190414518335103
1.2827520942769097
1.2900689920127095
1.2640877209089179
1.273957777784004
1.2645996258328596
1.2570726474386404
1.2705802047335433
1.2558501925710912
1.2687976091127051
1.2487818566243967
1.2865065957186097
1.1702082572443673
1.2717959626835582
1.312306531854981
1.1975950943867804
1.2719682832022496
1.229361667722897
1.2775861926474938
1.3044410031773856
1.1972834735027793
1.1998335802408375
1.2830557667300035
1.267788531546237
1.2691150716168944
1.2801878704228669
