1.522642268176208
1.586341400270552
1.585031286565982
1.5561087200388168
1.573782356476121
1.5570852283615386
1.424523214653793
1.5686035233886786
1.6648491135248105
1.5892626020825764
1.5737727180852303
1.6021969084741594
1.5770486467889557
1.5597153847057679
1.5853236732916953
1.5348797625005206
1.4521832130472412
1.5670026694148484
1.4985966054326838
1.5300289216363765
1.5307494610557018
1.659147981321321
1.5336042968445651
1.4946209291262795
1.4640290854711993
1.5883916612884001
1.6156736575867752
1.4385943498958935
1.476328498493964
1.4063951498716025
1.6249752178953458
1.4525170987453162
1.654584702328251
1.6154029492731028
1.5431563445308407
1.5709025595039567
1.511337297206062
1.6221089546390348
1.4551922285150458
1.5515795102032783
1.6144965821476045
1.58841586696
1.639832332239275
1.5578492264270893
1.5901197508203897
1.5588117519199292
1.618635784771711
1.5966742288594393
1.5689990123142294
1.3893749319087965
1.5576166000378178
1.4699495811819037
1.5581733954921644
1.5965633871740785
1.6420291836451755
1.485614357818813
1.4844652133210674
1.419741044359235
1.514203142483004
1.6390799784271872
1.5109110259645764
1.488355089979121
1.4632477429836312
1.614881616600903
1.5627373804900562
1.4851584185629005
1.4697412150998297
1.550487743927873
1.5214201040648079
1.5634186992117494
1.5215991720608133
1.4679198190431328
1.6021374758758948
1.6084275540183417
1.6531693610064757
1.5757361094593625
1.5092490401088414
1.5980065059002864
1.5027936325629163
1.6174842381869072
1.4984318113067108
1.508889244373874
1.5263686872372169
1.4897439241369481
1.6768270701474226
1.5717205281721132
1.5004702731750255
1.427072172242995
1.5410050389976062
1.5259586943805095
1.5835932046471173
1.4684354240735369
1.5213054980682577
1.505939753509472
1.6044078390530572
1.4915488387280476
1.4477852525219679
1.5529046753481048
1.6037328043090295
1.566521445418543
1.587947100130982
1.5935718586459537
1.5003424844187547
1.6740608582239265
1.4370684635176962
1.548455263069353
1.5656229310315573
1.6493659843753936
1.6624229792746972
1.6220445602532485
1.466713345608252
1.571258913142818
1.5300397233280358
1.584275727605519
1.539247190750232
1.6047513450230708
1.4524990084648852
1.4942217534760864
1.735556107001453
1.5860540760015474
1.510228162418994
1.5685921414834287
1.5532014422431064
1.4523516779063834
1.5312637811376686
1.494023736672952
1.4302383356066446
1.7170245487183247
1.5840004665113228
1.484766103391565
1.5029454789986905
1.5202552340026656
1.5780343663282475
1.5242435570205817
1.5142635135639289
1.679894014338128
1.6376329129819225
1.6289681399294538
1.4894091513494143
1.5087102554331042
1.579930160067662
1.6400118508579284
1.5296146354603573
1.5397751399670616
1.5177516238515607
1.461641947643227
1.5110827981170534
1.4093885198734442
1.5543815242176993
1.6193928460073552
1.553373238364491
1.628233068676734
1.5142146016780793
1.4752050819459737
1.4455520332905627
1.4737229690216846
1.420434940678165
1.5534249763596237
1.3642050081509334
1.5101950557212225
1.6524977335485487
1.5508997340908321
1.4425185446706497
1.4235219840221798
1.565995864067573
1.5755510303221483
1.5057292164102183
1.519605794016581
1.4724300424576457
1.4580709738930715
1.6207704004874415
1.5642243094480883
1.3979090478605356
1.5294376391948434
1.5786305655829842
1.6192483461621032
1.5270079068278168
1.488964471294814
1.5301303445922019
1.4905233411245828
1.5066786121845914
1.492092864922226
1.5602829087647359
1.5500990156469248
1.5157048557108688
1.637003267550761
1.49859202081546
1.5588090167147983
1.4611506701205084
1.5091041506731802
1.520733549694234
1.4462655193416714
1.5138131252144829
1.5182240764180892
1.3823742286451335
1.5248944024002624
1.6706029975942158
1.5802249086786722
1.6025659625774562
1.3614405106123864
1.4534031762758515
1.578741896454249
1.5616569605170552
1.6744436553525182
1.5888681991185345
1.4730931220159336
1.5309996197918283
