0.987707703120984
0.9065718709745989
0.893181373127689
1.0010319454445107
0.9032070774642009
0.8956407071122111
0.8663433480907826
0.9751737187436551
0.9670083446578913
0.8546084017982496
0.997607829388885
0.9353116310769198
0.8792653815559973
0.8146066298234919
0.9010981131904702
0.8902189628389399
0.9192840125963754
0.7509690911708882
0.9622768399005903
0.9745028161847485
0.8955939781638627
0.960312855929415
1.0278377801737941
0.9595371949132112
0.88639092406105
0.9765539856045108
0.9672243389358978
0.9568919960366861
