0.8331933710674954
0.9681555984091824
0.9664881183610027
0.881872049177201
0.7788203056871918
0.775050182943206
0.6697007502810305
0.835678352075073
0.6863079508146503
0.804541161624767
0.7413619098658796
0.6904404508870963
0.7242589853897357
0.6879587664004674
0.7960565504892021
0.634392217267769
0.7549480821357448
0.6621925246178831
0.9027657840050959
0.7097474717179239
0.7898790600861477
0.7657690741068991
0.7570726504109434
0.8290090011444219
0.8249313320697981
0.7300256249807948
0.8328328568069422
0.8712705252984532
0.953771656014969
0.8713632745822831
0.7886346155891258
0.9313665528677566
0.9781485693399525
0.8229798869995476
0.7853881744308416
0.7905581546264256
0.696936459271937
0.8797899538981575
0.8044663949530577
0.7735091405625506
0.8746220143558768
0.7226752394495348
0.9787820508259866
0.8438693410582325
0.7344560123802508
0.7760960009724158
0.9742261886578625
0.9648612112471536
0.8692018378456722
0.7415794049237315
0.6225861331411116
0.7244506672757496
0.8159809354348606
0.8402815988838694
0.7766640679552428
0.6173199250461443
0.8050220776805392
0.8145428183571484
0.7569069151906669
0.9316532148323465
0.9354859709461252
0.7475686208922663
0.854349548424857
0.7444813855979036
0.8431646591561197
0.7871130279613386
0.7332430513860565
0.7227672712093669
0.8795624398613829
0.8156424106637434
0.862067110130599
0.9186191337213014
0.8296881279161379
0.8496972040914472
0.8323198531499896
1.0019800949250737
0.8458212241976087
0.8912873521965033
0.9727905796303876
0.7297867223027571
0.7692715657903989
0.7526935128375649
0.8459151835953312
0.8401874735878567
0.8510508842064547
0.8831467733666244
0.8478105430655385
0.8582310787040353
0.7259496458031414
0.9312999434975981
0.7662940934855217
0.8145931631760615
0.8757711878112587
0.6679948563455294
0.8426080618855751
0.9966312059392778
0.8595988257860969
0.9770017450546058
0.7633310087387163
0.6897336177304159
0.9303237696967158
0.8589650647646965
0.8895929252238151
0.8819224301739564
0.6748084368792003
0.7078501254761848
0.7681757266488107
0.7154346867180565
0.8287847071607862
0.9050884629156394
0.7659246636983272
0.6956645331767736
0.8498646483497061
0.7096133724812098
0.8377189867408557
0.982977613394086
0.7524556794325378
0.7182901229010429
0.9719141852270019
0.7282091795368391
0.7695137613693064
1.1113817494465739
0.9285110352525227
0.7503341279183058
0.8505559880583561
0.7940045923428006
0.6994157679943143
0.7220661815562872
0.9421022970907392
0.7672750061929055
0.6776345960335719
1.0304970512544236
0.7472798625147927
0.915429218839348
0.7501349488793813
1.0326298049129166
0.9598386890846555
0.6423153894628898
0.7397087917099011
0.7756366079977821
0.707951170675811
0.7674390066148029
0.8428348768025361
0.8206562626368423
0.8113758485328172
0.7644890142670788
0.7416089250074146
0.6452732260714266
0.8194304822983189
0.92574138931298
0.8007053236914642
0.81777455710384
0.7524896203995393
0.8699170064048064
0.7025916788140449
0.7261508711474645
0.799973636863639
0.8541598523850664
0.742481716193513
0.8279504899802331
0.8224900490851237
0.8243782849090711
0.916304643610602
0.8179911601028631
0.8075001078018803
0.7854157858575035
0.9198730087844648
0.8660027848874212
0.839116870513896
0.9101189785094124
0.9016488929238811
0.8358843609043265
0.8977391671192501
0.8585481810559149
0.6815559408995427
0.7664889136959958
0.77974525846767
0.7002253023332883
0.7973864496475161
0.9650561550580374
0.7999238507433357
0.8755131896397109
0.8056477904575915
0.7026805392045257
0.7440715404754469
0.6434479309793385
0.8521998984198077
0.7946554248031257
0.8518342599080206
0.7322592543831269
0.6712148882983349
0.823078948293618
0.7502425728677243
0.9183931171805886
0.8728793580282599
0.8524193027269049
0.9111511465305512
0.6989951538453687
0.6794510206238731
0.8402069850146768
0.8230416244937369
0.7064046596942553
0.8901710786849261
0.8544835592582465
0.8416182055862379
0.8147222560796342
0.7833406115304701
0.831901452615987
0.8884040964371075
0.6640846810922827
0.7565458329580022
0.7923476897136481
0.762241563082179
0.8138422718224566
1.068440277772026
0.8479277631741006
1.0824608495708803
0.7405763901846659
0.8460017077780739
0.9757976366968802
0.9726034780435608
0.8716199135461494
0.7748969194722664
0.8592296333465347
0.8053166660038424
0.783344147159691
0.887901162708408
0.7551685819073498
0.8237408766110993
0.9225896504651514
0.802794317259299
0.9578638116085803
0.8575513618566476
0.6881206731918265
0.8078801875226487
0.7592526783477413
0.7993717598125056
0.8764606703268496
0.6619758837237932
0.9193581228530328
0.826648034848364
0.7964261287982384
0.7711387171491555
0.7146593696065106
0.8652245256637037
0.6564738798535807
0.7922651563204591
0.9170279810492536
0.6024767407941463
0.851017450702593
0.7257532148537136
0.8703506270016002
0.955768405665683
0.6772121806138558
0.8412100823311421
0.663400466263933
0.8096221985871919
0.7432616365588347
0.8535781546828929
0.7065056471561774
0.8445697146275414
0.8030579035520177
0.6071997065055801
0.8022005033146773
0.8099216127487281
0.7188013689546933
0.799613159271533
0.7956544260235814
0.6904656332375346
0.7986545223665918
0.7099249872712933
0.9190280720632688
0.8593404919057971
1.008881710719547
0.8916229090274238
0.6336113276883273
0.7135961862140144
0.8094212813160209
0.7528080967463122
0.9547452857442076
0.798238259259165
0.7462763581410272
0.7937856842047908
0.9405368686804395
0.779297511017926
0.8703853511436412
0.9271829284571418
0.7887078954252802
0.692649197088038
0.9922248438464318
0.8757161005150235
0.8900874616601777
0.8754788952638736
0.6835176270075315
0.91071785281201
0.8330551866023957
