0.4061161992722032
0.4098286041965075
0.3767718038959677
0.3573327151233228
0.39689039578339647
0.4559397779140374
0.37134288042615016
0.43084637017717897
0.4407798817361205
0.4446259726760449
0.4555748110993705
0.3614897284509274
0.4558249352181439
0.4745747618715337
0.45587139642532487
0.486424044814578
0.4591533083301837
0.4767576261796946
0.48329317589820675
0.4360782556949514
0.4872621542958623
0.4050503010993959
0.45926750440580133
0.47490018605956563
0.4685809678892775
0.5091876171164506
0.49378593536225246
0.5308202955246574
0.508173993436074
0.47631626933679383
0.5320579227887581
0.5338935662283231
0.5384159066878421
0.5535589409231971
0.59151664701433
0.5421606592476728
0.5759058670433391
0.5524381450384455
0.572002612001659
0.5425186403828801
0.45048062545152234
