0.656477207803037
0.5755437805412413
0.6060676542415415
0.614500018858
0.5489561171576651
0.5029416725778657
0.5985563985376859
0.6183918038105913
0.5890221912415503
0.622369998659846
0.5695233617867836
0.5316497011339908
0.58371635825594
0.5807024145387336
0.5775819457102451
0.5224184763760211
0.6355937633727275
0.5132251618191732
0.579246081155276
0.6709948084583711
0.6172212616996209
0.5159255612572684
0.5622341187442771
0.5766414497410741
0.5766167866692294
0.5044387125576797
0.635296884950211
0.6543217577243146
0.5682288245303448
0.5470042707064225
0.7087783178558041
0.6549197188664876
0.5731342544427643
0.6064044449791428
0.6143744675345917
0.5488348173298414
0.5006496059177253
0.5904625868111263
0.6091468170762321
0.6089634791057426
0.5387869193544008
0.5880886358543214
0.5837460806868073
0.5785117148755196
0.5220685715718244
0.6395386636049571
0.5127863283681913
0.5763595883919637
0.6683416490521835
0.6160823964933739
0.5252414100098
0.5379613398157802
0.5610051389050184
0.5745150873189161
0.5898540013952366
0.49095968074809143
0.6368757091769999
0.6362242267506231
0.6529720944883362
0.5555278745620182
0.549098965276259
0.70905823723389
0.6470902673994493
0.5686770031131383
0.6075646633516719
0.6144850129212507
0.542548654650351
0.4995082524936725
0.5929187514846919
0.6094862535904935
0.5970114891229211
0.6162222596530653
0.5679378029274922
0.5271806980010669
0.5869074766732634
0.5830004280587595
0.5770822798108732
0.5186999574197456
0.6367828113671796
0.5133320947422038
0.5736321908329267
0.668821895852164
0.6192765821737436
0.5174490696146354
0.5335306423862741
0.5647102734859493
0.5751212539285553
0.6347910117947124
0.6536283278828605
0.5644146380715782
0.5479642405602105
0.7077891106629515
0.6689159258971974
0.5983392122214373
0.6337529790026735
0.6503772074076882
0.5187155876412042
0.6109189187945916
0.6309869024062242
0.6327831846748246
0.6233719731341851
0.5510256747310252
0.6040813817613685
0.6121536568369583
0.6021864722066483
0.5446432136510264
0.6536646863522185
0.5245026807845923
0.6135557666133872
0.6820608114738376
0.632940242349694
0.538466069262608
0.5649784350199097
0.6083364901003598
0.6021630528964198
0.515113423090048
0.6505540785143449
0.6822593526733063
0.5611946788792423
0.7072928279415944
0.6649183797697483
0.5921968827085672
0.6362018450674973
0.639706537362205
0.5158925647777356
0.6064179319167291
0.6332249955520065
0.6300521924992729
0.6272842637628222
0.5873522489430894
0.548304410078714
0.6020311424196461
0.6064698834041913
0.604310476285101
0.5388363791698172
0.6402797121194772
0.5267393915130761
0.6138542423837151
0.6839048055219437
0.6324494691067092
0.5403666067963553
0.5729550256186501
0.5793955874918524
0.6047857495040445
0.6029284779752087
0.5156153559756386
0.6532164166258854
0.6446022628838398
0.685699652450503
0.5634537193033456
0.5665870417200551
0.6032972417571835
0.6523923946410639
0.5794857183222685
0.5162224062062564
0.6098684912429627
0.639754111303293
0.6410697010416038
0.5919817097196745
0.5494444789373527
0.6092536064630334
0.614427727502146
0.5973199515655128
0.5542800194850063
0.6561951400471084
0.6884146483505791
0.6390524953768458
0.5410651335289149
0.5709247823261266
0.5864833333396009
0.6121406709925146
0.6059276658292936
0.521567640962615
0.6524484921951579
0.5688593742076974
0.5722522653498301
0.6930748756560261
0.6761423354625941
0.5961093730347424
0.6390744584655167
0.6493339888032265
0.5760653336430205
0.5202552010296646
0.6062843140785967
0.6334004784430958
0.6407221746536937
0.6242305824507013
0.5946883343905007
0.6059657111828765
0.6073540857147623
0.5960991685459134
0.5466293086333739
0.6393329450046379
0.5307082187099486
0.6176471838128581
0.6976077775906476
0.6377008341952513
0.5760209039362716
0.583790866044033
0.6088178288140845
0.6059156032614297
0.5146181905056912
0.6627806153721489
0.6486420925899311
0.6914498575562524
0.5693202150888023
0.5734816928468821
