0.3147825243073621
0.3446394956788521
0.32682524088325526
0.3368470514650919
0.35961849489870396
0.3711061955814747
0.3761963354359176
0.3249896551053366
0.35038570471172475
0.37038886143787497
0.4628514440066685
0.3557329258437707
0.40215000397861034
0.3253522764310075
0.38828603317680843
0.384311016464591
0.3745671902466563
0.3423306865457029
0.3494409323231848
0.4056065966088696
0.36335271218348286
0.3488453393180633
0.3329300233833541
0.3351542081042547
0.37891210331640346
0.3975042996702538
0.3701525840607989
0.3180371953321638
0.36916935568679055
0.4078073730925794
0.3464242742828031
0.3207678051960865
0.30081566649466035
0.3574474235912637
0.3815102483508971
0.2797911248658941
0.3216305922789917
0.3566438108240213
0.29394088302469135
0.4288664278019966
0.3768453766414171
