1.2712512754884353
1.311770191231005
1.3185381106139211
1.284864095311668
1.3175601792057705
1.268556863321674
1.1747676196714798
1.2843579799030396
1.3544893772394064
1.3089266072739825
1.2720412328904376
1.2801713116358369
1.2994187164966755
1.268520122019007
1.2773332413779275
1.2039984672937172
1.1998361556262296
1.3111373431351567
1.2309481776635143
1.2935420383248288
1.2452916241102054
1.3331168423158215
1.25310661420588
1.2566219891315837
1.220222862221551
1.3176588005684842
1.3140587662253118
1.1739784810417893
1.2086839008916577
1.163592658699998
1.3499892750567295
1.1920453465622018
1.3629952786077297
1.3072850664101032
1.2682452441954193
1.2880457329851533
1.1892599493932303
1.3229361782940032
1.2039297839218968
1.257161027502244
1.3480425245872427
1.2983567678765522
1.3499444363452315
1.2760339786438464
1.3049886760061737
1.2907161286656448
1.3479375360601007
1.3044179111514773
1.285124528825895
1.1366396275274
1.2949885401802497
1.2084541825165878
1.2472883439906415
1.2863792423612128
1.350327825302098
1.2469616139108965
1.2416132201991887
1.1253742470636965
1.24005987131312
1.3573417652533428
1.2239917675554624
1.2096744653530693
1.1908341191348297
1.3140968541518439
1.2527911231906501
1.2505434632550525
1.2166458202778314
1.2966478171382885
1.2255927653450227
1.2705753880451758
1.2862916798110309
1.1915753487899476
1.3148384010245682
1.3152855258016478
1.3501260283333483
1.3015615322663434
1.223475091643339
1.2824961940718789
1.2191932420433327
1.3298512447356519
1.2246946857659546
1.252975382829216
1.2801880482026784
1.2509488133863795
1.3360977462195895
1.2855569420625719
1.2436562763098407
1.1726650247708077
1.2517961426818727
1.2613284895086039
1.300944114841805
1.209797426630461
1.2422615485001878
1.2511457482889539
1.2994791937259134
1.2561616290460356
1.1944686011434276
1.2884385443004032
1.2964425093318406
1.2705171561050737
1.2900273395444644
1.283582133187123
1.2619288505447124
1.3644565347570536
1.173199940838741
1.2743442138480885
1.2579327946039431
1.3313556220547904
1.3359028687097243
1.32894447656651
1.1918803816666854
1.301200595113524
1.277282426485949
1.3233324940281617
1.2579856889206622
1.2946831221382256
1.1741629887430303
1.1743836760797577
1.4294379395287984
1.3116775492224224
1.2547495859210902
1.312768470467052
1.2574570112012369
1.1770760616000584
1.2456783747754072
1.2136516958700492
1.185493300235328
1.4133658624150047
1.249424715825521
1.2475351510203763
1.2649655887306592
1.243575583181434
1.2961398555806056
1.257846446254794
1.257688608091703
1.3744049801237426
1.3689836358206577
1.3491919623067261
1.22650643398613
1.2615995532547277
1.288287038885373
1.3468503176319977
1.2541652019473806
1.2515792340268517
1.2254985918382504
1.2195579282916376
1.2390368742200988
1.113133195996889
1.2784143080513264
1.341401869647635
1.2563128235102103
1.3367933123351983
1.2464044651014987
1.2220794295327968
1.1899195063787895
1.1903758101353163
1.1686030832700376
1.2803076293440179
1.0921048635097732
1.2274682982634089
1.36019444516768
1.2809837494317606
1.182017553442953
1.1693224125251145
1.283007257347821
1.2787761336339996
1.2254507584615097
1.2677531260002406
1.230681227495408
1.182709231803408
1.3091754259750787
1.2524259497412866
1.1535941835716628
1.269910599338329
1.289015569705718
1.3501666813083246
1.2822661622146985
1.2265728048617714
1.2763736975037785
1.236868409457895
1.2286772400101142
1.2549522583360073
1.281384056573552
1.2655256909706107
1.1895071819145995
1.3496011901588691
1.2456469065168494
1.258074267777189
1.1984526440246441
1.2379379432291568
1.2291248881795043
1.1930006662238106
1.24460727025094
1.2322339839107577
1.1383625025195516
1.2246053812394493
1.3688340117227158
1.3089080143251406
1.3274818855339838
1.113668192876645
1.1993424497410674
1.3000617384599198
1.282854896261523
1.3623471948030355
1.2910160943007976
1.2381481952615765
1.2345627277395337
