0.5109713677754979
0.4632585644105319
0.4783900943730707
0.485258484619081
0.44373074931188927
0.41257228929661743
0.47276294382557604
0.4946395173723074
0.4751383410061074
0.48904972157474114
0.45846235563059057
0.43885843299997274
0.467435367489998
0.46224476303455353
0.4574134669596531
0.41461736447391817
0.5035348869338643
0.41173673745483413
0.4548407541915154
0.525985178312369
0.4251576089191399
0.4392082398148364
0.4546388185256342
0.46034831976418733
0.470940359176477
0.4047438434680371
0.4826390468114471
0.505494971061194
