1.8849140121764139
1.8929640626009878
1.7526319411107594
1.5893438663358619
1.8860156335320175
1.921187792353734
1.7634825768336724
1.9364382918765395
1.9340837551401278
1.9042256555949382
1.9054906756645713
1.5965914524900142
1.9050019740872577
1.8020036012907508
1.9044814425373906
1.926897541820627
1.6483566831814143
1.9098543997092654
1.9163675848246917
1.6419591941522529
1.9580914728059078
1.604969825475868
1.9534747617623205
1.6522014260656173
1.9611706147521015
1.9354932286647621
1.966614030696625
1.9562381791854728
1.9725320277257914
1.9229834042864415
1.9859912382345142
1.9779343509118144
1.9800661770316517
2.1542733821779003
2.2194273497964856
1.978585920515754
2.1601714062562727
1.9816539629507963
1.6829958704675352
1.9890454864234224
1.789478005454727
