0.4472067169384759
0.40135633885486016
0.4179769327025338
0.41947369261246636
0.3847493862633269
0.37117643196237515
0.4162079147129064
0.4336700868985471
0.40952616746899345
0.44334755442940277
0.40114636326333475
0.371219500462169
0.40786473071157703
0.4027585942908505
0.3953917206057168
0.36470845718385475
0.43708587274460725
0.36239358895674423
0.40681881887432414
0.4558322694754733
0.4256325771734216
0.37034507862055444
0.40195996270343537
0.4014461230156957
0.412076221984765
0.3587496314892373
0.43980912874403294
0.4457417623435511
0.3904888932803461
0.37958074038814793
0.4718009228448424
0.4416627623480994
0.40118957424587437
0.4179679210081573
0.41915360987682937
0.38978116913810856
0.3680968422429629
0.41228878181826206
0.4215292969767723
0.4312461195340116
0.3857177405026254
0.4114583252972631
0.4056766194988033
0.3960040077690458
0.35962183826027727
0.439314542377338
0.3614667326051382
0.40593975227056217
0.45392802896219087
0.4242062502446323
0.3745763327900472
0.38292244814052423
0.39940763754976605
0.40066175044276586
0.418638205458005
0.3510716980744142
0.418558857755307
0.44022002816426575
0.445265587878807
0.37937256206206016
0.3795731856501909
0.470532321686009
0.43729605529737564
0.3983513375270789
0.41910498087927694
0.4194420624583802
0.3821675688686874
0.3685346667637816
0.41341618456493445
0.4252757358862106
0.4128094822633417
0.4351693831254402
0.40199390940856955
0.36929848415156685
0.41001363619776066
0.4047840136068296
0.3951110857857355
0.35830081786829665
0.43796843469572166
0.3622407326337237
0.4042048673572076
0.45518822022290084
0.4264503759467498
0.37037248498871134
0.38082965045501116
0.4027605719930152
0.40146142466638113
0.4395245791255654
0.44556149994241956
0.3887176130716956
0.3802209185921968
0.47109808547
0.4485902573154007
0.41223978835566966
0.4303505580701634
0.4402625769713554
0.37842771089637217
0.4242511230520041
0.43559132882843354
0.43709805306116833
0.44062196511658724
0.392324847301048
0.41770429885630156
0.4221699793261326
0.4196475062535514
0.3705332767710355
0.4459458228010993
0.3692420378317963
0.4235616847940651
0.46088182510984543
0.4317151728084936
0.3839522493414959
0.3944585471124881
0.4162458191246817
0.4222906487024765
0.3630306005032714
0.4249288904075297
0.46205706203609
0.38199457262924297
0.4709360974912789
0.4444767751543923
0.4084247285719218
0.4321221830433709
0.4309600543934504
0.3771090677688591
0.4225585932134617
0.441414985665878
0.43491258348479356
0.44348262363823177
0.41029853578543873
0.38970771824960454
0.41868672755609376
0.4163626764385996
0.4211642585552775
0.36705578602521105
0.4398712399233849
0.37253137664275393
0.42544532091112996
0.4614394761530006
0.431945400910497
0.38398861178798005
0.4021437224311611
0.4085671461078521
0.4139926520225062
0.4247900123044529
0.3653100721381546
0.4264047801807319
0.44331801953370126
0.4647157117057533
0.38491848805340334
0.39081686291933604
0.4135285121675424
0.43733493151778596
0.40497873063231854
0.37507425891661106
0.42216450333463096
0.4455889766788985
0.4457169264747155
0.4119918227083381
0.3916773083131385
0.419638218027516
0.42103550594211314
0.4152847181078605
0.3745934156200895
0.4456060236166088
0.46383213426466685
0.4407461414730438
0.3838938649599224
0.39478362065772343
0.41007758399857974
0.4175969577875251
0.4225304047932559
0.36564460775421037
0.4266988015797166
0.3860326054577269
0.3917372801173216
0.46385313706558645
0.4582870280317795
0.41111074398870695
0.4338038560350419
0.4384758223177136
0.39959039130271534
0.37917525925554896
0.42120326116862883
0.43943233760388845
0.44418271526224906
0.44219197045927217
0.413977743859192
0.4197653344731506
0.4160550291412104
0.40696585233815147
0.370253316915383
0.4385047868699356
0.3744537222695712
0.42631089039261316
0.47837957830898636
0.4397863050637433
0.4015479215745087
0.41100106862730884
0.41609363873465516
0.4252145789389805
0.3634111352676971
0.43496497435916237
0.44656046382682774
0.46686674259563354
0.388624927588919
0.39389610547251147
