0.31304970159638956
0.3140427133559647
0.2837418396112525
0.26765738595595895
0.30869476628697856
0.33688229801680725
0.2743638870005349
0.3296763002992869
0.3202898754545861
0.3299239648763815
0.3260979451465358
0.3209025193880499
0.33038841091197385
0.33222005079246597
0.3277432781675451
0.3558557068995592
0.33685889737594044
0.33801985192020434
0.3314806184382515
0.34256662196499443
0.28719166047682637
0.3377513572106756
0.3336231181778999
0.34819279360055444
0.35117751341082687
0.3595987960175502
0.3529531050653307
0.37881796635982967
0.3622328278184532
0.343644767005467
0.36742632094061345
0.37629457741310035
0.3657543822923853
0.4859987421743528
0.41891071424750204
0.3689236769165672
0.39736409997040634
0.406759692237383
0.36813479719491093
0.39410078546428456
0.3706666283800313
0.382373786729103
0.3770085813069357
0.3276769570359901
0.390073489968213
0.31463892426326145
0.3152959807093172
0.28773769720493286
0.2846507750296452
0.3405490372469145
0.2925447616918584
0.324783396595482
0.3216304321362713
0.33866489987675397
0.33599227045508423
0.2798926420909832
0.32480957571422225
0.33039302390609765
0.33021598571463484
0.3527789250892466
0.3300140810912343
0.33485180944816983
0.34189763310500565
0.32108340791532786
0.3453817856092295
0.2867712148915601
0.3402750361710521
0.3315273275551599
0.34840364554053527
0.35097068581225865
0.36055379914569124
0.3572303582360776
0.3806653189287454
0.3611853110218064
0.34692154437020906
0.3663317807960893
0.3744795420174042
0.3645780873215673
0.47813456962430234
0.42111993251234736
0.36812693368431026
0.39842122341159053
0.412600506469069
0.366011660090186
0.40302231308873193
0.37102573301437736
0.3630595398782046
0.3778575177670074
0.34253080704899863
0.39001821200053544
0.30638311969685805
0.2842922165591783
0.30906049009882
0.324342319554498
0.2901694879633284
0.32498458794317475
0.3202133188206698
0.32799369522674077
0.3277481873637299
0.2948670321402565
0.32378317348594576
0.33096727134397463
0.32983464746589963
0.3280355258319476
0.35590786108183087
0.3330589879894911
0.3407376142237247
0.3325902061129672
0.34101181553529586
0.28734870673991614
0.33525322728554763
0.35129650351432096
0.36150249870268564
0.3530461026954388
0.39483033668526807
0.34705456369352694
0.3680741265310562
0.3737737524538777
0.3638370759525862
0.480853211829091
0.41835402839392805
0.3695288080148755
0.40019279736012
0.4031691586742823
0.3680811463303435
0.3947894725394038
0.3694525165357454
0.38196244405738594
0.3771383936499371
0.3263277666632105
0.3901811982436607
0.3299876802840148
0.333774506179659
0.30690419430777516
0.3098742900415071
0.3452359329343142
0.31977220430993647
0.333255016426132
0.34088585381796943
0.2941606884075917
0.33306601953674975
0.34154351143719164
0.3438499269468291
0.36378968472966167
0.3404798150416781
0.348974165089769
0.35806022266894655
0.32961709361466585
0.35414922419961736
0.2980933472729205
0.3441931660401977
0.3577738167484413
0.35456589436727204
0.36541192025094404
0.37192851604951105
0.3710617228902853
0.37367192513161457
0.36604571499421656
0.37766229259315365
0.38592099043667305
0.38067375568315914
0.4425284478369406
0.3923564063678797
0.3989561099271388
0.42643087331862717
0.37744405358698596
0.4092640115172117
0.37972828029852845
0.4048765189867217
0.38967324950900506
0.3470552552740479
0.4027822135662358
0.3218602422465312
0.3234456458604088
0.31032626693653703
0.29160429967991824
0.3330576623059872
0.35620516593193896
0.3178232928431685
0.33777001519518524
0.3349847991346292
0.34494614269891444
0.3359084088984022
0.2944140403274758
0.3338643219573037
0.3591237146314396
0.3453152945405011
0.3649512942738424
0.3471494491221985
0.3633025983834475
0.33328450265255916
0.3530883284705866
0.30706762832613177
0.35012143264694934
0.3564152136969164
0.3616526010711728
0.37460371536852144
0.406981627271632
0.37437521151106484
0.36081099939933325
0.3749535320018509
0.3850684567933341
0.37765754573285637
0.49247964044378095
0.43349436161147403
0.381348683256011
0.40568333862556255
0.4271900665068944
0.3756540977993337
0.41852350245332576
0.38144386169847544
0.3903166556485751
0.3870728312199413
0.3505136647018702
0.40187390429950964
0.33218558511073654
0.30869900803526695
0.3116230099056624
0.3211039352885273
0.339138575717982
0.3147554997926441
0.32959515580100435
0.34884834203383097
0.3381649846302991
0.2966879231397686
0.3317405839002011
0.34236062075302015
0.35519093681375125
0.3448215224246854
0.365465930518075
0.34608775808076253
0.3592643412977149
0.3124307994133303
0.3565304105087229
0.3673476605290114
0.3697491722382069
0.37008982215307323
0.4094712125482658
0.3763005436093064
0.36173656709341123
0.3779868047785126
0.3901651613150997
0.38081063388398817
0.4980861915744402
0.44505026183268603
0.3913508652374038
0.40023681262843425
0.4272654874396721
0.37719562538525303
0.4208084581709847
0.3821556872906794
0.4098129373112567
0.3897783178628349
0.3457371873384666
0.40491013941086484
0.31876339128443654
0.2951386238047867
0.33003613725708686
0.3542942874453989
0.30258100990064885
0.33824382258876096
0.3408086569755585
0.34515781388718325
0.3326998500344007
0.29326310400203026
0.33630339646253393
0.33428309996669675
0.3574153976343599
0.3501642684989796
0.3658049118742702
0.3451239148058185
0.33374944880992413
0.3550333692342097
0.31128370298861835
0.34792380267353484
0.3584596029297602
0.35568461594845713
0.37101766340273534
0.3717431653855397
0.3749797270823412
0.41073206832797754
0.37905273443004023
0.36064158854261485
0.37656249174732914
0.3863734154075224
0.37943659517314554
0.5095379037086193
0.4452144184783756
0.3847468010265165
0.40876871236521584
0.4290388930555238
0.41836782719836885
0.38518026260897964
0.40701457690029774
0.3892669529199191
0.35171622903664257
