0.28222749071119124
0.29375008241315853
0.3062449442373816
0.26988311344133353
0.28585081805491774
0.2831217493172937
0.30161726957160573
0.2830915411990336
0.26436798547358575
0.28335547405010597
0.2950789630430068
0.26590724277461314
0.28871731600387907
0.31589797572104483
0.28394762730636425
0.2836889972466766
0.25850562347581457
0.2997056147180896
0.28659170421904445
0.287920923979466
0.2621256792528109
0.2630241758893128
0.31688981470591326
0.3205318615578512
0.2655213201568486
0.26104972213755046
0.2571088225991113
0.28112727853152963
0.2824415164846742
0.29995534704267596
0.2942154080561403
0.3060356014809442
0.26118732528327493
0.25461337380125415
0.28574885692698565
0.2830272046316828
0.30147497438234705
0.28298753839943885
0.2645991527199851
0.2827657445075933
0.28460825413500146
0.2843230559832918
0.2662630609234032
0.2959734805945783
0.2655643832614996
0.3033800825075416
0.2837830620030457
0.2833147940137109
0.27524329664708735
0.28840364114557415
0.28697889766943613
0.28745844134524545
0.2631310947144679
0.31694752060993214
0.32026117281476385
0.26472350194578975
0.2597282849261661
0.25736177911681024
0.2808266990142713
0.28292327367760406
0.30051030799601863
0.29404787319053527
0.30637085786767504
0.2598701915357811
0.25426973946305553
0.2854761146162787
0.2827167251991588
0.30148503407354943
0.28274414776893986
0.2642299351351357
0.2816986016317943
0.28309681548725474
0.2852399504893093
0.28219027850820233
0.26615969739306494
0.2944868678403868
0.2659572001051901
0.2889482535491903
0.31610807923695994
0.2841198519037563
0.2827203702249937
0.27491193200637326
0.30060631372478475
0.28645443780165014
0.2874963644216849
0.26242003889052284
0.26314271856568877
0.3167798183218624
0.32007637006778633
0.2644695767167351
0.26180281582467624
0.2567061367442772
0.2805106409576268
0.28250074866449976
0.30017821032718045
0.2942368287061794
0.30584842484512365
0.26181626925448026
0.28655785453237825
0.28300935065508737
0.2817250758940147
0.26447680828591463
0.28244014814086027
0.2847694145694784
0.281973501589851
0.29341442969736375
0.2659454217952225
0.2890562018877954
0.3032869380440851
0.2844524955310683
0.28199499717868026
0.2749216036815024
0.2885232345856059
0.2868297907326538
0.2877718467027027
0.26220905046718745
0.2627057566915683
0.3203696231823113
0.264539761227542
0.2606045481452545
0.2562121107462959
0.2810017251120877
0.30422910652919916
0.29723919055965564
0.3096634593606654
0.2615824363689958
0.27321121892464006
0.289368190302745
0.28653449821404875
0.3035485459622191
0.285315659760418
0.2676117980233089
0.28604906850339484
0.2867148143769864
0.28841606811254594
0.28558723920200857
0.26924980913649754
0.29892210427192556
0.2700270531011766
0.2942021530051664
0.31794497425340573
0.28701991075984945
0.28496032254774345
0.2788635092419476
0.2917813486587993
0.290237505866611
0.2922136721302721
0.26534141863103033
0.321391502145218
0.32403493915387815
0.26663506142068755
0.26251627595375954
0.26082842576382925
0.2839557810629058
0.28698599860717383
0.30348027916130493
0.29689634318835256
0.30981054401765473
0.2648522964473393
0.256384767671126
0.28769397018577547
0.2854132190446662
0.30425898929081663
0.28761177458710235
0.26895851130016607
0.2843349814667868
0.2844035383820914
0.30023335663721007
0.2829803138776309
0.2686960837468407
0.2957070651410113
0.2697027440684711
0.2915672394570552
0.3176854363355237
0.286297764666089
0.2856987688740736
0.27854277577664827
0.3038263295558815
0.2654284284944078
0.26749482516678114
0.31970888472359665
0.2833494997562433
0.2620454447732494
0.2603556458578921
0.28439878140855124
0.28568985252306234
0.30473566471373426
0.29684058123567797
0.3106634467688354
0.2777858005715736
0.2742145278171362
0.28966300006274004
0.287767570508234
0.30452281884636645
0.2965536872623362
0.2683526868210958
0.28559173429556617
0.2890203296956722
0.2843779326814655
0.2694541545292638
0.29957139892039
0.29677476808407177
0.31776635331569847
0.2849316071021213
0.27879541144506526
0.3046379658841728
0.29205322326078653
0.26403336861654714
0.3204731853561249
0.3232796912742301
0.266088639495114
0.26198856617400545
0.2622399895975366
0.28436616927151886
0.2868576697996445
0.28595144389610827
0.29557542391560054
0.28326546982419487
0.2734934845610082
0.2894185808586965
0.28513796211022907
0.30471244049532425
0.2858459960353403
0.28752384246609863
0.286392382424731
0.2999054507661354
0.2825321577630532
0.2943367642203698
0.27049125018654097
0.291225197330235
0.3177902380318254
0.2860390791284196
0.28526856075622936
0.2785316219872389
0.29032394586789945
0.29012735052547645
0.2890653299894421
0.2820047963040022
0.2669905569620222
0.319072395806108
0.3231148472925656
0.28329966878413354
0.26421589733948103
