0.4420598487017291
0.45956468438711684
0.46776198840998356
0.4053771791932642
0.37931035488966025
0.4431790245327261
0.457055753646679
0.4488325155964247
0.43695868411739497
0.43702067612258744
0.43971856321733893
0.4413549281340069
0.4379182955592381
0.46676069883996285
0.41725361257338867
0.4526304014459732
0.505668332949279
0.4558671711202391
0.41289258919089056
0.4454529129343377
0.4514022726545709
0.44220534967601904
0.4083695707349865
0.42400296182382124
0.5097459316084625
0.41470184374998187
0.4141693389384331
0.40583790790618346
0.440155185291425
0.44142902103482395
0.45892126118051946
0.46923901216173997
0.4668390792407695
0.405471503069482
0.38091305791491437
0.4454847796885261
0.44369232166535677
0.45556657457566424
0.44811206808930637
0.4380295615178144
0.43700539578772835
0.4405247550810546
0.44134158577742777
0.43816763282534515
0.42833664665059934
0.46647025311950113
0.416815463500101
0.4530631073642008
0.5049613841169409
0.4549582454226539
0.4195037949599818
0.3984041522090622
0.444735929665837
0.4523711640971579
0.44127159500781954
0.40954917750708586
0.43423729451916154
0.5023838933777061
0.5086362729072647
0.42248956249996833
0.4131275224862997
0.4399663762008583
0.4436557119582818
0.4590180967608401
0.4695299359626292
0.4669611617114171
0.405805080837071
0.38208275465493025
0.44782714739262164
0.44341952364237486
0.45682976907707545
0.44839864079538333
0.43760636846983714
0.43552552241081033
0.43930637807446576
0.44196287878071205
0.43888866536124344
0.4273137847604085
0.46908654521718274
0.41718982476094735
0.456503990923115
0.4127268246137028
0.4090076396253158
0.4460599819654549
0.45144892591523905
0.44189455775579556
0.4073841883103797
0.42356970190549925
0.5020538002592501
0.5096102295473034
0.4238135
0.413350535242312
0.40496805387926105
0.4397270835328078
0.45877866190132044
0.4690084148267495
0.40676622447378363
0.3810947873842736
0.44672745371475003
0.44264498871049207
0.45591291884120705
0.4480451305137732
0.4372460689058166
0.4364026342472742
0.43974798192158754
0.4427013667836266
0.426417313065459
0.41644974465769546
0.44900656840449404
0.5044447765010001
0.45546645886768866
0.41095399655341713
0.3996404594580928
0.445097376280837
0.4526479938711996
0.4405218487659858
0.4091735014265627
0.43329010820637126
0.5017724673521071
0.5092210835501922
0.422773625
0.4151538718396802
0.40368621080103473
0.4406364263141711
0.45005803568531594
0.476954561928472
0.477743978321543
0.41417754958575903
0.39961639334478855
0.4583174037765682
0.4546979442906451
0.46621572398629474
0.45432413238155284
0.4470483649812746
0.4444247585230178
0.4506053737700555
0.450987476108685
0.4466559123873447
0.4363344196170762
0.47492954370871887
0.4285472540174463
0.4681583144648089
0.5109426538669188
0.4653430269139398
0.41796028443838923
0.45731224480495086
0.46110372498305413
0.4525693702320314
0.41962611948988904
0.4388979220530489
0.5109759053525598
0.5171270216702026
0.428530218749951
0.4190000917012724
0.4132303659085186
0.4487404066519201
0.45171296243089104
0.4667237145386066
0.4760702762530023
0.47758426003713844
0.41811729351372273
0.3962755383318418
0.4511616779251796
0.4668026863729903
0.4582035381786274
0.44245730589384874
0.44742720872516645
0.4488534840204815
0.4436312457515885
0.4328116522862574
0.4356173676066967
0.45650755591456776
0.5121130965878142
0.46383172026267316
0.4251150534486221
0.41880586573506823
0.4539942433108976
0.4611774713519988
0.4490988987833515
0.44192987328026445
0.5088426980666009
0.5162605662218906
0.4299722812499043
0.4247373715116412
0.44935330843626164
0.44939605477350014
0.46886662045631045
0.47644507489624294
0.41036346306457006
0.3922166663357126
0.45502661483463014
0.4520587754841286
0.46187012940569727
0.45251575816648215
0.44650021109366345
0.44299010772244746
0.45281418877781604
0.4503483595430979
0.4369143257847947
0.4752878160300895
0.4296009524062212
0.4683628954318232
0.510200721471487
0.46411926515819113
0.42410049590178867
0.418804118822853
0.45764013719859975
0.4591645121132943
0.4532151106003975
0.4223589940178576
0.4347832678983289
0.5106946244294241
0.5149987008021621
0.4272326249999926
0.4345205688686156
0.447429518976017
0.45060015321220737
0.4645394769899526
0.47487643081048647
0.4196218003697927
0.38532697252902604
0.4493644430824399
0.4485863913931725
0.4529206603457508
0.45386668671878755
0.4409803442840161
0.44375626173169697
0.44878056943851846
0.43900864251296945
0.43155241017354823
0.46435286763891404
0.4244021534135175
0.45165246127173914
0.45991736170076947
0.4243884258546461
0.4138871695450321
0.4496032800285356
0.4128080543502801
0.5056476306055395
0.5130527108998668
0.42748221874999737
0.4186558502669787
0.425648169375637
