0.4107266746783067
0.43928122446362694
0.4499205073374322
0.37409810155460776
0.41487727791960116
0.4080488009915739
0.4348661885749828
0.4113512159670998
0.39472910932485256
0.4094743368142143
0.4408774715075353
0.39653763312546497
0.4257924370863102
0.4729303648376065
0.4142967622322433
0.40980784259835645
0.3785242469106292
0.43259805634069864
0.42208297714558773
0.4237373931819709
0.382811639315249
0.3910475527142659
0.47767460678367163
0.486325957544642
0.3947438749999925
0.3815498731966491
0.37561567142464686
0.4049414660855146
0.41064391429663716
0.4326009487721929
0.44028579918987987
0.4503443001181813
0.37861431271221135
0.3621471760349933
0.4142075777360755
0.40767135100136087
0.43461934233354177
0.41055392697668913
0.3943363752571394
0.40956523829327873
0.40895482189344445
0.4158783090527465
0.4002133940001755
0.44065818210502694
0.39646732505432036
0.46482711835671053
0.4134752202413903
0.409977137370792
0.3914027826299602
0.4249628874831637
0.4221773561553055
0.423755855309772
0.3898359979241485
0.47751540833074285
0.48544580453107394
0.39443034374999797
0.3799971258785848
0.3753841455609991
0.40497435574052976
0.4110103990197429
0.43458625852099925
0.44007061486452625
0.4505999013560856
0.3792538897665311
0.3632398061128332
0.4157207831747156
0.407602076801472
0.43567918616747847
0.4108894279229288
0.3939883598571971
0.40842622203240886
0.4095751512077125
0.4164852216797409
0.40680468810639536
0.40014558446613985
0.43991460645342073
0.3965382790001394
0.42595213241802643
0.473612825177429
0.4137763067520177
0.4107654016614467
0.39096985229803827
0.43429650746126947
0.4213712787192394
0.42382679277984725
0.3826207631284354
0.39058873181397313
0.4769011232312783
0.48523319337381726
0.39393556249999206
0.38167248220174177
0.37482004160275634
0.4050022404480411
0.4110642532786122
0.43357600420524844
0.4401560492016404
0.4495358838770751
0.37880393031179327
0.41471334669703375
0.40873741848825673
0.4107727244417978
0.3945724682722414
0.4099786823276502
0.41707208279566477
0.4060476312353053
0.4391089722154712
0.39650537014792525
0.4251629632380298
0.4639750515788472
0.413335827375097
0.4088320141297528
0.3913764776820291
0.425583350587726
0.42136466503835823
0.4233217016488918
0.38384339997182415
0.39076661173285016
0.4855259625774163
0.39372768749999254
0.38216066768652684
0.3741616818467984
0.40456129435890686
0.44360077999279823
0.44780604819394476
0.45982457448060066
0.3857694986404119
0.38465927243261444
0.4252061348370755
0.4186126081643575
0.4436489525401226
0.41680380841260045
0.402397409018925
0.41755066915068606
0.42084027684836
0.42721295680615523
0.4156577335609931
0.40794008012326627
0.4504722742964653
0.4073911878719313
0.4396960511605237
0.47892560247692645
0.4230106747363568
0.41485666623155504
0.4023261465687601
0.43602768855464213
0.4316563947460189
0.43392271668415827
0.3980771546808083
0.48604441670466364
0.4945497207565891
0.39896549999987463
0.3860951984392303
0.38405049219912546
0.4134394583611043
0.42041704462306284
0.44031236431597554
0.4451677204634027
0.45863922828615
0.39288410018533415
0.36937161866387136
0.4226444025166639
0.41527280749629303
0.44530193624644143
0.4197460319286864
0.406290986204357
0.41560233626657184
0.4162104740638761
0.43401177145120934
0.4108920466522038
0.40555757806940473
0.4441251779749388
0.4060032647195375
0.4341594394533088
0.47978612148455235
0.4212704342133978
0.41513812845348785
0.399434931479408
0.44088420894132013
0.39067541578307524
0.40021899131786587
0.48320148322517936
0.4116364375
0.38519438534322953
0.38336584097777066
0.412343860033083
0.4193130451338809
0.4443345195133283
0.44774278467806816
0.4615732362774629
0.39776586657525326
0.3865096571791099
0.42664956507174645
0.42135987479632375
0.44583601024364256
0.42396923013265336
0.40357431815232603
0.4172199903355436
0.42780004578144426
0.41466433521547374
0.40861914374011876
0.45113897805323033
0.443625222257353
0.47976365029143075
0.414131996994047
0.4037830457465459
0.446512756817439
0.43576494592868054
0.3949306003692413
0.48677602781620666
0.49356183262707837
0.39802218749999224
0.38404739401038407
0.3880100405439277
0.4138192981262536
0.42115800667112346
0.42814486284672126
0.44385285820408804
0.40764796496292555
0.3799640037384816
0.42206650381786825
0.4147570705180288
0.44739481261344627
0.4172586489404987
0.4219857629206657
0.4155573191454953
0.43359623428588945
0.40784635282368886
0.43964662976903546
0.40661816816051355
0.4302840419782926
0.4803153180758569
0.4185231497620313
0.41410756907246227
0.39951113734501964
0.42975448539675154
0.4307400297164051
0.42721156726993614
0.40218235495664945
0.4002401346672264
0.48192495855338224
0.49287391336964725
0.41013365624999776
0.3841020669442809
