0.41478856950032933
0.39842487635809387
0.37908585888361523
0.3493224687683193
0.39165998035000593
0.4233720728917201
0.34219643728282634
0.432851979165609
0.4514302296214115
0.43340720800350585
0.4486489387651881
0.444988043717473
0.4587347993414138
0.45069239439258124
0.4551268680079222
0.4747146331991409
0.4841526192548013
0.4832827876596084
0.3956884314071656
0.4866427911200438
0.4044129982582497
0.4491584245453554
0.4460774678452259
0.4514725008175235
0.49047039390276215
0.4968983200062862
0.4839598673074134
0.4940739936688178
0.4994921325558069
0.46227149006758816
0.539561397598855
0.5176644004910862
0.5306154020279075
0.7181572940669425
0.6118559618113373
0.5409665933479331
0.5403615087423576
0.5958980011120476
0.5473235502760494
0.5589996238300051
0.5581116668892777
0.5525417840026969
0.5298519328096694
0.4413014212327103
0.5891600890976207
0.41276644451028693
0.4005062697415307
0.3812719624971145
0.36103980663642343
0.43818015509812097
0.35130624258963034
0.43328396114671
0.45120517746755784
0.44789892765737455
0.4715906488407708
0.3461344045346644
0.45182899553054606
0.45979699741058006
0.45533306234101706
0.4738432913324721
0.42167092320342725
0.4853113500673335
0.4895557456274137
0.3945248972621501
0.4878985222317509
0.40382928133789475
0.45328645452419425
0.4409207779784612
0.4515311220815666
0.49071328502407885
0.4974602939590605
0.4869501630445414
0.4954339177399725
0.5029417457292314
0.4648406371058055
0.5406038420640802
0.5142518434355741
0.5273368535363128
0.7061293517717755
0.6182375501674047
0.5401193527721906
0.5416220022168817
0.5978551390038883
0.5465651158512864
0.5710068248267556
0.5549733858507386
0.5519095129253039
0.5327742092948551
0.45205147202222834
0.5893766559519417
0.4089411229553326
0.37960590174604825
0.3918533673067412
0.42179661289735676
0.35120972132969364
0.4306725505383275
0.4511772541299328
0.43229026290644734
0.44843418688051806
0.34531217650884494
0.44779975417401185
0.46003606800116575
0.45026737689519136
0.45334667034211534
0.473424229021645
0.42261131672185515
0.4872812157453317
0.39066051027945425
0.4846470938427655
0.4039298840062179
0.44982348059852517
0.4907272951371191
0.4962044415512193
0.485444501660204
0.5038315441259075
0.4618237343390645
0.5406392945841565
0.5130627853745731
0.5279516652437065
0.7052848443841029
0.6147079731853313
0.5414657315743234
0.5416299729889095
0.589803256272118
0.5464436571786988
0.5598856272143544
0.5534094845828104
0.5482081673206214
0.5276168662573488
0.438191968749292
0.5895035396500955
0.42250296353802047
0.4091584099759168
0.3929271530104528
0.38341305717405677
0.4368198252606877
0.3712879934427743
0.46879151616936504
0.4514156788311215
0.35485560432345253
0.45785957423781704
0.47182990525130614
0.4720096281569372
0.4933238016979449
0.4360272104487949
0.5005663278909036
0.511186641278877
0.40594325425088995
0.4986416164894817
0.41958520936082766
0.4586358207812455
0.4679532197331603
0.46497236941859565
0.509466141030117
0.5097245640696328
0.5109344564277969
0.5218641087333244
0.4775251149173457
0.5571586357529728
0.5336401928881583
0.5583438808842759
0.6444235219791704
0.5679842482523857
0.5518358391481576
0.6243643259952331
0.5621971563211638
0.5816407805842662
0.5692053338060545
0.5836780453274337
0.5513722366786638
0.46140147599274917
0.5955140625738795
0.42075008643476297
0.40712739695856676
0.3931301409620481
0.36865425722774803
0.40914536347202535
0.4367844078186684
0.37427596103986804
0.44111830314200573
0.4637626333592317
0.4459868363046789
0.46163537339841315
0.35696176179975464
0.4562695948382467
0.47768997395239576
0.4695227987837909
0.4896209626484835
0.4395121041167742
0.5069720012054746
0.40945776098251635
0.49699938086102535
0.42983656325585795
0.45359639162037174
0.467433136702491
0.5091540104552055
0.5127916096340098
0.5245284098545636
0.5218783190221152
0.4782449365475746
0.554035461013048
0.5296333238530786
0.5469624715911989
0.736552590914433
0.6380302478159654
0.556356088750215
0.5541998172776911
0.6216309478860698
0.5665123830852593
0.5897300367869194
0.5761387554977733
0.5746288217921381
0.5457724920355572
0.4602775534077783
0.5930523750722622
0.40415901677201704
0.3949350101471961
0.39067108769894054
0.4150420759326025
0.4352052149715712
0.3745905087314343
0.44287940256176084
0.4829983754026741
0.4548362863777803
0.3573817357545378
0.4581840687690461
0.46941700252988344
0.4794800917254435
0.4748454573213488
0.4977760041112317
0.43878795558904105
0.5201257411966543
0.4309679203833454
0.4646782123437321
0.5093699136736474
0.5108938810460131
0.5182195366891569
0.5337290138707266
0.5254409852690282
0.47351068063416646
0.5607419655008158
0.5388818284328383
0.5622056447607165
0.7469525601503588
0.6499746383058845
0.5694277383569608
0.5553807686433135
0.631748022890378
0.5647836568335187
0.5927575193111352
0.5762600643355107
0.5912955679138427
0.5566603978103026
0.45897392675574183
0.5916527831941654
0.42115794711824406
0.37312621712529703
0.41236617231626016
0.43298207836924374
0.3667887913742831
0.4404669528110372
0.470162374573877
0.44570818775016796
0.4627098826627312
0.3610450201039881
0.4603249647944151
0.46667865918332146
0.47579301864673446
0.47038594444537424
0.4946018338829811
0.44267086183295956
0.4175265508956136
0.5000355199015589
0.4305899299236886
0.45281055576961377
0.4739318640412191
0.45954702680481296
0.518097587182254
0.5137805389731936
0.51182760716838
0.5305188809215917
0.5285953547832645
0.478735683382837
0.5584009555011271
0.5326178812916711
0.5499390828211979
0.7552449721882006
0.6499393621201024
0.5581336877807674
0.5577295673754549
0.6274212103792398
0.5906644553765141
0.5836048758273678
0.5919154559495864
0.5477532000058617
0.4606905334997883
