0.7392739362487794
0.797626163406372
0.44690054219055175
0.6270981257629394
0.47799147746276854
0.8302300343170166
0.4199383014526367
0.7344306549072266
0.5299023479003906
0.6537188572387695
0.5175689875488281
0.4147630587615967
0.35750540209960935
0.4621128495941162
0.37272983851623537
0.5304473296203613
0.27003692134094237
0.4414093102264404
0.4498559369506836
0.34251515701293944
0.42201287174987795
0.346310614654541
0.7229884612579346
0.35138878462219236
0.6763765715484619
0.43003102754211425
0.4704694016265869
0.43411623165893554
0.41503091026306155
0.6681593294525147
0.4630454652099609
0.4514881245880127
0.47595492391967775
0.3054930543823242
0.49222593203735354
0.3916259921264648
0.44485678297424314
0.30361015104675293
0.31019975582885745
0.4406495696563721
0.5244355680236816
0.35562317207336425
0.49175467794799804
0.4641683092803955
0.4569063109893799
0.4636892021636963
0.48692892655944825
0.463919109954834
0.3916713978881836
0.46404731924438475
0.48761673141479495
0.2100789705657959
0.44681745150756835
0.4695182980041504
0.4488413924102783
0.4099779243927002
0.3007309360046387
0.4032522437133789
0.2889521045227051
0.3897352153930664
0.4226299521484375
0.41493037669372557
0.4332939327697754
0.3933525743560791
0.41759014041137693
0.4081443816986084
0.2966504990539551
0.4553707575683594
0.38462851426696776
0.5425860218048095
0.7799790415802001
0.4442399206237793
0.5891332290039063
0.5147239837646485
0.8557432423858643
0.3946020650177002
0.7334736354980469
0.49561037641906736
0.6133379012908936
0.4986758638305664
0.4729368597869873
0.363272619720459
0.3994298775177002
0.41883058715820315
0.4270469194946289
0.4208639789428711
0.4245457975463867
0.3036172788543701
0.4559285236511231
0.31643597915649413
0.815751950668335
0.2743509869232178
0.7187934767150879
0.5231015928497315
0.5318002951507569
0.407847311706543
0.45052672023010254
0.43769848471069334
0.7097644852905274
0.35974166772460936
0.50306559034729
0.42203779946899417
0.4519716498413086
0.43555485330200194
0.46626404374694824
0.3000826579284668
0.46121971278381346
0.4428136938934326
0.4493372359161377
0.3177476463623047
0.3005232334442139
0.4079594547424316
0.34954084130859375
0.7438223748474121
0.533124691192627
0.6082228543090821
0.569619574005127
0.5638388392486572
0.6665936829376221
0.52918159375
0.5031563380279541
0.5632487001495361
0.5423011642761231
0.5281776885681152
0.2857976605834961
0.43279196780395507
0.4544762166442871
0.436832610748291
0.44548298756408694
0.32035856295776366
0.37118719003295897
0.4122619276123047
0.32066101516723633
0.44425830601501465
0.33815006427001953
0.6742241194152832
0.2735926848602295
0.586195277130127
0.5542821671600342
0.4815967549438477
0.3826268185729981
0.44451142944335936
0.39141126525878905
0.5228401295928955
0.29414662155151367
0.5074519187774659
0.3789541644592285
0.47701215490722654
0.3792028542022705
0.42890337435913084
0.25517817948913574
0.47863909733581544
0.39185821423339845
0.48485573124694825
0.3417831656494141
0.3225494436340332
0.44973538301086424
0.46732509107971193
0.6881700116119385
0.6827222026062012
0.578671521194458
0.41891783236694335
0.6220286618499756
0.4739553060913086
0.6936057803192138
0.5611611941375733
0.4164406194152832
0.5890435979614258
0.27568109143066405
0.4358537770843506
0.44803772247314455
0.4277467510681152
0.4584789114990234
0.3698193358764648
0.3516156325073242
0.4819603816070557
0.32924438551330565
0.4437853558349609
0.31948310636901855
0.6560600529937745
0.5571606230316162
0.45494795556640627
0.434530329574585
0.44005703279113767
0.6229393665008545
0.3957171838684082
0.4135074810333252
0.4155168648223877
0.4106538095245361
0.3661721478729248
0.40002544033813475
0.278000341506958
0.3915598723144531
0.4151094562072754
0.4114616643218994
0.3140830645294189
0.23266184980773927
0.3870920606994629
0.4074265492401123
0.6650745552062989
0.6634600165710449
0.6879551186065673
0.505622140838623
0.5030192585144043
0.6823478750305175
0.47294517848205564
0.5414936138305664
0.5450689456329346
0.2372201678314209
0.3616645395202637
0.38857098472595214
0.3969698079223633
0.3992383391265869
0.2904199730224609
0.3874498882141113
0.4344627855987549
0.30645140562438966
0.40193505334472657
0.29943157905578616
0.6782438666229248
0.3247621581726074
0.6870108760070801
0.7034509372406006
0.4450824727172852
0.36431113151550293
0.37522207063293456
0.6557344115447998
0.4166076861114502
0.4288318611602783
0.43301542471313476
0.41369130854797365
0.43870225814819336
0.30626154415893553
0.4293547594299316
0.37300688528442383
0.4149154681396484
0.2834933338470459
0.24875263143920898
0.3723921223754883
0.4037480333404541
0.6560541703948974
0.6427876397247314
0.6835307646636963
0.48294040495300294
0.567979632019043
0.48169937995910644
0.6497690600891113
0.41170871788024904
0.6906369390563964
0.5065744717102051
0.5404699055633545
0.4812407348937988
0.2462225278930664
0.35605903715515136
0.38242700102233884
0.34009528268432615
0.3894440415802002
0.2732269767150879
0.3829928238372803
0.3081620669250488
0.38749879359436035
0.302895081817627
0.6748197193603516
0.27052642184448245
0.6207145313873291
0.4148452940063477
0.40532312832641604
0.3455637091522217
0.6988997326812744
0.37748578517150877
0.40534240507507324
0.366302145904541
0.35951381184387204
0.38775106202697757
0.3990754664916992
0.23523599967956543
0.36627880366516113
0.38174518740844726
0.3820821427307129
0.28925661499023436
0.27056294982910156
0.3442343179321289
0.39062158459472657
0.6384874423980713
0.655463751373291
0.4886872332458496
0.5168293612060547
0.5261925711212159
0.6848623632049561
0.4393336979827881
0.6778232195892334
0.4720952158050537
0.5151074930267334
0.26728005577087405
0.3858794162750244
0.35041229681396485
0.3655966912841797
0.40363348422241213
0.35124607691955567
0.2598422607421875
0.3582265552215576
0.2717102312011719
0.5795357885437011
0.6494429442138672
0.3666577805633545
0.34756423115539553
0.35621945135498045
0.3827125238647461
0.6504619915466309
0.35492643270874025
0.3815354105987549
0.4023994544067383
0.38243252056884763
0.35043906518554685
0.37369014781188964
0.25556531256103515
0.39036065840148926
0.3472370265655518
0.36323544120788576
0.2642666777648926
0.2595491328125
0.3777579497833252
0.41140121102905275
0.6705376066894532
0.6093379651641846
0.5409267043914795
0.5486485689697266
0.7005912254333496
0.39129243577575684
0.4851462868347168
0.3883924555358887
0.5254560039215088
0.5200973642272949
0.3074527524871826
0.3280240757751465
0.36911676429748536
0.3678948011779785
0.41891219979858396
0.3560096633758545
0.2721057720031738
0.25930610565185547
0.36867827058410646
0.27248083641052245
0.6569815587615967
0.3118871156311035
0.6532380935668946
0.6071896556243896
0.4499469473571777
0.35861458403015134
0.365288097366333
0.38718610385131835
0.6402367486419678
0.35902502615356446
0.42509389514160156
0.3704223352355957
0.3643695440673828
0.40337344062805175
0.39009121824646
0.23076188973999023
0.35472408882141115
0.37774230757141114
0.2616233589019775
0.24622267245483398
0.3717698838348389
0.40553119184875486
0.2593438133544922
0.4037850066223145
0.3592500386505127
0.38509814137268067
0.43507553898620605
0.40369747984313964
0.35460191468811036
0.3385655104522705
0.3451524666748047
0.43985533987426756
0.1942580867614746
0.36336727989196776
0.4237407127685547
0.3718498886566162
0.3156906036071777
0.28045234440612793
0.3530795633239746
0.3040069406738281
0.34774318603515625
0.39635722593688966
0.403094443359375
0.3198612905883789
0.36833211878967287
0.36028921696472166
0.33874399211120604
0.2857863578796387
0.40253500955200194
0.3603733719329834
0.2696351149597168
0.2534632222747803
0.3986926984405518
0.3154747680969238
0.3789622854766846
0.3807990721740723
0.3072307712097168
0.4093407649230957
0.3969375874633789
0.34426194929504395
0.3165869619598389
0.41664904916381834
0.31010935444641113
0.3500754916381836
0.30868170082092283
0.29750500164794924
0.2613558389129639
0.3456754248504639
0.24673620614624023
0.36650521424865723
0.3104571848144531
0.3792954700164795
0.30972796499633787
0.32453358703613283
0.29012315908813474
0.3500450327606201
0.31055013410949706
0.2539935103149414
0.3127111601104736
0.3360140434112549
0.3424713399047852
0.2494825924682617
0.25550595750427246
0.3347556698303223
0.4100016081085205
0.3911840096435547
0.3486369733734131
0.38110662896728514
0.41748734246826175
0.42073816697692873
0.36750072122192384
0.3383044792327881
0.3678804904785156
0.3982343708648682
0.19746767767333984
0.35318799186706545
0.42922570707702634
0.35963449238586426
0.38152342417907714
0.28537961457824707
0.3825255469665527
0.25387138568115236
0.35901151142883303
0.42465482876586913
0.3458510343170166
0.391983181930542
0.39982736323547363
0.3317879268035889
0.3958287174377441
0.33645373207092283
0.37733186183166506
0.2801459777374268
0.29325742572021485
0.35046353205871583
0.389980504196167
0.38606457847595216
0.3478399284515381
0.38137885665893556
0.4044282563323975
0.41642296406555174
0.318974131439209
0.4122154895477295
0.3843422142944336
0.39026349543762207
0.40724743742370606
0.4153527741394043
0.3556339712219238
0.27293048223876953
0.3653981261749268
0.28893570796203616
0.3328239321899414
0.3863592881469727
0.40116513667297365
0.35002253434753416
0.3839108483886719
0.3987192759246826
0.4160227099761963
0.2478482850189209
0.37160070050048827
0.4064816017913818
0.23824085134887696
0.37184849165344236
0.40399734130859377
0.39972117628479004
0.3535451936035156
0.3840613436279297
0.4072326566772461
0.36342734461975096
0.28110957539367676
0.3543817085723877
0.4111601407165527
0.19810417741394043
0.3517964580535889
0.3680423631134033
0.31055500312805173
0.3724392605895996
0.2396698420715332
0.3297800150299072
0.25444594412231447
0.3622940368499756
0.41024819403076174
0.35354673669433595
0.39074904347229006
0.40407281935119627
0.32567045509338377
0.37708476391601564
0.399967104888916
0.2885335988769531
0.41148349380493165
0.3686378999786377
0.38254155737304685
0.2964068631896973
0.29129325997924804
0.34441886267089844
0.3938433132781982
0.41404265167236326
0.41709716307067873
0.42639910467529296
0.26739397911071777
0.40964764434814455
0.19686813960266114
0.36329986613464355
0.42625240376281737
0.42100518702697753
0.4465567118225098
0.2702918123779297
0.374360554901123
0.43097093031311035
0.37150844970703123
0.3961282266998291
0.43223175204467773
0.35744936256408694
0.41820112213134764
0.38789270664978026
0.29175817500305173
0.41576247111511233
0.2719363582458496
0.2675210821685791
0.3947703254547119
0.42233685105895996
0.37085439164733885
0.40795754498291015
0.3568998448638916
0.42056767414855956
0.40602708332824705
0.4268728491821289
0.32226815406799314
0.4189539130859375
0.3968242423706055
0.19921922956848145
0.38964152729797363
0.4483599530181885
0.34072685273742676
0.2860949174041748
0.37902677030944826
0.3081352306518555
0.3464694193878174
0.4096076579284668
0.4392072226715088
0.38273183335876465
0.3833962132873535
0.3690690781707764
0.40711917095947264
0.30333356632995606
0.34939197032165525
0.3960424906311035
0.37548200679016114
0.2715846433105469
0.2823742309875488
0.26215032189941406
0.4391167370758057
0.36187484628295896
0.3728491596221924
0.3667121931152344
0.35111853776550295
0.36965244331359864
0.48286132829284667
0.17896415510559083
0.3336758956298828
0.4806199484405518
0.40717404524230955
0.40996922512817385
0.35786510903930663
0.2846709283294678
0.3333403604125977
0.3902790865020752
0.40137087033081054
0.42560853703308105
0.3891447124786377
0.37734206629943845
0.4070504054412842
0.29185481118774415
0.3491961563873291
0.4058863724517822
0.2906797182922363
0.24943121824645997
0.1472514341430664
0.35045888667297365
0.43942381341552733
0.3772043134765625
0.4098872882080078
0.35819371653747556
0.4178222766571045
0.40790799028015134
0.44258841987609865
0.2779328406829834
0.3823363388824463
0.44245176332092284
0.20357599200439452
0.3928414728240967
0.4431498597106934
0.3854875771484375
0.3911251437988281
0.30526388900756835
0.35756036935424806
0.29513754348754884
0.38805191352844237
0.3911454217529297
0.39198115235900877
0.3617694788513184
0.3968744349060059
0.3185081553039551
0.38151487506103515
0.40538777371215823
0.30297840850830077
0.3607013180541992
0.4067310383300781
0.3526628224334717
0.27776307427978514
0.24117127326965332
0.3734795327606201
0.3499464868164063
0.388236033782959
0.3459767180328369
0.3792698318634033
0.41375695513916017
0.37225904844665525
0.4015159745941162
0.31724973451232913
0.35636447654724124
0.4188852788696289
0.2012487159729004
0.3290820927734375
0.4077546216430664
0.3537920574798584
0.3821520221557617
0.2946848600921631
0.3387686882019043
0.2881906486968994
0.33452761824035643
0.3992409449768066
0.36985523249816893
0.3150586090698242
0.38783103848266604
0.34515245068359374
0.2656511640472412
0.328644654586792
0.38506386779785157
0.3339083896636963
0.2668795440979004
0.2889430378265381
0.13249027098083496
0.3539290307617188
0.43673747900390625
0.36963856192016603
0.414613354675293
0.4232113105010986
0.42381614569091797
0.2741000583190918
0.3866101760101318
0.43268235636901853
0.20204397412109376
0.353738487991333
0.415922477142334
0.39897879077148435
0.2938324673461914
0.2338583596343994
0.32834964373779296
0.38073208695983884
0.34358051187133787
0.37762888943481443
0.34160600148010256
0.3533173073883057
0.35040107635498047
0.38801474256896973
0.23524546534729004
0.35347516764831544
0.34373756980896
0.3825782003479004
0.28690751702880857
0.24573437882995605
0.13269096510314943
0.3242453413848877
0.3976126523132324
0.3876393104095459
0.4065096653137207
0.3851423346710205
0.3962823557128906
0.4078082634124756
0.3120356264190674
0.4082046552734375
0.4212259446716309
0.1758641700439453
0.3717509122009277
0.4313814655303955
0.3988035994415283
0.4296600166931152
0.2525921921386719
0.337633371673584
0.2778954101715088
0.33302113710021974
0.3878802584991455
0.3439140842132568
0.3931725096282959
0.316574560256958
0.39397643791198733
0.3647807314605713
0.2643106833496094
0.3419552259979248
0.38031170188903807
0.3412451024475098
0.28127892004394534
0.29024233322143556
0.1325375828857422
0.35643689588928223
0.4345230867767334
0.37061341716003415
0.3983881816253662
0.414198810256958
0.33661104080200194
0.3942595865325928
0.376439464263916
0.3765046735534668
0.42479676809692385
0.4146070415649414
0.44066666789245607
0.36478282969665526
0.3925688609466553
0.2845592218322754
0.28458367391967776
0.4055679977874756
0.38366251567077636
0.4050758159790039
0.4214481260375977
0.36893296952819826
0.3628514279479981
0.4279599859924316
0.3733358917541504
0.3990548530883789
0.41806827030944826
0.3612124663543701
0.2751740406036377
0.12902418800354004
0.33323352972412107
0.4055983368530273
0.3447299669342041
0.3755220906829834
0.33764404180908203
0.40611887689208986
0.42608992330932616
0.327913581741333
0.4057895485534668
0.4444879506378174
0.18043652880859376
0.3812599061584473
0.45955195851135255
0.42720929689025877
0.26223284506225586
0.32064166372680664
0.2799415307922363
0.38350655038452147
0.367039085357666
0.40468545127868655
0.3723732162322998
0.4182919940032959
0.3393265074005127
0.41343528773498534
0.31621997312927247
0.2897400711364746
0.34348624267578126
0.4092991287384033
0.3512300725402832
0.27492845906066893
0.13350197442626954
0.33906714193725584
0.4314716328735352
0.4126599097747803
0.44318388008117676
0.39323455912780764
0.41764287844848635
0.41369340240478514
0.3263380722351074
0.43959954148864744
0.2150348701324463
0.35860604049682615
0.4178206201019287
0.39523824168395993
0.4217031740112305
0.24429224475097655
0.32602440045166015
0.27186725956726077
0.3859594402618408
0.36135097396850585
0.40947095625305174
0.3624226531066895
0.3082901236572266
0.2596830046844482
0.3308466682128906
0.3776946670074463
0.2320909151763916
0.2653250680999756
0.13248595907592772
0.25660099728393554
0.3729992854614258
0.40783266358947756
0.3622953839111328
0.4338448266601562
0.40753371144104006
0.37203850491333007
0.4216271061096191
0.19525746154785156
0.33500507241821287
0.41604396438598634
0.3586053591918945
0.2744068898925781
0.26045419734191894
0.3350600081329346
0.39620107414245603
0.3489297841339111
0.38095920721435544
0.35656054806518556
0.3641453387145996
0.3560268758392334
0.4029779177856445
0.24083261944580078
0.3903411907653809
0.36631278329467776
0.39881297004699706
0.24215059735107422
0.2762221095123291
0.13240245387268065
0.3259133572998047
0.42595769999694827
0.3622622696838379
0.42133800939941407
0.3738103379364014
0.3945835838012695
0.31651071040344236
0.37180835749816893
0.19115694114685058
0.36024003045654296
0.3783896447906494
0.3971030128326416
0.3039215528717041
0.352207542388916
0.2982154742279053
0.35016902279663087
0.40208256336975096
0.3594229168701172
0.39885115776062013
0.3401106006164551
0.3548184846191406
0.3916725856018066
0.24508872050476074
0.38662280419921874
0.34202639334106444
0.32879525485229494
0.2953517755584717
0.25613410580444335
0.13414347898864745
0.3319429100494385
0.40679453598022464
0.40496010389709475
0.43254892782592774
0.3544836598358154
0.42377679983520505
0.4145350866851807
0.4365655983734131
0.27513888804626463
0.39405450022888183
0.4268724538269043
0.2017609916381836
0.41611771600341796
0.4458481014709473
0.36276859846496584
0.29631252894592286
0.33642523683166503
0.41967074827575684
0.354994641998291
0.4229649586181641
0.33529731369018556
0.3563084877166748
0.4036734910125732
0.3390518967285156
0.3898777501678467
0.24148124337768553
0.25829117134094237
0.1333724796295166
0.35671384562683106
0.4098607378845215
0.3962421827850342
0.416940093963623
0.3653778977203369
0.43398324841308594
0.41943760206604
0.46092806301879885
0.26965832621765135
0.3781553256530762
0.43183003031921385
0.2013099228515625
0.4009043642425537
0.4498155583496094
0.40157184481811525
0.3935114821472168
0.41158288160705564
0.24824635139465331
0.32506616343688965
0.4017737785644531
0.3376029671173096
0.38182728323364257
0.43082077731323243
0.3454722966003418
0.3586288903503418
0.27448039509582517
0.33217735578918456
0.37664036088562014
0.2343737007904053
0.2620557543792725
0.13377555279541015
0.35503320590209964
0.40785138442993163
0.3891798730316162
0.4376557351837158
0.36209721733093264
0.4657187904205322
0.38220668309020994
0.4334329715423584
0.17323099618530274
0.376684090927124
0.43727902703857424
0.24144053764343262
0.3295436371917725
0.2685373351745605
0.373073730758667
0.37887217683410646
0.3916371143493652
0.37149877836608886
0.40981002142333983
0.332833111907959
0.3511473616638184
0.38340038862609865
0.3051997679901123
0.3561694174041748
0.4061228281555176
0.3540604253540039
0.2869417985992432
0.24346666111755372
0.13591755722045898
0.3165927579345703
0.45164364698791504
0.3940950641326904
0.41413267445373536
0.36850848457336427
0.46010363873291016
0.2848519139862061
0.3943388700714111
0.4245882995758057
0.2261785309753418
0.354316804397583
0.41946631852722166
0.3903377003479004
0.35309187643432616
0.25000905902099607
0.31697579277038573
0.27712298347473147
0.3543170699768066
0.3598379505004883
0.39692380113220216
0.36639890551757814
0.4177240210418701
0.3337293273468018
0.4178937614898682
0.3910246633453369
0.2859476067047119
0.352195774017334
0.4067881765441895
0.35689152058410645
0.2886466044616699
0.2438139183807373
0.1336337863922119
0.38281560655212404
0.47481664134216306
0.37048772982788086
0.40744794865417483
0.3090587320404053
0.47554431521606444
0.3759470927734375
0.4227853343658447
0.3488179769897461
0.42124336959838865
0.3960811711730957
0.19899419035339355
0.38432111485290527
0.44643904289245606
0.4206744078063965
0.3872001298065186
0.2709704430999756
0.34472904644775393
0.2952834939880371
0.35160215129089356
0.40755596464538574
0.3539655155944824
0.41621895124816893
0.4133896379699707
0.31713814224243164
0.3949053630218506
0.3547889602508545
0.27272677891540525
0.33208623236083984
0.3974723232116699
0.2459490290374756
0.13411610717773437
0.3761820740509033
0.44183460264587404
0.3759153084106445
0.4128163734741211
0.3380753609466553
0.46006149613952635
0.4061444543762207
0.4275095737609863
0.3167086441497803
0.442168809967041
0.3982337462921143
0.2002733455657959
0.38884119204711914
0.4450420026702881
0.4004422695007324
0.3943333049621582
0.23549756719970702
0.3612464639434814
0.246803055557251
0.37020819023132323
0.35235466023254397
0.3767539407806397
0.37989701969909667
0.39946127090454103
0.327162994934082
0.40906857917785644
0.36097352461242677
0.279858361038208
0.3466270843811035
0.42273520097351075
0.35070370422363284
0.2821158890686035
0.24183766677856444
0.25467405200195314
0.3577013074798584
0.38919882112121584
0.4457274289245605
0.3763859343109131
0.31711777722167966
0.3495168701171875
0.4151574981536865
0.1903038794708252
0.34611969886779786
0.3930474720611572
0.2432028052368164
0.3212759306335449
0.37734997364807127
0.33872845536804197
0.3814498578643799
0.343164021774292
0.35021095172119143
0.35441556401062013
0.4052741686248779
0.2397965153808594
0.3884828069763184
0.3594714875640869
0.3428828324127197
0.26816577279663084
0.29283819955444335
0.13074106614685058
0.29430972943115236
0.3967909272918701
0.3566463460083008
0.3881315504760742
0.3493772291107178
0.407618013381958
0.4123762200317383
0.36177477717590334
0.30120095288085935
0.4157123513031006
0.38989572497558594
0.19558873118591308
0.3294716359863281
0.41437420561218263
0.3540820283508301
0.2804421974334717
0.3877771435089111
0.25975715406799316
0.3894286011047363
0.3629011679534912
0.40468153834533693
0.37431635481262204
0.31959087156677246
0.3949245291595459
0.36239824613952637
0.3892955591583252
0.35763453231811526
0.3864113768615723
0.23942180406188965
0.27977946047973634
0.13460163243103027
0.35695562199401853
0.4224388083496094
0.3566262657318115
0.4027051509399414
0.3551091360321045
0.46539655155944826
0.37401784916687014
0.4239055390777588
0.31454896717834474
0.4263579596710205
0.398810950881958
0.19768630509948731
0.39658233699035644
0.45487508248901365
0.37370509590148926
0.38947730081176757
0.2402874340209961
0.3806808201751709
0.2581495698699951
0.4014586682739258
0.4224149201660156
0.4249285464324951
0.3577247935180664
0.45648129093933104
0.35715269953918455
0.4268254322509766
0.427741344543457
0.30486184858703613
0.4350902697906494
0.37444611442565917
0.400667138961792
0.3015945679321289
0.30096827551269534
0.13346915776062013
0.38845090882873534
0.441618109375
0.3574212355194092
0.4621678667907715
0.3729159575653076
0.5010448511810303
0.3835358882446289
0.3988995167541504
0.39196219189453124
0.1998883323059082
0.41611754428100584
0.36884060330200197
0.4184551717529297
0.4323279860839844
0.29798813471984864
0.4318377962799072
0.37405598934936524
0.41031976231384276
0.4195850701446533
0.4381339892730713
0.3999579091796875
0.43752093603515624
0.37738978955078123
0.34994440565490725
0.3914350212554932
0.3971889429626465
0.2989654464263916
0.3174068715209961
0.13198830722045898
0.40414589765930176
0.45523307341003416
0.35285567710876464
0.4882591887664795
0.33768453343200683
0.4389563919830322
0.4169999969329834
0.40793791679382324
0.36916460057067874
0.4984984141540527
0.17329811720275878
0.4341099740753174
0.46211430288696287
0.43077408560180663
0.41895170379638674
0.31588761521911624
0.4313932858123779
0.2785798240509033
0.39560450650024415
0.42582228547668455
0.4134857214202881
0.4258594324493408
0.43506018589782713
0.3491870453338623
0.4162688134765625
0.4281936893157959
0.42374947434997556
0.41383028620910645
0.37325745204162597
0.2570536578979492
0.2850967211303711
0.1320103307647705
0.39479864053344726
0.4364364354095459
0.3559036709289551
0.38974566069030764
0.35481069346618654
0.43179115089416503
0.3253951483306885
0.5029147057800293
0.2797314093322754
0.48206884968566893
0.4032307077331543
0.20159523081970215
0.3986276329498291
0.44350611697387693
0.4220011700744629
0.41123535317993165
0.3044082171020508
0.4278256173553467
0.3007127303314209
0.43271785916137695
0.3928028749694824
0.39609718913269043
0.3480832128753662
0.3688786835784912
0.3425318870544434
0.3472432274169922
0.384388003036499
0.3788332614898682
0.30721080154418945
0.31560221098327634
0.13175196771240236
0.4037915397491455
0.44727511015319826
0.35708084410095214
0.49589335649108884
0.36344256704711914
0.43311086322021486
0.41562391038513186
0.4448705661315918
0.29914404066467287
0.4255502035522461
0.4408727158660889
0.20329665008544923
0.4043915750274658
0.4107449113769531
0.44047391386413576
0.3340413493652344
0.3639975092315674
0.3909407388000488
0.356235113494873
0.3631664523773193
0.3220809898986816
0.3452978744049072
0.3917388400115967
0.4197125082092285
0.3998119111480713
0.36703569876098635
0.29624028132629393
0.2656533166046143
0.13494830662536622
0.34786760899353025
0.35467266510009765
0.3911000499420166
0.4177300673675537
0.42054682473754884
0.3831821361846924
0.3636851709289551
0.335687046585083
0.41328509037780764
0.43666420542907713
0.19242126567077636
0.4280015115661621
0.4507901152648926
0.4175919398803711
0.3818107241516113
0.2753679867248535
0.401252071182251
0.4108505196380615
0.38680754223632813
0.3573944979248047
0.43789917292785646
0.3346699812927246
0.39932961752319335
0.4207728586883545
0.300720517868042
0.43029603160095214
0.43793740576171875
0.37431034243774414
0.2927915374145508
0.2958660648040771
