0.9935496128176304
0.9551482309931744
0.9313139577166741
0.9705544542567542
0.95454164670802
1.0654271795311092
1.0380451275537086
0.9000368503695039
1.0169375341689353
1.0848978237988909
1.0183108240704235
0.869076198486082
1.1686252755973092
0.9699734166163646
1.148338873426505
1.0335609219600927
1.0270277717019798
1.1108499967469954
1.082899261996018
1.2115946443619852
1.0649874495344547
1.1557728915822976
1.0930499852286562
0.9987221019208132
0.9914728388897562
1.0637530300947318
1.1636070450442122
0.9703332943790455
1.0695530105157165
1.0530960274850145
1.174659909317049
1.0030936524852399
0.9337698991625295
0.9788445203693127
1.0370670141353806
0.8462490929155448
0.9648460409107145
1.1754776089617855
0.8686464625847794
1.0763651141154684
1.051362473599884
