0.2583554928332244
0.26385813576290085
0.280336809309171
0.2813277184675741
0.29300293145411965
0.2682971555304698
0.2911843155689977
0.26145603404045115
0.29115744091085205
0.2691942026415841
0.2717774280500285
0.2791895783926219
0.26072763188398473
0.2782032158440713
0.2909643932633897
0.2764332743049003
0.2813911816559629
0.2695564438137768
0.2851177616276365
0.27451450169100095
0.2889413132189774
0.274289001353097
0.2713328083359652
0.2760633188130024
0.27845689801785434
0.2895011304258483
0.27418087936860325
0.26836680607006946
0.2545848868422225
0.30995011044590665
0.2572023131638473
0.26947628694363795
0.25995720757590307
0.2711293573470362
0.28881251422345405
0.2781557718056945
0.27343443064366774
0.3068347568404985
0.25568030931845925
0.2818386551891261
0.29685684152338876
0.2765996540727319
0.27867475892027543
0.2794149554508119
0.25867902719914704
0.27789525909698093
0.2778649168919029
0.27692271678818153
0.26833919226322356
0.2621923423635063
0.27359490838568257
0.28150429975808616
0.2951304921896434
0.31167490495917344
0.2823086240022716
0.26678781526280293
0.2804383053136819
0.27985242261976234
0.2810826958612666
0.2782187410426231
0.2563074774775994
0.2947244920797261
0.2899964494998591
0.2477431936373729
0.25213814365690346
0.28418028012421176
0.2773262485515139
0.3008394545014004
0.29466460041724774
0.2812165295169382
0.29804534459560855
0.2579622827287775
0.2724910109895021
0.28327293627556027
0.2772240791856689
0.30902645282808167
0.267200917897175
0.27550510919314675
0.26931243031013347
0.28283359811587244
0.27715691971673834
0.29159275793233685
0.27631396007248593
0.2622164672659267
0.28019340119670494
0.2635842010476986
0.2988692825241592
0.25698044675882126
0.30680517563855486
0.2746130040003026
0.2827039796930249
0.28541101196040564
0.2881907072724896
0.26936782387856506
0.257876463285537
0.2896243018918422
0.28976354042934444
0.2781409197211078
0.27668100648228644
0.2590001589727755
0.26997089803169827
0.2987447212057301
0.2809805727150843
0.2888697638002927
0.2887901290467504
0.3006199274353374
0.27440794672768126
0.2906294427843376
0.28454009087164867
0.27110764923404723
0.26706030651734486
0.2878837359529906
0.29003785145953487
0.2612964990060386
0.2735261681150499
0.2877667693093015
0.2866130088668429
0.27919456796617476
0.2667538344610011
0.2738700768069481
0.2764688982286634
0.282379940621773
0.27948734768882505
0.27151660416065515
0.2864960689118548
0.27436723736186974
0.27860369106972815
0.2789063194448747
0.28577253120519186
0.27637396647001805
0.26442221803776295
0.26076823612771
0.2569708198355304
0.30233664468368615
0.28801670564310233
0.2552182784173158
0.2705331820960129
0.273450252469695
0.2676316570885613
0.27952351804198655
0.27434159532186053
0.30030570796441713
0.2922899793197784
0.2746883736748634
0.2862938308624658
0.2911707493446579
0.2750543980257742
0.3032076835471668
0.27105469347021427
0.27467325273451676
0.26096124113398944
0.27004905243947214
0.2884472323808384
0.28133148370253386
0.28665487227671277
0.27518995658590695
0.2713858896281096
0.2970681798026262
0.2698903428828203
0.28048553819810584
0.27715638937504145
0.2701440735784472
0.29731714922133023
0.289275713089598
0.27567871057994764
0.27256552965981734
0.2667755788503427
0.26747855145709154
0.2595223580059709
0.2885877981284109
0.29872653598644444
0.2687873904684503
0.2571095843275351
0.2639742166241226
0.27270072368901654
0.2864323145470747
0.28653436467471854
0.2748315993187668
0.2995443242784861
0.26160873629477965
0.26772799014118653
0.2557972899592692
0.27658895960219426
0.262975569668939
0.2881563970004335
0.2739174848300414
0.2591648844012933
0.26795451839040263
0.2692815789540435
0.27813572233588485
0.28844499574495575
0.2533330476342561
0.28603597332875136
0.2594274182065187
0.28569840672351515
0.2949597002827672
0.2756263326629256
0.27728001215862924
0.28245294367031376
0.2980629711087997
0.2819703646764974
0.2569141853899054
0.2929644380873804
0.2863022391973487
0.24812412118931831
0.2627406848236257
0.2622602361635901
0.3000318216040711
0.2793434195202997
0.27596726094698276
0.2884229191236532
0.27770736772417404
0.27611393557561414
0.26061733253816627
0.2591038694347425
0.2822473254435409
0.27941312009323477
0.2799160236267318
0.2745118493172254
0.264121166880396
0.26955207936181386
0.2971492304439104
0.2840480899293045
0.2766123706489981
0.2791328130323952
0.26205782580621306
0.2816848878206471
0.2554178092901014
0.2805136592489148
0.28747449365111344
0.2781961206436665
0.2695539036684847
0.27106419723009273
0.2839669694372597
0.29345855587904773
0.2814547214441691
0.2663257091184948
0.27872408075699007
0.2615825535294894
0.29027779013584176
0.28940474286956447
0.25593265884536626
0.2914266890895955
