0.410990997517075
0.3860286664818571
0.3906385249415079
0.40754140285041285
0.39269515377153497
0.3670073958921023
0.41088880090655777
0.41750129812894315
0.40854740021704566
0.385618045555546
0.40293424190918853
0.40490684724769777
0.3696533285219896
0.38298385048942823
0.3829270345741816
0.39095987056176396
0.4006404742639787
0.330214941259738
0.39978745084212053
0.4283952820022163
0.41306762061429286
0.4161991466047407
0.39312601816814313
0.38413851707748364
0.380397153300431
0.36712942516449615
0.404601275046381
0.40737956017941573
