2.146362058670339
2.0958422964218824
2.1054030897867797
2.122210011518694
1.9744947075825887
1.9634517412400079
2.114049727984545
2.206504957455127
2.121024598499091
2.1991036563128286
2.100761243812298
2.0846933817097466
2.12224043718308
2.092214354232449
1.9657499828982017
1.9720645070569527
2.156305521959263
1.896145391986786
1.9836221157133238
2.296596894122263
1.960298809278347
1.9703710524719285
2.117737520159773
2.1086595216522914
2.122675101722871
1.9261671559521374
1.965666473552073
2.286639856778375
