1.6889880817192318
1.6950250854688742
1.8165980818747884
1.6857059880639502
1.6935502066687096
1.6916069281940003
1.8151372471916831
1.6908218337280083
1.5256840837815688
1.691579741372879
1.6967302967952786
1.5273680794043474
1.6933949802566979
1.822463537384865
1.6908335069417728
1.6927458796269226
1.5236643032272688
1.8141456360443038
1.6913844279154264
1.6930405654156042
1.52767384441775
1.52559590723249
1.821883442502018
1.8240951070178493
1.5278385528137022
1.5260013554175003
1.5225768664774972
1.690447494571457
1.6898522071915154
1.8141517806641951
1.6953094976019145
1.8164024665333947
1.5287516221195032
1.5250562255713218
1.693473003880623
1.6915833300936192
1.8149886728898237
1.6911036427534385
1.526064868665111
1.6904106147288882
1.6946092877089
1.6903239408790847
1.525969536549875
1.6982404222062097
1.5269481839384418
1.6995333342576573
1.6908341939430398
1.6921511989984064
1.6871116229349425
1.6934851638260218
1.6921636103731794
1.692379110632691
1.5261559902143766
1.8218864303121243
1.8239645785022438
1.5264005476415803
1.5243158034589335
1.5226190839129774
1.6901982650596594
1.690088834668035
1.8145589514663638
1.6951739808575628
1.8166610386899351
1.5257625247645827
1.5239405381525803
1.6922568873894401
1.6913742172387547
1.8147883775658027
1.6900770395368983
1.5254658048810006
1.6895418189977154
1.692039060573816
1.6914585701909337
1.6912466159531303
1.5257302754368107
1.6957456849159689
1.5273910796191583
1.6934041816133047
1.8222171007325958
1.6911712970928177
1.6901758496515038
1.685706516873112
1.8153366455053743
1.6916764449224806
1.6922939302605882
1.5282283194452613
1.52613439256609
1.8218284443099928
1.8238168735584832
1.5261048909334747
1.5275916406854473
1.5218623881196296
1.6895417421664523
1.6896532761671121
1.814217977728266
1.6952374664975591
1.8163085884461454
1.5299953502898906
1.694351766752293
1.6914143019822843
1.6886498336916882
1.5258029604159582
1.690295829832512
1.6907157956342538
1.691391681564156
1.6943252973990173
1.5274645149210202
1.6938280571422448
1.6993760791344021
1.6914294781650707
1.6899117594202007
1.685917868622758
1.6936310616874215
1.6924661740536946
1.6931285527765079
1.5272128252335937
1.5252797582936035
1.8241176179152663
1.5264635099550883
1.5252790771911302
1.5211316705482452
1.6906037955657525
1.816687603610108
1.6966273012678517
1.8177078041789
1.5250748913188261
1.6869323564290517
1.6949563099927234
1.6930345280543926
1.814772060591729
1.6922211019548274
1.5273960784215324
1.6927645130461
1.6923666712321461
1.6920036754449115
1.6929457761836373
1.5273205832090253
1.6987134974189817
1.5292841072523427
1.695896040461974
1.8227302511018582
1.6918415961993478
1.6923616477907255
1.687751045427304
1.6936543576229557
1.693013413188806
1.695554166667918
1.5260381720895
1.8254353529211693
1.825717869710317
1.5273341040916386
1.5262704268451541
1.5243139905228735
1.69114345778809
1.6924571036398364
1.8167029648594628
1.6969124389780945
1.8184722548185488
1.5277691367136377
1.5249057074363719
1.693087640823335
1.6929003452366187
1.8152247327406466
1.6948851152123328
1.5275656911171467
1.690524571826451
1.6903495769673076
1.8146049824121724
1.690234899492007
1.5274168560537291
1.6962779628256697
1.52980245553939
1.6939919753469592
1.8220290207128005
1.6914603026211597
1.6934190140822563
1.6883535164597525
1.817547768342784
1.5295482424025435
1.5286239624664042
1.8240230269417752
1.690562049512491
1.5259624603910267
1.5240272733714237
1.6922370616586324
1.6908210424397259
1.8168685163513951
1.6962646359149844
1.8189860134959992
1.6873291458570319
1.6877329214526569
1.6945383259393603
1.6941895516677792
1.8154147669549436
1.8126363477633995
1.5280255936367921
1.6922297297313018
1.6930142203295635
1.690999908471483
1.5272167900507407
1.699824746866709
1.6991667237688428
1.8222455209567954
1.6924462544407404
1.6869004692145961
1.8163008709772128
1.694415373688096
1.525057203728198
1.8236930220085619
1.825070944333577
1.527345616490228
1.5263555770989787
1.5252377476115564
1.6916064059949827
1.692005942529635
1.6519526181837334
1.6951487520938546
1.692754385920743
1.6900511158966074
1.6969892211985789
1.692619504063964
1.8154979314776087
1.6928718119665893
1.692552256491408
1.695023346908568
1.8142318210094575
1.6913731824779301
1.695991042652725
1.5307320430071025
1.6954476774428207
1.821965461221236
1.6923403170835896
1.6932399358677288
1.6887380114872028
1.6942623143682125
1.6934413913125252
1.6933941787379398
1.6938226219615249
1.5276449041765918
1.8232976657929623
1.8248761370965754
1.6908244688182963
1.5303648500683418
