1.4756327853094724
1.3833907268576473
1.3801565206907347
1.4553672781473272
1.380018612165568
1.307257385419653
1.3468156552785007
1.4471922404197963
1.3687990905231315
1.3062245785263282
1.4577710873238687
1.4701983462206656
1.3130805348111907
1.2710889765505642
1.391225318611903
1.375274430056824
1.3976589928972158
1.196730606926177
1.3743850818183871
1.4984291129735707
1.3840524779576533
1.4148919280503067
1.4578310666948417
1.3501465123734937
1.3152762003648626
1.4149609818271922
1.4591160699395966
1.4237337741256493
