0.32655243259463756
0.3569794541167431
0.29001932726506974
0.29881439908383045
0.34148453782832416
0.4242613389731273
0.336590157256735
0.37429765366477896
0.31746423077124347
0.37357725893384003
0.35669655957459934
0.33757140645206773
0.36102176538573405
0.41174751032473156
0.3528529687824381
0.44809408604193357
0.3607447361098428
0.3671291850493952
0.5076732818926265
0.37093150190482277
0.3216376979448488
0.3891579760755278
0.468392749363852
0.4288639565165727
0.36252736168984667
0.4401389920037717
0.4127430216883598
0.5171188830048097
0.43546634471631396
0.41246017030514437
0.4192235642230298
0.475117966360063
0.41956828198413054
0.5768341181905243
0.48706937819177476
0.4221662524011813
0.48978037403468977
0.45524511421653097
0.41322284142174703
0.4582908013734114
0.4130886496181027
0.555549553951733
0.46550474257350216
0.4027118872223848
0.3966802010499629
0.33489222197976454
0.35924750466925826
0.3038080608016798
0.3089029537492959
0.41317642937372057
0.35211360213787213
0.35383438995502436
0.323403045224792
0.40454182573022723
0.37212909455633814
0.35065936612505394
0.34577199754145893
0.36104259299326064
0.3641178540958228
0.4354020962160094
0.4756440633560186
0.3529411960053124
0.37842467726747053
0.46671493835729005
0.3806648099334778
0.3208485697560257
0.3953980853048158
0.4639901425134122
0.4288305818949433
0.3616290863856567
0.443556267908617
0.42955676449339153
0.5140885786393306
0.42785879743753885
0.4234130527837145
0.41303444002009293
0.46961829973723374
0.4182224642554791
0.5574107444963486
0.4907242490636079
0.42025960121945005
0.49145968781661553
0.4483200281816916
0.405506859157444
0.483027858917657
0.41743150763595477
0.47892278978398634
0.4666270574066693
0.4158617556965585
0.39652691287657865
0.31755217377319955
0.29134210598859167
0.3429514085293602
0.3757689597566581
0.3428317016125458
0.368885550215881
0.3176265453006699
0.37763502730908577
0.36290339960177154
0.4114156357150321
0.3476412881668737
0.36202633196567213
0.4016427369297704
0.3559586194892198
0.4483956226843049
0.48705454648579344
0.3753428673782335
0.5164328095298243
0.36725884454095337
0.32311565722327207
0.37842912020624886
0.3626815024304608
0.44746945106240277
0.4126239864252641
0.522098704006134
0.42595268809202314
0.4188022840083805
0.46835354424061687
0.4141644367420534
0.5682660962831285
0.4834492898400526
0.4178927722779273
0.49877595467998004
0.44774476964774734
0.4143380557790807
0.4606090927190362
0.41283954478297685
0.5589718487491804
0.4680875420099357
0.39941892409413704
0.3968862713814478
0.38644638453680646
0.41244564223767954
0.33427538767532855
0.35294541964997944
0.4328394574532707
0.4062549389228075
0.3523597556281703
0.398812226818425
0.3998168032156031
0.3745040296520763
0.3946735058517483
0.4022991307166748
0.46050408494033557
0.46855847502960746
0.38318586929530296
0.420396195293642
0.4908003687050555
0.40605439831529366
0.3514612705440328
0.4046047573758832
0.508686042269344
0.44230000456573026
0.3960990504550972
0.46487088302009294
0.4599612881611977
0.4611112319669386
0.4740068398523166
0.44289288260120896
0.49641501556311574
0.45199557584239347
0.5220052027758799
0.4490496387660233
0.48995864634603736
0.4763288571665563
0.4350697145982333
0.49667544806570857
0.4371065885499478
0.5336069416784294
0.49509776502332214
0.42419360744501566
0.4413782049861881
0.3555750518608578
0.3857436196423215
0.34686239270846997
0.3419222392454382
0.4101931004361564
0.4770239157192384
0.3957572864684804
0.3978134299882815
0.3635006355710946
0.42016563119457206
0.37037416989101013
0.3979608408636366
0.3782712233401253
0.4452486857123559
0.3969443146053485
0.46843787110093354
0.49252633072575247
0.44473521770842284
0.5026504293547562
0.40204578236276906
0.34284332659192773
0.43382450163888975
0.5035542216441361
0.3815000838163095
0.47293005080874867
0.549430089390999
0.464408062158967
0.4536906108892838
0.4339433165366685
0.4964072749373901
0.4506611801478013
0.5838020154942654
0.5207943879357898
0.4503411991599788
0.509022132519081
0.48236901354218553
0.4237409245268574
0.4974036484081926
0.43761107855982256
0.5317820474334445
0.4893077985958749
0.43963402430472887
0.4401772194358807
0.4120496573298208
0.33930062872982714
0.3525844708011825
0.35689326586413006
0.4105736784334922
0.38361019082741943
0.3633311273758365
0.3595296116124444
0.3857427565239403
0.4075708394137977
0.3693344813282056
0.39987206775741746
0.43940107397924033
0.40265226115028185
0.4627386091910426
0.48843268806557816
0.4169417915308781
0.36309802415206216
0.4495271163082464
0.40319956676440677
0.45492946435303694
0.449476613654361
0.5453984798721138
0.4677012383349061
0.46166000232753646
0.4396364312531786
0.5096028465750191
0.45004883775823357
0.5961877304221992
0.5262258614926505
0.43783984912104673
0.49129863662458456
0.47296428052475165
0.4319804303205836
0.5027006521645163
0.44061355579750683
0.5457943774029261
0.4904664785440435
0.4219733173150152
0.4533070524075238
0.34270910176354075
0.3520525258552887
0.3952457903462778
0.4721905998964053
0.3893325340838292
0.4003162077226583
0.35701324966015113
0.42102772460089166
0.35684124954159013
0.39046049788124004
0.38412708833283193
0.3696111559060325
0.45245049981801255
0.41634921372604805
0.46698799573654015
0.4802712070340195
0.4960516448230824
0.4078050957247191
0.3599383009178665
0.42672835026849093
0.5049667802477169
0.4508761450769706
0.3920060932929589
0.4604909009342839
0.47494444675565206
0.5522062740435397
0.47468506051638343
0.4519846604267377
0.4372057390412396
0.5000941092983833
0.4551366598543815
0.5991131560415538
0.5262616941951384
0.462631806791
0.5179922512257812
0.48371897245732176
0.49516434423979144
0.4449268739942747
0.5343416726196331
0.4957160514891761
0.4440429273771628
