0.23732926817082994
0.26344339622641505
0.20971645895117538
0.21342708836712912
0.25486641221374046
0.3026785714285714
0.24496562116527942
0.26500964962406015
0.2140243697487974
0.2642195005988024
0.24063039723661483
0.22793393516618793
0.23933566433566433
0.2687896552668871
0.2348326359832636
0.2974489795918367
0.2276898734177215
0.23286963434022256
0.34920656728624533
0.23827917042459734
0.20575382424242422
0.2688169910112359
0.2970711014925373
0.2975551420195439
0.24449794401114205
0.2815
0.27084512597793375
0.34050586510263925
0.28089809888712236
0.2763229571984436
0.2506848442477876
0.3024592945490584
0.2549690805755395
0.337361506312769
0.2914205508287293
0.2522595222943161
0.3195216015919564
0.27473343516197685
0.24269133344208807
0.2875172703065562
0.23773603711340202
0.3145297626625861
0.28976498716577537
0.26623887586206896
0.23384181069354287
0.24449406645519428
0.26420780711825487
0.21907426247755832
0.23199990232558138
0.2917710522361359
0.2687879924380704
0.24946780995024873
0.2185797540581929
0.2768518518518518
0.24188102893890673
0.2537454425531915
0.23100595016734843
0.2388732959101844
0.2431885125184094
0.2883220910623946
0.3134925320754717
0.2213157894736842
0.2385184224182667
0.31901139999999995
0.2450140724458204
0.20542465071496663
0.27163945944272444
0.29608965679475163
0.29750373148450243
0.2437149365284071
0.28381006864988556
0.28210979999999997
0.34169097099651025
0.2736401125
0.2833815028901734
0.24557390108623361
0.29987019525691694
0.25543506410026856
0.3282065500749625
0.2912899892223738
0.2512107921671018
0.3202138648648648
0.27883340858451894
0.23724564223500408
0.3006668230162027
0.24240540709413366
0.25734421152160303
0.2892916988723172
0.2834731543624161
0.23362938947906028
0.229140625
0.21047452370572206
0.2558795411089866
0.267018244013683
0.2618700016110472
0.25786151491966336
0.21425994461703263
0.263695652173913
0.24538216560509551
0.2996826473572939
0.23422107674684992
0.23950351837372946
0.2614023330944917
0.23796296296296293
0.2982558139534883
0.3216272173395103
0.23723060344827585
0.35803877752161384
0.23642274117647055
0.20707969511465601
0.2604710738853503
0.24449794401114205
0.28731008959875337
0.27008776407185625
0.35816393314794215
0.28664383561643836
0.24988383044341494
0.2994567047619047
0.2521148781968721
0.33672809223950007
0.28742207944664033
0.25086469999999994
0.3256974781649757
0.2718508119133574
0.24392369610389608
0.2888572872928177
0.23966519052496796
0.3190466112676056
0.2927078666916448
0.2651684071334214
0.23384181069354287
0.2787782548104956
0.3042827471890971
0.24888932190179264
0.26717318900915904
0.3071304717226435
0.31261160714285713
0.23238343444491344
0.2750419146398141
0.28668898046614866
0.2498412138320395
0.25868167202572345
0.2643200153668843
0.29838235294117643
0.31392741157024795
0.2412043544205706
0.2602631578947368
0.3319372121158911
0.25922187131620344
0.22129400869565213
0.2761372486803519
0.32965638282208587
0.30155723718592964
0.2631635243777702
0.2983469084337349
0.2941202607283896
0.29006437504520793
0.31968862817643184
0.26051807586206893
0.3112429748726655
0.26681173548387094
0.31314151719128325
0.2745084173609439
0.31245695714285715
0.28791089617706234
0.2523833656041512
0.30611723478636166
0.2507573411997363
0.3125500858614768
0.30227561726209295
0.2855145413870246
0.26450602558139535
0.25641355
0.28110038610038607
0.2582382310984308
0.24926806368159202
0.30259921176470583
0.34028475327102803
0.30339378238341963
0.2789266360773085
0.24300209166666664
0.29349994705882354
0.24911450938897167
0.28434923783783783
0.25338209982788296
0.29804582600568874
0.2654927765013054
0.30599897013388255
0.33033510119176596
0.28041401273885347
0.3392432295739348
0.2569544153846154
0.22242684147880973
0.30031979999999997
0.32604155471698115
0.2523547581573896
0.30301111377125706
0.3693488826086956
0.29253060305927336
0.30412753672055426
0.25521132994662976
0.3130402604691572
0.27093257289481143
0.33430954570920407
0.30493587943465794
0.26850035943238726
0.32772568161434973
0.2936710336079077
0.24194492100677634
0.31319771975203076
0.2480156689458689
0.29897436576862124
0.3004530275309054
0.29760061919504643
0.26471304579439253
0.30623548544995793
0.25175471698113205
0.2636363636363636
0.25997081522842636
0.2911577120879121
0.2941419141914191
0.25227241437908493
0.24561203977812993
0.26370053852295405
0.29136774847080626
0.24581803005008346
0.2636663996796155
0.2887847642079806
0.2633087400681044
0.29805475504322765
0.32759073603411515
0.2536497601096641
0.23710875394154118
0.3071099416765053
0.26853221392016374
0.2903646517940717
0.28297846873065013
0.36421980366225837
0.2933972853801169
0.31223499546027744
0.25646323896451684
0.318775112136487
0.2636138881763527
0.33891884574898784
0.3138090088818398
0.26748640458015266
0.31186673157894734
0.28206480009289364
0.2489024771653543
0.31580810543337645
0.2502129378971503
0.3182627774909654
0.2964224798933965
0.28494172094617753
0.27519023686826843
0.24658055011944574
0.25485339668508283
0.2899393652173913
0.33837081465614427
0.2856652444444444
0.281096827027027
0.24339626868686867
0.29427190896309313
0.23848128995796353
0.27688651436413536
0.2559490820921371
0.2422029702970297
0.3002310164724789
0.2796580352941176
0.3026701715550636
0.3197223174506828
0.33066318571428566
0.2599076378378378
0.23490905722273997
0.295351312605042
0.324176546367239
0.3104307467455621
0.26231435573770495
0.29323673316277576
0.304955711840968
0.37077020911793857
0.2972156857348185
0.30262723779777656
0.25569367430542245
0.3144623353925354
0.2729497076212471
0.3495907295464751
0.31385175769230766
0.2769183955919046
0.33286488310038115
0.2920778846723334
0.3110977532604123
0.25014276137339053
0.3093942992874109
0.30436789861424424
0.30072145545796736
