0.23733766233766232
0.2701631046119235
0.2189230977618621
0.22043690143266473
0.26129737609329445
0.319059405940594
0.28403412331606215
0.25072971902834007
0.21909001222839813
0.25687633262260123
0.2413037561241154
0.24836080554821663
0.23836
0.27017548271068637
0.23566441983630235
0.2866396194739787
0.3118597992467043
0.2207567461869378
0.24025157232704403
0.32602245937136204
0.2461640554378137
0.20313152518054886
0.2790698
0.29958975820895517
0.2989221379819524
0.28409090909090906
0.27572928275862063
0.3445503048780488
0.2765431517568101
0.2872844827586207
0.29607134559505405
0.2521156221024259
0.2537300717825739
0.31540402904310605
0.27310495495376486
0.23883928408342478
0.30020029719468466
0.23362452467709038
0.2593571283343577
0.2904211513513513
0.2557357763705907
