0.166206159772296
0.17948811968319153
0.17827398047099366
0.18017915309446253
0.1549984848708487
0.18367529905728786
0.17380266082852647
0.18474244120940647
0.16994362491103202
0.17084939371515456
0.16875900257460502
0.17821119802387814
0.16440557052037938
0.1708730088748019
0.17000021281708944
0.17730896096756457
0.1801605504587156
0.16807091290743154
0.17068533684210524
0.18132149307645995
0.17852710646636186
0.1816502463054187
0.1711090257602862
0.1682300954670871
0.178882099209202
0.17842124019957234
0.16586103949428052
0.15731472409972297
0.15288394901960783
0.17032723642707603
0.16820236470588235
0.179885993485342
0.16261408378063008
0.1874036030959752
0.17272943792048928
0.18719366407650925
0.18445121951219512
0.17008446892177587
0.17357746816050024
0.18093184686579722
0.17583407826086955
0.14808600634841287
0.1711626930232558
0.16869439008746354
0.1725371886939571
0.1776868178001679
0.18062719812426728
0.17145634965612103
0.18106989576946658
0.17910396716826266
0.16811254480946122
0.17397803866535816
0.15234117069568595
0.1784042553191489
0.1783143264433357
0.16545896086404063
0.15588003543788187
0.1501629054452274
0.1704339121019108
0.16750685766871162
0.17948967375037414
0.17775545350172214
0.18017915309446253
0.1588129873015873
0.17869969090909088
0.17426346821705424
0.18548034934497815
0.17861709901351844
0.18307017543859647
0.16994362491103202
0.1706206921187308
0.17013454124847
0.174802612012012
0.14760004696734058
0.16949725212649944
0.1769736842105263
0.1801605504587156
0.16953000949935812
0.1813138905592303
0.1706001238095238
0.1532099645933014
0.17898706896551722
0.17842124019957234
0.16593562038439136
0.16910853478260868
0.1524169118110236
0.17203491401320614
0.16829308376003055
0.17969483568075117
0.17746189917936692
0.179885993485342
0.15753502204724407
0.17928943810999223
0.1752307913875598
0.18498217468805703
0.18003919372900334
0.18435483870967742
0.17029588541226215
0.1724374107538218
0.1688599641618497
0.17921139554087528
0.17658370344827584
0.1696006358422939
0.16869009016751638
0.16970038886756236
0.17779345372460495
0.18045134818288394
0.16924445149201942
0.16992088169014083
0.1790942928039702
0.1795731707317073
0.1750538103688933
0.170119590228013
0.1784224598930481
0.16754621426684277
0.1580498615384615
0.15179275806350204
0.1722168295081967
0.17896570203644158
0.1779524330235101
0.1581579863453815
0.175241657165231
0.1722976422535211
0.17874465049928673
0.18152901785714284
0.16796301379310344
0.17112822223365926
0.17870722433460076
0.14828523592017737
0.16780852114695338
0.16948805958429558
0.16928327982176955
0.17822854715378078
0.1841090094574415
0.16760755568400768
0.1676131050234427
0.17930786904078114
0.17858239508700102
0.1823829531812725
0.17236506808510635
0.14968001561674837
0.17879357484620642
0.1781578947368421
0.14978923558792923
0.15665632753623188
0.15240867330374128
0.18129834254143645
0.17888257575757574
0.16488850209790207
0.17872184133202743
0.1696087818181818
0.17819464040404037
0.17446062012072433
0.1788328729281768
0.18630268199233715
0.16942824961915123
0.17023887586206896
0.16934490711610484
0.17963975858166728
0.17434106826222684
0.16479853257312838
0.17002965723905722
0.17162780930232557
0.18187361419068734
0.17622164048865618
0.16799506096654274
0.1716938258064516
0.17096777206132877
0.1845565271705184
0.17776315789473685
0.18062015503875967
0.17731480701168612
0.16898061919385796
0.17870647697491576
0.17735546038543895
0.16965443928571428
0.15413313606210302
0.1511563007068327
0.16921600620384045
0.16884543625285603
0.17976190476190476
0.17748062015503874
0.17926758938869664
0.1674598607003891
0.17184037375565608
0.17046398908017707
0.1805521283158544
0.1772018348623853
0.18200863382427626
0.17101979841511733
0.169731909255079
0.1669642227045075
0.17885405960945527
0.16964774285714285
0.1652496163934426
0.17101467628128722
0.17053253548387096
0.16882610295857986
0.17681208053691275
0.1694984972407231
0.1690203209604153
0.16856329993986768
0.1803735926305015
0.17958015267175573
0.1691423915309446
0.17291108192771082
0.17830882352941174
0.17669731258840168
0.15171037304236198
0.1511820586826347
0.18174157303370786
0.17905542412977357
0.18107985480943736
0.1650019022113022
0.18080457916801032
0.169060192476489
0.1787717193526635
0.16971748290269376
0.17221353644996346
0.17818384115029098
0.1872362869198312
0.1715261404866374
0.1707484947368421
0.1707237941544885
0.17869718309859153
0.16993345714285712
0.14910527351778655
0.1712363478005865
0.17009538589420653
0.18055555555555555
0.1764067995310668
0.1695361621301775
0.16957026101694914
0.16982872316715542
0.1853510895883777
0.1776973026973027
0.1858
0.17405590612244895
0.1688751070422535
0.17927631578947367
0.17694734944103857
0.1705021987460815
0.15930209767441858
