1.2866871991478035
1.3813320914879343
1.3852852674723262
1.3874264228863904
1.166500608948129
1.2876944698462431
1.2959523159079884
1.3806403656987647
1.2890411862302422
1.2910677173663039
1.288021611000865
1.375457052222208
1.2841152746344173
1.2891382489202736
1.2956485812417018
1.3941958925643854
1.377583500486875
1.286298948460984
1.281445410119053
1.3806818405488093
1.3777249193553591
1.3802231557502669
1.285163584606959
1.285280927686248
1.3974205913935838
1.400022767797735
1.28337710199428
1.1711851496186958
1.164226332644067
1.2886450047120326
1.2880962113842396
1.3867610533959236
1.1742588798700337
1.2913302230006656
1.294632793617441
1.3825355492444587
1.3804215558330064
1.2895284005686194
1.2934424630562513
1.378261603468592
1.2952644226763201
1.1679994223230523
1.3036125776386691
1.2866481709138406
1.2982978760808892
1.3943639501692862
1.3777537401269655
1.2892211411145198
1.3807555120555375
1.378220750978601
1.291761981516665
1.288341359972125
1.169359671745662
1.3970539187073387
1.3999515040982304
1.282349485864028
1.1693857906904248
1.1614118917688008
1.2888496139308685
1.2882471124676622
1.3809922833892638
1.385060861269065
1.38702422911353
1.170487137438816
1.2830019323093296
1.2964570847133492
1.3805537236479493
1.3806264932472665
1.378849607831582
1.2896202660400151
1.289950663997384
1.289357778844079
1.2940510257353062
1.1670060382368244
1.3013934808147412
1.3942867104799832
1.3780507044099612
1.2881667952992568
1.3810206501466924
1.2946122659969466
1.1700228950857143
1.3973862774489696
1.3997000147025744
1.2831990203843884
1.283019045594924
1.1630032458944923
1.2901219235757615
1.2885993483258034
1.3811715125557675
1.384564853299508
1.3867818570596453
1.169210385737042
1.2834015851182583
1.297472359348384
1.380065819580991
1.3816059154326719
1.3801125712045674
1.2902498325680338
1.2921124759830698
1.2882135094586928
1.376540504014094
1.2956487413472295
1.3015267743044552
1.286626340110039
1.2956484318347832
1.3948844952515993
1.3783505368087918
1.2874168078760257
1.2808637579009354
1.378843051781055
1.3789332154186962
1.2892551550800877
1.2867202835983675
1.399803973929461
1.2843278892668428
1.1720885308571725
1.1623231467702624
1.2907761222584015
1.3775890899516583
1.3883309713358247
1.1732793521153864
1.2829175550130105
1.2981963221004793
1.3837322408424169
1.3794875458661187
1.2903388665301467
1.2938453676498802
1.379827992351368
1.1706726196603245
1.3036075873256276
1.2920473942930717
1.301053388262871
1.3975087935707504
1.384998113972512
1.2872906089466423
1.282444242472541
1.3833285249083462
1.3815218556506708
1.3849430489390941
1.2905999301214224
1.169588169065611
1.4007182194216359
1.4030185382591163
1.1687837355879263
1.1724078980589383
1.1675211099833045
1.379987407624853
1.3838242038475344
1.299702599777298
1.3896376568779145
1.2863953250834177
1.2846465353384282
1.2968458456376744
1.384208206816188
1.385211856772632
1.2935637980997459
1.2917419844998252
1.291719532021227
1.3797641690870313
1.295014756493038
1.2867825460723528
1.3034824631437145
1.2935070810426759
1.3855625147332595
1.3959964267888894
1.2928573137734205
1.2919415351132406
1.2853445807742965
1.3869715072655544
1.3800695640997327
1.3820104515691263
1.293917254483154
1.290118307680538
1.3994581733415918
1.4020189733369417
1.289010101785695
1.170086642354735
1.165100967074361
1.2907967142568733
1.2928189586314744
1.3862513869697959
1.387425130202237
1.390695220813036
1.2823965916482185
1.2806289987625168
1.296616523070431
1.3800735626826925
1.3828258074756268
1.3796367163193726
1.2937434725916266
1.292310042275668
1.2924817599449518
1.3799814912091273
1.2915126253887577
1.2884163177340884
1.3066539894485123
1.2942110295172904
1.3014008283702274
1.3963728389395371
1.2952662864424467
1.288701683852092
1.2842011055894984
1.3847504479510522
1.3829016439417827
1.297329558775346
1.2922459265039494
1.4002452163007484
1.4008929562325354
1.1666161634870456
1.1675755872556985
1.3781017543353726
1.3780841719349683
1.3853293378417986
1.2990261884252239
1.3911195212722716
1.287174302644305
1.2848678417611652
1.2940075961774367
1.2945323400632918
1.384067835264781
1.3852318289277883
1.2968413279148254
1.2920986969542105
1.292676669729414
1.378120337610262
1.2893058923090284
1.1706398366264836
1.3022061915007974
1.2919601900419284
1.3828372494681154
1.396033265744291
1.2938319231625606
1.2888674871122041
1.2837010844955763
1.3871806300060026
1.3800396219542166
1.38603660506236
1.2903732886741832
1.289841595682153
1.3994758157529676
1.4007560407772528
1.2898153862460742
1.1751103095961428
