1.7820703296626792
1.662226594316072
1.7008181693889242
1.6960609761766872
1.5748408509308627
1.5773773083998046
1.6958999323723463
1.7741921381462484
1.6869254707102377
1.8471610709809503
1.6693439250920719
1.539286567157411
1.6868003554089133
1.6614248558753735
1.5827898616777791
1.545182845962009
1.7442554307296612
1.5110720030536604
1.6809609402483698
1.8364284231158892
1.7191211521519991
1.5564629256793778
1.6898560133891836
1.6684196000799159
1.7145162463750085
1.5215317863764553
1.814592044623861
1.7931311265229684
1.5740151048410393
1.5550458474067441
1.8189104085199108
1.738320678353114
1.6647166491417693
1.700330064396491
1.6948413527534716
1.5968069764920152
1.5670885084958721
1.6897087721309667
1.7339086974643703
1.7907943791730598
1.6434684830388417
1.6965428951490447
1.6700114102457373
1.584203413831839
1.5018048703654356
1.7486531321618548
1.5076407367980105
1.6810003086498173
1.831714260099915
1.7144588890689079
1.5478422287438043
1.581583822187898
1.6804345775089615
1.6678558021600969
1.725301888457706
1.5062327839916727
1.6041224380369972
1.8151361530443202
1.7928672548237148
1.5427789361862363
1.5522201841158147
1.813039910994185
1.7298375497560285
1.6583606251331573
1.7037103660079707
1.6959439200913131
1.5721962588971774
1.5705075526514902
1.6913192978017932
1.727888184052921
1.6905007709772522
1.7981168140061536
1.6751307035338114
1.5369208339887004
1.6918574546259448
1.667137654884582
1.5822399986570226
1.5005719342029578
1.7464944685252206
1.5102670484231973
1.677119004103997
1.8365347598296842
1.7199245195375907
1.5400153421315685
1.578422628790016
1.6827562806551328
1.6705128349829108
1.8140334938178333
1.7932745625733366
1.5714251392152434
1.5565399931525719
1.8171837228193974
1.7496782138371396
1.6789942999126517
1.7175234463004765
1.7601123903322886
1.587767630362674
1.721537974832562
1.743921555048246
1.784393150365296
1.834014217992964
1.6630484386631739
1.7022851193621484
1.7108733679639632
1.713232230823191
1.5189882478064516
1.7585539836684716
1.5402469228916609
1.715034611956432
1.8435551601775464
1.7245204257038798
1.5853733214630048
1.5955507907942352
1.6902915627398072
1.7247170738488382
1.5258497047274453
1.6134880870801684
1.8483831319253143
1.5465852428877291
1.817143485206749
1.7371831859760354
1.6706521468669047
1.714667833097944
1.7122265192220114
1.5858175406280752
1.7202049947026947
1.7879757771494622
1.7785641051017411
1.841194017415241
1.6852314898127816
1.6480683989766671
1.7092759628502112
1.6932867533616764
1.7169728186927344
1.511661567216158
1.7500774235086978
1.5515184434344986
1.7227990674366096
1.8435129893004107
1.726172445136541
1.5829968420194394
1.6182177630434977
1.6956051831448888
1.685262159425467
1.7345270826856845
1.5350581712978184
1.6163338252819905
1.8173900674675851
1.8553168807909266
1.5562434891602865
1.577625350357049
1.6779680637164387
1.7229365103889869
1.6217952083103555
1.576560247030306
1.7138965261261168
1.811892583870836
1.8324954133349616
1.686396452109899
1.6623506974404632
1.7037691361685245
1.702925222412962
1.7008155097133784
1.5237331083737127
1.7537075822758263
1.8478680506794505
1.791842452547395
1.5816549034544434
1.5890309797486324
1.6927000862077106
1.6910742557559222
1.720736532998384
1.528571445651425
1.6258993172518947
1.5538637913732196
1.5740601933752865
1.8054079264095062
1.818399840854252
1.6843423932380732
1.725392431531159
1.7537607449724564
1.6030062507877387
1.5889541887344927
1.7145100462925955
1.7791503250260552
1.8263105332648206
1.8396727620559106
1.6986607775358307
1.7087038344731504
1.690774678658895
1.6155223020707716
1.5151269617888277
1.74541848309687
1.5545568382215438
1.721492613284179
1.9567869692180775
1.774950376349219
1.6115481215745084
1.700291809326294
1.6889903294313928
1.732384037720342
1.528158998819099
1.647943235060171
1.8260542197963447
1.8569710745060748
1.5644827327669124
1.5817758665850399
