0.2724190775342567
0.29010322320276627
0.2969035239146544
0.2562221236193318
0.28041036203426206
0.27515578766565135
0.28957693795675016
0.27559725583724304
0.26105124768446375
0.2757230107841807
0.29314251345207154
0.26396509590936107
0.2837825067613029
0.3127873179512488
0.2765318439165272
0.2779218675661823
0.2531511311251009
0.28814449117493707
0.2796613378991612
0.28263704276092494
0.26012259317183867
0.26000977020422716
0.3134818343683259
0.3194539270046322
0.2642157104705513
0.2570965126154395
0.25062791321067135
0.2729669902626931
0.27388364647633917
0.28790878354903
0.2908094666616168
0.2969759116567541
0.2606981065830589
0.2500009829623857
0.2799560974759056
0.27497666615637206
0.2892739767974253
0.27578650329345145
0.26134600976452116
0.27402902792615075
0.2802176144188655
0.2760862112065255
0.2630176485764524
0.29513667308085767
0.26342597964797676
0.30481725702179974
0.2762048580278683
0.27720828640557715
0.264056018800774
0.28377881899636764
0.28088913677010635
0.2817876931060001
0.2602960844687748
0.31333458501276207
0.31893546690836766
0.26194939958737007
0.2541151975188521
0.25032047604574437
0.2727888445493656
0.27409503507031174
0.28935935004930835
0.29057685744330586
0.2973111603258464
0.2564207918533034
0.24876882050980514
0.278704530067431
0.27482735535923364
0.2894992327585427
0.27417798805861393
0.2603082905411839
0.27267516958308163
0.2769607963850048
0.2778027229004032
0.27462016626189545
0.26260180416024076
0.29118766586360345
0.26396152653321053
0.28366578912823515
0.31249381733468884
0.2767229263330898
0.2743249700748822
0.26131741311867385
0.2906448817627255
0.2799556192748548
0.28162197176739956
0.2608226578770612
0.2606929056548752
0.3130177442368899
0.3186972930734706
0.26131514265020983
0.2595975548672635
0.249124264456636
0.2718085876441022
0.27367875563689203
0.28840334765250064
0.29056613380992324
0.29649028237341174
0.26267038951237714
0.2812080869904279
0.27529610440243524
0.27227262615444037
0.2610861935093468
0.2743731209207537
0.277139826376428
0.27467284027964467
0.2889359484299538
0.26410043013557294
0.28393209033951206
0.3040846511720274
0.2766423572241317
0.2733621301395727
0.26197442017323125
0.28432329914187326
0.28115575639775026
0.2827126798396481
0.2597362399830945
0.2595273269353493
0.31918119019467106
0.26183747118263023
0.25646360684892233
0.24776183945827354
0.2731770426347615
0.2953065686866957
0.2949334408924147
0.301646893685495
0.25724264545290376
0.26168345739303245
0.28590251058494737
0.2809365227933513
0.2921849467453125
0.2794432291967971
0.2658324042311112
0.28024475907921675
0.2807570941963221
0.28215345686096993
0.279933353301862
0.2673690053555131
0.2990226551439169
0.2701894741266675
0.2916419586150959
0.3148708894364664
0.2807040864806608
0.2789113727726409
0.26826866955391615
0.28737837971989744
0.285017557358612
0.2894826912160591
0.26279481835645474
0.3211058537199186
0.324130632720709
0.26462604676251467
0.25889529680008727
0.25544345060139356
0.27662920952993686
0.2804128354463367
0.2941130691472061
0.29426356704587847
0.30231750259113277
0.2636300370911371
0.25226321839994115
0.28230235297089357
0.2797855559263472
0.293371637938341
0.2842404749947753
0.26716106265674144
0.2763099639460583
0.2762562999908495
0.28938367105786006
0.27425911309770523
0.2666857752022607
0.2935583672952913
0.27071772584203174
0.2871467749088486
0.31424427798080856
0.27961950110426914
0.28045653636253165
0.2680596160305019
0.29579973249447855
0.2652869057805247
0.2670980945567466
0.31825805909506155
0.27499086176873855
0.2582097072147418
0.2549320054716181
0.27771605792856346
0.27777445943671775
0.29560207969705304
0.2945687614011319
0.3042525219896404
0.2657664110876423
0.2633915093956436
0.2856377908590285
0.28366185770511865
0.29380832120970635
0.2831005463440548
0.26705669134388427
0.27943411936836393
0.2839225384323216
0.2766548853907854
0.26736451181628906
0.3009958816449659
0.2979682128080259
0.3145828787727505
0.27867449997578764
0.2675097544320545
0.2958714301607158
0.2884708916726138
0.26025299906139343
0.3189784753507229
0.3229992969691706
0.26462950598533735
0.2583646244301825
0.25825512995193295
0.27737262159419873
0.28008341926229957
0.2818199101793911
0.2912681951945616
0.2770664809950463
0.26482154947529596
0.28803416382918245
0.27918968832851637
0.29472031002796073
0.2804872172621381
0.2810065282691167
0.28322310287970226
0.2887159318243135
0.27515641888702047
0.2916676989465014
0.27215733672397247
0.28807498274238186
0.3143298752561605
0.27998984489597845
0.2799102524227058
0.26888548339417856
0.2862877741065768
0.2854338499294172
0.2842843678483993
0.27718426059303725
0.26565693219149783
0.31667791091184583
0.3223617749223731
0.2746638626024577
0.2641886429637713
