0.2761746057935516
0.2937039395968236
0.3002632505211491
0.30247592437817816
0.25835171095160975
0.2684132151378887
0.2858056177697105
0.2905802524433195
0.2776502214546172
0.28014685268119177
0.27688908383615213
0.2855710389809518
0.27324870142262647
0.2774136896157232
0.28775594320837883
0.3145945953637982
0.2882829620867443
0.274855310794495
0.26585400290588046
0.2919382044587069
0.28925261829185206
0.29160298402445173
0.2703072473377032
0.2733627356844567
0.319075308169666
0.3230152506156859
0.2709333394942757
0.26357023564773985
0.25548179737243853
0.2773882420576347
0.2772215356129728
0.3020760797128049
0.2660979110036674
0.2721876984120159
0.28403088062829285
0.2908858438645716
0.29023213502674455
0.278047136410685
0.2826586008745142
0.28814213697640867
0.28383893022785306
0.26370886295517093
0.29863256641156677
0.2750773482341533
0.29060966170509506
0.31465412221451355
0.2885072174370411
0.27782281363495176
0.2920865237498119
0.2895753144811821
0.28346588023031
0.2738533142279912
0.26382492097813404
0.3181301148032259
0.3227374473918002
0.26975645461403963
0.2618310229476404
0.2523450267084768
0.2778192383299427
0.277820062858763
0.293514306526127
0.2994858317784879
0.30232407634518077
0.26207272009349436
0.26353702906062465
0.2865906823813107
0.2889222532125683
0.2930468138121688
0.2882407295479092
0.2776375709206101
0.2791972645676818
0.2782674574484366
0.2828449074550237
0.2627270316044371
0.2962552057725694
0.31416827963329486
0.288208652147722
0.2768418495023479
0.29283888569179595
0.28621571337171026
0.2649191366894293
0.3186805689277743
0.3226400984870022
0.2710378453843866
0.26825462695826474
0.2541437614744928
0.2788281038811654
0.27788125591317525
0.2939172882388904
0.29942468900367225
0.3020332091939145
0.2609037656863392
0.26408407565938063
0.28717737624201867
0.288595320892135
0.2936357379018725
0.29007899154710676
0.2780424809185416
0.2811442551438318
0.27733945905860574
0.2867654779066563
0.2843722690470595
0.29646699144477406
0.27492124931339224
0.2878249942376848
0.31468033680410157
0.28820646753727064
0.2755737943068207
0.26541971409645904
0.29052596577873
0.29065631159161043
0.2752241705334131
0.2745307519438182
0.3227542724066029
0.2719881767668428
0.2644574370587318
0.25319504226944967
0.27950472779232677
0.28874478850584384
0.30487716181156754
0.2667154881501105
0.2660581429615244
0.2903617453632351
0.29757296784944587
0.2906306240289828
0.28049937732327473
0.2847271753485403
0.29221374937885236
0.2676983277724359
0.30067583979799223
0.28222134974737656
0.2963143541713563
0.31891407813133654
0.2973731230435629
0.2766177855829558
0.2692665661687409
0.2975031946477665
0.2950384134724841
0.29803989084275134
0.27852261000071016
0.2657823774092587
0.3234012776288997
0.32731646918323776
0.2641864730879246
0.26590684758358907
0.2602764580991901
0.29066913254427096
0.29787807411419187
0.2956357042738311
0.3064527822736986
0.2736745758250017
0.26711126080860814
0.28734692562815545
0.29869668367918134
0.2965253215208744
0.28415800454201723
0.2818849094151591
0.2823324168317645
0.2920517597944523
0.2842672649128555
0.2763219828247336
0.2997849226234778
0.2836229200791774
0.29947744722460345
0.31796116744451175
0.28486126009938273
0.2811485201910493
0.2718072482304815
0.29997619795219455
0.29345587071668394
0.29432845725076046
0.2808717577660381
0.2800178155738296
0.3217129838115472
0.3263391842474056
0.2776064017857091
0.2634662416458959
0.2577798016603365
0.2807990687141624
0.2842525186812578
0.3010099512364132
0.30406088767705725
0.30843438861185124
0.2684079385098821
0.26430084033100043
0.2890268127415575
0.2917611426057939
0.29706408098796044
0.29017797211962415
0.2836616980015275
0.28303514537289715
0.28511713964465607
0.2925066264860558
0.28174865535245147
0.2784167261809047
0.3039939678140161
0.28487453336625923
0.29733783697403665
0.31784463823093
0.2880896070618766
0.277864023553756
0.2712278129104202
0.29916494061258964
0.29655134868814814
0.29072072743036426
0.28112815216423725
0.32333294267972573
0.32516061735759505
0.2594235274100628
0.2611296593591302
0.28773881903566106
0.28918120024766897
0.29927071598357163
0.29468933393231267
0.30796142319915465
0.2754852820179625
0.2667917638261764
0.2856766331679807
0.2848728839940402
0.29892763976479786
0.2963466292268876
0.28841379203303474
0.2823108394673515
0.2833632927834492
0.2898286523435327
0.2780165801662254
0.2671506461579458
0.29694451242215525
0.28196318554691135
0.29554765809574113
0.31770908814539983
0.2854488548015979
0.2778604547376358
0.27032472608251135
0.29962173130246456
0.29343896696994287
0.2981587436560369
0.27734747790441694
0.27998852673006325
0.32148100824748593
0.3248974087954074
0.2780997674960708
0.26825293682915696
