0.6992191540360793
0.7231470700332434
0.733069398153062
0.6476021993368277
0.618705122651976
0.7079072071363897
0.7215469151568024
0.7095767019592182
0.6967322338477139
0.6935338429103961
0.6980248447639346
0.6998709404569626
0.699498148862447
0.7349766062829248
0.6587012186646911
0.7183036851012856
0.788223902098311
0.725397561012441
0.6541063330433474
0.7064350956320977
0.7116230139624384
0.7044755492479192
0.6533327212217308
0.671916581195382
0.7961712969175738
0.6535178798772185
0.6627690314758317
0.6460766511032789
0.7017435751974688
0.7002332141461269
0.7221038357182357
0.7363265089183278
0.7319856653483597
0.6519564486786595
0.6239124547566426
0.7113208016139594
0.708573348808657
0.7209987116936836
0.7100330990933472
0.6963763067598608
0.693539175006274
0.7013898295272696
0.6985243433488364
0.6988864131476887
0.6765953822739177
0.7360750123579316
0.6576490127337762
0.7191568035954248
0.7872233283418759
0.7227726032799116
0.6706009388866594
0.6346885359548162
0.7036352034929562
0.71318865901183
0.7012259808115339
0.6537951632386023
0.6921189593147781
0.7844490684064316
0.7928775352616598
0.6708990066676732
0.6646180456183033
0.7001132320247131
0.7018124946253961
0.7219005916877238
0.7356641694838936
0.7320844152666878
0.6502571505345369
0.6221251169820187
0.7152493421187276
0.7061708419546164
0.7198943058547383
0.7092472818057164
0.6996277378299759
0.6916168752535974
0.695480377345138
0.7005486485310186
0.6983743640638804
0.6753959097043665
0.740169273918581
0.6584349245768308
0.7252451765920566
0.6582136969741541
0.6553030031677498
0.7041705594030722
0.7113146417688083
0.701970859764828
0.6489287930462962
0.6713876457733838
0.7838433851992754
0.7959128070805106
0.6724760801850844
0.659432971805344
0.6465145253283562
0.7011785427607942
0.7226092755980189
0.735325905687106
0.6529110003392465
0.6197017759781505
0.7130631091342994
0.7083798715990745
0.7197824202564552
0.7098129424996531
0.6964729781088974
0.6920321751590145
0.6980258154669217
0.7011767975898031
0.6746115841361466
0.6569561745280069
0.7120997618040276
0.787209946294695
0.72356910350114
0.6553114782804633
0.6372859210900081
0.7047016763372448
0.7135027647366177
0.7001578879756443
0.6536645496942195
0.6884175287344287
0.783379340689627
0.7939845653905746
0.6713056794226044
0.6655072421693826
0.6437014955126195
0.7011139911544322
0.7097854028444112
0.7459719782064331
0.7461636670284373
0.6636159694200627
0.6474721491058315
0.7288261405581711
0.723837388219172
0.7356835017164058
0.7173484920580653
0.7088724545255188
0.7059378313311322
0.7115968163977762
0.712075225028509
0.7071261442106639
0.686568917390914
0.7484883177139456
0.6742790101698795
0.741762769233458
0.7952724715634192
0.7332911043461825
0.6663001771082173
0.7232843530273605
0.7229151952264404
0.716725197142578
0.668404681571559
0.6947575761299609
0.7980173695802613
0.8062134499950702
0.679216660126671
0.6666056236198766
0.6569735197585571
0.7120501286347221
0.7125612883139683
0.7340232221405417
0.7468525418016099
0.7460626287365
0.6611861013329354
0.6452814857722607
0.7177576280571509
0.7351460097026743
0.7298855951678698
0.7033464782513883
0.7091024128815527
0.7083173321128278
0.7066885493546267
0.6832424957326544
0.6914784878777219
0.719710578280395
0.7982885224840863
0.7377395659541002
0.676805142624681
0.6682525276490634
0.720435341082684
0.7254700606642546
0.7109240870392072
0.7023534562785185
0.7941008702900418
0.8068562198388702
0.6817694364516405
0.6798256417331694
0.7151182538580105
0.7111842178957237
0.7360946730601611
0.744835907958523
0.6546929149570647
0.6366824377046033
0.7225635765579559
0.7190559539324357
0.7254914206045959
0.7153886411810108
0.7167036596114327
0.7024975807049942
0.7151181520206282
0.7099905176192489
0.6885239405486204
0.7499927133531537
0.676356939296947
0.7403708056407516
0.7956577979195067
0.7346473273028291
0.6774685049133917
0.6683051713863192
0.7203007966826442
0.7214385643812924
0.7176340299837409
0.6683609137122057
0.6871259803841836
0.7965289937392113
0.8023992438681251
0.6762184585051443
0.694238814259549
0.7114383049076811
0.7116159028785545
0.733718015545912
0.7431180555858294
0.6646453279251172
0.626832688422357
0.712547981384756
0.722855035590891
0.714961681417167
0.7279354274409544
0.7014537164779348
0.7024875319962898
0.7109526479117513
0.6956465822767779
0.6815116827006791
0.7343844690079049
0.6743110376162947
0.713629235254119
0.7354197949473205
0.6749408976457799
0.6599580515979204
0.7154854201020546
0.6629853002942139
0.7890750401511262
0.8002360081261468
0.6782879404745953
0.6761087423960854
0.6767977184818239
