0.6962878427476811
0.6917570910522748
0.6317715084045117
0.5964525151870665
0.6765682472991686
0.7528399496674558
0.6075017596394765
0.7400302039145594
0.7320495679691744
0.7402807582707766
0.7468621124290067
0.7332725513152543
0.7601191619684222
0.7714027889942052
0.7520660391999334
0.8212331395400219
0.787940249235203
0.7901756589502669
0.7518845154941953
0.7975170211844597
0.6684637470564991
0.7653974550376548
0.7876721893116745
0.7877959291575622
0.8036300141379618
0.8416576480088007
0.8154715648823347
0.8770408345381046
0.8439187181695447
0.7897287242269192
0.8798735194702555
0.8837340237202265
0.8702052832227634
1.176064382568899
1.0029135470883586
0.882890578883317
0.9230088466339383
0.9694476583315179
0.8854115260145279
0.9277659868997115
0.8972113583872569
0.9483613393788333
0.8923336973773874
0.7565549069671738
0.9327534985323643
0.6982333999511979
0.695180649050313
0.6410705891476659
0.6213626641747139
0.7653305852947934
0.6322610679175295
0.7302737522388931
0.7347714178267096
0.7699597332882255
0.779814261003017
0.6188681280506578
0.7448978938543303
0.7612979936482684
0.7579252956230302
0.8139286685737241
0.7644506472017794
0.7853130830767231
0.8027236588238904
0.7301254561670102
0.8037649794216649
0.6674270943496972
0.7730583426290216
0.7797985270330134
0.7878437252371948
0.8034480567193152
0.8439844573092752
0.8271677615956914
0.878765798833635
0.843909519020924
0.7980312272082433
0.8779256462805346
0.8772303776477484
0.8659259710176836
1.1531219591971273
1.0117607297159492
0.8810052886591346
0.9252350463468777
0.972498466995123
0.8807192570151372
0.9533424367682596
0.8959306782537899
0.9093524591098275
0.8961093589276753
0.7801874970727305
0.9329150779854253
0.6836113221374656
0.633004944914949
0.6775144083020954
0.7268607540654215
0.6275139442689359
0.7331825807001007
0.731852452193261
0.739336802851635
0.7497293053694557
0.6483418120172455
0.74140037367485
0.7620528407841185
0.7658828830495957
0.7516606471209368
0.819964463265962
0.7711903216369375
0.7986807710089816
0.7507335660723119
0.7934854254975188
0.6686713010184757
0.7607645887615022
0.8039896758660614
0.8445596112375426
0.8170451450388565
0.8981129505415653
0.7959824518189825
0.8808485660467624
0.8752900360323388
0.8645732501391039
1.1576206769640773
1.004240715423891
0.8821749908707195
0.9289019476277904
0.9589932667232035
0.8850012507861091
0.9298997362953081
0.8919144054325799
0.9453055084272738
0.8911665238880515
0.7514880276712897
0.9332343293058291
0.7347206521602259
0.7330412720923483
0.6743575621491624
0.6732270727164522
0.7736657365133919
0.6865442622484556
0.7685947456003868
0.7727075601234462
0.6530401663635994
0.765897546487637
0.7913496487023111
0.7953601563309685
0.8479082243379072
0.7819323690084781
0.8189600953276455
0.8475034030535858
0.7547283640285067
0.8282771772960766
0.7000649655689268
0.7835459815473116
0.8371147628411484
0.8093638086433204
0.8421832803606772
0.8698766619866426
0.8687527461511755
0.8813503355901264
0.8390252463352386
0.9110651406288746
0.9119559199585321
0.9169202568939002
1.0605662755650276
0.932156392460636
0.9348476462359921
1.0156629871780347
0.9126959292523971
0.9718635826755471
0.921423361461634
0.9838493206993919
0.9308025428581912
0.7946384273145319
0.9620918713243616
0.7173568210086683
0.7157119464755842
0.680874351412488
0.644504002573242
0.7319006500373061
0.7957190064601545
0.684582200378095
0.7608810484503471
0.7686334144807021
0.7774125355324328
0.7697301956837596
0.6544289584115484
0.7660321659921341
0.8248275142038133
0.7916914359648444
0.8478019944637987
0.797749679891328
0.8550368101802336
0.7645193517581461
0.8244664101285125
0.7122650828774076
0.7926124816018538
0.8339767611948082
0.8345404534088807
0.8772799960017852
0.9345451955355195
0.8830143820038103
0.829658935646974
0.9031548653826871
0.9075444937070816
0.9037335088242195
1.1997831577530091
1.048567766565457
0.914778597205226
0.9478518652650006
1.0156763494457697
0.911778283657214
0.9854863646697076
0.929302370327462
0.9660059276880744
0.9217478405370505
0.8011223209009206
0.9587835222974288
0.7273439471141292
0.6790788255268293
0.6810304318694258
0.7117371164579278
0.7607567756854745
0.6788546550182875
0.7455771065058552
0.7939119187491638
0.7699354932775284
0.6596959290368904
0.7636697163100536
0.7912947366615806
0.822128637887608
0.7986561336286246
0.8539229091178762
0.7949062951807344
0.8556092110817588
0.723636924497711
0.8126537917322285
0.8456276884232157
0.866192201327133
0.8715239971852531
0.9435221551938562
0.8885799029633841
0.8284359498613514
0.9133785776774868
0.9243156345636316
0.920194828115905
1.2174159813764944
1.0687828328827984
0.9290114367531803
0.9394170638199373
1.0221027654417916
0.9139964376771623
0.9914650973245069
0.9309370486678152
0.9983223134066901
0.9343038768633547
0.7908579780888236
0.9638088877173437
0.7113724927118389
0.6544883017654712
0.7279698847210252
0.7891197861543708
0.6661571375536262
0.7614159519534701
0.7759178368613402
0.7775370688256307
0.7641456956997994
0.655170371055007
0.7734210054402726
0.7731521030546699
0.8245975704204143
0.8023433457529358
0.8525560151395495
0.7950967515332654
0.7700956283967162
0.8306858197540744
0.7216412733749908
0.7881999864808207
0.8418316405691995
0.8076840020237797
0.8522476925469589
0.8721482433376551
0.877226791263044
0.9433949060355209
0.8955416205197828
0.8293457819344896
0.9095881205718598
0.9126709240700299
0.9092455210305084
1.2332329474277977
1.0687619454296817
0.9228792599543443
0.9562196497258909
1.0227206176458248
0.9853945730340612
0.941173000407242
0.9932778378543616
0.927130745751036
0.8037810505383486
