0.6542186805644604
0.6944956595872693
0.7118242837643585
0.7138119017249782
0.6026289841023417
0.6069935368929272
0.6640302067484471
0.6784498536854013
0.6514326752090536
0.6557485333975233
0.6516310579933468
0.6776470942490909
0.6503925524521629
0.6493317943120177
0.6749183794577349
0.7468724542362548
0.6807259941045443
0.6480324036747691
0.6226719787102124
0.6873199886095496
0.6857109319037185
0.6859898855480229
0.6323567341874973
0.6442844241519206
0.7547055537138843
0.76466685110398
0.6425642596628425
0.6109451430118549
0.5994567455030103
0.6501820374226877
0.6533345085871327
0.7133675301876417
0.6080107860408406
0.6095868244680785
0.6616778582652013
0.6750775288898185
0.6781229492087455
0.6521240700886387
0.6570624884396995
0.679111908168625
0.656055573430208
0.6266498029813775
0.698359699921563
0.6475113624005853
0.6773487628219601
0.7463815888335852
0.6804715104793173
0.6493141823880192
0.6880853958004503
0.6855024551756539
0.6680543458549547
0.6358492020897158
0.6198286644561697
0.7532965090089456
0.7641968331753077
0.6404883259926915
0.6092781278146913
0.5966726865777336
0.6510099026000151
0.6558902505559276
0.6940505923103395
0.7108745183136016
0.7134575896479844
0.6049538347155081
0.6039084496263061
0.6650940118613012
0.6733513419210293
0.6944140672058633
0.6757780765474607
0.6514031572963703
0.6539139971267063
0.6525546986322355
0.6554552973750354
0.6251687954647858
0.695588259925163
0.7464365121268111
0.6805526042468255
0.6502358330065483
0.6894342490154735
0.6703246581847844
0.6209338446198327
0.7536095458889448
0.7637914961370513
0.6426838052562498
0.6309014382649367
0.5971130570887773
0.6506955857007093
0.6547226575306915
0.6946489464228258
0.7112211090429571
0.7132674989768972
0.6043562165227181
0.6042019796885679
0.6648507589187773
0.6734187909348868
0.6934180655560302
0.6779262490937867
0.6517608464561603
0.6554291107459047
0.6525136642003306
0.678767122547406
0.6560506553626793
0.6959101203006498
0.6471542981187213
0.6755792051086607
0.7462650296685622
0.680062843948825
0.6477529675625493
0.6229327300748365
0.6877367654770864
0.6872427758275789
0.6372549139631418
0.6438606374888876
0.7640558691269934
0.6422169220112286
0.6117900505729386
0.595939635189546
0.6519711823351013
0.6837950031195663
0.7231259891878075
0.6168786284412887
0.6155544383015055
0.6771695354250136
0.7047625074832292
0.6839230929723886
0.6613817240991354
0.665971238757162
0.6923200413263211
0.6356265049353883
0.7087176242837263
0.6628579167700528
0.6960828933635489
0.7554186037168176
0.6953556046725777
0.6529171068868842
0.635755012687991
0.70366100577682
0.6991189729574614
0.6997881566642992
0.6494325098598133
0.6288313212603565
0.7649470230570887
0.7751419368661514
0.6249255112252754
0.6174945651346548
0.6114364133918748
0.6843974050342383
0.7052445466704882
0.7018240064757693
0.7255200897519178
0.6427142405613677
0.6130900745466851
0.6665299929311557
0.707237473704462
0.6897212802281452
0.6674764612327884
0.6608215288652564
0.6633556607472759
0.6903878418842766
0.6595433710262849
0.6569086056358311
0.7029369240563529
0.6625619980142048
0.7039913532062625
0.7565399898894338
0.6715060386209886
0.6566783707683624
0.6360921591022424
0.7006835832709234
0.696791768514368
0.6940661418538417
0.6466642897679455
0.6585620710158392
0.7611528339354174
0.7741989959348816
0.6518124053571309
0.6160051370702522
0.6076981693627307
0.659992683326645
0.6686683498348416
0.711086711615123
0.7220077043214024
0.7292342577798252
0.6340069553557431
0.6171228711795742
0.6771107812633392
0.6881891188870951
0.7061464642012656
0.6820675452386626
0.6636658313117021
0.6643503571116285
0.6738211546633518
0.692758695785038
0.6614888243938154
0.6610445337663734
0.7111163310972257
0.6673078853814867
0.6992329813417858
0.7552840216439822
0.676533121076507
0.6534703866914053
0.6387475968912011
0.7057622070452068
0.7009862258194195
0.683265911452609
0.6546020851703689
0.765595493703674
0.7725459195203858
0.6106100755528767
0.6154715740335793
0.6768212893603629
0.6846637603616051
0.704831912612605
0.699426808823226
0.7255690221846771
0.6478535372477642
0.6113827833399725
0.6705378725541321
0.6645023685694881
0.7088580908673768
0.6877483233296858
0.6739101472660189
0.6609660008624169
0.6634628929039006
0.6867715503039238
0.6523044584830975
0.6329818518388961
0.6942981493173848
0.6612433231191157
0.6970186096308035
0.755643206454155
0.670308590986766
0.6525454926929017
0.6345313555806009
0.6985322237251211
0.696862085101029
0.6943704018640862
0.6438724715728914
0.6586695839663917
0.7596618262616779
0.7715150381208864
0.6515506595806961
0.6185591564773354
