0.6979589451884265
0.537197487251214
0.6275555274833731
0.6443336323952266
0.5864494045735964
0.5660179751855136
0.5741780024920533
0.5714617570668319
0.4779556569847252
0.7314281341493902
0.5253754728664143
0.5688942952835411
0.4773481077818085
0.5325609595300239
0.7593779061327035
0.7281678312265281
0.8394046800464128
0.619726456826591
0.8077812209143855
0.7417238365932819
0.7539825796124787
0.5892257231247497
0.6371992602507592
0.5733433497564381
0.6427087075490703
0.7221121297312247
0.45699499249146847
0.7055735884907544
0.6198502933685015
0.4586097238810556
0.6488807111484539
0.7202654616100623
0.7439901809235088
0.6984414673970504
0.5941642526106913
0.7632506231905524
0.7074217410968517
0.5585978170490319
0.6999497416147921
0.7193570778015896
0.5139865213391029
0.49309771680437353
0.7271671950751405
0.5127410483220682
0.9661956371127038
0.6483411876472186
0.6154450760371376
0.7136727925954492
0.8118944815176985
0.6002589087180723
0.7196372644316608
0.5857512561201234
0.432489960143992
0.740494285557971
0.6933870361411519
0.6206259792073363
0.5659547127273566
0.5217815257698742
0.6817169678325745
0.6446334594435255
0.5919831013134119
0.7982622965243765
0.4309587437093512
0.6651018254459129
0.6458385335734774
0.5794894434279815
0.6063001653264436
0.6107825385040747
0.5851745197595413
0.5420769674194472
0.5558681979837852
0.548930437065844
0.7251064739941147
0.60620500260482
0.7017949259119711
0.6764911547512703
0.5534835663119009
0.596239363690276
0.6253226361710333
0.7460542663201865
0.7246894657942687
0.6489164524961791
0.7407513149827877
0.6335987100766407
0.5899196058393825
0.767106096810595
0.5369007743915403
0.5385370927356403
0.7399391356259222
0.5824545934418559
0.6485815842196914
0.7224085971086539
0.5564422746047758
0.5773257253420854
0.44268364112573
0.5511370601175589
0.7694604039243643
0.6866762274724746
0.602146017700604
0.5760999048719
0.5861551857795164
0.715111049090033
0.7151122069470439
0.6288795151796814
0.6909165617181242
0.5959406957381568
0.5631023954209227
0.4626069369283561
0.5597576872114259
0.5875208155303128
0.4607783838585481
0.6862630167178949
0.45178646152381974
0.5048364530252446
0.8149906920622116
0.7175280185938895
0.5787847859118591
0.7242511982138194
0.820097433814951
0.9831236517815509
0.6127074049054992
0.5782517288436196
0.5768359416043538
0.7683357323969406
0.5461332554178204
0.6179884577431971
0.6460510790702005
0.7717711540620504
0.5854245688306454
0.7996553044111194
0.5351529316512655
0.7880012076523502
0.6432274377901803
0.6419999911654319
0.6780454655850048
0.9902340532582597
0.7758207688877694
0.5649099972606568
0.6122829889958635
0.5867643546843809
0.8469948687735488
0.7368690868560713
0.5961564173818735
0.5940721928306512
0.7080980709739616
0.8471853662465171
0.46668508789895397
0.5724994835761672
0.7625388823616354
0.4867700969753242
0.7648008206144543
0.6420321622864076
0.6097670494711548
0.7385914050350699
0.6641591778719882
0.5628978224018355
0.4851673131032791
0.6489963853507354
0.6136752362499182
0.5082353780674187
0.6306227704191496
0.5214345516613114
0.6243817899971529
0.6132132728881864
0.7643776588239887
0.5395702655580498
0.5808825652858848
0.5755754455276929
0.5743803909212495
0.6273196538032585
0.5123213692761616
0.5845175289702538
0.7709735831761465
0.7707491788979832
0.7980006464817805
0.6562693088210105
0.5626412082528337
0.6611449058671938
0.6974668886133996
0.7964555713272878
0.7333456404475276
0.5942857082069806
0.6714162159541016
0.7818458362583706
0.7567714682906931
0.4764962429091629
0.4503174898471508
0.7284850418846895
0.7110507674692206
0.8349272600288901
0.5004943302215018
0.46021808187394553
0.662091920283081
0.6809319546893341
0.6424204478923112
0.8014595139072082
0.44950680238221546
0.7341160250641928
0.6575658647375374
0.5843831954934775
0.7224094385375291
0.537903172675297
0.6482053754420578
0.6678842900431412
0.5705954090973694
0.5212473709517352
0.5197253382209884
0.46063200279907945
0.6013619141895206
0.9348052515969723
0.5898267732944501
0.6831533075025252
0.6969672099749258
0.5427203688305795
0.7418485882581952
0.6091796236117245
0.746965155151634
0.7693088505576073
0.6805234768989644
0.6589668855163854
0.4786805820870732
0.5315109914421368
0.5464980750384014
0.5922352385352503
0.5739625202526896
0.9177275604704879
0.5917203905166838
0.6869291320934576
0.5608850996203347
0.5828583158440226
0.5496801154375964
0.5954619781059173
0.510141193531784
0.46735580623745493
0.4807631752359465
0.5725012041322782
0.6282078792627545
0.7350188262273382
0.7132420160009996
0.5727768353408533
0.6910046011838549
0.6860965032818478
0.604385858022711
0.5602702118897935
0.6389327949555945
0.759508374402431
0.47816203505126725
0.7036094477833686
0.6883679919811777
0.5936935521321376
0.45012371605624435
0.7428895383837714
0.641271959055224
0.4340469822551699
0.6124041279262173
0.5869938042227361
0.5103136745644774
0.6255655616218253
0.6438749013003486
0.7669213387085001
0.5638746356633209
0.513402905949371
0.6611603546193462
0.6707340365057648
0.5349650287369276
0.6197419802030997
0.5977003298332252
0.6099090573212871
0.5601214898964368
0.6225489051650243
0.5681853602968476
0.7731896418645708
0.5870583224827132
0.604780848395059
0.6325216570389125
0.7561912025914684
0.9162500358915452
0.5734871175718756
0.6059319141751457
0.5889695209661524
0.43380845430164194
0.7443240973358135
0.7668751435502014
0.7645442088803072
0.6160356962090943
0.5749779720653045
0.525310812836908
0.49036070939342885
0.46557178353627754
0.6318524410882211
0.6705722507366851
0.8277655110312419
0.7179273275185107
0.5710865257239293
0.4964293692021181
0.4594596439674973
