0.5216180468932488
0.5439960826022513
0.5319278943010375
0.5503016726851823
0.5346329128739471
0.5430486571865608
0.492305518799292
0.5296624027670742
0.5848720700700297
0.4977258383454834
0.5045551137892632
0.5416636044484537
0.5344257082406781
0.5348001075993671
0.5863394546448706
0.5322212894257272
0.5447414014177476
0.5630189805542142
0.6375131781766223
0.514998762841645
0.5221751803472245
0.5049448985553144
0.5237542964612711
0.5402448596822006
0.589028735192379
0.5092571358164122
0.5691897526376458
0.5092741706250723
0.5545101307792295
0.6193747250123801
0.5124352057374704
0.569807789784093
0.5198199048082461
0.537170364520774
0.4936415574263593
0.5338006552044101
0.5145689240378831
0.6145392963472135
0.5110892684323826
0.559005792276865
0.6163422302118045
0.5307671292812491
0.5482741158055001
0.49100893731473794
0.541889870795343
0.5284664319148564
0.5302203268686615
0.5340869275713079
0.5344211261379536
0.49196178762411874
0.5320444369913899
0.507582074348949
0.628743418720053
0.6121656723336154
0.6308843287812397
0.554038171757441
0.47736936088793863
0.5402627360235142
0.5488660781074044
0.5336432483922063
0.5214716876736335
0.510437466196479
0.550886919020489
0.5513369642662002
0.52604369492063
0.4623971958826071
0.48522742482506004
0.6388570944447938
0.531545360866815
0.6329423999535806
0.5409453713171679
0.5244013508733236
0.4997788791774065
0.5548586074426002
0.5183276875621003
0.5854026158846513
0.5555133358848847
0.5336779931122796
0.6171491661919849
0.48451647443734075
0.5256603124707582
0.569760935248336
0.5526202829208101
0.5315987070444843
0.5303958823785017
0.5360343361216339
0.5315363803297158
0.5465846500476486
0.5341419196151873
0.6275506227576094
0.5200522927320034
0.612865186704744
0.5546271280110567
0.5729805516598622
0.5140483336758787
0.570811083738884
0.5252618697094292
0.5233305455545579
0.5838240314515059
0.5365010629656972
0.5316657243392976
0.5159694033904726
0.5658099465050536
0.6254217871840564
0.5469222699276401
0.5265367755018695
0.5227372347626746
0.5814435815529345
0.5102766951924335
0.5327750118232797
0.5685532769680476
0.5020144235092826
0.5183746934667152
0.49026038367813113
0.5292661919459025
0.5394883941041423
0.5404668123879879
0.4983647054701129
0.5793277302017014
0.5695618744552039
0.5426671291025651
0.5621560782454856
0.5196655697100684
0.5279442859235801
0.49857885680972747
0.5384700061633838
0.5021173975420645
0.5193449376692584
0.5253125656317342
0.5452162691086481
0.6137267991391162
0.5093529024007417
0.4597920272076034
0.5458512601752344
0.5282022455349357
0.5474778726157403
0.5115508083569471
0.6379696472673915
0.5844430012438989
0.5058657400826028
0.5190310866182226
0.49218965857512775
0.5363703431441251
0.5307085523809245
0.49982766413758495
0.6306244262585625
0.5380190734510506
0.5253483114596657
0.5130110709728363
0.5911457935545004
0.499115411994159
0.5242148372929871
0.49765262012467193
0.5253340320129367
0.5463105529598901
0.4885936608531545
0.56684256035439
0.5193813945976726
0.523111281146215
0.5132134663714462
0.548497009575624
0.6212941132773957
0.6438637198316375
0.5028815923763094
0.5429722349264428
0.5363510990955234
0.5758625445222595
0.5671511081316428
0.519713850413512
0.5162862412491264
0.5615444156637733
0.5547133137249031
0.5193064252586236
0.5225799557607324
0.5530682600426297
0.5658010407354176
0.520921495053499
0.511994559251647
0.5691931520463527
0.5122930344262295
0.5255652921299935
0.5690025976735259
0.5255569026281692
0.5154808772042625
0.5139222569480046
0.46126278005593596
0.5412567624620718
0.46208808984443206
0.5220569569715724
0.5196023241375342
0.5292291388733238
0.4893190496472668
0.5319293008015458
0.518360169032246
0.5731767269526991
0.5280980790701925
0.5253355924009728
0.5671371310036057
0.6162615570265012
0.5367973414145615
0.5130618659734552
0.5651333446105031
0.6260165222265051
0.5493515265716848
0.514233890724257
0.5442423530805426
0.5158894403951148
0.5836979250607865
0.46775186243679534
0.5341871371153537
0.541969577669826
0.6318953088224032
0.5412424478528737
0.5200032843659355
0.5109867957191838
0.5212234683510854
0.4578475611323951
0.5265185677032809
0.5228838234423244
0.5499679673447332
0.4882703970926115
0.5183614432177159
0.5465557681437557
0.4982963118636099
0.6239750730640405
0.5677239731329369
0.535795580317348
0.5388951252523382
0.5087462543358916
0.5412776039394649
0.5151881803176501
0.5406641599720365
0.480430930136692
0.5056368993828033
0.5585388700698555
0.5491393994550898
0.4729298546033103
0.5527341267276709
0.6156853566137809
0.5297473049798223
0.5355355203176502
0.5079084189191537
0.5197412483541651
