1.6426700338769518
1.52073647770972
1.5615358654050675
1.5645293852249327
1.4346151725266536
1.4074692639247501
1.5504396294258127
1.6155967737970942
1.5446343349379867
1.6727427088588054
1.5203165265266692
1.4075554009243378
1.541311461423154
1.5235409885817008
1.4558998412114335
1.4172079143677097
1.5997537454892143
1.3747871779134884
1.5316614377486482
1.6977121389509464
1.5768471543468432
1.405806557241109
1.5295019254068707
1.5284742460313914
1.54973444396953
1.3826156629784743
1.6656658574880658
1.654856524687102
1.446094186560692
1.4242778807762957
1.6918584456896846
1.6089075246961988
1.5204029484917485
1.5615178420163145
1.5638892197536585
1.4446787382762172
1.4013100844859259
1.542601363636524
1.5913151939535446
1.625865239068023
1.4894592810052507
1.5484986505945262
1.5293770389976062
1.4571244155380916
1.3843600765205544
1.604211084754676
1.3729334652102763
1.5299033045411243
1.6939036579243814
1.5739945004892646
1.3991526655800943
1.4309612962810483
1.524397275099532
1.5269055008855315
1.56285841091601
1.3672597961488284
1.502234115510614
1.6664876563285311
1.653904175757614
1.4238615241241204
1.4242627713003817
1.6893212433720177
1.6001741105947511
1.5147264750541578
1.5637919617585538
1.5644661249167604
1.4294515377373747
1.4021857335275631
1.5448561691298688
1.5761334717724211
1.5512009645266833
1.6337117662508804
1.5220116188171389
1.4037133683031335
1.5456092723955213
1.5275918272136593
1.4553385715714708
1.3817180357365932
1.6015188693914433
1.3744814652674473
1.5264335347144153
1.6964240404458013
1.5784827518934994
1.3907449699774226
1.4267757009100221
1.52354494398603
1.5285048493327622
1.665096758251131
1.654495999884839
1.4425516261433913
1.4255582371843936
1.69045277094
1.6227625146308013
1.5425033767113392
1.5862831161403266
1.6287817539427107
1.4219718217927442
1.574084246104008
1.596764657656867
1.6375691061223367
1.6672915302331743
1.510231694602096
1.560990597712603
1.569921958652265
1.5648770125071025
1.406182953542071
1.6174736456021983
1.4036004756635927
1.57270536958813
1.7078112502196907
1.589012345616987
1.4330208986829918
1.4540334942249762
1.5580736382493634
1.5701632974049529
1.3911776010065429
1.5149741808150592
1.7101617240721798
1.4291055452584858
1.6901287949825576
1.6145355503087844
1.5348732571438435
1.5822681660867417
1.5875021087869008
1.419334535537718
1.570699186426923
1.631086571331756
1.633198166969587
1.6730128472764636
1.5386208715708771
1.4974392364992088
1.5629554551121874
1.5583073528771991
1.567910517110555
1.3992279720504222
1.6053244798467698
1.4101791532855077
1.5764726418222599
1.7089265523060013
1.5894728018209938
1.43309362357596
1.4694038448623221
1.542716292215704
1.5535673040450122
1.5751620246089058
1.3957365442763092
1.5179259603614637
1.6726836390674025
1.7154790234115067
1.4349533761068065
1.4467501258386721
1.5450808243350846
1.6002518630355718
1.475073861264637
1.415264917833222
1.5699110066692616
1.6545509533577971
1.6774814529494309
1.5420074454166761
1.508936616626277
1.5648584360550317
1.5676530118842262
1.556151436215721
1.4143032312401789
1.6167940472332174
1.7137118685293335
1.6448652829460875
1.4329041299198446
1.4546836413154467
1.5457371679971592
1.56077591557505
1.5706428095865117
1.3964056155084208
1.5260722031594331
1.4371816109154536
1.4485909602346432
1.675962874131173
1.679947056063559
1.5478034879774138
1.5931897120700835
1.625208244635427
1.4642971826054305
1.4234669185110977
1.5679885223372574
1.6271212752077768
1.674413030524498
1.6704315409185444
1.5535374877183838
1.565112668946301
1.5576920582824205
1.486606304676303
1.405623033830766
1.602591573739871
1.4140238445391424
1.578203780785226
1.8032697566179727
1.6278292101274867
1.4682122431490172
1.5475841372546175
1.5577692774693102
1.5760111578779608
1.3919386705353942
1.5426045487183246
1.6791685276536552
1.719781085191267
1.442366255177838
1.4529086109450229
