0.6341196974034582
0.6691293687742337
0.6855239768199671
0.5781963583865285
0.5260627097793205
0.6305440490654523
0.658297507293358
0.6476650311928493
0.6239173682347899
0.6240413522451749
0.6294371264346779
0.6327098562680138
0.6258365911184762
0.6835213976799257
0.6019492251467774
0.6494468028919465
0.7555226658985581
0.6559203422404782
0.5932271783817811
0.6409058258686754
0.6528045453091418
0.6344106993520381
0.5841811414699729
0.6154479236476424
0.7636778632169249
0.5968456874999638
0.5957806778768662
0.579117815812367
0.63031037058285
0.6328580420696479
0.6678425223610389
0.6884780243234799
0.683678158481539
0.5783850061389639
0.5292681158298288
0.6409695593770522
0.6315706433307136
0.6553191491513285
0.6462241361786127
0.6260591230356288
0.6240107915754567
0.6310495101621092
0.6326831715548555
0.6263352656506903
0.6066732933011987
0.6829405062390023
0.6010729270002021
0.6503122147284016
0.754108768233882
0.6541024908453078
0.5890075899199636
0.5642503044181244
0.639471859331674
0.6547423281943158
0.6325431900156391
0.5865403550141717
0.6184745890383231
0.7489537867554121
0.7614585458145292
0.5949791249999367
0.5936970449725993
0.6299327524017166
0.6373114239165636
0.6680361935216802
0.6890598719252584
0.6839223234228342
0.5790521616741421
0.5316075093098606
0.6398402947852433
0.6310250472847497
0.6578455381541509
0.6467972815907667
0.6252127369396743
0.6210510448216207
0.6286127561489315
0.6339257575614241
0.6277773307224869
0.604627569520817
0.6823590904343655
0.6018216495218948
0.65719398184623
0.5928956492274057
0.5680152792506316
0.6421199639309098
0.6528978518304781
0.6337891155115911
0.5822103766207594
0.6145814038109986
0.7482936005185002
0.7634064590946068
0.597627
0.594143070484624
0.577378107758522
0.6294541670656156
0.6675573238026409
0.688016829653499
0.5809744489475673
0.5296315747685473
0.6376409074295001
0.6294759774209842
0.6560118376824141
0.6460902610275464
0.6244921378116332
0.6228052684945484
0.6294959638431751
0.6354027335672532
0.602834626130918
0.6003414893153909
0.6480131368089881
0.753075553002
0.6551189177353773
0.5893499931068342
0.5667229189161855
0.640194752561674
0.6552959877423992
0.6310436975319716
0.5857890028531254
0.6165802164127425
0.7477309347042141
0.7626281671003846
0.59554725
0.5977497436793604
0.5748144216020695
0.6312728526283422
0.6501160713706319
0.703909123856944
0.705487956643086
0.5957970991715181
0.5492327866895771
0.6608208075531364
0.6535818885812902
0.6766174479725895
0.6586482647631057
0.6440967299625492
0.6388495170460357
0.651210747540111
0.65197495221737
0.6433118247746894
0.6226688392341524
0.6998590874174377
0.6245365080348927
0.6805026289296178
0.7660713077338378
0.6748720538278796
0.5859205688767785
0.6646244896099017
0.6722074499661083
0.6551387404640628
0.606694238979778
0.6277958441060978
0.7661378107051197
0.7784400433404054
0.607060437499902
0.6054421834025449
0.5997167318170371
0.6474808133038402
0.6534259248617821
0.6834474290772132
0.7021405525060046
0.7051685200742769
0.6036765870274454
0.5425510766636836
0.6465093558503592
0.6777913727459807
0.6605930763572548
0.6349146117876975
0.6448544174503329
0.647706968040963
0.637262491503177
0.6156233045725148
0.6212347352133935
0.6630151118291355
0.7684121931756284
0.6718494405253463
0.6002301068972442
0.5876117314701365
0.6579884866217952
0.6723549427039976
0.648197797566703
0.6338597465605289
0.7618713961332018
0.7767071324437814
0.6099445624998086
0.5994747430232824
0.6487066168725233
0.6487921095470003
0.6877332409126209
0.7028901497924859
0.5881689261291401
0.5518753326714253
0.6600532296692603
0.6541175509682572
0.6737402588113945
0.6550315163329643
0.6430004221873269
0.6359802154448949
0.6556283775556321
0.6506967190861958
0.6238286515695894
0.700575632060179
0.6266439048124425
0.6809117908636464
0.7645874429429741
0.6724245303163823
0.5982009918035773
0.587608237645706
0.6652802743971995
0.6683290242265886
0.656430221200795
0.6121599880357151
0.6195665357966578
0.7655752488588484
0.7741834016043244
0.6044652499999852
0.6190411377372312
0.644859037952034
0.6512003064244147
0.6790789539799053
0.6997528616209729
0.6066856007395853
0.5380959450580521
0.6487288861648798
0.6413587827863451
0.6558413206915016
0.6577333734375751
0.6319606885680322
0.6375125234633939
0.6475611388770369
0.6280172850259389
0.6131048203470965
0.6787057352778281
0.616246306827035
0.6533049225434783
0.664020723401539
0.5987768517092922
0.5777743390900641
0.6492065600570712
0.5930581087005602
0.7554812612110792
0.7702914217997338
0.6049644374999947
0.6047537005339575
0.6187383387512739
