0.8895432691333919
0.8005948496825439
0.807445207888544
0.9098968342784498
0.7703638275612193
0.7868258260846682
0.9061873433096033
0.9620911185899361
0.8389466683663044
0.8980567897771177
0.8365069742791292
1.010710996201473
0.7386253625214332
0.8248173996067453
0.7696510388949
0.8515733749999846
0.8982715221511969
0.8708622999987521
0.8041772261161485
0.750236820708676
0.783049812951804
0.9798745603782263
0.8519257115458869
0.9174332104642288
0.8339830150374603
0.7161391769216864
1.051392795420284
0.9816286763034585
0.9194658563111308
0.7378844853048686
0.7938037033506816
0.9554206904232773
1.0119980848413075
0.869178530138934
0.9166099871897511
0.8568912381439493
0.9899496782127091
0.9395743383993514
0.8487414377088771
0.9299657805199817
0.9244611511074678
0.8624674646447651
0.8998204339977693
0.8862810959783931
0.856058375
0.6950290888674434
0.8268839733153921
0.8465123749999852
0.7889059007303513
0.9084626790758791
0.7783788157353836
0.753614560694792
0.7841900842730716
0.9775147116037703
0.843137528935967
0.9892454913732074
0.8945367027699763
0.7525221713376012
0.8409571249998601
1.0431572536624254
0.7871300469458595
0.833817743662388
0.8476085415983438
0.7865875706726944
0.8257891671167484
0.8587254492620655
0.7391015494776784
1.0362240549369
0.9135853841904854
0.8638968749999839
0.9050531590274876
1.0196883398762044
0.7238747558369872
0.9574523665209898
0.912433771856578
0.842384711418346
0.871123929905072
0.7621990653156391
1.0766233968521701
0.976471638295268
0.8617526873733925
0.8971124805285682
1.0400567739327315
0.8896288796867964
0.987637258955772
0.9292728909302235
0.8535250298799019
0.9430711297951538
0.9090291318424478
0.9136930344699636
0.8744536151037843
1.056788023874598
0.9552668202450468
0.7245217714816152
0.7576253749939859
0.7603862438685912
0.9959707326445325
0.6929006919592927
0.8987844977499181
0.8122692304086271
0.7725183895896177
0.9345050635808138
0.9871512683164628
0.9463586763941527
0.9408617338665284
1.0102754636270082
0.8895696638884266
0.9899758257460008
0.8498405624998095
0.8784178237410712
0.8158485834733681
0.7752827946861582
1.0065503016373636
1.0125873918720825
0.8623963429632957
0.8694185406380194
0.8109921969169258
0.8396484999996099
0.9394602365947303
0.9571932644773147
0.9560211479949746
0.8042803490509103
0.9181408573342129
0.865158287052192
0.8949218525536164
0.7748631533906144
0.8673540215530945
0.8165097135366679
0.8107586130574707
0.970204904500304
0.9474623596445076
0.9853294774807159
0.9049995123977087
0.8416303882857745
0.8870537270988125
0.8279806105559734
0.9473201013296184
0.8339933642850158
0.9517850299878885
1.0748701841740358
0.8738465824527137
1.018730811707834
0.8696445252085965
0.9756277435416392
0.9539382344301173
1.0403010629127438
0.847569003632665
0.9039925088366357
0.8994566666215332
0.8601407413088166
0.9107918812409906
0.8549504902644294
0.8676363217496431
0.8916276741504666
0.8142314081307293
0.9158337079697425
0.9067171922249254
0.8780345567187517
0.8906727362630632
0.9887303610187703
0.7808872643678331
0.919963637524336
0.8802052539179659
0.8417798716714836
0.944475191218465
0.852405301911475
0.6914703002689961
0.8853054291841473
0.9307272819517052
1.0126157362187722
1.0504051326247215
0.77434627773719
0.7177934799645674
0.9168564133637342
0.9256771197199747
0.9150525072616426
0.7536044814762386
0.9737784423299111
0.8548038357995531
0.9544278638930693
0.8415388138302073
0.929659413178635
0.7687884941302576
0.8899164992814799
0.7212404127447125
0.8845512573792478
0.866179472271969
1.0759433368386957
0.8815189180932228
0.8393777632012287
0.948266610855263
0.9442412909150356
0.8493390933057174
0.9119005611165402
0.8993596985699713
0.888454829433855
0.8645379239800475
0.7499050325898444
1.0139415876661189
0.8751425885162366
0.9306361034747602
0.949811602598448
1.0822379775791238
1.0177137859470786
0.9218943726253369
0.8219117028714573
1.0521534935682373
