0.7389979362487793
0.7972061634063721
0.44657254219055176
0.6267781257629395
0.47766947746276855
0.8299410343170166
0.4196043014526367
0.7341556549072266
0.5295753479003906
0.6533708572387695
0.5172309875488281
0.4143340587615967
0.3571434020996094
0.4616868495941162
0.37235283851623535
0.5300183296203613
0.2696049213409424
0.44102931022644043
0.4494619369506836
0.34211015701293945
0.42160487174987793
0.345888614654541
0.7226364612579346
0.3509647846221924
0.6760885715484619
0.42962002754211426
0.4700644016265869
0.43373823165893555
0.4146459102630615
0.6678693294525146
0.46266746520996094
0.4511101245880127
0.47557592391967773
0.3050260543823242
0.4918389320373535
0.39118099212646484
0.44446778297424316
0.30316615104675293
0.3097567558288574
0.44027256965637207
0.5240845680236816
0.35521817207336426
0.49137067794799805
0.4637463092803955
0.4564793109893799
0.4633162021636963
0.48653292655944824
0.463529109954834
0.3912343978881836
0.46364831924438477
0.4872317314147949
0.2095639705657959
0.44643545150756836
0.4691452980041504
0.4484283924102783
0.4095299243927002
0.30030393600463867
0.4028482437133789
0.2885251045227051
0.3893442153930664
0.4222259521484375
0.4145333766937256
0.4329209327697754
0.3929445743560791
0.41716814041137695
0.4077603816986084
0.2961544990539551
0.4549827575683594
0.3842275142669678
0.5421860218048096
0.7795250415802002
0.4438319206237793
0.5887222290039062
0.5143489837646484
0.8553402423858643
0.3941490650177002
0.7329826354980469
0.4952213764190674
0.6129539012908936
0.4981088638305664
0.4724738597869873
0.362851619720459
0.3990318775177002
0.4184455871582031
0.4265909194946289
0.4204549789428711
0.4239377975463867
0.3032252788543701
0.45551252365112305
0.31603097915649414
0.815377950668335
0.2739369869232178
0.7181534767150879
0.5224525928497314
0.5313622951507568
0.40725231170654297
0.45010972023010254
0.43694448471069336
0.7093114852905273
0.3593406677246094
0.50240159034729
0.42162179946899414
0.4515676498413086
0.43489885330200195
0.46590304374694824
0.2997126579284668
0.4605677127838135
0.4424006938934326
0.4486992359161377
0.3173656463623047
0.29989123344421387
0.40756845474243164
0.34889984130859375
0.7433943748474121
0.532707691192627
0.607792854309082
0.568962574005127
0.5634348392486572
0.6661636829376221
0.52880859375
0.5027773380279541
0.5628407001495361
0.541694164276123
0.5276846885681152
0.2853536605834961
0.4323849678039551
0.4540572166442871
0.436159610748291
0.4450399875640869
0.31962156295776367
0.370786190032959
0.4116039276123047
0.32027101516723633
0.44387030601501465
0.33775806427001953
0.6738591194152832
0.2732226848602295
0.585808277130127
0.5538451671600342
0.48120975494384766
0.38223981857299805
0.4439964294433594
0.39103126525878906
0.5224621295928955
0.29368162155151367
0.5070679187774658
0.3785271644592285
0.47634315490722656
0.3787548542022705
0.42850637435913086
0.25476717948913574
0.47798609733581543
0.39148521423339844
0.48445773124694824
0.34137916564941406
0.3219914436340332
0.44933438301086426
0.4669210910797119
0.6876490116119385
0.6822772026062012
0.578263521194458
0.41845083236694336
0.6216256618499756
0.4735403060913086
0.6932017803192139
0.5607821941375732
0.4160466194152832
0.5884675979614258
0.27527809143066406
0.4351937770843506
0.44740772247314453
0.42709875106811523
0.45779991149902344
0.36920833587646484
0.3511686325073242
0.48153138160705566
0.32876038551330566
0.44338035583496094
0.31903910636901855
0.6556570529937744
0.5567796230316162
0.45456695556640625
0.43409132957458496
0.4396660327911377
0.6224963665008545
0.3953251838684082
0.4131004810333252
0.4150688648223877
0.41025280952453613
0.3657691478729248
0.39962244033813477
0.277604341506958
0.3911628723144531
0.4147324562072754
0.4110586643218994
0.31363606452941895
0.23226284980773926
0.3867020606994629
0.4068305492401123
0.6645245552062988
0.6630740165710449
0.6874821186065674
0.505195140838623
0.5025782585144043
0.6817898750305176
0.47249817848205566
0.5410776138305664
0.5446579456329346
0.2368161678314209
0.36124753952026367
0.38819098472595215
0.3965578079223633
0.3987753391265869
0.28993797302246094
0.38689088821411133
0.4338657855987549
0.30602240562438965
0.40151405334472656
0.29874157905578613
0.6777808666229248
0.3243441581726074
0.6865658760070801
0.7028329372406006
0.44469547271728516
0.36389613151550293
0.37473607063293457
0.6552894115447998
0.4160606861114502
0.4284088611602783
0.43258142471313477
0.41328930854797363
0.43828725814819336
0.30580854415893555
0.42893075942993164
0.37256288528442383
0.41449546813964844
0.2831113338470459
0.24828863143920898
0.3719301223754883
0.4032900333404541
0.6556031703948975
0.6423256397247314
0.6830427646636963
0.48242640495300293
0.567530632019043
0.48128437995910645
0.6493420600891113
0.411273717880249
0.6902289390563965
0.5061764717102051
0.5400989055633545
0.48080873489379883
0.2457895278930664
0.35554003715515137
0.38195300102233887
0.33953428268432617
0.3889000415802002
0.2728409767150879
0.3825948238372803
0.30777406692504883
0.38703179359436035
0.30248308181762695
0.6743717193603516
0.2701144218444824
0.6203005313873291
0.41443729400634766
0.404940128326416
0.3451507091522217
0.6985037326812744
0.3770887851715088
0.40489840507507324
0.365908145904541
0.35909581184387207
0.38733506202697754
0.3986234664916992
0.23476099967956543
0.36597180366516113
0.38138818740844727
0.3816361427307129
0.2889366149902344
0.27025794982910156
0.3439493179321289
0.39028358459472656
0.6382124423980713
0.655153751373291
0.4883742332458496
0.5165233612060547
0.5255615711212158
0.684502363204956
0.4389626979827881
0.6774442195892334
0.4714372158050537
0.5147244930267334
0.266895055770874
0.3854544162750244
0.35004329681396484
0.3651866912841797
0.4033064842224121
0.35079407691955566
0.2595672607421875
0.3579585552215576
0.2713432312011719
0.5791277885437012
0.6490459442138672
0.3662707805633545
0.3472912311553955
0.35584545135498047
0.3823385238647461
0.6500639915466309
0.35449743270874023
0.3811314105987549
0.4020204544067383
0.38184452056884766
0.3500480651855469
0.37328314781188965
0.25518131256103516
0.38991665840148926
0.34671902656555176
0.36286044120788574
0.2639126777648926
0.2589111328125
0.3774559497833252
0.41097021102905273
0.6702156066894531
0.6089279651641846
0.5406177043914795
0.5482425689697266
0.7001662254333496
0.39098143577575684
0.4848322868347168
0.38801145553588867
0.5250380039215088
0.5195803642272949
0.3070857524871826
0.3276190757751465
0.36875176429748535
0.3674798011779785
0.418546199798584
0.3556506633758545
0.27167177200317383
0.25889110565185547
0.36824727058410645
0.27221083641052246
0.6565215587615967
0.3116021156311035
0.6529130935668945
0.6068036556243896
0.44957494735717773
0.35822558403015137
0.364854097366333
0.38680410385131836
0.6398427486419678
0.35837602615356445
0.42467689514160156
0.3699803352355957
0.3639545440673828
0.40299344062805176
0.38962721824645996
0.23029088973999023
0.35431408882141113
0.37726330757141113
0.26111435890197754
0.24575567245483398
0.37133288383483887
0.4050571918487549
0.2590618133544922
0.40348100662231445
0.3589470386505127
0.38476014137268066
0.43480753898620605
0.40337347984313965
0.35425591468811035
0.3382275104522705
0.3448314666748047
0.4395413398742676
0.1938490867614746
0.3629872798919678
0.4233837127685547
0.3714768886566162
0.31529760360717773
0.28006434440612793
0.3526625633239746
0.3036079406738281
0.34732818603515625
0.39598822593688965
0.402679443359375
0.3195962905883789
0.36806511878967285
0.3599212169647217
0.33837199211120605
0.28541135787963867
0.40218400955200195
0.3600003719329834
0.2692561149597168
0.2530782222747803
0.39823269844055176
0.31506776809692383
0.37858128547668457
0.38032007217407227
0.3068537712097168
0.4089207649230957
0.3965005874633789
0.34381794929504395
0.31591296195983887
0.41622304916381836
0.30963635444641113
0.3497304916381836
0.30831170082092285
0.2971220016479492
0.26101183891296387
0.34536242485046387
0.24646520614624023
0.3661692142486572
0.3101081848144531
0.3787524700164795
0.3092789649963379
0.3240985870361328
0.28975915908813477
0.3496730327606201
0.31017613410949707
0.2535715103149414
0.31233716011047363
0.3353550434112549
0.34203433990478516
0.24910259246826172
0.25505995750427246
0.33448266983032227
0.4095776081085205
0.3909130096435547
0.3482949733734131
0.38073062896728516
0.4170713424682617
0.4201371669769287
0.36706972122192383
0.3378884792327881
0.3674964904785156
0.39774537086486816
0.19705867767333984
0.35280299186706543
0.42875170707702637
0.35924649238586426
0.38114142417907715
0.28496861457824707
0.38203954696655273
0.25340938568115234
0.358628511428833
0.42427682876586914
0.3455660343170166
0.391707181930542
0.39949536323547363
0.33147692680358887
0.39543771743774414
0.33614373207092285
0.37700486183166504
0.27979397773742676
0.29297542572021484
0.3501465320587158
0.389662504196167
0.38574957847595215
0.3473489284515381
0.38100385665893555
0.40401625633239746
0.41605496406555176
0.318601131439209
0.4117724895477295
0.3839712142944336
0.38979649543762207
0.40685343742370605
0.4149317741394043
0.35535097122192383
0.27251148223876953
0.36512112617492676
0.28854870796203613
0.3324289321899414
0.38578128814697266
0.40083813667297363
0.3496215343475342
0.3835258483886719
0.3982722759246826
0.4155867099761963
0.2474362850189209
0.3711977005004883
0.40602660179138184
0.23784685134887695
0.3712894916534424
0.40358734130859375
0.39925217628479004
0.3530921936035156
0.3836803436279297
0.4068746566772461
0.363140344619751
0.28083157539367676
0.3540337085723877
0.41084814071655273
0.19774317741394043
0.35149645805358887
0.3676483631134033
0.31022000312805176
0.3721022605895996
0.2393498420715332
0.3293650150299072
0.25406694412231445
0.3618600368499756
0.4098691940307617
0.35289573669433594
0.39034104347229004
0.4036238193511963
0.3253004550933838
0.3766517639160156
0.399691104888916
0.2882575988769531
0.41110849380493164
0.3682548999786377
0.3821525573730469
0.29575586318969727
0.29099225997924805
0.34399986267089844
0.39345431327819824
0.4136476516723633
0.4166581630706787
0.42599010467529297
0.2669789791107178
0.40907764434814453
0.19641613960266113
0.36289286613464355
0.4258244037628174
0.42053818702697754
0.44610071182250977
0.2699108123779297
0.37396955490112305
0.43067193031311035
0.37122344970703125
0.3958132266998291
0.43187475204467773
0.3571493625640869
0.41761112213134766
0.3875997066497803
0.29142117500305176
0.4153754711151123
0.2715773582458496
0.2670900821685791
0.3944113254547119
0.42197585105895996
0.37047839164733887
0.40749454498291016
0.3565218448638916
0.42005467414855957
0.40557408332824707
0.4264688491821289
0.32184815406799316
0.4186859130859375
0.39628124237060547
0.19890522956848145
0.38936352729797363
0.4479639530181885
0.34034085273742676
0.2855079174041748
0.37862277030944824
0.30771923065185547
0.3459904193878174
0.4090876579284668
0.4386122226715088
0.38228583335876465
0.3829522132873535
0.36863207817077637
0.40641117095947266
0.30291056632995605
0.3489949703216553
0.3955864906311035
0.37500500679016113
0.2711906433105469
0.28201723098754883
0.26178932189941406
0.43874573707580566
0.361508846282959
0.3724491596221924
0.3663291931152344
0.35071253776550293
0.36925244331359863
0.4825103282928467
0.17848515510559082
0.3333148956298828
0.48026394844055176
0.40681004524230957
0.40961122512817383
0.35748910903930664
0.2842519283294678
0.33295536041259766
0.3898460865020752
0.40099287033081055
0.42525553703308105
0.3887627124786377
0.3769800662994385
0.4066894054412842
0.29143381118774414
0.3488161563873291
0.4055063724517822
0.29024171829223633
0.24900221824645996
0.1466684341430664
0.35005688667297363
0.43904781341552734
0.3768463134765625
0.4095172882080078
0.3578317165374756
0.4174792766571045
0.40754199028015137
0.44212841987609863
0.2774808406829834
0.3819563388824463
0.44210076332092285
0.20308399200439453
0.3924834728240967
0.44280385971069336
0.3851165771484375
0.3907661437988281
0.30483388900756836
0.35715436935424805
0.29471254348754883
0.3876469135284424
0.3907604217529297
0.3916151523590088
0.36141347885131836
0.39649343490600586
0.3181271553039551
0.38115787506103516
0.4050297737121582
0.3025484085083008
0.3601713180541992
0.4062080383300781
0.3522918224334717
0.27733707427978516
0.24075627326965332
0.3731105327606201
0.34958648681640625
0.387876033782959
0.3456137180328369
0.3788788318634033
0.41341495513916016
0.3717000484466553
0.4011399745941162
0.3168337345123291
0.3560044765472412
0.4185342788696289
0.2007737159729004
0.3287200927734375
0.4074106216430664
0.3533780574798584
0.3817930221557617
0.2942788600921631
0.3383936882019043
0.2877676486968994
0.33412861824035645
0.39887094497680664
0.36948323249816895
0.3146696090698242
0.387423038482666
0.34474945068359375
0.2651841640472412
0.328291654586792
0.38469886779785156
0.3334333896636963
0.2664475440979004
0.2885110378265381
0.13190627098083496
0.35356903076171875
0.43637847900390625
0.369234561920166
0.41427135467529297
0.42284131050109863
0.42345714569091797
0.2734980583190918
0.38619017601013184
0.43232035636901855
0.20156097412109375
0.353379487991333
0.415555477142334
0.3986167907714844
0.2934274673461914
0.23344635963439941
0.32796764373779297
0.38036608695983887
0.3432145118713379
0.37723588943481445
0.34122300148010254
0.35293030738830566
0.34998607635498047
0.3874857425689697
0.23482346534729004
0.35310816764831543
0.34336256980895996
0.3821702003479004
0.2864065170288086
0.24529337882995605
0.13206696510314941
0.3238823413848877
0.3972506523132324
0.3872373104095459
0.4061436653137207
0.3847973346710205
0.3959083557128906
0.4073922634124756
0.3116276264190674
0.4078216552734375
0.42081594467163086
0.1753711700439453
0.37138891220092773
0.4310314655303955
0.3984405994415283
0.42929601669311523
0.2521781921386719
0.337247371673584
0.2774794101715088
0.3326151371002197
0.3872692584991455
0.34349608421325684
0.3927915096282959
0.316178560256958
0.3936164379119873
0.3644087314605713
0.2638816833496094
0.3415992259979248
0.3799417018890381
0.34087610244750977
0.2808399200439453
0.28981733322143555
0.1319255828857422
0.3560678958892822
0.4341580867767334
0.3702514171600342
0.3980271816253662
0.413834810256958
0.33626604080200195
0.3939015865325928
0.376009464263916
0.3761286735534668
0.42444276809692383
0.4142160415649414
0.44023966789245605
0.3643758296966553
0.3922078609466553
0.2841172218322754
0.28416967391967773
0.4051949977874756
0.38328051567077637
0.4047098159790039
0.42109012603759766
0.36855196952819824
0.36246442794799805
0.42758798599243164
0.3729538917541504
0.3986978530883789
0.41768527030944824
0.3608424663543701
0.2747490406036377
0.12843918800354004
0.3328695297241211
0.40523433685302734
0.3441469669342041
0.3751370906829834
0.33728504180908203
0.40573787689208984
0.42571592330932617
0.327500581741333
0.4054255485534668
0.4441349506378174
0.17995452880859375
0.38089990615844727
0.45920395851135254
0.4265882968902588
0.26178884506225586
0.32025766372680664
0.27949953079223633
0.3831305503845215
0.366671085357666
0.4043004512786865
0.3719642162322998
0.4179379940032959
0.3389275074005127
0.41306328773498535
0.31585097312927246
0.2893080711364746
0.34308624267578125
0.4089081287384033
0.3508610725402832
0.27439045906066895
0.13274097442626953
0.33869314193725586
0.43108463287353516
0.4122579097747803
0.44281888008117676
0.3926875591278076
0.41725587844848633
0.41332340240478516
0.3259310722351074
0.43923354148864746
0.2144758701324463
0.35821104049682617
0.4174516201019287
0.39487624168395996
0.42133617401123047
0.24386024475097656
0.32564640045166016
0.27139925956726074
0.3855774402618408
0.36097097396850586
0.40909695625305176
0.36206865310668945
0.30788612365722656
0.25923800468444824
0.3304786682128906
0.3773176670074463
0.2316439151763916
0.2646920680999756
0.13188695907592773
0.25624799728393555
0.3726472854614258
0.40747666358947754
0.3619403839111328
0.43350982666015625
0.40712571144104004
0.3716855049133301
0.42128610610961914
0.19475746154785156
0.3346390724182129
0.41566896438598633
0.35823535919189453
0.2740058898925781
0.26004719734191895
0.33469700813293457
0.39580607414245605
0.34857678413391113
0.38059520721435547
0.35616254806518555
0.3635573387145996
0.3556668758392334
0.40260791778564453
0.24041461944580078
0.38999319076538086
0.36595678329467773
0.39843297004699707
0.24173259735107422
0.2758181095123291
0.13183045387268066
0.3255443572998047
0.42537569999694824
0.3618912696838379
0.42096900939941406
0.37342333793640137
0.39421558380126953
0.3161137104034424
0.37143635749816895
0.19068694114685059
0.35988903045654297
0.3780386447906494
0.3967440128326416
0.3034975528717041
0.351839542388916
0.2977864742279053
0.34977102279663086
0.401714563369751
0.3590679168701172
0.3985011577606201
0.3397336006164551
0.3544654846191406
0.39130258560180664
0.24442172050476074
0.38616180419921875
0.34165239334106445
0.3284182548522949
0.2949187755584717
0.25573110580444336
0.13356947898864746
0.3315699100494385
0.4064345359802246
0.4046061038970947
0.43217992782592773
0.35396265983581543
0.4234127998352051
0.41417908668518066
0.4361855983734131
0.27474188804626465
0.39369750022888184
0.4265284538269043
0.2012929916381836
0.41576671600341797
0.44547510147094727
0.3624145984649658
0.29586052894592285
0.33598923683166504
0.41930174827575684
0.354616641998291
0.42261695861816406
0.33492231369018555
0.3559424877166748
0.40331149101257324
0.3386878967285156
0.3894927501678467
0.24105024337768555
0.2578861713409424
0.1327974796295166
0.35634684562683105
0.4094977378845215
0.3958861827850342
0.41657209396362305
0.3650228977203369
0.43364524841308594
0.41908860206604004
0.46054506301879883
0.26923632621765137
0.37780332565307617
0.43148303031921387
0.2008209228515625
0.4005143642425537
0.4494285583496094
0.40121984481811523
0.3931574821472168
0.41121888160705566
0.24783635139465332
0.32469916343688965
0.4014167785644531
0.33722996711730957
0.3812832832336426
0.4304537773132324
0.3450922966003418
0.3582758903503418
0.2740623950958252
0.33182835578918457
0.3762843608856201
0.23394370079040527
0.26165175437927246
0.13320255279541016
0.3546462059020996
0.40744638442993164
0.3888108730316162
0.4373047351837158
0.3617122173309326
0.4652597904205322
0.38175368309020996
0.4330899715423584
0.17274999618530273
0.376331090927124
0.4369230270385742
0.24074053764343262
0.32915663719177246
0.26811933517456055
0.372694730758667
0.37850117683410645
0.39127111434936523
0.37114977836608887
0.40946102142333984
0.332456111907959
0.35079336166381836
0.38304638862609863
0.3047797679901123
0.3558204174041748
0.4056668281555176
0.3536844253540039
0.28650879859924316
0.2430436611175537
0.13531255722045898
0.3161487579345703
0.45128464698791504
0.39372706413269043
0.41373467445373535
0.36791348457336426
0.45974063873291016
0.28441691398620605
0.39386487007141113
0.42409729957580566
0.2257075309753418
0.353928804397583
0.4191253185272217
0.3899827003479004
0.35271787643432617
0.2495870590209961
0.31659579277038574
0.27660298347473145
0.35394906997680664
0.3594789505004883
0.39655280113220215
0.3660469055175781
0.4173610210418701
0.33335232734680176
0.41752076148986816
0.3906576633453369
0.2855246067047119
0.351834774017334
0.40638017654418945
0.35652852058410645
0.2882266044616699
0.2434089183807373
0.13305878639221191
0.382434606552124
0.4744546413421631
0.37009572982788086
0.4070899486541748
0.3086507320404053
0.47519731521606445
0.3755950927734375
0.4223673343658447
0.3484029769897461
0.42084836959838867
0.3957371711730957
0.19852519035339355
0.3839681148529053
0.44609904289245605
0.4202094078063965
0.38678812980651855
0.2705514430999756
0.3443460464477539
0.2948164939880371
0.35123515129089355
0.40717196464538574
0.3536105155944824
0.41586995124816895
0.4130406379699707
0.31674814224243164
0.3945443630218506
0.3544299602508545
0.2722737789154053
0.33170223236083984
0.3971133232116699
0.24552702903747559
0.13354110717773438
0.3758270740509033
0.441455602645874
0.37550830841064453
0.4124593734741211
0.3375203609466553
0.45963549613952637
0.4057774543762207
0.42714357376098633
0.3163106441497803
0.441713809967041
0.39788174629211426
0.1997983455657959
0.38844919204711914
0.4447000026702881
0.4000582695007324
0.3937993049621582
0.23489856719970703
0.36077046394348145
0.24631905555725098
0.36980319023132324
0.35199666023254395
0.37639594078063965
0.3795440196990967
0.399111270904541
0.32678699493408203
0.40871357917785645
0.36060452461242676
0.279374361038208
0.3462700843811035
0.42233920097351074
0.3503437042236328
0.2816948890686035
0.24143266677856445
0.2543220520019531
0.3572843074798584
0.3888428211212158
0.44536542892456055
0.3760049343109131
0.3167247772216797
0.3491668701171875
0.4147984981536865
0.1898338794708252
0.34563469886779785
0.3926584720611572
0.2427988052368164
0.3209109306335449
0.3769819736480713
0.338362455368042
0.3810398578643799
0.342818021774292
0.3498239517211914
0.3540675640106201
0.40475916862487793
0.23928451538085938
0.38802480697631836
0.3591024875640869
0.3425028324127197
0.26773977279663086
0.29235219955444336
0.13014006614685059
0.29393672943115234
0.3963649272918701
0.3562593460083008
0.3874845504760742
0.3490102291107178
0.407243013381958
0.4120302200317383
0.3614227771759033
0.3008079528808594
0.4153573513031006
0.38933372497558594
0.19509673118591309
0.3291206359863281
0.4137752056121826
0.3534970283508301
0.2800261974334717
0.38739514350891113
0.25934815406799316
0.38899660110473633
0.3624131679534912
0.4043295383453369
0.37392735481262207
0.31914687156677246
0.3945615291595459
0.36197924613952637
0.3889305591583252
0.35727453231811523
0.38605737686157227
0.23900580406188965
0.27937746047973633
0.13399863243103027
0.35639262199401855
0.4220848083496094
0.3562352657318115
0.4022531509399414
0.3547351360321045
0.46504855155944824
0.3736598491668701
0.4235365390777588
0.3140909671783447
0.4258129596710205
0.398453950881958
0.1972053050994873
0.39614033699035645
0.45420408248901367
0.37331509590148926
0.3891263008117676
0.2398214340209961
0.3803098201751709
0.2577235698699951
0.4010896682739258
0.4220619201660156
0.4243495464324951
0.3573617935180664
0.45607829093933105
0.35673069953918457
0.42647743225097656
0.42722034454345703
0.30441784858703613
0.4346792697906494
0.3740661144256592
0.400313138961792
0.3009805679321289
0.3005542755126953
0.13287615776062012
0.38809990882873535
0.441162109375
0.3569152355194092
0.4618048667907715
0.3725459575653076
0.5006978511810303
0.3831338882446289
0.3983445167541504
0.39160919189453125
0.1994023323059082
0.41578054428100586
0.36849260330200195
0.4181041717529297
0.4319419860839844
0.29753613471984863
0.4314157962799072
0.37369298934936523
0.4098317623138428
0.4192230701446533
0.4377729892730713
0.3995819091796875
0.43717193603515625
0.37702178955078125
0.3491404056549072
0.39106202125549316
0.3968329429626465
0.2985384464263916
0.3169698715209961
0.13140630722045898
0.40378689765930176
0.4547240734100342
0.35250067710876465
0.4876391887664795
0.33733153343200684
0.4385263919830322
0.4166409969329834
0.40752291679382324
0.3688066005706787
0.49812841415405273
0.1728041172027588
0.4337589740753174
0.4617753028869629
0.43036508560180664
0.4185667037963867
0.3154466152191162
0.43100428581237793
0.2781708240509033
0.39507150650024414
0.42545628547668457
0.4129617214202881
0.4254944324493408
0.43454718589782715
0.3486640453338623
0.4159088134765625
0.4278256893157959
0.4233834743499756
0.41341328620910645
0.372875452041626
0.2565946578979492
0.2845907211303711
0.1313183307647705
0.39432764053344727
0.4360654354095459
0.3554806709289551
0.3893916606903076
0.3543736934661865
0.43132615089416504
0.3250391483306885
0.5024867057800293
0.2792344093322754
0.48166584968566895
0.4026637077331543
0.20111823081970215
0.3982546329498291
0.44316911697387695
0.4216141700744629
0.41086435317993164
0.3039522171020508
0.4274566173553467
0.3002927303314209
0.43230485916137695
0.3924288749694824
0.39568018913269043
0.3477342128753662
0.3685166835784912
0.34215688705444336
0.3465862274169922
0.383991003036499
0.37845826148986816
0.30677080154418945
0.31504321098327637
0.13115596771240234
0.4033825397491455
0.44692111015319824
0.35669684410095215
0.49541735649108887
0.36305856704711914
0.43262386322021484
0.41524291038513184
0.4445185661315918
0.29848504066467285
0.4251852035522461
0.44048571586608887
0.20276165008544922
0.4040405750274658
0.4103279113769531
0.44006991386413574
0.3336143493652344
0.3635075092315674
0.39053773880004883
0.35584211349487305
0.36279845237731934
0.32169198989868164
0.3447458744049072
0.3913848400115967
0.4190545082092285
0.3994429111480713
0.36659669876098633
0.29578328132629395
0.26519131660461426
0.1343553066253662
0.3474996089935303
0.35431766510009766
0.3907320499420166
0.4173600673675537
0.42020082473754883
0.3828251361846924
0.3632931709289551
0.335252046585083
0.4127070903778076
0.43631720542907715
0.19187426567077637
0.4276595115661621
0.4504361152648926
0.4169149398803711
0.38139772415161133
0.2749199867248535
0.400860071182251
0.4104955196380615
0.3862495422363281
0.3570384979248047
0.43752217292785645
0.3342909812927246
0.39898061752319336
0.4202258586883545
0.300276517868042
0.42993903160095215
0.43755340576171875
0.37395334243774414
0.2923555374145508
0.29544806480407715
0.42712950706481934
0.3998262882232666
0.43849849700927734
0.4992249011993408
0.4597752094268799
0.5274322032928467
0.4767477512359619
0.42128705978393555
0.4862480163574219
0.5011510848999023
0.33315443992614746
0.5033938884735107
0.5419294834136963
0.7165822982788086
0.6423988342285156
0.594332218170166
0.6362996101379395
0.5485799312591553
0.7615442276000977
0.5522923469543457
0.744640588760376
0.5906190872192383
0.6484477519989014
0.6598544120788574
0.5434370040893555
0.5608139038085938
0.5282402038574219
0.559154748916626
0.5282971858978271
0.5077953338623047
0.5364551544189453
0.42888665199279785
0.5252251625061035
0.3775033950805664
0.7541146278381348
0.46231794357299805
0.7769465446472168
0.7118301391601562
0.5259287357330322
0.550248384475708
0.5303170680999756
0.533470630645752
0.7428464889526367
0.567974328994751
0.5235381126403809
0.5447046756744385
0.5336568355560303
0.550804615020752
0.5752618312835693
0.37452030181884766
0.5130503177642822
0.5323312282562256
0.5269923210144043
0.44033002853393555
0.33837366104125977
0.5326070785522461
0.5027120113372803
0.8069257736206055
0.8717648983001709
0.8029375076293945
0.7007238864898682
0.6901328563690186
0.7663183212280273
0.587249755859375
0.7760043144226074
0.7249932289123535
0.6664168834686279
0.736405611038208
0.4376504421234131
0.523446798324585
0.5974225997924805
0.5476946830749512
0.6421294212341309
0.5657367706298828
0.7651150226593018
0.5893046855926514
0.6167562007904053
0.7195994853973389
0.647773027420044
1.1335225105285645
0.6600649356842041
0.9221131801605225
1.0542185306549072
0.6733617782592773
0.7144222259521484
0.6487042903900146
0.7807848453521729
0.9679620265960693
0.8083689212799072
0.808042049407959
0.8375582695007324
0.7318856716156006
0.8019576072692871
0.7766718864440918
0.6275844573974609
0.7569561004638672
0.6510775089263916
0.5924544334411621
0.4224421977996826
0.3553328514099121
0.5015091896057129
0.6130800247192383
0.859804630279541
0.8585340976715088
0.6240379810333252
0.7116062641143799
0.9336507320404053
0.707564115524292
0.9360530376434326
0.7008466720581055
0.742783784866333
0.7663741111755371
0.4134390354156494
0.5743792057037354
0.5271360874176025
0.5979070663452148
0.48779964447021484
0.6099190711975098
0.42704010009765625
0.6005828380584717
0.4915354251861572
0.6534337997436523
0.4648401737213135
1.0070059299468994
1.0661892890930176
0.6167364120483398
0.5201437473297119
0.5559239387512207
0.9072957038879395
0.6660470962524414
0.548041582107544
0.5370991230010986
0.5683794021606445
0.5535669326782227
0.5487792491912842
0.3971750736236572
0.593055248260498
0.4360997676849365
0.49034571647644043
0.39317893981933594
0.3858978748321533
0.507488489151001
0.5597975254058838
0.8068404197692871
0.877810001373291
0.7382984161376953
0.6927566528320312
0.7594132423400879
1.1148030757904053
0.8869788646697998
0.9728286266326904
0.9137966632843018
0.49500131607055664
0.5555925369262695
0.5578997135162354
0.5207860469818115
0.5925285816192627
0.44295358657836914
0.5729308128356934
0.5999386310577393
0.45914363861083984
0.507612943649292
0.4645967483520508
0.7251205444335938
0.43450927734375
0.6863715648651123
0.8184702396392822
0.5917072296142578
0.5722768306732178
0.5100910663604736
0.8850059509277344
0.5895199775695801
0.555152177810669
0.5164601802825928
0.5062708854675293
0.5278811454772949
0.449601411819458
0.5554952621459961
0.5463380813598633
0.5636286735534668
0.4073977470397949
0.4932680130004883
0.5197935104370117
0.5213515758514404
0.724057674407959
0.7935183048248291
0.7182023525238037
0.5733611583709717
0.6173863410949707
0.5466938018798828
0.8504321575164795
0.5385181903839111
0.6779208183288574
0.6543359756469727
0.7019157409667969
0.5421936511993408
0.385817289352417
0.5134994983673096
0.5107560157775879
0.5451371669769287
0.5142748355865479
0.4378969669342041
0.5457649230957031
0.40769004821777344
0.5640602111816406
0.40419793128967285
0.7221634387969971
0.39577746391296387
0.6503868103027344
0.5001981258392334
0.5524287223815918
0.5747909545898438
0.6995754241943359
0.42502832412719727
0.6558933258056641
0.6026394367218018
0.5514698028564453
0.443483829498291
0.5611085891723633
0.42063426971435547
0.5899076461791992
0.6659085750579834
0.6974763870239258
0.5645871162414551
0.7079665660858154
0.8947067260742188
0.7111337184906006
1.0510666370391846
1.003279685974121
0.9944422245025635
0.9517571926116943
0.6895477771759033
1.0465741157531738
0.8266873359680176
0.9041581153869629
0.7073981761932373
0.7434461116790771
0.4594860076904297
0.3782663345336914
0.5511214733123779
0.49143266677856445
0.510134220123291
0.5643651485443115
0.5350344181060791
0.6401536464691162
0.4389159679412842
0.6782541275024414
0.6704106330871582
0.6002955436706543
0.5469710826873779
0.4640507698059082
0.5526165962219238
0.8154580593109131
0.4016890525817871
0.5375783443450928
0.5375673770904541
0.593808650970459
0.5960390567779541
0.3980233669281006
0.3601722717285156
0.6115689277648926
0.5845108032226562
0.6567995548248291
0.6043751239776611
0.4967770576477051
0.5762419700622559
0.5984091758728027
0.743335485458374
0.8391988277435303
0.6085107326507568
0.574819803237915
0.868187427520752
0.6901650428771973
0.7434613704681396
0.5384485721588135
0.690507173538208
0.6530070304870605
0.43944215774536133
0.6152524948120117
0.6004025936126709
0.5861124992370605
0.6507580280303955
0.5415010452270508
0.4449036121368408
0.49782347679138184
0.6577270030975342
0.5091104507446289
0.7932758331298828
0.46362853050231934
0.7274999618530273
0.6490135192871094
0.40093541145324707
0.4553661346435547
0.7040753364562988
0.744046688079834
0.8946290016174316
0.7943065166473389
0.7597455978393555
0.6931660175323486
0.7461593151092529
0.5778179168701172
0.496427059173584
0.38031768798828125
0.7779033184051514
0.6703646183013916
0.5951094627380371
0.42871522903442383
0.8058958053588867
0.6637959480285645
0.004087209701538086
0.004270315170288086
0.0042877197265625
1.2917194366455078
0.44946742057800293
0.38883376121520996
0.0034072399139404297
