0.3115050792694092
0.2812681198120117
0.33451390266418457
0.4807126522064209
0.36269164085388184
0.32417869567871094
0.29506468772888184
0.24973154067993164
0.2644169330596924
0.39235544204711914
0.35389280319213867
0.247330904006958
0.31668519973754883
0.24371790885925293
0.29692649841308594
0.5259659290313721
0.32071828842163086
0.26057887077331543
0.30302882194519043
0.3043520450592041
0.34932565689086914
0.37926554679870605
0.40140461921691895
0.32277655601501465
0.7383830547332764
0.5078253746032715
0.42453455924987793
0.5885121822357178
0.41265034675598145
0.26694393157958984
0.42866945266723633
0.4492225646972656
0.32083749771118164
0.28176093101501465
0.34531593322753906
0.44093775749206543
0.5189943313598633
0.31242895126342773
0.3408644199371338
0.3852262496948242
0.3034837245941162
0.2598428726196289
0.41056013107299805
0.30298686027526855
0.3221926689147949
0.3214099407196045
0.35266757011413574
0.21975469589233398
0.2800722122192383
0.3576819896697998
0.29970431327819824
0.2933542728424072
0.1927649974822998
0.2017076015472412
0.2807466983795166
0.39774107933044434
0.27277469635009766
0.2512514591217041
0.27508115768432617
0.305253267288208
0.31047558784484863
0.28803443908691406
0.397367000579834
0.31523585319519043
0.3118412494659424
0.30133938789367676
0.29297637939453125
0.33248400688171387
0.31333136558532715
0.22761845588684082
0.5344562530517578
0.4199681282043457
0.4837522506713867
0.35581183433532715
0.34677624702453613
0.3115413188934326
0.3275306224822998
0.21515655517578125
0.2556135654449463
0.47896265983581543
0.4727137088775635
0.22395873069763184
0.20892667770385742
0.2868978977203369
0.2435908317565918
0.19614839553833008
0.30374956130981445
0.19565773010253906
0.4360325336456299
0.35612034797668457
0.2286057472229004
0.28700923919677734
0.334458589553833
0.3903803825378418
0.21581029891967773
0.46064019203186035
0.3765382766723633
0.28105640411376953
0.6945970058441162
0.3151514530181885
0.3378751277923584
0.33546996116638184
0.42408180236816406
0.653346061706543
0.2133169174194336
0.30292415618896484
0.3441026210784912
0.20491695404052734
0.41504883766174316
0.35871434211730957
0.34804439544677734
0.4829130172729492
0.33881640434265137
0.7486515045166016
0.3797757625579834
0.4823036193847656
0.5160996913909912
0.41667985916137695
0.47182583808898926
0.6533479690551758
0.5720109939575195
0.7999205589294434
0.39260268211364746
0.24595189094543457
0.19308042526245117
0.3867011070251465
0.48807454109191895
0.26202964782714844
0.3982205390930176
0.253140926361084
0.2840909957885742
0.6024966239929199
0.4776914119720459
0.3441336154937744
0.8467044830322266
0.2744100093841553
0.2730100154876709
0.6558024883270264
0.37557148933410645
0.7882192134857178
0.30214810371398926
0.7208335399627686
0.80196213722229
0.6612856388092041
0.5011515617370605
0.30666565895080566
0.2660796642303467
0.587029218673706
0.7897777557373047
0.9734764099121094
0.3382573127746582
0.2530226707458496
0.2233257293701172
0.474076509475708
0.37926292419433594
0.3767833709716797
0.35581326484680176
0.6819708347320557
0.43784093856811523
0.5361478328704834
0.3805062770843506
0.29514598846435547
0.21979475021362305
0.5743646621704102
0.37793755531311035
0.3220205307006836
0.35328173637390137
0.2970540523529053
0.6031150817871094
0.4129765033721924
0.45786380767822266
0.5039618015289307
0.507906436920166
0.27411580085754395
0.36647677421569824
0.20563340187072754
0.22626209259033203
0.29110264778137207
0.1918635368347168
0.3241136074066162
0.4160754680633545
0.2988717555999756
0.3541843891143799
0.4374384880065918
0.2409968376159668
0.20191025733947754
0.3280150890350342
0.5372323989868164
0.2314918041229248
0.2747046947479248
0.40227246284484863
0.3379182815551758
0.30377721786499023
0.3127317428588867
0.54075026512146
0.7699978351593018
0.47953152656555176
0.5048353672027588
0.2150721549987793
0.4099290370941162
0.3629128932952881
0.36137890815734863
0.3546442985534668
0.2968480587005615
0.5546627044677734
0.533268928527832
0.667485237121582
0.775223970413208
0.3499131202697754
0.3250768184661865
0.48952364921569824
0.37418150901794434
0.23356103897094727
0.3334236145019531
0.33497142791748047
0.5186879634857178
0.8663365840911865
0.546675443649292
0.49724316596984863
0.597670316696167
0.44728970527648926
0.19280028343200684
0.511286735534668
0.5051193237304688
0.5487267971038818
0.31465864181518555
0.3710951805114746
0.26034069061279297
0.5467479228973389
0.6486179828643799
0.7222170829772949
0.49683213233947754
0.3370332717895508
0.7395403385162354
0.6419386863708496
0.3615264892578125
0.33716416358947754
0.3453195095062256
0.2098238468170166
0.26159095764160156
0.2440788745880127
0.3310849666595459
0.6166741847991943
0.37345099449157715
0.5712764263153076
0.3280012607574463
0.3019256591796875
0.28392624855041504
0.5988078117370605
0.24410271644592285
0.5369243621826172
0.46743035316467285
0.33459901809692383
0.3651108741760254
0.48181676864624023
0.3387930393218994
0.5803251266479492
0.36992835998535156
0.6784069538116455
0.25609588623046875
0.6157808303833008
0.3851432800292969
0.2978706359863281
0.2750711441040039
0.6132221221923828
0.37772440910339355
0.5247228145599365
0.4025440216064453
0.27406811714172363
0.32209324836730957
0.2808187007904053
0.6116733551025391
0.33680248260498047
0.30295753479003906
0.5787620544433594
0.5199451446533203
0.40619707107543945
0.7825019359588623
0.5547733306884766
0.2778444290161133
0.3487086296081543
0.28577637672424316
0.33769917488098145
0.4987201690673828
0.47315287590026855
0.3943626880645752
0.43476152420043945
0.31383323669433594
0.3478527069091797
0.4828145503997803
0.8558573722839355
0.9351983070373535
0.8314805030822754
0.2834904193878174
0.5929710865020752
0.34174489974975586
0.2260584831237793
0.28299760818481445
0.28560686111450195
0.3284265995025635
0.6048920154571533
0.3543283939361572
0.6058170795440674
0.3704686164855957
0.6037876605987549
0.3985929489135742
0.2717404365539551
0.20966172218322754
0.2705397605895996
0.40160202980041504
0.2188701629638672
0.2526886463165283
0.5849168300628662
0.5161542892456055
0.2841348648071289
0.3255021572113037
0.284409761428833
0.5837421417236328
0.48211216926574707
0.28357648849487305
0.28458309173583984
0.6003870964050293
0.6319084167480469
0.20793366432189941
0.24762821197509766
0.599494218826294
0.454207181930542
0.3249044418334961
0.44323253631591797
0.44526219367980957
0.3491368293762207
0.30928587913513184
0.45265865325927734
0.35473060607910156
0.6779882907867432
0.5171079635620117
0.9153892993927002
0.7056474685668945
0.32430195808410645
0.8541886806488037
0.6290578842163086
0.5499553680419922
0.3050718307495117
0.6210448741912842
0.33963489532470703
0.31972622871398926
0.21495485305786133
0.5503218173980713
0.49625229835510254
0.7013840675354004
0.24445486068725586
0.35344839096069336
0.6939539909362793
0.44347357749938965
0.3346097469329834
0.26028871536254883
0.4577817916870117
0.3333272933959961
0.2686038017272949
0.26743507385253906
0.2167799472808838
0.18501019477844238
0.2577238082885742
0.6764469146728516
0.4245030879974365
0.23862290382385254
0.3671283721923828
0.2946481704711914
0.3413875102996826
0.28896474838256836
0.2714424133300781
0.26776576042175293
0.27631664276123047
0.2764134407043457
0.28841686248779297
0.29686737060546875
0.2908151149749756
0.2856597900390625
0.28473472595214844
0.27793359756469727
0.21105718612670898
0.2740597724914551
0.29103779792785645
0.2713475227355957
0.29911279678344727
0.30519819259643555
0.29839134216308594
0.23378920555114746
0.2701704502105713
0.3200507164001465
0.33173203468322754
0.2698698043823242
0.28883862495422363
0.3159933090209961
0.27558445930480957
0.2145838737487793
0.2562839984893799
0.3205220699310303
0.28740930557250977
0.31624555587768555
0.3281667232513428
0.2913675308227539
0.30385684967041016
0.2655010223388672
0.37903285026550293
0.2914910316467285
0.30315208435058594
0.3823530673980713
0.3747687339782715
0.20333385467529297
0.28531551361083984
0.29235339164733887
0.21311450004577637
0.273390531539917
0.31546950340270996
0.31994128227233887
0.20087981224060059
0.26880335807800293
0.3509175777435303
0.33178067207336426
0.2737767696380615
0.2874171733856201
0.2072596549987793
0.18623805046081543
0.29031944274902344
0.23804855346679688
0.1678757667541504
0.26116180419921875
0.21993494033813477
0.21010255813598633
0.2778453826904297
0.20607280731201172
0.2660224437713623
0.2768893241882324
0.2150421142578125
0.2546427249908447
0.2730236053466797
0.30626678466796875
0.3107454776763916
0.27899694442749023
0.2902209758758545
0.3098416328430176
0.27907705307006836
0.2986879348754883
0.2727506160736084
0.2792942523956299
0.2647695541381836
0.2791719436645508
0.27830052375793457
0.2795388698577881
0.3073275089263916
0.2059769630432129
0.33621740341186523
0.2673490047454834
0.30677342414855957
0.16431164741516113
0.26035141944885254
0.27357006072998047
0.2942936420440674
0.20585870742797852
0.2021622657775879
0.2638702392578125
0.27618980407714844
0.23128962516784668
0.2091357707977295
0.19208216667175293
0.21819734573364258
0.2662477493286133
0.2623555660247803
0.2243509292602539
0.263700008392334
0.28946399688720703
0.26316118240356445
0.20952224731445312
0.26000261306762695
0.24626922607421875
0.2124640941619873
0.25824666023254395
0.2686021327972412
0.28534579277038574
0.31793212890625
0.24277710914611816
0.1910874843597412
0.32323431968688965
0.4788644313812256
0.41422438621520996
0.4014923572540283
0.4278123378753662
0.4865140914916992
0.4018435478210449
0.43369579315185547
0.43781614303588867
0.3351593017578125
0.23461031913757324
0.2725028991699219
0.27843666076660156
0.3129863739013672
0.34114503860473633
0.28406405448913574
0.3045487403869629
0.1734018325805664
0.26809000968933105
0.22350096702575684
0.29426074028015137
0.286297082901001
0.2965869903564453
0.5058915615081787
0.4513263702392578
0.5581872463226318
0.510296106338501
0.32030510902404785
0.27994799613952637
0.33294057846069336
0.4164304733276367
0.27765727043151855
0.41037750244140625
0.34446239471435547
0.31528472900390625
0.24501824378967285
0.2508049011230469
0.28342103958129883
0.29697155952453613
0.16206073760986328
0.25972580909729004
0.2974088191986084
0.2686004638671875
0.3021700382232666
0.28333044052124023
0.21273446083068848
0.3457159996032715
0.3171250820159912
0.4126710891723633
0.3674607276916504
0.4481201171875
0.3341648578643799
0.3613619804382324
0.21164989471435547
0.2542555332183838
0.2944457530975342
0.23657774925231934
0.28702759742736816
0.21324801445007324
0.26001811027526855
0.30161190032958984
0.26081156730651855
0.26766204833984375
0.2248218059539795
0.19605612754821777
0.252941370010376
0.2816162109375
0.28978562355041504
0.2381598949432373
0.26180243492126465
0.29121828079223633
0.21644258499145508
0.24942493438720703
0.257190465927124
0.2709946632385254
0.25714802742004395
0.27892351150512695
0.2626457214355469
0.15999555587768555
0.24541950225830078
0.2762918472290039
0.30058932304382324
0.26271533966064453
0.28153181076049805
0.2660212516784668
0.2823631763458252
0.36334753036499023
0.321852445602417
0.5074746608734131
0.3057422637939453
0.6318771839141846
0.4342978000640869
0.510998010635376
0.37950611114501953
0.3751978874206543
0.30334043502807617
0.419797420501709
0.27806830406188965
0.3358139991760254
0.31871485710144043
0.27516961097717285
0.32977914810180664
0.30306291580200195
0.2819223403930664
0.28537750244140625
0.19858908653259277
0.2808830738067627
0.2709047794342041
0.3146224021911621
0.30249452590942383
0.20580053329467773
0.2825901508331299
0.12975478172302246
0.23009109497070312
0.34621405601501465
0.2732260227203369
0.30039405822753906
0.3013594150543213
0.20860624313354492
0.2743358612060547
0.33881616592407227
0.2626526355743408
0.2635018825531006
0.20962977409362793
0.19668149948120117
0.25441455841064453
0.13793659210205078
0.2529771327972412
0.31528401374816895
0.2906663417816162
0.3255159854888916
0.28040409088134766
0.28589463233947754
0.29163670539855957
0.30814504623413086
0.32723331451416016
0.27812814712524414
0.3045237064361572
0.16386151313781738
0.29271864891052246
0.20748186111450195
0.26537489891052246
0.2633702754974365
0.20362401008605957
0.2866041660308838
0.28110408782958984
0.27753353118896484
0.29358839988708496
0.2679455280303955
0.21134662628173828
0.26145100593566895
0.26781153678894043
0.30028772354125977
0.2975502014160156
0.2964003086090088
0.29242992401123047
0.21387624740600586
0.19026923179626465
0.3891444206237793
0.539820671081543
0.19402527809143066
0.24317312240600586
0.395275354385376
0.3163011074066162
0.29677534103393555
0.3944981098175049
0.3052527904510498
0.38599514961242676
0.4389479160308838
0.30648231506347656
0.3967766761779785
0.402205228805542
0.43541407585144043
0.2876908779144287
0.42395663261413574
0.40453147888183594
0.3724069595336914
0.30406856536865234
0.29636383056640625
0.2707357406616211
0.17049169540405273
0.2725107669830322
0.1362926959991455
0.2742326259613037
0.2835850715637207
0.3311574459075928
0.28467631340026855
0.2949965000152588
0.32305192947387695
0.2937304973602295
0.25177431106567383
0.27982187271118164
0.31310153007507324
0.3050539493560791
0.3127171993255615
0.2988576889038086
0.2861034870147705
0.2918119430541992
0.27730250358581543
0.2991178035736084
0.2179105281829834
0.1300654411315918
0.204697847366333
0.20495057106018066
0.288543701171875
0.283174991607666
0.2612180709838867
0.22686982154846191
0.21042680740356445
0.2732408046722412
0.29176783561706543
0.2793722152709961
0.3104276657104492
0.2547190189361572
0.22961831092834473
0.3461291790008545
0.27380943298339844
0.2786881923675537
0.29110121726989746
0.21328520774841309
0.28665828704833984
0.25453877449035645
0.22647833824157715
0.33454465866088867
0.2990992069244385
0.2958829402923584
0.26891374588012695
0.2890176773071289
0.2657926082611084
0.208327054977417
0.2562239170074463
0.28283238410949707
0.28111743927001953
0.28778791427612305
0.13204073905944824
0.2528531551361084
0.3224971294403076
0.2926347255706787
0.317126989364624
0.23219728469848633
0.22649145126342773
0.2642991542816162
0.3100450038909912
0.2527163028717041
0.2922217845916748
0.2154979705810547
0.2874643802642822
0.16281366348266602
0.26197028160095215
0.2147815227508545
0.2691769599914551
0.2694520950317383
0.26867103576660156
0.21025776863098145
0.2691507339477539
0.29534292221069336
0.2701151371002197
0.27879834175109863
0.2739880084991455
0.2593963146209717
0.2764930725097656
0.248504638671875
0.26367902755737305
0.2839643955230713
0.2694211006164551
0.2853870391845703
0.28893327713012695
0.24433302879333496
0.2794969081878662
0.22444605827331543
0.2304551601409912
0.2795379161834717
0.27046895027160645
0.16013431549072266
0.2530937194824219
0.2868361473083496
0.27257204055786133
0.2734487056732178
0.2786383628845215
0.21211767196655273
0.2647116184234619
0.24063611030578613
0.20842194557189941
0.26274895668029785
0.2669382095336914
0.287874698638916
0.3273885250091553
0.27454638481140137
0.28842806816101074
0.282808780670166
0.28786253929138184
0.13651084899902344
0.2096860408782959
0.32602739334106445
0.22087812423706055
0.26653265953063965
0.2753167152404785
0.3266119956970215
0.27329134941101074
0.2757134437561035
0.23772525787353516
0.20748114585876465
0.27030038833618164
0.28835225105285645
0.2812647819519043
0.25466012954711914
0.27538323402404785
0.22625112533569336
0.2651188373565674
0.16109418869018555
0.26090478897094727
0.2813873291015625
0.2742955684661865
0.2891826629638672
0.27735376358032227
0.27797722816467285
0.29474759101867676
0.2773716449737549
0.15994787216186523
0.25605297088623047
0.2727084159851074
0.29239773750305176
0.31978869438171387
0.30166196823120117
0.2956414222717285
0.38773655891418457
0.4329819679260254
0.4712483882904053
0.4903128147125244
0.5468235015869141
0.6488063335418701
0.645592212677002
0.30622005462646484
0.32137250900268555
0.32387614250183105
0.32382655143737793
0.33202505111694336
0.33390188217163086
0.348175048828125
0.360065221786499
0.3711121082305908
0.27512454986572266
0.29032063484191895
0.28832483291625977
0.28147244453430176
0.2856900691986084
0.2933988571166992
0.2820467948913574
0.20564579963684082
0.31115055084228516
0.28505969047546387
0.27259349822998047
0.2695348262786865
0.20142531394958496
0.2694523334503174
0.26904726028442383
0.21414446830749512
0.13106036186218262
0.23144912719726562
0.29207730293273926
0.2812824249267578
0.2787010669708252
0.20662569999694824
0.25519442558288574
0.2753407955169678
0.2704620361328125
0.2726573944091797
0.2052309513092041
0.1990489959716797
0.25157833099365234
0.2668032646179199
0.1336512565612793
0.25914621353149414
0.28800034523010254
0.27543187141418457
0.27710461616516113
0.27157139778137207
0.2659337520599365
0.2779252529144287
0.28289151191711426
0.2769925594329834
0.289323091506958
0.16205143928527832
0.28157925605773926
0.29755449295043945
0.287203311920166
0.2088932991027832
0.18906760215759277
0.27941465377807617
0.2717561721801758
0.26726675033569336
0.21194124221801758
0.2679462432861328
0.2729191780090332
0.28443384170532227
0.2818315029144287
0.27814626693725586
0.2780613899230957
0.20505118370056152
0.2551119327545166
0.2824666500091553
0.13346147537231445
0.19255352020263672
0.16275978088378906
0.26792311668395996
0.21305251121520996
0.19692182540893555
0.2644650936126709
0.2002120018005371
0.27275514602661133
0.2939729690551758
0.24288487434387207
0.3102991580963135
0.3081378936767578
0.2979154586791992
0.3172774314880371
0.3039836883544922
0.2957649230957031
0.3092226982116699
0.313107967376709
0.2897660732269287
0.29943394660949707
0.16383981704711914
0.27126097679138184
0.29602622985839844
0.29776525497436523
0.29760217666625977
0.29834413528442383
0.25706934928894043
0.29522252082824707
0.24340009689331055
0.41789937019348145
0.43645596504211426
0.42081212997436523
0.44470906257629395
0.2164618968963623
0.5155065059661865
0.5306425094604492
0.4075772762298584
0.39225149154663086
0.3837313652038574
0.2384345531463623
0.15443968772888184
0.27920079231262207
0.2876152992248535
0.34888315200805664
0.31737256050109863
0.28296375274658203
0.22992658615112305
0.24480223655700684
0.3054196834564209
0.3460197448730469
0.3261852264404297
0.2575387954711914
0.32199621200561523
0.340242862701416
0.3571755886077881
0.35172295570373535
0.312044620513916
0.2870471477508545
0.23317193984985352
0.2558014392852783
0.24343419075012207
0.2991313934326172
0.29433631896972656
0.2983245849609375
0.28953027725219727
0.33295273780822754
0.2982172966003418
0.293468713760376
0.22650623321533203
0.2771914005279541
0.2887687683105469
0.28731584548950195
0.13002514839172363
0.2556736469268799
0.32807445526123047
0.35562849044799805
0.30100154876708984
0.23969531059265137
0.2234053611755371
0.3041367530822754
0.28669023513793945
0.22238516807556152
0.2521250247955322
0.30443668365478516
0.3163433074951172
0.30084991455078125
0.22743678092956543
0.3004646301269531
0.3134462833404541
0.16488385200500488
0.27903079986572266
0.34220290184020996
0.3017086982727051
0.31405091285705566
0.29790735244750977
0.30391860008239746
0.3001523017883301
0.31800031661987305
0.30294322967529297
0.28930044174194336
0.2968294620513916
0.27402615547180176
0.2900059223175049
0.31534409523010254
0.28963708877563477
0.320709228515625
0.3106706142425537
0.2685086727142334
0.3053395748138428
0.2636749744415283
0.25677061080932617
0.310901403427124
0.16765499114990234
0.2810826301574707
0.37899351119995117
0.3582022190093994
0.37648677825927734
0.3212130069732666
0.3264148235321045
0.257582426071167
0.3270411491394043
0.29351043701171875
0.2776820659637451
0.31692934036254883
0.13271474838256836
0.29889655113220215
0.3364691734313965
0.2884852886199951
0.30189943313598633
0.3068666458129883
0.33224987983703613
0.2434391975402832
0.2184441089630127
0.30384111404418945
0.13045239448547363
0.26589393615722656
0.24665021896362305
0.2796928882598877
0.2964963912963867
0.3104588985443115
0.2873096466064453
0.28701186180114746
0.2800412178039551
0.24943947792053223
0.22934770584106445
0.2790541648864746
0.29636073112487793
0.28525829315185547
0.26064538955688477
0.30144548416137695
0.31122469902038574
0.291795015335083
0.2314150333404541
0.26876115798950195
0.162872314453125
0.26647400856018066
0.28905606269836426
0.2860422134399414
0.2791721820831299
0.2848067283630371
0.2943837642669678
0.16412115097045898
0.27935218811035156
0.27635908126831055
0.2995595932006836
0.2869760990142822
0.2895994186401367
0.27684736251831055
0.30415868759155273
0.2896716594696045
0.28614377975463867
0.2889211177825928
0.2808716297149658
0.24219298362731934
0.31766462326049805
0.3016958236694336
0.2923879623413086
0.2758939266204834
0.28385496139526367
0.2650337219238281
0.28786253929138184
0.26468825340270996
0.281801700592041
0.2724447250366211
0.2614753246307373
0.28827762603759766
0.2935349941253662
0.2638115882873535
0.2077045440673828
0.26909351348876953
0.2813832759857178
0.2827484607696533
0.20622563362121582
0.28299689292907715
0.2601478099822998
0.2268521785736084
0.1295313835144043
0.23763108253479004
0.353055477142334
0.3157033920288086
0.2898695468902588
0.2735629081726074
0.28806591033935547
0.29374027252197266
0.28374195098876953
0.21008682250976562
0.20558595657348633
0.25577330589294434
0.3738889694213867
0.13264894485473633
0.2793459892272949
0.3057410717010498
0.3549232482910156
0.30087900161743164
0.30391383171081543
0.4072561264038086
0.3274104595184326
0.43576669692993164
0.4210958480834961
0.5481314659118652
0.2682681083679199
0.45661115646362305
0.27109718322753906
0.38806962966918945
0.3174264430999756
0.2346477508544922
0.20545458793640137
0.29143619537353516
0.3615303039550781
0.3636646270751953
0.27443885803222656
0.24933290481567383
0.27512574195861816
0.29029011726379395
0.2879946231842041
0.2825510501861572
0.29117465019226074
0.29727840423583984
0.20305252075195312
0.19623780250549316
0.27068471908569336
0.2766890525817871
0.13481831550598145
0.17203259468078613
0.2642862796783447
0.20771241188049316
0.20543646812438965
0.2750890254974365
0.21827292442321777
0.28211426734924316
0.31036972999572754
0.24083590507507324
0.2937185764312744
0.30074048042297363
0.31258559226989746
0.3082401752471924
0.31425046920776367
0.32408571243286133
0.39008355140686035
0.3123624324798584
0.2971804141998291
0.32526516914367676
0.16270995140075684
0.29250645637512207
0.3054838180541992
0.2860846519470215
0.30942678451538086
0.30510950088500977
0.3267970085144043
0.2924056053161621
0.2503676414489746
0.2475740909576416
0.30693697929382324
0.306072473526001
0.30945754051208496
0.3027682304382324
0.16294598579406738
0.2788546085357666
0.2910194396972656
0.3056528568267822
0.30603671073913574
0.31566786766052246
0.12894320487976074
0.20304155349731445
0.22317981719970703
0.2745368480682373
0.2897074222564697
0.2433607578277588
0.2301476001739502
0.21520233154296875
0.25095534324645996
0.29263758659362793
0.2894630432128906
0.29309511184692383
0.24327397346496582
0.24254059791564941
0.2936575412750244
0.28061819076538086
0.2981419563293457
0.2894718647003174
0.2224130630493164
0.2943246364593506
0.2780449390411377
0.2802426815032959
0.31459689140319824
0.3058950901031494
0.3017745018005371
0.31957530975341797
0.28699445724487305
0.23015689849853516
0.2822227478027344
0.2904038429260254
0.286668062210083
0.2852637767791748
0.12883949279785156
0.2576572895050049
0.3057823181152344
0.30228614807128906
0.303891658782959
0.30425500869750977
0.2581343650817871
0.23491597175598145
0.2804598808288574
0.2886371612548828
0.23037195205688477
0.25493407249450684
0.3092234134674072
0.2966790199279785
0.28265810012817383
0.22497057914733887
0.2926654815673828
0.2771940231323242
0.16191816329956055
0.2791330814361572
0.2975633144378662
0.30373072624206543
0.30982112884521484
0.29468274116516113
0.22471046447753906
0.2781403064727783
0.320831298828125
0.2950429916381836
0.3134572505950928
0.30164217948913574
0.27500438690185547
0.2830312252044678
0.27497005462646484
0.31119871139526367
0.3284316062927246
0.2968146800994873
0.32677602767944336
0.3181447982788086
0.27425599098205566
0.31688952445983887
0.25668883323669434
0.27097225189208984
0.31362199783325195
0.31127190589904785
0.16037607192993164
0.2786526679992676
0.30536842346191406
0.32096219062805176
0.3020317554473877
0.3175022602081299
0.29166102409362793
0.25440239906311035
0.255587100982666
0.24593901634216309
0.30643367767333984
0.12833380699157715
0.2570805549621582
0.3112621307373047
0.2399294376373291
0.28687453269958496
0.3095719814300537
0.3124821186065674
0.22384858131408691
0.29767751693725586
0.12817907333374023
0.2194218635559082
0.2976515293121338
0.31203269958496094
0.32504987716674805
0.28148722648620605
0.2445662021636963
0.21743273735046387
0.2927224636077881
0.28585147857666016
0.29020047187805176
0.265228271484375
0.28931403160095215
0.28579115867614746
0.3083043098449707
0.2379922866821289
0.28940510749816895
0.17740488052368164
0.2758643627166748
0.2883608341217041
0.2741422653198242
0.2980363368988037
0.2727541923522949
0.2991807460784912
0.29163694381713867
0.16417574882507324
0.26783108711242676
0.29413890838623047
0.315138578414917
0.3152334690093994
0.30870771408081055
0.31884074211120605
0.3118288516998291
0.3245220184326172
0.3181784152984619
0.29894399642944336
0.32256388664245605
0.31708788871765137
0.9392244815826416
0.40830445289611816
0.841015100479126
0.6743185520172119
0.644432783126831
0.7666504383087158
1.13564133644104
0.5805764198303223
