1.445571275074696
1.4554953225235499
1.4588598074250752
1.346555655982216
1.3385120387402476
1.4789455875102089
1.481483912239459
1.4505106894820783
1.4471652865537978
1.4439173020123262
1.4462499941900633
1.4467869979497572
1.4491635124150564
1.4615680472109545
1.3481535286059803
1.481780963944507
1.5092708357388875
1.4862854241162495
1.347047461690635
1.4500727652846275
1.4505011958387817
1.4507112695071038
1.3498922646337417
1.355969411736325
1.5139561516308038
1.3450116048772331
1.3546887603250852
1.3446615247783322
1.4496194269643288
1.447089997318268
1.45496682677382
1.460935299188936
1.458514401955744
1.350834446223074
1.3424372084247111
1.4549329778631384
1.4792010914763714
1.482127052033152
1.451543444621902
1.4459526575456092
1.4439348583760916
1.448970025462426
1.445451074726894
1.4483523068874127
1.4339260649534382
1.4628988098623306
1.3474518419336954
1.4822879177040642
1.508835821048323
1.4843876069417883
1.434997902918674
1.3392204141875663
1.4478464597602867
1.4512917277341038
1.4482087048052783
1.3494110212329338
1.4447291236994488
1.5081235537042665
1.511550116935848
1.4329073566676986
1.3573712276292635
1.4481401310640265
1.4468879250587705
1.4546861142790517
1.4600402207137901
1.458515485897554
1.34886828586488
1.3397141132580745
1.4825692242046302
1.4770168230407166
1.4800120905930778
1.4505283691694097
1.4495426430541063
1.443196457324949
1.4440352748855654
1.4469783455064489
1.4472634317748856
1.4335448818960397
1.4904816377448349
1.3479382647680729
1.4856235838535643
1.3512874372831918
1.4280968914674972
1.4473225738307083
1.4501555010366172
1.4484552135601914
1.3462766423979926
1.3557870842489845
1.5077819449918755
1.5138062234426677
1.4334252801850844
1.3520077436114946
1.3457952822249475
1.449396875934548
1.4555863460769625
1.4601191738257064
1.3507532207602195
1.3380811460707316
1.4812627461624994
1.4798454806306807
1.4806336851834896
1.4513768380886347
1.4466761229842442
1.442910067761195
1.4462274299296514
1.447015704162902
1.4334777336837794
1.3470515788018504
1.4528945070804324
1.5092357250938948
1.4847775364069888
1.3498034810377297
1.340828753523534
1.4486237753125752
1.451384369639658
1.4477404089628556
1.3495809485529693
1.4417854421693317
1.5075429668079414
1.5121892985504206
1.4330867794226043
1.3566393446976384
1.3440077268717916
1.4486048501030953
1.4497389742961584
1.4644083286636556
1.463968484371203
1.3555291297514556
1.4277790344300008
1.4877538175369165
1.4856606327866557
1.48829252252737
1.453889186152823
1.4512337625404992
1.4503980245127177
1.4511125173817316
1.4512852441415611
1.4498014143007882
1.437501381697253
1.4685446827469706
1.3546964069559224
1.4928177176616109
1.5120999484698838
1.4865982828150306
1.431931949557506
1.4574345571833998
1.4540322152399972
1.454669700956953
1.3559589859796477
1.4436392384875218
1.5148182452982133
1.518093432658908
1.4363924851267103
1.3546607502588586
1.3240628270317423
1.453057803313186
1.4511909183692553
1.4606442505096562
1.465996320799208
1.4639952207067892
1.349947466521957
1.4282610551067874
1.4824098857170072
1.487285460604282
1.4889043646249678
1.449380633536309
1.4511606459014195
1.4492345448964428
1.4517835527533558
1.4369931739036483
1.4429845937923644
1.4545045335487408
1.514179645213835
1.4922557897439614
1.4367130998657835
1.433207835061009
1.4572399464339658
1.4565280835826555
1.4516449680125258
1.448809557654307
1.512608311836761
1.5194293668613577
1.437791611451717
1.4400357445238565
1.455635607109001
1.4516673740769237
1.4610013766951127
1.4636798480415285
1.3496573445054088
1.3461643046360332
1.4585422846902518
1.4574089335451328
1.455995317080038
1.453376034647825
1.4595034907365019
1.4481054945270362
1.4528668009983754
1.4497118299847707
1.4389924799207847
1.469762460529082
1.35593137737197
1.491262089295293
1.5130788207423171
1.4889335151762761
1.438188108191961
1.433261876328037
1.4541886869237646
1.454106954690657
1.455061941503423
1.3537289184979195
1.4392993660655204
1.5135548941956718
1.5159818832263954
1.4344323585051502
1.4466223591646565
1.4534946897268675
1.4511357803087885
1.4620864339539499
1.4632169109374404
1.352203087629283
1.3418263103991361
1.453056426918804
1.489567522476353
1.4526251531405663
1.4648420780659244
1.448669441050722
1.4474825226109322
1.4519281923609364
1.4444396682664025
1.4362697545618406
1.4629021748967737
1.3580445148854807
1.4523072662367278
1.4930675055867049
1.4354301569620629
1.4288483159618945
1.455802796079226
1.3559940568139897
1.5101385356666945
1.515375439406253
1.4363021654745975
1.3644392621825026
1.3595343829813145
