1.8319161559684183
1.7106255062010778
1.7496900904057031
1.7511544681497324
1.609339719572299
1.5931408840252173
1.737461793087407
1.8116111005726772
1.7352910797961152
1.8849231731969067
1.7116569849274537
1.5831846145206425
1.7338321108129942
1.713239051584149
1.62499374728408
1.6017879028619122
1.784356628963473
1.548749460309519
1.722078652686709
1.8978435971527663
1.7642798321788413
1.5867752558152535
1.726542709760826
1.7210627164576495
1.7458542163848616
1.5635824197305215
1.872739475047749
1.84989776764323
1.6165497240606892
1.5977624909358374
1.8715502047307195
1.7887805634169767
1.7116429028876103
1.7497263010558113
1.75022757391907
1.621010551239448
1.5865701929131422
1.7314876493543851
1.7863719042103618
1.8309560884325662
1.686321867818138
1.74063977631771
1.7184744529383398
1.6259881089517818
1.5593939431103627
1.7879599770590278
1.5472583724013098
1.7208363005283176
1.89359690743756
1.7608316019635444
1.5732374057307106
1.6088403223157395
1.7211305150012057
1.7201606864959507
1.7562952454792042
1.5495689299066289
1.6591219831727277
1.8731705320070378
1.849270547439847
1.5947633116241342
1.5966697125266245
1.868632682581913
1.781144907939784
1.7060388010315823
1.75147033283694
1.7508405917889276
1.6057702602475954
1.5884837759684074
1.733371187972673
1.7654497504118505
1.7399032694539283
1.8378879678138489
1.7148450772920338
1.5809583291474834
1.737483714953077
1.7165610988403315
1.6242409352639322
1.5573171875364695
1.7857473353493047
1.548782967190754
1.717912237256681
1.8967509571684082
1.76466290048418
1.5660082027343176
1.6053224979296967
1.7175792311013367
1.7214677817597146
1.8723185850213033
1.849527740317649
1.6136718761434308
1.5990696436829632
1.8703223384010061
1.8000363819741314
1.729202355715553
1.7696798675735075
1.8179226216665645
1.6047818432897154
1.7624437613515496
1.782577050173403
1.8361611546696675
1.878258017248674
1.7083061537286894
1.7497668204923071
1.7581280038949765
1.7545253533248841
1.5777227803209208
1.7990186322174637
1.58183020193675
1.7603920954973291
1.9063918539415243
1.7730977336749207
1.611386183789979
1.6267355545431845
1.7453838348724264
1.761300772268683
1.5700047773847514
1.6695940871638477
1.9088214863702944
1.5991324827584819
1.870122142967681
1.7918401316872747
1.722516468079427
1.7626660944530657
1.7693037878910531
1.602620025935722
1.7601972223681521
1.8257176273995768
1.8320963605554939
1.8840897061679323
1.727608431221357
1.6929279485619073
1.7528268992001563
1.7463809872640659
1.7576940089676134
1.5714123313259716
1.789462786503559
1.588693415030822
1.7645589495183607
1.906648889246138
1.7740560274826231
1.610536976248644
1.6425890604943603
1.7366577381268364
1.7411342595814538
1.7664232493527532
1.5748992436025353
1.6722121439617008
1.8778337806328576
1.914246401264993
1.6053469698568263
1.6176916163980817
1.7304623911016308
1.7797417986645607
1.6460811821892751
1.5979123195581795
1.7582787754424767
1.8540856273518962
1.883942195856613
1.7300548139326963
1.7073064938425977
1.7532100496979819
1.7545770618030894
1.7462451688192924
1.5839310833270657
1.7974129267726857
1.9107856562022
1.8431998571478654
1.6103444832151363
1.6258062755766414
1.7378253438907216
1.7476081652474642
1.760426027371656
1.5743005212183716
1.6833878547602807
1.606070048415488
1.6174502222219358
1.858654537414391
1.8715428147853341
1.7370572050154514
1.775564911073098
1.8137313703785434
1.6354269181658139
1.6060111562300396
1.7570167959549599
1.821523206496411
1.8809917279588686
1.8820780418801735
1.7434424006922644
1.7542336301993307
1.745125573526805
1.6557772678622642
1.5764774063748899
1.786501404120287
1.59175775435782
1.7655137190484913
2.0233504980714705
1.8208138016843614
1.640022092283739
1.741124887778314
1.7448140024843388
1.7665800349567515
1.5711052760495976
1.6993970964851326
1.8840634474580975
1.9171503705365267
1.6117451176779936
1.6225272745762949
