0.026676829268292682
0.023782559456398643
0.016013071895424835
0.051533742331288344
0.08951612903225806
0.05356186395286556
0.02462330025725836
0.031055900621118012
0.049950380416804496
0.03352448169386855
0.03709428129829984
0.03487020534676482
0.05706267539756782
0.03255813953488372
0.023893805309734513
0.039384615384615386
0.017720179846601427
0.05219660722053067
0.031446540880503145
0.03900508762012436
0.023299161230195715
0.05194029850746269
0.0592396109637489
0.04272517321016167
0.028913963328631873
0.015839493136219643
0.06582278481012659
0.04068090017311021
0.05263157894736842
0.03616292348686715
0.02307035032754201
0.021959459459459457
0.017054772056411937
0.07264472190692395
0.1043338683788122
0.06321055025011368
0.0532994923857868
0.032306536438767845
0.038381018841591064
0.04067460317460317
0.03365810451727192
0.04827586206896552
0.02823061630218688
0.05225863596102746
0.009620384815392617
0.0400832899531494
0.0216998191681736
0.040621266427718045
0.017665952890792293
0.04543429844097996
0.04147812971342383
0.03577661431064573
0.03002450980392157
0.024345146379044683
0.04222873900293256
0.05329457364341085
0.04593373493975904
0.021837088388214902
0.02021276595744681
0.02206809583858764
0.08236057068741895
0.045801526717557245
0.02847248941900731
0.02137628111273792
0.01661129568106312
0.01669394435351882
0.061813186813186816
0.0872093023255814
0.05773567884528642
0.04319654427645788
0.01794214573416331
0.0324459234608985
0.05989410986101919
0.03440571939231457
0.027257240204429302
0.03400309119010819
0.044651162790697675
0.010783055198973043
0.0335195530726257
0.023008849557522124
0.0469769464984776
0.0531437125748503
0.038461538461538464
0.02343292325717633
0.021430727437367944
0.041592394533571005
0.044117647058823525
0.04311331552842426
0.021119324181626188
0.028571428571428574
0.020685900925421885
0.05487411233053583
0.048959249486953973
0.052803129074315516
0.026595744680851064
0.018570624648283622
0.06835443037974684
0.08200836820083682
0.054502369668246446
0.059663437021927584
0.0238006693938267
0.03774879890185312
0.046642408203771094
0.03034243606415258
0.036893203883495145
0.0319744204636291
0.013136729222520106
0.020795660036166366
0.04245283018867924
0.021215295966474597
0.0458593054318789
0.051042415528396834
0.040109389243391066
0.03282674772036474
0.023977866584691053
0.042136498516320474
0.05527123848515865
0.03405688622754491
0.020768431983385252
0.021654242101526448
0.022113022113022112
0.07262210796915167
0.043867001955853586
0.046114971572962724
0.023520764424843806
0.016177957532861477
0.011610486891385767
0.07
0.06504599211563732
0.05218787635487756
0.05258033106134372
0.031186440677966103
0.03147353361945636
0.040023717758671806
0.04371584699453552
0.02874646559849199
0.028463792381749686
0.0340393343419062
0.0035036496350364967
0.042934782608695654
0.022727272727272728
0.04798464491362764
0.016042780748663103
0.025333333333333333
0.030778894472361807
0.040236051502145924
0.01184990125082291
0.04064039408866995
0.055803571428571425
0.02650242627846211
0.02953451043338684
0.027457098283931357
0.021371769383697815
0.05119047619047619
0.05213903743315508
0.04406779661016949
0.025815704553603443
0.028050108932461876
0.026770775237032904
0.012223323422530559
0.030272452068617554
0.07747866053841103
0.046935394809497516
0.024390243902439025
0.05828220858895705
0.044531249999999994
0.038521603331598125
0.024612272420768713
0.05302402651201325
0.011530912659470068
0.03307086614173228
0.027999999999999997
0.022929936305732486
0.05815478793178837
0.033220338983050844
0.03462157809983897
0.049217002237136466
0.024108003857280617
0.035928143712574856
0.043258168430740915
0.024884464984002846
0.03673613564111621
0.024041213508872353
0.05096660808435853
0.05511811023622047
0.03514870606411742
0.023407022106631988
0.014064015518913675
0.05208333333333333
0.08905852417302798
0.05263157894736842
0.05586834127327848
0.019366197183098594
0.0343328987396784
0.08301682040151927
0.03655714946783896
0.03089143865842895
0.0225140712945591
0.009219422249539028
0.04794885455514118
0.02574102964118565
0.03959276018099547
0.0231629392971246
0.0406807804068078
0.04363905325443787
0.03489702517162471
0.02302302302302302
0.01804123711340206
0.04066437571592211
0.03645461043602573
0.017147026632615834
0.024061597690086624
0.023284313725490197
0.015463917525773196
0.054550089217435635
0.050184891706286316
0.02887844190732035
0.04181373879989139
0.0164552622557422
0.037037037037037035
0.08803763440860216
0.04218880534670008
0.09044943820224718
0.029363784665579117
0.08761033017325923
0.045406172401560835
0.03114382785956965
0.038299253489126904
0.03017241379310345
0.011691542288557214
0.046452271567126086
0.051903114186851215
0.031578947368421054
0.07395644283121597
0.02898550724637681
0.027580071174377226
0.055204140310523286
0.07643312101910829
0.02212078651685393
0.026090064331665476
0.02406417112299465
0.101115760111576
0.055614406779661014
