0.7544286251068115
0.812591552734375
0.5780339241027832
1.0038275718688965
0.6940305233001709
0.5732238292694092
0.834949254989624
0.8811359405517578
0.8424439430236816
0.8002653121948242
0.8431799411773682
0.8142902851104736
0.5507709980010986
0.8277661800384521
1.032701015472412
0.9555883407592773
0.6758368015289307
1.0057153701782227
0.8313858509063721
0.9410128593444824
0.7993500232696533
0.9506356716156006
0.576270341873169
0.6984479427337646
0.816866397857666
0.8504440784454346
0.7974190711975098
0.6667983531951904
0.6849789619445801
1.0286281108856201
0.7224860191345215
0.8066437244415283
0.5684452056884766
1.0227820873260498
0.7971153259277344
0.5803790092468262
0.5823366641998291
0.8309857845306396
0.831413984298706
0.8455872535705566
0.8223953247070312
0.8344876766204834
0.8751213550567627
0.893366813659668
0.802234411239624
0.8679611682891846
0.8902115821838379
0.8669612407684326
0.8110899925231934
0.8499491214752197
0.8239030838012695
0.8114607334136963
0.9772896766662598
1.1875433921813965
1.0006649494171143
0.8415572643280029
0.8502810001373291
0.8550539016723633
1.0337648391723633
0.7838661670684814
0.8364951610565186
0.8525042533874512
0.8384532928466797
0.8250856399536133
0.9429502487182617
0.8122844696044922
0.8421962261199951
0.8465433120727539
0.8379266262054443
0.8268105983734131
0.9565103054046631
0.808875560760498
0.7955796718597412
0.6882472038269043
0.8163754940032959
0.8465421199798584
0.8224427700042725
0.7912893295288086
0.7987635135650635
0.819368839263916
0.6026914119720459
0.9778599739074707
0.5811271667480469
0.7020084857940674
0.8278005123138428
0.8507468700408936
0.8103482723236084
0.5787663459777832
1.0347580909729004
0.5942003726959229
0.8163716793060303
0.8361048698425293
0.8377957344055176
0.8412189483642578
0.9781858921051025
0.8749516010284424
0.808840274810791
0.5865683555603027
0.8161766529083252
0.833909273147583
0.8111839294433594
0.8014912605285645
0.8030972480773926
0.8240156173706055
0.6960158348083496
0.6987123489379883
0.7965469360351562
0.8104071617126465
0.8855228424072266
0.6879806518554688
0.8282997608184814
0.940342903137207
0.5560734272003174
0.8368432521820068
0.8470723628997803
0.9322049617767334
0.96854567527771
0.5878779888153076
0.6857075691223145
0.8584794998168945
0.6085195541381836
0.8164911270141602
0.8396680355072021
0.5752742290496826
0.6011152267456055
0.5750870704650879
0.9385499954223633
0.9058337211608887
0.945317268371582
0.9961152076721191
0.8216071128845215
0.5714480876922607
0.8331034183502197
0.8224437236785889
0.823479413986206
0.850304126739502
0.8378355503082275
0.8488667011260986
0.8416931629180908
0.7944419384002686
1.0097243785858154
0.682110071182251
0.5643312931060791
0.819190263748169
0.8092374801635742
0.8342123031616211
1.0065562725067139
0.806394100189209
0.6932790279388428
0.8124871253967285
0.9774506092071533
0.8510637283325195
0.8100748062133789
0.5548768043518066
0.8372113704681396
0.7994234561920166
0.8485410213470459
0.6874332427978516
0.8158633708953857
0.567004919052124
0.8256707191467285
0.8004376888275146
0.8241391181945801
0.5803980827331543
0.9934163093566895
1.020226240158081
0.8026013374328613
0.5965580940246582
0.8236174583435059
1.0100505352020264
0.8096737861633301
0.9922497272491455
0.9929869174957275
0.8106415271759033
0.5992698669433594
1.002269983291626
0.8411481380462646
0.8683948516845703
0.9577281475067139
0.9670658111572266
0.6797173023223877
0.576819658279419
0.6961736679077148
0.6862614154815674
0.9682629108428955
1.0003082752227783
0.8284223079681396
0.9822027683258057
0.6782770156860352
0.7015156745910645
1.0057470798492432
0.8068821430206299
0.8134810924530029
0.8492550849914551
0.5978143215179443
0.586719274520874
0.8290715217590332
0.683967113494873
0.9981675148010254
0.9936370849609375
0.9389588832855225
0.9952654838562012
0.8665902614593506
0.5863635540008545
0.9437527656555176
0.9216907024383545
0.8331191539764404
0.8396270275115967
0.8210437297821045
0.8154942989349365
0.678969144821167
0.8153786659240723
0.8214399814605713
1.0046188831329346
0.9996867179870605
0.8303205966949463
0.6000113487243652
0.8387830257415771
0.80222487449646
0.5832087993621826
0.798614501953125
0.8159627914428711
0.920201301574707
0.6787536144256592
0.7978792190551758
0.6862285137176514
0.8780596256256104
0.5999617576599121
0.5543649196624756
0.8000402450561523
0.7983241081237793
0.9230203628540039
0.5777294635772705
0.7260479927062988
0.7909533977508545
0.681999921798706
0.9822726249694824
0.8142962455749512
0.7272200584411621
0.5853140354156494
0.8819727897644043
0.831822395324707
0.802128791809082
0.6949365139007568
0.8497636318206787
0.8197455406188965
0.6939287185668945
0.8107156753540039
0.9199676513671875
0.5675272941589355
0.575782299041748
0.8325159549713135
0.698570966720581
0.8400781154632568
0.5964124202728271
0.8394052982330322
0.8199770450592041
0.8022370338439941
0.7180721759796143
0.6953945159912109
0.6740727424621582
0.5803380012512207
1.0091400146484375
0.812110185623169
0.8226006031036377
0.9936013221740723
0.6653778553009033
0.6729874610900879
1.0060391426086426
0.8049864768981934
0.6042270660400391
0.5554389953613281
0.5629546642303467
0.8304409980773926
0.7912712097167969
0.6975808143615723
0.8299846649169922
0.8055329322814941
0.6854476928710938
0.8249988555908203
0.5951244831085205
0.855522632598877
0.6768684387207031
0.582301139831543
0.5969018936157227
0.9378483295440674
0.8370821475982666
0.8075742721557617
0.5790858268737793
0.5782821178436279
0.7979726791381836
0.8067898750305176
0.9952385425567627
0.8034744262695312
0.7012813091278076
0.8343157768249512
0.8458514213562012
0.5626697540283203
0.8161890506744385
0.6798915863037109
0.5502252578735352
0.7220945358276367
0.8153796195983887
0.5987775325775146
0.8077118396759033
0.8252267837524414
0.6697859764099121
0.8025562763214111
0.9966557025909424
0.7934861183166504
0.8358139991760254
0.9738216400146484
0.5963213443756104
0.8033528327941895
0.6958367824554443
0.5729498863220215
0.5884697437286377
0.6813318729400635
0.5752964019775391
0.9832673072814941
0.7213408946990967
0.9537341594696045
0.810248613357544
0.8176381587982178
0.6857714653015137
0.5790297985076904
0.5780341625213623
0.7908883094787598
0.5820913314819336
0.7233695983886719
0.8066830635070801
0.8124856948852539
0.8090054988861084
0.8187038898468018
0.8298013210296631
0.8278205394744873
0.7962431907653809
0.6955053806304932
0.5897409915924072
0.5824470520019531
0.9961163997650146
0.5995850563049316
0.797257661819458
0.7265939712524414
0.7918553352355957
0.8558609485626221
0.8406641483306885
0.8068783283233643
0.7993972301483154
1.0176146030426025
0.9863026142120361
0.8306581974029541
0.8509294986724854
0.8233582973480225
0.5639641284942627
0.5545248985290527
0.8591384887695312
0.8290584087371826
0.9620296955108643
1.0056917667388916
0.8318679332733154
0.8092525005340576
0.8229000568389893
1.0253429412841797
0.8023371696472168
0.8402841091156006
0.9036860466003418
0.8440959453582764
0.8867809772491455
0.8685657978057861
0.9000098705291748
0.8886911869049072
0.8896563053131104
1.2504923343658447
0.8715910911560059
0.8893697261810303
1.0588996410369873
0.8644847869873047
1.0198707580566406
0.9078915119171143
1.0822248458862305
0.8791601657867432
0.8726167678833008
0.8958523273468018
0.8243148326873779
0.9164488315582275
1.0148639678955078
1.0166845321655273
0.9041640758514404
0.8459820747375488
0.8434135913848877
0.8420462608337402
0.9100234508514404
0.8649206161499023
0.9304192066192627
0.8888876438140869
0.8697245121002197
0.8672337532043457
0.9037570953369141
0.8873226642608643
0.925976037979126
1.0577409267425537
0.8630292415618896
0.814720630645752
0.9052760601043701
0.8583481311798096
1.2546017169952393
0.8721539974212646
0.8389878273010254
0.8860375881195068
0.8692941665649414
0.8760693073272705
0.9028310775756836
0.8737385272979736
0.8981630802154541
0.8430509567260742
0.8879778385162354
1.0309207439422607
0.8644192218780518
0.9156553745269775
0.8400559425354004
0.9767050743103027
1.0777885913848877
1.043483018875122
0.8582572937011719
1.0320518016815186
0.883472204208374
0.8714344501495361
0.913217306137085
1.0390450954437256
0.841780424118042
0.8770124912261963
0.8389263153076172
0.8791892528533936
0.9010412693023682
0.8557968139648438
0.885791540145874
0.8373064994812012
0.892216682434082
0.8986790180206299
0.8666346073150635
0.8802907466888428
0.9012014865875244
1.0054662227630615
0.8416187763214111
1.2492284774780273
0.850377082824707
0.985898494720459
0.9081246852874756
1.0344910621643066
0.8777339458465576
0.8434059619903564
0.8661494255065918
0.8626992702484131
0.8846991062164307
0.8889064788818359
0.8619725704193115
0.9198079109191895
0.8741457462310791
0.8781356811523438
0.8317549228668213
1.2315239906311035
0.8537404537200928
0.9005203247070312
0.8979744911193848
0.8788585662841797
0.8815605640411377
0.8783438205718994
0.8646819591522217
1.016556739807129
0.8662192821502686
0.8871848583221436
1.0051319599151611
0.8737802505493164
0.8660881519317627
0.8858761787414551
0.8571562767028809
0.9795248508453369
0.8798456192016602
0.878385066986084
0.87516188621521
1.0415823459625244
1.0685982704162598
0.9744877815246582
0.8402018547058105
0.8815321922302246
0.9829745292663574
0.8775129318237305
0.8870058059692383
0.8996398448944092
0.9067275524139404
0.8987102508544922
0.8618569374084473
1.052135705947876
0.8499274253845215
0.8817107677459717
1.0419037342071533
0.811500072479248
0.8635549545288086
0.8275635242462158
0.8811521530151367
0.8810880184173584
0.8385233879089355
0.8784842491149902
0.8670413494110107
0.8876869678497314
0.8847293853759766
0.8726701736450195
0.8638327121734619
1.0367555618286133
0.8302366733551025
0.8403558731079102
1.059873342514038
0.8890933990478516
0.8454351425170898
1.0060505867004395
0.9246649742126465
0.8963677883148193
0.8740401268005371
0.8806986808776855
0.8819632530212402
0.9351215362548828
0.8612387180328369
1.033674955368042
1.0413362979888916
0.8645884990692139
0.841517448425293
1.0121824741363525
0.8997116088867188
1.0155420303344727
0.8682081699371338
0.8634345531463623
0.8517932891845703
0.8716263771057129
1.0392897129058838
0.8703217506408691
1.042609453201294
0.8408329486846924
0.8507444858551025
0.8939430713653564
0.8583865165710449
0.8637480735778809
1.010711669921875
0.9789419174194336
0.8772919178009033
0.8370440006256104
0.8636901378631592
0.8337175846099854
0.8792848587036133
1.067880392074585
0.8403379917144775
0.8696389198303223
1.0060279369354248
0.892439603805542
0.8868515491485596
0.8848505020141602
0.8713359832763672
0.8789234161376953
0.8609812259674072
0.8906219005584717
1.033048152923584
0.8732173442840576
0.8459410667419434
0.8413288593292236
0.9003615379333496
1.224458932876587
0.8892247676849365
0.918968915939331
0.8881347179412842
0.902916431427002
0.8545598983764648
0.8807723522186279
0.7963244915008545
0.9912950992584229
0.8164961338043213
0.778315544128418
0.8174574375152588
0.7887682914733887
0.8706932067871094
0.7959141731262207
0.8348660469055176
0.839402437210083
1.1802783012390137
0.8515112400054932
0.7760365009307861
0.9965760707855225
0.8286058902740479
0.808032751083374
0.7803096771240234
0.9876394271850586
0.8248486518859863
1.0270166397094727
0.8726346492767334
0.7924127578735352
0.8320326805114746
0.8243074417114258
0.797844648361206
0.9585916996002197
0.8310611248016357
0.8261747360229492
0.7995340824127197
0.7833292484283447
0.7860956192016602
0.8344004154205322
0.8237960338592529
0.8655905723571777
0.7962615489959717
1.4223406314849854
0.8389346599578857
0.8218405246734619
0.803124189376831
0.839552640914917
0.810631513595581
0.7971088886260986
0.8680715560913086
1.0063860416412354
0.7780120372772217
0.7692275047302246
0.8036422729492188
0.8156266212463379
1.140672206878662
0.8307957649230957
0.9485797882080078
0.8223185539245605
0.7952497005462646
0.8057599067687988
1.426593542098999
0.7995791435241699
0.8278231620788574
0.8090922832489014
0.8319218158721924
0.8387618064880371
0.7948975563049316
0.7695252895355225
0.8188607692718506
0.8179690837860107
0.8226089477539062
0.8270509243011475
0.7919924259185791
0.9098036289215088
0.8081653118133545
0.8326747417449951
1.0287914276123047
0.9746401309967041
0.7985210418701172
0.951674222946167
0.8605823516845703
0.7956533432006836
0.8591058254241943
0.777721643447876
0.9906327724456787
0.7860870361328125
0.8264365196228027
0.7697420120239258
0.815375804901123
0.8472130298614502
0.7910442352294922
0.8270785808563232
0.787609338760376
0.8166048526763916
0.8028180599212646
0.8152377605438232
0.8194353580474854
1.143604040145874
0.8295726776123047
0.8205482959747314
0.950927734375
0.7723793983459473
1.1400835514068604
0.8041582107543945
0.7715582847595215
1.1377732753753662
0.9110455513000488
0.8211452960968018
0.972667932510376
0.9630887508392334
0.8011858463287354
0.8276042938232422
0.8083806037902832
0.8229799270629883
0.8439984321594238
0.8260776996612549
0.771406888961792
0.8588488101959229
0.822059154510498
0.8357398509979248
0.7919843196868896
0.8018696308135986
0.9681777954101562
0.8376388549804688
0.8407208919525146
0.8271045684814453
0.8200714588165283
0.824169397354126
0.8077704906463623
0.9087278842926025
0.9564526081085205
0.9434394836425781
0.7983686923980713
0.8437144756317139
0.831188440322876
0.9444077014923096
1.4352374076843262
0.8246314525604248
0.8333666324615479
0.8486142158508301
0.9422986507415771
0.8291714191436768
0.7930428981781006
1.4435479640960693
0.9254446029663086
0.8297085762023926
0.9771428108215332
0.7890841960906982
0.9188888072967529
0.840714693069458
0.7752580642700195
0.819612979888916
0.9202096462249756
0.9597911834716797
0.8316822052001953
0.7771468162536621
0.9146833419799805
0.8154282569885254
0.8438739776611328
0.8406884670257568
0.8240511417388916
0.8565859794616699
1.0266919136047363
0.8022716045379639
0.8239905834197998
0.9842233657836914
0.7849409580230713
0.7800393104553223
0.8299300670623779
0.8236417770385742
0.8167390823364258
0.7995419502258301
0.8559572696685791
0.827897310256958
0.8205251693725586
1.4245927333831787
0.8742272853851318
0.8227019309997559
0.9768412113189697
0.7891068458557129
0.8087565898895264
1.4273641109466553
1.171097755432129
1.4220726490020752
1.001227855682373
0.8725509643554688
0.7907028198242188
0.9605023860931396
0.8891444206237793
0.8225715160369873
0.8123416900634766
0.8276557922363281
0.8495686054229736
0.8603227138519287
0.9754593372344971
0.9949321746826172
0.815072774887085
0.7792055606842041
0.8329868316650391
0.9772465229034424
0.9492647647857666
0.8230466842651367
0.832916259765625
0.802609920501709
0.8181970119476318
0.9718167781829834
0.8472645282745361
1.021559715270996
0.9834997653961182
0.824843168258667
0.7852873802185059
0.8017828464508057
0.8410871028900146
0.8183310031890869
0.794680118560791
0.9212169647216797
0.858597993850708
0.8296537399291992
0.7865126132965088
0.8034796714782715
0.8112976551055908
0.8193049430847168
1.0301716327667236
0.7762408256530762
0.8381965160369873
0.810044527053833
0.9513039588928223
0.8661656379699707
0.7742569446563721
0.8331363201141357
0.8104603290557861
0.8394172191619873
0.8003699779510498
0.8016512393951416
0.8480584621429443
0.9640467166900635
0.8121976852416992
0.7812342643737793
0.7967205047607422
0.835289716720581
1.1491498947143555
0.8425784111022949
0.8583838939666748
0.8333699703216553
0.8022875785827637
0.8606569766998291
0.7891461849212646
0.8277370929718018
0.823251485824585
0.8815176486968994
0.7887158393859863
1.0048279762268066
0.8305938243865967
0.7882122993469238
0.8246033191680908
0.817619800567627
0.8621940612792969
0.8080003261566162
0.8769304752349854
0.8453145027160645
1.1603426933288574
0.8086211681365967
0.8627731800079346
0.771000862121582
0.9739139080047607
0.8634185791015625
0.8008418083190918
0.7715270519256592
0.9663195610046387
0.8480896949768066
1.0374095439910889
0.7921433448791504
0.878981351852417
0.7893052101135254
0.8448922634124756
0.8197517395019531
0.7969517707824707
0.8348145484924316
0.9622602462768555
0.9722146987915039
0.8288438320159912
0.8275148868560791
0.799884557723999
0.8139472007751465
0.7811183929443359
0.8294582366943359
0.8927919864654541
0.7959539890289307
0.8185491561889648
1.4659655094146729
0.8436672687530518
0.8212838172912598
0.8005242347717285
0.8636860847473145
0.8252038955688477
0.8708858489990234
1.0622575283050537
0.7713840007781982
0.8452944755554199
0.8107688426971436
0.8424117565155029
1.1550228595733643
0.8245537281036377
0.9842333793640137
0.8407981395721436
0.8059751987457275
0.8131444454193115
1.486865520477295
0.8039705753326416
0.8164465427398682
0.8693170547485352
0.852520227432251
0.8091259002685547
0.8071877956390381
0.830132007598877
0.9765129089355469
0.830106258392334
0.8498220443725586
0.8339443206787109
0.8071804046630859
0.9404478073120117
0.8169472217559814
0.8477082252502441
0.9948322772979736
0.9861328601837158
0.8745138645172119
0.8092498779296875
0.8932697772979736
0.78183913230896
0.854689359664917
0.9803080558776855
0.8202440738677979
0.8373794555664062
0.7788751125335693
0.8511273860931396
0.8446884155273438
0.8009135723114014
0.8427472114562988
0.8510720729827881
0.8112258911132812
0.8311913013458252
1.1826214790344238
0.844419002532959
0.8215303421020508
0.9660284519195557
0.7994065284729004
1.15010666847229
0.8068137168884277
0.8025801181793213
1.164062738418579
0.9259128570556641
0.855548620223999
0.9859776496887207
0.8078277111053467
0.8230810165405273
0.8460698127746582
0.8216440677642822
0.8601799011230469
0.8412585258483887
0.7825634479522705
0.8722896575927734
0.8360702991485596
0.8397960662841797
0.8019886016845703
1.1547913551330566
0.8052003383636475
0.8023946285247803
0.9763691425323486
0.807344913482666
0.8546779155731201
0.8496549129486084
0.8419747352600098
0.8249003887176514
0.8317258358001709
0.8137695789337158
0.9145851135253906
0.9715073108673096
0.9576981067657471
0.8031322956085205
0.8633131980895996
0.845574140548706
0.9538166522979736
1.4333157539367676
0.8435423374176025
0.8413724899291992
0.8704850673675537
0.9542829990386963
0.8451519012451172
0.8050892353057861
0.9134938716888428
0.8352229595184326
0.8348512649536133
0.8365421295166016
0.9892024993896484
0.79793381690979
1.039491891860962
0.9162735939025879
0.8677046298980713
0.7850916385650635
0.8236618041992188
0.9680023193359375
0.8348922729492188
0.7767102718353271
0.9224827289581299
0.8209962844848633
0.8641631603240967
0.8431968688964844
0.8281619548797607
1.0326499938964844
0.8167502880096436
0.8282063007354736
0.9849855899810791
0.778712272644043
0.8341801166534424
0.8315830230712891
0.798774003982544
0.8305456638336182
0.8082704544067383
0.8604810237884521
0.7995975017547607
0.8261926174163818
1.4314947128295898
0.857672929763794
0.9777796268463135
0.7857003211975098
1.4946892261505127
1.1441333293914795
1.436999797821045
1.0286755561828613
0.8455991744995117
0.7950410842895508
0.8776822090148926
0.8255965709686279
0.8270576000213623
0.837188720703125
0.8354158401489258
0.8725521564483643
0.8048563003540039
0.9867274761199951
0.8277511596679688
0.7968423366546631
0.8300790786743164
0.9670922756195068
0.8662540912628174
0.8604581356048584
0.9608883857727051
0.8343551158905029
0.8152589797973633
0.8029038906097412
0.8218870162963867
0.8373675346374512
0.983515739440918
1.0381488800048828
0.9929039478302002
0.8052208423614502
0.7822542190551758
0.8063876628875732
0.8541209697723389
0.8071117401123047
0.806678295135498
0.9499721527099609
0.8481898307800293
0.8383209705352783
0.7846250534057617
0.808180570602417
0.7857341766357422
1.0453228950500488
0.7814579010009766
0.8211040496826172
0.8245739936828613
0.9659759998321533
0.8317639827728271
0.8538596630096436
0.7835016250610352
0.8464784622192383
0.8194179534912109
1.453758955001831
0.8281407356262207
0.9664671421051025
0.8344712257385254
0.7910439968109131
0.8197371959686279
0.7721621990203857
0.8433029651641846
1.163215160369873
0.8171601295471191
0.8725590705871582
0.9393033981323242
0.8240044116973877
0.8447291851043701
0.802781343460083
0.9164323806762695
0.892099142074585
0.807762861251831
1.000032901763916
0.8469376564025879
0.7961182594299316
0.8431813716888428
0.8169174194335938
0.8918170928955078
0.826275110244751
0.8801007270812988
0.8805248737335205
1.1894118785858154
0.8297054767608643
0.7881753444671631
1.0043525695800781
0.8662729263305664
0.8220925331115723
0.7912461757659912
0.985724687576294
0.8358895778656006
1.0759069919586182
0.8130450248718262
0.8782076835632324
0.8140437602996826
0.8728466033935547
0.8455202579498291
0.7952408790588379
0.8541107177734375
0.9878923892974854
0.965630054473877
0.8465819358825684
0.8564853668212891
0.819922924041748
0.8103983402252197
0.8035941123962402
0.8478903770446777
0.8499360084533691
0.8960039615631104
0.825890064239502
0.8503985404968262
1.4723334312438965
0.8608088493347168
0.8533570766448975
0.820969820022583
0.8685257434844971
0.8399336338043213
0.825286865234375
0.8955187797546387
1.0698490142822266
0.8155317306518555
0.7945256233215332
0.8580927848815918
0.8333299160003662
0.8324751853942871
1.186952829360962
0.8387107849121094
0.9772770404815674
0.840958833694458
0.8266310691833496
0.8225617408752441
1.4640967845916748
0.8182392120361328
0.8452351093292236
0.8311071395874023
0.8634648323059082
0.8703935146331787
0.8254690170288086
0.8005514144897461
0.9928791522979736
0.8562636375427246
0.8172640800476074
0.9341306686401367
0.8339078426361084
0.8598253726959229
1.0062012672424316
0.8276567459106445
0.9757187366485596
0.8940668106079102
0.8480672836303711
0.8254375457763672
0.8908226490020752
0.7989163398742676
0.8641495704650879
1.003875970840454
0.8391551971435547
0.7934882640838623
0.8342838287353516
0.8673977851867676
0.8057923316955566
0.8538928031921387
0.8039257526397705
0.8495159149169922
0.8364949226379395
0.8432166576385498
1.1832809448242188
0.8589463233947754
0.8432619571685791
0.9855575561523438
0.7945892810821533
1.1849696636199951
0.8283352851867676
0.7902872562408447
1.1820151805877686
0.935715913772583
0.84433913230896
1.0061211585998535
1.0087807178497314
0.8482141494750977
0.8266584873199463
0.8486175537109375
0.8464093208312988
0.8315694332122803
0.874060869216919
0.8440957069396973
0.7939021587371826
0.8918821811676025
0.8462786674499512
0.8556957244873047
0.809349536895752
1.1740491390228271
0.8206031322479248
0.8185145854949951
0.9922845363616943
0.8287026882171631
0.8646092414855957
0.8809895515441895
0.8521304130554199
0.8472342491149902
0.8245794773101807
0.9309873580932617
0.9862053394317627
0.9776866436004639
0.8224079608917236
0.8824996948242188
0.860123872756958
0.9752845764160156
1.4715220928192139
0.8588404655456543
0.8491635322570801
0.8921945095062256
0.9750497341156006
0.9241833686828613
0.8472707271575928
0.8489501476287842
1.0017476081848145
0.8078770637512207
0.9374434947967529
0.8848223686218262
0.79341721534729
0.9340946674346924
0.9857478141784668
0.8614048957824707
0.7944300174713135
0.9345874786376953
0.8433413505554199
0.9435851573944092
0.9166991710662842
0.9194355010986328
0.9382565021514893
1.0875074863433838
0.8342206478118896
0.8742678165435791
1.0626089572906494
0.8444156646728516
0.8077409267425537
0.865532636642456
0.8609304428100586
0.817307710647583
0.8149354457855225
0.9079937934875488
0.8576645851135254
0.9224765300750732
1.4987819194793701
0.8824410438537598
0.8955576419830322
0.8656713962554932
0.8161544799804688
3.0249476432800293
2.4499495029449463
2.419736385345459
1.1334471702575684
0.8908233642578125
0.8482632637023926
1.0485317707061768
0.9206936359405518
0.9459800720214844
0.9242966175079346
0.8683772087097168
0.9172439575195312
1.0482354164123535
1.1262574195861816
0.9147944450378418
1.0369253158569336
0.9165809154510498
1.0912833213806152
0.9475529193878174
1.083056926727295
1.0477287769317627
0.9108560085296631
0.9463958740234375
0.8916192054748535
0.8695194721221924
1.0301504135131836
0.8639955520629883
1.0758428573608398
0.9215035438537598
0.9339394569396973
0.9070534706115723
1.0436525344848633
1.2243151664733887
0.8961946964263916
0.9965314865112305
1.001197099685669
0.9238905906677246
0.8739721775054932
0.9217312335968018
1.0179085731506348
1.3389158248901367
1.0966668128967285
0.9856915473937988
0.9006893634796143
1.0187373161315918
0.8539779186248779
0.8800666332244873
0.7991907596588135
0.9951620101928711
0.8330068588256836
1.5611209869384766
0.8340110778808594
0.8384363651275635
0.9129252433776855
0.8145382404327393
0.8560988903045654
0.7895493507385254
0.8653011322021484
1.1832129955291748
0.8349583148956299
0.8865640163421631
0.8694474697113037
0.820918083190918
0.8581967353820801
0.8139181137084961
0.8523123264312744
0.7684617042541504
0.8464279174804688
0.6104447841644287
1.0224385261535645
0.918999433517456
0.8759958744049072
0.970778226852417
0.666229248046875
0.7445478439331055
0.7307138442993164
0.6715717315673828
0.5948870182037354
0.7258455753326416
0.6206090450286865
0.599299430847168
0.7427425384521484
0.7104618549346924
0.6860973834991455
0.5687751770019531
0.7406103610992432
0.6178474426269531
0.5950794219970703
0.625622034072876
0.6167974472045898
0.5943503379821777
0.7195305824279785
