0.6585021018981934
0.583667516708374
0.7057185173034668
0.6935098171234131
0.6730296611785889
0.5535101890563965
0.7226452827453613
0.5825474262237549
0.6866800785064697
0.6830570697784424
0.6811835765838623
1.1129772663116455
1.0915160179138184
0.9133419990539551
0.8610255718231201
1.0196094512939453
1.253706932067871
1.000636100769043
0.9459435939788818
1.217233419418335
0.9712443351745605
0.9837260246276855
0.5699641704559326
0.9331057071685791
0.5788719654083252
0.7940552234649658
1.0249443054199219
0.9203836917877197
0.8493638038635254
0.5903971195220947
0.8804795742034912
0.8245735168457031
0.8566467761993408
1.0737261772155762
1.1830050945281982
0.8849248886108398
1.0058801174163818
1.057213544845581
1.0152838230133057
0.8053781986236572
0.8003554344177246
0.8725001811981201
0.9399590492248535
0.8997135162353516
0.8827617168426514
0.7919976711273193
0.8307487964630127
0.8504960536956787
0.9489152431488037
0.8402130603790283
0.8178915977478027
1.1929008960723877
0.8524274826049805
0.815392255783081
0.8396875858306885
0.8431892395019531
1.0415914058685303
0.8797612190246582
0.9885377883911133
0.8526637554168701
0.8689839839935303
0.8457775115966797
0.8163886070251465
0.8981950283050537
0.8730156421661377
0.8219907283782959
1.000178575515747
0.8465831279754639
0.8720240592956543
0.6203474998474121
0.599750280380249
0.7183878421783447
0.7088239192962646
0.6910514831542969
0.5655994415283203
0.7378473281860352
0.5955784320831299
0.7041847705841064
0.6951627731323242
0.694429874420166
0.8356685638427734
0.8417718410491943
0.8590404987335205
0.8301510810852051
0.8114163875579834
0.8593525886535645
0.8086185455322266
0.9647994041442871
0.8652141094207764
0.9938335418701172
0.5802524089813232
0.9439277648925781
0.5874180793762207
0.615811824798584
0.8108184337615967
0.8532118797302246
0.8260307312011719
0.8425474166870117
0.589625358581543
0.8579459190368652
0.8175866603851318
0.8272407054901123
0.8922438621520996
0.848097562789917
0.8461446762084961
1.02614164352417
0.8509581089019775
0.8581371307373047
0.840878963470459
1.020911693572998
1.0161290168762207
0.8165750503540039
0.809532642364502
0.6040775775909424
0.5941879749298096
0.5909152030944824
0.7069783210754395
0.7055559158325195
0.5682196617126465
0.7390635013580322
0.5940160751342773
0.7045552730560303
0.6948773860931396
0.6902196407318115
1.0209693908691406
0.840449333190918
0.8297271728515625
0.8338825702667236
0.8157875537872314
0.9668533802032471
0.8472321033477783
0.8050332069396973
0.9634237289428711
0.8682572841644287
0.9927027225494385
0.5790925025939941
0.9421916007995605
0.5863902568817139
0.6115579605102539
0.8161373138427734
0.8505868911743164
0.8215756416320801
0.8343796730041504
0.5856258869171143
0.8559222221374512
0.8133273124694824
0.8194522857666016
0.8860452175140381
0.8439333438873291
0.8295261859893799
1.0198862552642822
0.8454463481903076
0.8509202003479004
0.832747220993042
1.0075702667236328
1.020531415939331
0.8158154487609863
0.8174645900726318
0.6132099628448486
0.5950753688812256
0.7087492942810059
0.6790556907653809
0.5665097236633301
0.7362270355224609
0.5970323085784912
0.697106122970581
0.691138505935669
0.6918084621429443
1.0232024192810059
0.8389091491699219
0.8280401229858398
0.8632528781890869
0.8250164985656738
0.8129796981811523
0.9671447277069092
0.8043344020843506
0.957033634185791
0.8601408004760742
0.9845476150512695
0.5802922248840332
0.6060657501220703
0.8099586963653564
0.8476657867431641
0.8214447498321533
0.5842068195343018
0.8522789478302002
0.8079724311828613
0.821810245513916
0.888031005859375
0.8471403121948242
0.8325350284576416
1.019829273223877
0.8415052890777588
0.852665901184082
0.8383321762084961
1.0103950500488281
1.0195302963256836
0.8196980953216553
0.8117163181304932
0.6061406135559082
0.5894544124603271
0.5896782875061035
0.7081170082092285
0.696082353591919
0.562309741973877
0.7357070446014404
0.7105185985565186
0.6978199481964111
1.0209977626800537
0.8357234001159668
0.824256420135498
0.8329792022705078
0.8375046253204346
0.9821414947509766
0.8426864147186279
0.8129627704620361
0.9877192974090576
0.8635928630828857
0.9975748062133789
0.5977272987365723
0.9424483776092529
0.5897111892700195
0.6098875999450684
0.850379467010498
0.8469176292419434
0.8362114429473877
0.591376543045044
0.8739688396453857
0.814507246017456
0.8196134567260742
0.8432745933532715
0.8614869117736816
1.0167593955993652
0.8428924083709717
0.8752808570861816
0.8351669311523438
1.0135433673858643
1.0398786067962646
0.8193418979644775
0.8163325786590576
0.6124463081359863
0.6050910949707031
0.6192693710327148
0.7096755504608154
0.7046108245849609
0.6856026649475098
0.5892150402069092
0.7363071441650391
0.5978896617889404
0.7074134349822998
0.695831298828125
0.6928253173828125
1.020827054977417
0.8398873805999756
0.8598747253417969
0.836334228515625
0.8137414455413818
0.9742341041564941
0.8040769100189209
0.9609196186065674
0.8581492900848389
0.9840493202209473
0.5754275321960449
0.934058427810669
0.6134147644042969
0.8180105686187744
0.8179929256439209
0.8395764827728271
0.5950658321380615
0.8619687557220459
0.8164050579071045
0.8210334777832031
0.8842949867248535
0.8437747955322266
0.830603837966919
1.024601936340332
0.8418800830841064
0.8576340675354004
0.8349502086639404
1.0072259902954102
1.008920669555664
0.827308177947998
0.816514253616333
0.6125032901763916
0.5926480293273926
0.7144231796264648
0.69496750831604
0.6874821186065674
0.5638937950134277
0.7367165088653564
0.5980982780456543
0.7060885429382324
0.6992626190185547
1.0215809345245361
0.8331000804901123
0.8209185600280762
0.8597526550292969
0.832561731338501
0.81044602394104
0.976865291595459
0.8151726722717285
0.9955077171325684
0.587658166885376
0.6031930446624756
0.8164448738098145
0.8551945686340332
0.8202648162841797
0.8438036441802979
0.5899486541748047
0.8460233211517334
0.810359001159668
0.8293986320495605
0.8937492370605469
0.8483402729034424
0.8375790119171143
1.0379221439361572
0.8456294536590576
0.8505558967590332
0.8358275890350342
1.0116000175476074
1.0158944129943848
0.8241236209869385
0.8129048347473145
0.6072144508361816
0.6064105033874512
0.6967451572418213
0.6868083477020264
0.5614790916442871
0.7336812019348145
0.5951471328735352
0.7014312744140625
0.6949882507324219
0.6954936981201172
1.0140745639801025
0.8325414657592773
0.8377213478088379
0.854694128036499
0.829904317855835
0.8144762516021729
0.9774343967437744
0.9628198146820068
0.8594181537628174
0.9900293350219727
0.5787560939788818
0.9397423267364502
0.588634729385376
0.6152989864349365
0.8196306228637695
0.846043586730957
0.8275015354156494
0.8355047702789307
0.5918781757354736
0.8598475456237793
0.81488037109375
0.8219664096832275
0.8883259296417236
0.8512246608734131
0.8359634876251221
1.0107178688049316
0.835608959197998
0.8325929641723633
1.0114665031433105
1.0588793754577637
0.8260712623596191
0.8200933933258057
0.8599808216094971
0.8606257438659668
0.8579864501953125
0.859471321105957
0.7818698883056641
0.812932014465332
0.8408865928649902
0.9393887519836426
0.8357641696929932
0.807767391204834
1.1820015907287598
0.8497602939605713
0.8037738800048828
0.8250391483306885
0.837695837020874
1.0350985527038574
0.8464622497558594
0.9709711074829102
0.8414719104766846
0.861191987991333
0.846961498260498
0.8066895008087158
0.888181209564209
0.8481893539428711
0.835059404373169
0.9970111846923828
0.8682327270507812
0.8489453792572021
1.0270638465881348
0.9713590145111084
0.8289318084716797
0.8551790714263916
0.850013256072998
0.8432047367095947
0.8619499206542969
0.8097608089447021
0.8058969974517822
0.835690975189209
0.8574461936950684
0.8080093860626221
0.8441691398620605
0.8018121719360352
0.8493995666503906
0.8367094993591309
1.029592514038086
0.8681802749633789
0.9774770736694336
0.8433411121368408
0.8651738166809082
0.8793106079101562
0.8106329441070557
0.8390755653381348
0.9156584739685059
0.8407838344573975
0.819575309753418
0.9989616870880127
0.8622136116027832
0.8669219017028809
0.8539237976074219
1.029207706451416
0.9723546504974365
0.8231770992279053
0.8564255237579346
0.8454015254974365
0.8474657535552979
0.8609597682952881
0.809772253036499
0.8098688125610352
0.8328840732574463
0.9438965320587158
0.8566622734069824
0.808199405670166
1.1845386028289795
0.8737750053405762
0.8057074546813965
0.8341796398162842
0.8616905212402344
1.0347814559936523
0.8487603664398193
0.9753618240356445
0.8690459728240967
0.8595016002655029
0.8502116203308105
0.8410189151763916
0.798222541809082
0.885251522064209
0.8453044891357422
0.8951642513275146
0.8510158061981201
0.9982597827911377
0.9918227195739746
0.8236587047576904
0.8367805480957031
0.8455736637115479
0.8727762699127197
0.8562440872192383
0.818091630935669
0.8639068603515625
0.9398238658905029
0.8393580913543701
0.8131375312805176
0.8783771991729736
0.8055717945098877
0.8260326385498047
0.8677611351013184
1.0169532299041748
0.8482718467712402
1.0008673667907715
0.8438436985015869
0.860435962677002
0.8615126609802246
0.8352665901184082
0.807105541229248
0.8431193828582764
0.823021411895752
1.019726276397705
0.8370347023010254
0.8546993732452393
1.0275356769561768
0.8310260772705078
0.8421642780303955
0.878756046295166
0.8482184410095215
0.8565011024475098
0.8110365867614746
0.9258749485015869
0.9974095821380615
1.101240873336792
0.8566653728485107
1.4273507595062256
0.8552291393280029
0.8298892974853516
0.8318743705749512
0.834155797958374
1.046903133392334
0.8471474647521973
0.9752521514892578
0.837216854095459
0.9576826095581055
0.8764798641204834
0.8161423206329346
0.8258905410766602
0.8907110691070557
0.8422043323516846
0.8296301364898682
1.0261204242706299
0.8326654434204102
0.8690183162689209
0.8776850700378418
0.9996678829193115
0.9705679416656494
0.8700969219207764
0.8596963882446289
0.7848329544067383
0.815911054611206
0.8552966117858887
0.9414877891540527
0.8356184959411621
1.2149920463562012
0.8480443954467773
0.8078024387359619
0.8315582275390625
0.866511344909668
1.011277675628662
0.8538267612457275
0.8870980739593506
0.8673756122589111
0.813823938369751
0.8035945892333984
0.9173192977905273
0.8444736003875732
0.8267672061920166
1.015862226486206
0.8416109085083008
1.0029962062835693
0.9933784008026123
0.8353879451751709
0.8404302597045898
0.853863000869751
0.8755075931549072
0.8612051010131836
0.7885315418243408
0.8383200168609619
0.8324975967407227
0.9406106472015381
0.8348631858825684
0.8299458026885986
1.178171157836914
0.8016846179962158
0.8618741035461426
0.8287777900695801
1.0240166187286377
0.8459150791168213
1.0047483444213867
0.8350024223327637
0.8571107387542725
0.876591682434082
0.7974090576171875
0.8950891494750977
0.8713884353637695
0.8230752944946289
0.9988210201263428
0.8308727741241455
0.892512321472168
0.8495497703552246
0.993943452835083
1.0008375644683838
0.8804831504821777
0.8590555191040039
0.901151180267334
0.7952361106872559
0.8329524993896484
0.9865968227386475
0.8481247425079346
0.8027355670928955
1.2032358646392822
0.8437249660491943
0.8087737560272217
0.8350100517272949
0.8545596599578857
0.8465995788574219
0.9794504642486572
0.875579833984375
0.8688347339630127
0.8486616611480713
0.8280849456787109
0.8880984783172607
0.8592562675476074
0.8281610012054443
1.0007421970367432
0.8681268692016602
0.8633654117584229
1.0143568515777588
0.9736614227294922
1.4625396728515625
0.8242664337158203
0.8414156436920166
0.856346845626831
0.8481152057647705
0.861426591873169
0.7762558460235596
0.8127772808074951
0.8263659477233887
0.9504122734069824
0.8461830615997314
0.795935869216919
1.1798739433288574
0.8484957218170166
0.807220458984375
0.8365263938903809
0.8313610553741455
1.0593409538269043
0.8604609966278076
0.9785287380218506
0.8471903800964355
0.8769099712371826
0.8431041240692139
0.819103479385376
0.8129851818084717
0.8842554092407227
0.8574059009552002
0.8255972862243652
0.9992156028747559
0.8634123802185059
0.8651008605957031
0.8760523796081543
1.0045950412750244
0.9686670303344727
0.8192386627197266
0.844088077545166
0.8512146472930908
0.8457210063934326
0.8573403358459473
0.794933557510376
0.8148448467254639
0.8240041732788086
0.9368119239807129
0.8392236232757568
0.8013081550598145
1.1727771759033203
0.8404560089111328
0.8067209720611572
0.8347504138946533
0.8268282413482666
1.0538780689239502
0.8436436653137207
0.9786410331726074
0.828233003616333
0.8211634159088135
0.8019773960113525
0.8903195858001709
0.8604836463928223
0.8228657245635986
0.9930257797241211
0.8697783946990967
0.8580112457275391
0.8678164482116699
1.0101478099822998
0.9758615493774414
1.4592311382293701
0.8178350925445557
0.8513712882995605
0.8422858715057373
0.7909877300262451
0.8137228488922119
0.8242566585540771
0.9363303184509277
0.8466043472290039
0.799746036529541
1.1698472499847412
0.8382668495178223
0.8017683029174805
0.8370165824890137
1.0538852214813232
0.9898316860198975
0.8423945903778076
0.871330738067627
0.8484535217285156
0.823887825012207
0.8069057464599609
0.8921372890472412
0.8591458797454834
0.8230304718017578
0.9954824447631836
0.8497958183288574
0.8580136299133301
0.8608245849609375
0.9950816631317139
0.9715940952301025
1.4854040145874023
0.8208260536193848
0.8447849750518799
0.8512110710144043
0.8537719249725342
0.7830250263214111
0.8140034675598145
0.8251471519470215
0.9403178691864014
0.8291540145874023
0.7977416515350342
1.1843571662902832
0.839430570602417
0.8112778663635254
0.8336124420166016
0.8338801860809326
1.0377209186553955
0.8445727825164795
0.9810957908630371
0.8414535522460938
0.8743793964385986
0.8497810363769531
0.8170275688171387
0.90116286277771
0.848616361618042
0.8249812126159668
1.0279872417449951
0.8806560039520264
0.8715710639953613
0.8953959941864014
1.0034801959991455
0.9715957641601562
1.5087192058563232
0.8277397155761719
0.8474259376525879
0.8852527141571045
0.8416197299957275
0.8621211051940918
0.797572135925293
0.8359899520874023
0.9374547004699707
0.8484482765197754
0.8226032257080078
0.8414428234100342
0.8081328868865967
0.845787763595581
0.8522427082061768
1.049499273300171
0.984938383102417
0.8722102642059326
0.8653292655944824
0.8445074558258057
0.8246958255767822
0.8287100791931152
0.8900265693664551
0.86067795753479
0.8463363647460938
0.853778600692749
0.8589699268341064
0.8613665103912354
1.0263655185699463
1.468982219696045
0.8192667961120605
0.8699460029602051
0.8537676334381104
0.8471360206604004
0.8202512264251709
0.8166913986206055
0.8285906314849854
0.9388456344604492
0.8681786060333252
0.801234245300293
1.1838107109069824
0.8620047569274902
0.8096544742584229
0.8298799991607666
1.0528607368469238
0.8484938144683838
0.9779026508331299
0.8470420837402344
0.888300895690918
0.8417620658874512
0.8238730430603027
0.8468344211578369
0.8947386741638184
0.8393716812133789
0.8226706981658936
1.0252389907836914
0.8828585147857666
0.8705766201019287
0.8961348533630371
1.000075101852417
1.4623692035675049
0.8493471145629883
0.8443713188171387
0.8562808036804199
0.8846573829650879
0.7945530414581299
0.8082473278045654
0.8170413970947266
0.9611663818359375
0.7861568927764893
1.1743805408477783
0.8695158958435059
0.7943785190582275
0.8366529941558838
0.8204481601715088
1.0716829299926758
0.8441693782806396
0.9768295288085938
0.8600709438323975
0.8369345664978027
0.8170127868652344
0.7964751720428467
0.9069335460662842
0.9924108982086182
0.850597620010376
0.8774030208587646
0.9896566867828369
0.9618656635284424
1.4841117858886719
0.887016773223877
0.8660714626312256
0.8663744926452637
0.8809161186218262
0.8053016662597656
0.8304994106292725
0.8396122455596924
0.8004169464111328
1.1953463554382324
0.8414480686187744
0.8125476837158203
0.8495774269104004
1.063601016998291
0.9963483810424805
0.8529443740844727
0.8874349594116211
0.8480803966522217
0.8265299797058105
0.8158485889434814
0.8939177989959717
0.8695542812347412
0.8356151580810547
1.0123944282531738
0.8855946063995361
0.8748714923858643
0.8757627010345459
1.0169954299926758
0.9856619834899902
1.4772346019744873
0.8322999477386475
0.8545575141906738
0.8711450099945068
0.8051848411560059
0.8231794834136963
0.8298428058624268
0.9415378570556641
0.8020741939544678
1.1835212707519531
0.8487973213195801
0.8496885299682617
0.8388500213623047
1.0757112503051758
0.8511936664581299
0.9916718006134033
0.8508884906768799
0.893770694732666
0.8482496738433838
0.828610897064209
0.8946802616119385
0.864438533782959
0.8322420120239258
1.0093626976013184
0.8838744163513184
0.871380090713501
0.8747644424438477
1.0101752281188965
0.9838473796844482
1.480015754699707
0.8247866630554199
0.8529517650604248
0.8631258010864258
0.8577699661254883
0.8678073883056641
0.802025556564331
0.8232150077819824
0.8351151943206787
0.9397788047790527
0.8547275066375732
0.7986845970153809
1.1871545314788818
0.8484518527984619
0.8147516250610352
0.8412706851959229
1.0653772354125977
0.8609812259674072
0.887789249420166
0.8430464267730713
0.8300368785858154
0.9030044078826904
0.8290224075317383
0.8956315517425537
0.8745167255401611
0.8804798126220703
1.0085344314575195
0.9836583137512207
1.4763481616973877
0.823920488357544
0.8582413196563721
0.8687691688537598
0.855785608291626
0.8742880821228027
0.8029401302337646
0.8238024711608887
0.8283369541168213
0.9375569820404053
0.8612852096557617
0.7967607975006104
1.1852984428405762
0.8526623249053955
0.8144478797912598
0.8565106391906738
0.8362224102020264
0.8605992794036865
0.9972958564758301
0.849153995513916
0.887465238571167
0.8450369834899902
0.8315260410308838
0.8191566467285156
0.8968205451965332
0.8668758869171143
1.0050201416015625
0.868657112121582
0.8632688522338867
1.0121815204620361
0.98114013671875
1.488199234008789
0.820533037185669
0.8501496315002441
0.8458445072174072
0.7929813861846924
0.8034307956695557
0.8184607028961182
0.8441705703735352
0.7923166751861572
1.2132954597473145
0.8389935493469238
0.826798677444458
1.0653724670410156
0.8486692905426025
0.9893043041229248
0.8453617095947266
0.8818557262420654
0.8464434146881104
0.8305115699768066
0.8185856342315674
0.8951804637908936
0.8570542335510254
0.8247566223144531
1.0012996196746826
0.89090895652771
0.8688433170318604
0.8755757808685303
1.006160020828247
0.9772980213165283
1.480987548828125
0.8546421527862549
0.8592486381530762
0.8433272838592529
0.8658840656280518
0.7918670177459717
0.8120219707489014
0.9382491111755371
0.8525347709655762
0.7971489429473877
1.1769452095031738
0.8472371101379395
0.8050551414489746
0.8435928821563721
0.8359529972076416
1.0691897869110107
0.8494880199432373
0.9930148124694824
0.8495168685913086
0.880286455154419
0.8449058532714844
0.8356232643127441
0.8146030902862549
0.9011883735656738
0.8639848232269287
0.8275983333587646
1.0035951137542725
0.868861198425293
0.8688147068023682
0.8806667327880859
1.0138964653015137
0.9840366840362549
1.4690570831298828
0.8266744613647461
0.8505375385284424
0.8555190563201904
0.8586595058441162
0.8646509647369385
0.7967147827148438
0.8229572772979736
0.8298745155334473
0.9442152976989746
0.8503715991973877
0.8114702701568604
1.190673589706421
0.8330378532409668
0.8115806579589844
0.8350934982299805
0.8433105945587158
1.0600948333740234
0.854351282119751
0.989694356918335
0.8550353050231934
0.8669371604919434
0.8448615074157715
0.8296012878417969
0.8259952068328857
0.9045178890228271
0.8547039031982422
0.8377764225006104
0.998821496963501
0.8768510818481445
0.8705489635467529
0.9813647270202637
1.4683005809783936
0.8334732055664062
0.8548026084899902
0.863253116607666
0.8532211780548096
0.8731269836425781
0.7993452548980713
0.8261091709136963
0.8255126476287842
0.9391803741455078
0.8614606857299805
0.7948527336120605
1.1781764030456543
0.8523039817810059
0.8014528751373291
0.853496789932251
0.8327009677886963
1.0631120204925537
0.8550331592559814
0.992821216583252
0.8435909748077393
0.8821814060211182
0.8398277759552002
0.8365764617919922
0.8123550415039062
0.9048945903778076
0.8702521324157715
0.823523759841919
1.0111064910888672
0.8501927852630615
0.8680860996246338
0.8776414394378662
1.009329080581665
0.9795928001403809
0.9411721229553223
0.9027540683746338
0.9114792346954346
0.8770637512207031
0.860835075378418
0.9885308742523193
0.8865118026733398
0.8370800018310547
1.2428619861602783
0.858522891998291
0.9810800552368164
1.155625820159912
0.9132101535797119
0.9466018676757812
0.8954496383666992
0.8869891166687012
0.8903684616088867
0.9827871322631836
0.9122943878173828
0.8753814697265625
1.0526785850524902
0.9338746070861816
0.9151155948638916
0.9127850532531738
1.0444538593292236
1.0505738258361816
1.5380733013153076
0.8669512271881104
0.9194390773773193
0.9017422199249268
0.8977360725402832
0.9113593101501465
0.8306360244750977
0.8593771457672119
0.871192216873169
0.9679262638092041
0.8849546909332275
0.8239998817443848
1.2287061214447021
0.8798081874847412
0.8448355197906494
0.8892917633056641
1.1344006061553955
0.8859002590179443
1.0310630798339844
0.9260926246643066
0.8837168216705322
0.8647222518920898
0.8521695137023926
0.9332597255706787
0.899986982345581
0.8621225357055664
0.9325597286224365
0.9069938659667969
0.9110167026519775
1.0474205017089844
1.02142333984375
1.5362019538879395
0.8604457378387451
0.8937075138092041
0.8849496841430664
0.8896844387054443
0.8965568542480469
0.8390882015228271
0.8498761653900146
0.8629934787750244
0.9929587841033936
0.8832888603210449
0.8435378074645996
1.2303996086120605
0.8886044025421143
0.8417513370513916
0.8760502338409424
0.8719184398651123
1.1098105907440186
0.8922140598297119
1.042102575302124
0.8788032531738281
0.9220747947692871
0.868915319442749
0.8621888160705566
0.850438117980957
0.9399468898773193
0.8979630470275879
0.8668408393859863
1.0486209392547607
0.9147889614105225
0.8956549167633057
0.9171526432037354
1.0516188144683838
1.0247206687927246
1.5557429790496826
0.8644421100616455
0.8930513858795166
0.8971703052520752
0.8777787685394287
0.9088482856750488
0.8888394832611084
0.8643217086791992
0.9750337600708008
0.8274078369140625
1.2414445877075195
0.8467249870300293
0.8811962604522705
0.8614017963409424
0.8876285552978516
1.0232741832733154
0.8796789646148682
0.9358010292053223
0.8745057582855225
0.8676705360412598
0.8425276279449463
0.9409728050231934
0.9032225608825684
0.8604099750518799
1.0508525371551514
0.926081657409668
0.920907735824585
1.059676170349121
1.0274839401245117
1.5520224571228027
0.8525562286376953
0.8876028060913086
0.8869097232818604
0.9034881591796875
0.8378350734710693
0.8485352993011475
0.8607711791992188
0.9801023006439209
0.8898880481719971
0.8413558006286621
1.2479097843170166
0.878401517868042
0.8467650413513184
0.8895576000213623
0.8735458850860596
1.113661289215088
0.8828375339508057
1.0403695106506348
0.8889086246490479
0.9146814346313477
0.8854358196258545
0.8686878681182861
0.8607416152954102
0.9335956573486328
0.9006516933441162
0.8711977005004883
0.9254026412963867
0.9109997749328613
0.9164979457855225
1.0594325065612793
1.0138297080993652
1.5285887718200684
0.8567202091217041
0.887624979019165
0.896916389465332
0.8809623718261719
0.9216017723083496
0.8388354778289795
0.8555634021759033
0.8723363876342773
1.0260741710662842
0.902691125869751
0.8354840278625488
1.2226150035858154
0.8821804523468018
0.8399474620819092
0.8809268474578857
0.8620223999023438
1.1095056533813477
0.8958954811096191
1.0266563892364502
0.8819797039031982
0.9223239421844482
0.8709728717803955
0.8716542720794678
0.8381228446960449
0.9349219799041748
1.0536210536956787
0.896047830581665
0.8932044506072998
1.047295093536377
1.014134407043457
1.5181961059570312
0.8683948516845703
0.8919296264648438
0.8973867893218994
0.892221212387085
0.908449649810791
0.841510534286499
0.8633434772491455
0.8725166320800781
0.9725346565246582
0.8906033039093018
0.8481154441833496
1.2469346523284912
0.8722696304321289
0.8688709735870361
0.888319730758667
1.1062557697296143
0.8978292942047119
0.8816695213317871
0.9201855659484863
0.8640813827514648
0.8573870658874512
0.9382433891296387
0.8673882484436035
0.9527876377105713
0.9125368595123291
0.9279813766479492
1.0412237644195557
1.0289764404296875
1.5272448062896729
0.8682825565338135
0.89198899269104
0.8927698135375977
0.8855462074279785
0.8255407810211182
0.8424239158630371
0.8567800521850586
0.9782414436340332
0.8900253772735596
0.8211548328399658
1.2249336242675781
0.8417913913726807
0.912555456161499
0.8562021255493164
0.8822183609008789
1.0314037799835205
0.8744618892669678
0.9221527576446533
0.8687393665313721
0.8591601848602295
0.8338208198547363
0.9257981777191162
0.8991415500640869
0.855719804763794
1.0603270530700684
0.8799247741699219
0.888847827911377
0.8913366794586182
1.0407304763793945
1.0110714435577393
0.6204421520233154
0.6024243831634521
0.7245156764984131
0.7094812393188477
0.6858654022216797
0.5709431171417236
