1.4790855467756985
1.4800768050918653
1.546573255787914
1.5274295244767977
1.4305045288651128
1.4334762672593109
1.2167700706961222
1.4556936052034004
1.3807967226238855
1.3991377324263465
1.4314181191083017
1.3910194164689837
1.3842965044996454
1.225558324941253
1.4666729288743228
1.2266555737196767
1.4797664034604863
1.2160512407141795
1.5507307215991657
1.421500984533583
1.5658426190038472
1.4171928237180462
1.4501045669568453
1.5653023344392
1.4812568870422684
1.442074413337615
1.4746269037787711
1.5275308642252179
1.8301744167949694
1.6230853297498378
1.476812831910798
1.6421516581335345
1.7006079318217204
1.500292935303612
1.5589282711977461
1.4861636947170007
1.250203547015216
1.503199435846544
1.4562595953000013
1.3925046980896176
1.6188574931045236
1.4172796842078028
1.5927725843843925
1.456984114556742
1.4600393882674065
1.4569031400838872
1.5430056345046421
1.546911109696586
1.5407081502152657
1.437009835676205
1.207748010112781
1.3982342758674746
1.4445633472172226
1.4893786461598628
1.4499634076075316
1.2491107540698614
1.3852267433078853
1.4601391826419965
1.436699756114207
1.3680690884839963
1.5371352528397058
1.2928546785062252
1.4707895192931486
1.3256640909475377
1.504379565750222
1.5547832787136961
1.4275541214783969
1.405021349123776
1.5041042344274802
1.4717343522776325
1.5050426077071566
1.524184353399687
1.5155724391022054
1.503162814527283
1.689528412778965
1.677588755764932
1.469052746647738
1.60699553867557
1.746306948009751
1.4512812547483565
1.5649018634690386
1.4553781823821528
1.4877337269484228
1.5030844621260093
1.48728905787278
1.6648959646013244
1.504649022545858
1.4776232334179895
1.4296766318936278
1.4338581862615007
1.4622435709255504
1.498537755664019
1.4734429331351209
1.4068483217203922
1.4765777223324972
1.5708154724442722
1.5265789723326506
1.5634556153905812
1.4455501956567924
1.2308222736992258
1.5205963009708539
1.5292839946180607
1.5354149444369734
1.5010573859532796
1.300449992059957
1.386686180282033
1.2767172015369577
1.390318801055304
1.4842676664661236
1.4077071222718678
1.4089715401796492
1.3076575065164886
1.563744577122165
1.4108663426382564
1.60363822090553
1.5903941364033258
1.256233909621961
1.4528895204202918
1.6078548222017197
1.4831649178112085
1.4516026106131874
1.9154852241333793
1.6512553181951968
1.4672516699755433
1.5582251091065118
1.6498948155326627
1.425806898008775
1.458832480632244
1.687239752979929
1.467535755765114
1.2794320558561354
1.6158154520279724
1.419764421813423
1.6577835855447585
1.444757021251258
1.6367253533115576
1.567842243350235
1.2057429497806662
1.4423778558685771
1.4542421998387982
1.4287172852862697
1.4540401842010602
1.5599991001068179
1.4946410210387318
1.3057120670107587
1.4444448446005569
1.4037852084219768
1.3875094090067757
1.4773713463633158
1.4903308007027607
1.4751609133876176
1.3723538979328598
1.4109456602707868
1.4191333758824298
1.2423423413644334
1.4261319623691948
1.541419164719305
1.4873360345181672
1.4335679209265886
1.5745245205765572
1.4963153722634919
1.4796060039576637
1.550853513227256
1.484218762398961
1.5001415994876361
1.4537341524052825
1.8003835933384007
1.6758615522127005
1.5728893906988235
1.6231380508834383
1.7011781439619538
1.4934699692386906
1.6922957306754685
1.5160895997000554
1.40630184392053
1.539944531436605
1.447500618303549
1.3963128834394214
1.5989413062544993
1.5920999953525028
1.380942715055941
1.5216531529637425
1.4943550997451842
1.3242523410521716
1.4328000238738614
1.3757904620325896
1.5229284551732014
1.4864977733917732
1.4992644964508939
1.2866131574840547
1.3701179901877696
1.4488044341472868
1.4204138532194648
1.5442666539795897
1.487925263858812
1.5161649654098417
1.486298644415424
1.3275481551024313
1.2298194342753983
1.4932155597028085
1.3880824171276507
1.4073331899845516
1.4207177763496486
1.5061288804682729
1.618314572501401
1.4583417900873152
1.4504155808205375
1.4704393008463534
1.6222833329483888
1.4364796463667782
1.453638363852648
1.4564092597882712
1.466636580740835
1.476107934807526
1.9638416611143286
1.670426861859731
1.6469586046100924
1.469878796157363
1.591619339187861
1.7556930589107422
1.6869554614156184
1.5021988793637036
1.428945323895929
1.5127895357628522
1.4621643310374064
1.4693816012642318
1.514078067003868
1.4465564875023942
1.4660796212141518
1.8006942507525847
1.5799099411240012
1.5613567453473516
1.5832904172354683
1.300609037860676
1.5763937325820634
1.4454433822791246
1.5631789709765465
1.5288680088666526
1.23516688914543
1.5271198345256118
1.4214438802696152
1.5953247563716115
1.4527264562253808
1.4042630212867697
1.3371403559398254
1.3231365574398142
1.3743207775573043
1.547585313306693
1.2902303856152155
1.5098217332878738
1.407312413682288
1.5054375811868603
1.545783994881903
1.2118558265298096
1.4676934270827064
1.3700999146549477
1.4487472209035712
1.432362202471282
1.488350442940046
1.2515361730904422
1.4727223657615456
1.4302685373292965
1.1945832134226173
1.4841090862224942
1.4351441092550994
1.2546580242938252
1.4672328035772193
1.2974344465602703
1.4179052240198193
1.5549004143956278
1.3925919653634555
1.5618975519568896
1.5163496630317086
1.5682070623103794
1.5057755865941498
1.220486515028137
1.457659521764924
1.4854488229251097
1.450239649204749
1.8298512120725525
1.5780590356409816
1.4466435896125591
1.5820259670333943
1.751879609238693
1.4756243110886367
1.5895575410096292
1.5086584266371161
1.4552080760693882
1.2087039324725124
1.57604840538123
1.5009435578745651
1.6816231716325905
1.4949486924182633
1.303151144687228
1.4890638062853998
1.4744735700261384
