1.226333626935582
1.115986985753297
1.2389749623998745
1.234367812120682
1.3241128487117069
1.3243255196794301
1.3179041400761558
1.1110678786279073
1.2396495046062113
1.2241646573306053
1.3119791485819468
1.322986638456087
1.3294540755990503
1.3171717720301497
1.2470629569993852
1.2403338599169995
1.2313162385982712
1.3249196131005114
1.2455538023034256
1.2308064243043972
1.2326983080606444
1.2221180145511406
1.2334872583734484
1.3216165195123923
1.3345012426429783
1.226146026741988
1.2336049316853397
1.3170683622372248
1.3193433222874267
1.2427961100985068
1.2317106459994702
1.2376697327906232
1.3147259250729808
1.2365005147586452
1.1129535229177314
1.118256509054774
1.2268402224162902
1.3269003385224367
1.3183885470890797
1.2303631444645835
1.127287111227456
1.2264835741695324
1.229009140668348
1.3183479481502578
1.3189736116995807
1.2291958480810168
1.232210964184892
1.3134861985406485
1.3274772439418474
1.1084397099052077
1.2338454125891098
1.2299430741161037
1.2456281303471242
1.329981423327416
1.3385240026361165
1.2351575203370833
1.2242250297133392
1.3250768022475874
1.3191377531999788
1.3275636596375426
1.2380457764066548
1.1138071637064217
1.3197098062456394
1.3218434737602007
1.1225322205049255
1.1062772861762555
1.1216987073936169
1.2416694191872377
1.3213623806346675
1.3274047737503485
1.2528478426655523
1.3238116317412616
1.2292270396601555
1.2318258529220885
1.2264167382751843
1.3299637689407748
1.3192391049508712
1.2293738231215632
1.2484162844785986
1.2286334865593649
1.316556480426923
1.2350787508096086
1.2484959408608411
1.2331627536300807
1.2451929863066475
1.3217541640725226
1.2264004992526238
1.3190879004120177
1.230274002671144
1.2392632892573623
1.2398465902871525
1.3272926721476168
1.3236478941726295
1.3214353254554307
1.229174597820596
1.239618022226473
1.3224278950040012
1.232451521201437
1.239468033201101
1.3239604987243707
1.2336800368637653
1.1195232618854847
1.1234238493858373
1.2467570825303864
1.2348524463276045
1.3163397770584429
1.3175768514425155
1.323893177051915
1.22552624242537
1.3160504331077443
1.2432329038336043
1.2283518598332035
1.317774637447184
1.3108019608385544
1.3181821014135624
1.233788380008393
1.2354634155961175
1.234163033183764
1.3270088346137707
1.2351351455882105
1.316719029435693
1.2346893326308486
1.228736298490754
1.2363325049892613
1.2309728253570298
1.327599666686339
1.2328075104889595
1.2341848645342386
1.2315927792909231
1.3277285840261779
1.3282981813862798
1.225899973868022
1.2293458528330834
1.2336136556715105
1.3151469541821432
1.3208655416994721
1.1099429717368101
1.1384945853270285
1.3210915593660135
1.315054922936682
1.2378991074872374
1.3154904581636417
1.2289417620170824
1.316782271337692
1.2291304900707696
1.2575604814245995
1.226949665120884
1.2305825539509654
1.317376981957729
1.326919172855027
1.228834835343228
1.319580695971447
1.2258234737350961
1.2386559259092476
1.328820424021361
1.2329242529193072
1.1162160586295213
1.2277629857040193
1.230402392657931
1.311187193955826
1.3213532499754546
1.2418679546793876
1.3290251169882734
1.2316630315009132
1.2287157960712316
1.32044218487798
1.337437363519828
1.3281831185359485
1.2310353395217777
1.2257945513412423
1.323746171804041
1.320551893573411
1.2302846352847852
1.3174219406418755
1.1236204077180947
1.236324482606378
1.2296704313158275
1.3199489110512503
1.321712766760285
1.31166982602459
1.2255020456958814
1.1333363832445444
1.1158612228195013
1.228888465431202
1.2280467685295433
1.305683823396774
1.1201357019803388
1.3147984097314909
1.237405545219244
1.2373310917487914
1.3176992305944597
1.316374634187169
1.2352392234359704
1.2326105306451598
1.3186372224480347
1.2254337142624376
1.323483978035629
1.1174855025683628
1.2395022118716588
1.2334686890314999
1.2244698985264022
1.3223074590583535
1.3269701974323194
1.2296632682325277
1.312189814485386
1.320659674407618
1.1149713419782283
1.2420018039269587
1.2176451014520688
1.1208228132069176
1.3221072404746042
1.3302505528839301
1.232903818379223
1.1147981569658603
1.1135821878762497
1.2352001326422464
1.2203184402250218
1.2254586193745571
1.3190219177474565
1.3222285347207525
1.3099344163348687
1.1144184072681038
1.230095505542105
1.2241223089617108
1.3316973973294859
1.3198736399060504
1.3223967969992672
1.2297575803714687
1.23070346377463
1.23862678404665
1.2272105227379915
1.2577526940986719
1.1099165430980724
1.2314550398789907
1.3192188454299554
1.3198708732077482
1.223896713167735
1.3205867760763732
1.2390512578411559
1.1174834038367636
1.3157011312161768
1.3149151292374304
1.2256460860549774
