1.7158909933044755
1.6202364266249087
1.6183061491530077
1.68396901592048
1.618456348649757
1.5220237381867439
1.5739515829541577
1.67887834859146
1.5643877201825576
1.5288113140523476
1.6852560729146469
1.7372271342269778
1.5268674205439217
1.4959902781378656
1.6311822012459973
1.6198243671142591
1.6331208087783395
1.4317664280252544
1.5781452097645152
1.7620420328047943
1.6241291529939679
1.6439735475645803
1.68433815895952
1.555311161724143
1.5299120394453225
1.644172379061636
1.7033383435839848
1.6586479299698051
