1.4500068669670074
1.3813934110350627
1.3990176421434082
1.3981758020661268
1.363214323744205
1.3507647844676736
1.4268048694417244
1.4950800094031786
1.3999538390054203
1.478329032327819
1.3983535866141052
1.3644633566008026
1.4085649199417007
1.3721281476543912
1.330775515365734
1.2407940437597202
1.4823296329809843
1.2520370279678488
1.3381652947801586
1.5075707948204786
1.3350084847633559
1.3543338391524693
1.4036704618585003
1.375009710479986
1.4518748249288356
1.2514632511902326
1.3155638256497895
1.4918590737514033
