1.0769516139063695
1.0789948626184789
1.0767964447254137
1.0142620654669183
1.0282728461019828
1.11375177996715
1.1020829954075222
1.0803767100400516
1.0877470177493562
1.0796209570153132
1.0816858721961806
1.0808943243830949
1.0916967092567953
1.0849062389272925
1.002674212251461
1.1081283701430966
1.1078158083949197
1.11514687330247
1.0054894856352565
1.0839120212893367
1.077108839448757
1.0895842678020036
1.0189747447506952
1.0133347098135053
1.114062443919231
0.9982149090681083
1.0231448963608096
1.00887524120283
1.0894884665460136
1.0815971105033242
1.0786319708027243
1.0801551508817422
1.0771118885149769
1.0248220364470952
1.0359482033825214
1.0962133065852686
1.1136839662798852
1.1055158968839027
1.083967108607552
1.0833289222787432
1.079571436892751
1.0874169472769875
1.077547409686817
1.089290749214362
1.0659930194389184
1.0887164107388372
1.001481777358118
1.108903328704906
1.1078107881853008
1.1115952868972483
1.0798939412289894
1.005006942601039
1.0793585234102585
1.0778230771953516
1.0845835386418792
1.0162092416537682
1.0850747419630937
1.1092623125753471
1.1096620973416036
1.0710812104192924
1.0312964075316182
1.0860621588709074
1.0783419665642966
1.077696531856625
1.0774224163837725
1.0770564162084357
1.0193858672897635
1.027299157066846
1.116574010812369
1.1083282957074563
1.0986142758312714
1.0811035519232939
1.0928182764455143
1.0795096542915705
1.0766399883052138
1.0806155588863988
1.0854354765161707
1.0663581811034661
1.1086373979155928
1.0022788647726801
1.1126632112892088
1.0165101749506156
1.0762764242913205
1.0761525228877875
1.0761573248408516
1.084420055033773
1.0110587151104733
1.013573084972136
1.1087747617340082
1.1138165131158686
1.0704149504627107
1.0176954720141882
1.0128829585327674
1.0894879981927499
1.0803458482113846
1.0785136003582896
1.022893917662567
1.0245285154712627
1.1146761236677003
1.1164155836845857
1.1013181252684003
1.0836000304859903
1.0861961396010416
1.0776215807789795
1.081658842947719
1.0797780920202131
1.0673942248254353
1.000971156942347
1.0864448925179897
1.109607481492089
1.1120774270864937
1.0150523067913333
1.0072795676261945
1.080702779701928
1.0776413830991962
1.0843972339049521
1.0169354254579563
1.0790217604873145
1.1085693421400569
1.1103425952430857
1.071090586056511
1.0269510881091153
1.0101545830445002
1.0863854898720775
1.076984985614926
1.0788679039166917
1.0766622681077944
1.0252990756405211
1.0878622271006093
1.115730518067037
1.115257446582867
1.1068065476872193
1.0816773458404803
1.084938185143419
1.0859798157335394
1.0797075297463694
1.0796013027306377
1.081790570070449
1.0643771642812085
1.0917581867758561
1.0044181000568648
1.1155413977620636
1.1080707103015044
1.1035791292453219
1.0743334638248279
1.086751471438108
1.0732916051627401
1.0861303078043334
1.0193225466069145
1.0763298074129048
1.1147918785506066
1.1148165401658496
1.0717531409418393
1.016952933989823
0.9936115220990551
1.0869726374921997
1.0785671251548397
1.0824870410901273
1.0839536249877955
1.076841987797494
1.0061858292717984
1.0933313590038847
1.1115993195727145
1.103545103378905
1.1185626350075077
1.085995150188715
1.0839071933161295
1.0771675559705982
1.0906615301556133
1.0676872590163953
1.0789127107325
1.0805433482764961
1.111731987974619
1.119566219714779
1.0770270829927189
1.0762134316769059
1.0906369766384554
1.0793810305601446
1.083094189000081
1.0852785642498433
1.1119754225479481
1.1194011646185371
1.0734761442544114
1.085778970350185
1.092719993545765
1.0827460265613742
1.0807223821380454
1.0776085260472916
1.01557899432187
1.03029167617647
1.0926695428730804
1.0935183531380517
1.077370404000117
1.082736720899802
1.106175195781967
1.0820254365319162
1.0811688305836995
1.0763708917672998
1.0675230580440844
1.09422712239516
1.0061614178522276
1.1112216528419863
1.1114487167356748
1.1109540119443382
1.081891774524231
1.0764702085222249
1.0781903644818198
1.0760665581015056
1.086085216681045
1.010034338501205
1.070939699277977
1.1118905367674947
1.112406646233922
1.0685079212628865
1.0896037208352236
1.0898017235191906
1.0797482445418913
1.0890952993777423
1.0785492395536223
1.0097335031177304
1.0283572601393234
1.086326527258433
1.132886862610195
1.0803631812179457
1.1100660041553783
1.0860421253949468
1.0794864090002936
1.0840103933117626
1.0782540684482633
1.0675383648967811
1.0913674913475637
1.0181483914936147
1.0814137256449023
1.1267433582891224
1.074708260457428
1.0718713055728728
1.0926916847788184
1.0281539868122973
1.1100071455982672
1.1133385904207174
1.0729231668114938
1.0417488325054354
1.0203577922785794
