0.3182355906122414
0.33542757553230607
0.3465422131040399
0.298755659714239
0.32275376120195975
0.3188530727974894
0.33931636688878186
0.3190644240890532
0.30181881452878656
0.31925167629255025
0.33707397280658513
0.30382291148957263
0.3275829999208991
0.3606754470734531
0.3204873431966828
0.3194188355354868
0.29272147138393456
0.3364608125153814
0.32471049772659855
0.3263738181605752
0.2974183839487681
0.29960852407135796
0.3625218770091828
0.36785473359046894
0.3030228826568469
0.2961826184234173
0.290755948839353
0.315915432695397
0.3183042584106184
0.3368749848497282
0.33610831422626236
0.34625851362377535
0.29549520143229036
0.2857704144783163
0.32260956025143506
0.3187033643549316
0.33912873300730384
0.3187971497479186
0.3020771649782713
0.318658502603026
0.3203297943220357
0.32128291301245804
0.3048821226890469
0.33806146025556044
0.3033914441230186
0.3499748260933502
0.32021283869072953
0.31899339035671603
0.30722075343349803
0.3270301473006163
0.3250960926580003
0.3258234986978453
0.2996000277859875
0.36261705757917884
0.3674470951905252
0.3021725206957894
0.29454207372396557
0.2911634705570245
0.31549754333723234
0.3190283112399951
0.3376641961712431
0.3358742616983712
0.34673108354948
0.29429634430477414
0.28556958638756574
0.3225603618973178
0.3182556029190131
0.3392122642673148
0.318733699769267
0.3016614902648926
0.3171695297204187
0.3186674722874858
0.3224328607518707
0.3174207255292938
0.30478960384283793
0.336415351428655
0.3038985069689306
0.3279648287108822
0.3611077651507346
0.32066178747532126
0.3186611338244882
0.3071368477195847
0.3375649743728497
0.3243843813619234
0.3259150972826122
0.29772415833578425
0.29962660008745123
0.36235688243310643
0.36718832559348275
0.3018478642167335
0.29690767947931124
0.2903229652005854
0.3151896208738939
0.3184692890517955
0.337224357969212
0.33616802567777926
0.3459778452598243
0.2961288653275035
0.3236649686365328
0.31872995043105085
0.31751098192612837
0.3019605603378716
0.3181541036239298
0.3218962257377127
0.31701107546169954
0.33510141702926705
0.3038543980183641
0.32800345076557735
0.3498720036953411
0.3211301331634235
0.3175402088244002
0.3070825165949179
0.3271808370802025
0.3247467265365248
0.3260960269123352
0.2977110090341144
0.29918320838807927
0.36757683266543006
0.30184529872754057
0.2956814211783807
0.289743161061078
0.3156540766648953
0.3431526430119626
0.3407086838434754
0.35186983087480894
0.2973792968420509
0.30389371273138277
0.32814734717366717
0.3240651210052837
0.3426568897397888
0.3223048656157542
0.30665450389833726
0.32334607649029135
0.32458826688426196
0.3275446883726061
0.32251593994213523
0.30940968749115405
0.3428181413135487
0.3100505860845134
0.33589070818795264
0.36399820672172345
0.3252717858666331
0.3216657883159971
0.31304130026081134
0.33260326189034684
0.3302438387147497
0.3326905313278141
0.30332317368855055
0.3688407192683069
0.37315227535302464
0.30504726767059964
0.29853718430788106
0.29637624609875746
0.3203976158421463
0.32501009646534423
0.3418994769823539
0.34004222565455594
0.35186015508990826
0.3019309818410195
0.2887729103064193
0.32597987003518064
0.32224104999557074
0.3436900712378122
0.32524371924105955
0.30884248846122786
0.32123591183582767
0.3214085049810498
0.337187266924626
0.3190746899653825
0.30845472089349135
0.3382715876264622
0.3093372882676551
0.33213387397943883
0.36379938698827263
0.32419530690309517
0.32254407676270386
0.31230592080782954
0.34219462647887444
0.30229816668983167
0.3060502544558339
0.36650713222540265
0.31958094975624185
0.2978551211584068
0.2956838519726789
0.3207714151280412
0.3233952067251953
0.34393660240575863
0.3401652234211351
0.353110406782726
0.311385752333612
0.305299039211008
0.3287780247914466
0.32573523362446355
0.34406644242562945
0.3317106961827605
0.3076794801562289
0.3227621139155096
0.3282149427162658
0.32114905164528135
0.3097848608651927
0.3435298825784136
0.33908817221717197
0.363862081873899
0.3215897270232887
0.31321132933691
0.3439629861478838
0.33280271420527885
0.30147007978484597
0.3678909682573541
0.3721091706791912
0.304132726995114
0.29762928459034943
0.2984209334587088
0.3209272801208705
0.3249466021561958
0.3265159337656026
0.33842858916138263
0.3187101210667438
0.3033245689694778
0.32755369436496773
0.32187590216239376
0.34435475699967083
0.3229718560700372
0.32587478527969505
0.3231653217383623
0.33676514427373977
0.31794833544577855
0.3360833928163746
0.31034160264186733
0.33107856973611804
0.363995242979297
0.3234708261861694
0.3218867559711393
0.3121591661496639
0.3299716049904282
0.3299175871049522
0.3281632904030902
0.31625291985282866
0.3055361602111729
0.3656881044125259
0.3718993664554176
0.31941042503412376
0.3000050788763544
