0.3419814078750103
0.348585576466161
0.31726829537249557
0.299605082598349
0.3396405542824772
0.3827717875405017
0.3226924113644984
0.3601555179767527
0.36189699733879205
0.36769242795530716
0.372185387476171
0.3058224778103187
0.3719429611308863
0.3827837214843451
0.3716114271667019
0.39673970948527737
0.37288715823100416
0.3821554751994085
0.3886761151825299
0.3609304813331525
0.39339623330255924
0.3259282506837107
0.38098687597681413
0.38069927939693343
0.38922193246449355
0.4100580248153249
0.4012525322518342
0.43109888463186763
0.40999388296255235
0.3907610259698924
0.42692799975259543
0.4221686226839839
0.4250972869170485
0.4486079017596658
0.46806824886910003
0.4253587000930603
0.4599888931852948
0.43082989031334595
0.4335963843122431
0.43245107107657493
0.3664019454536589
