0.5113001621832354
0.4637348315770128
0.47897814876595723
0.4849757169770274
0.4446091624784062
0.4138245516739143
0.4730170815250029
0.4953317191186264
0.4764803946533921
0.48871060891350104
0.458422960100547
0.4399233203108124
0.46780250695153863
0.4622465403274443
0.45786512791538425
0.4157886266662445
0.5038317141749188
0.4119501159919208
0.4551143153619135
0.5257537812030968
0.4253713686933602
0.4401662462815499
0.45494632431477344
0.4603502502440495
0.4714855664920053
0.40533237579292014
0.4828282338266918
0.5054738087134096
