1.529739191966545
1.5274752401215241
1.6913434549386903
1.6900558180256926
1.8183705610700935
1.696626678028178
1.8174212365423905
1.5267221516170422
1.6963205132221633
1.6871854652757914
1.688501639368309
1.6892663688213303
1.5347852702149969
1.6896995812456446
1.6920832694926171
1.6874032946865427
1.6911819444040737
1.5285412452210472
1.528584708099143
1.6887451680825032
1.6837548315294801
1.6968794909141365
1.6865433853991694
1.688737030817863
1.688767887794573
1.6879247475389199
1.6937097520835311
1.5203291079686312
1.5423377052232943
1.811145583590699
1.5272688626781041
1.5267664905053728
1.5309193398257286
1.6896136345093777
1.8258096854397337
1.689095193512865
1.6827626510990885
1.808317071860412
1.5290653362839135
1.694509031299543
1.6918099959811035
1.7012628094426516
1.8155982646663646
1.6948240405390633
1.531534793279347
1.6921355387562613
1.692606618437967
1.6882335132984396
1.6878774902497067
1.531514185021864
1.6846974072025884
1.5278570588351426
1.6898400824703745
1.8140172229697473
1.6848166277045498
1.6928968579743757
1.6918358298487015
1.7028175024267018
1.6921235063489763
1.6920137482148292
1.5267151470605855
1.8123802259631892
1.8124464698910279
1.5208297241519515
1.5312124461917007
1.5246710101905911
1.6890666165244803
1.6949731718926002
1.827419424702505
1.6839358163045832
1.8136872636560153
1.5312829105808548
1.5281104670045864
1.6907885954646225
1.6933784615447651
1.8092747004299252
1.7034690071766174
1.6918762757519579
1.5269495546273444
1.6913914162335826
1.696117178218589
1.817695416621713
1.6885932276566953
1.5222739038909117
1.6957922103131913
1.5307010923332824
1.690801385721866
1.5281810441027945
1.8159401977452718
1.6914524158752722
1.6861755891844783
1.6877829627430623
1.8272104810067522
1.5294967795004202
1.541298952515319
1.8137968707542875
1.704385143711701
1.6910098247929937
1.6857168047282203
1.5310328452343924
1.532059968008826
1.6942250227661897
1.6932496648024833
1.8148598994471923
1.7035631932669713
1.8221146838144735
1.7003007716408176
1.8142240932942926
1.6839234097847837
1.6864369705645814
1.6856102173872238
1.8089704710458192
1.8183283791684004
1.5174714711045723
1.6958985144151821
1.687007154111328
1.6893225593087728
1.6922059419976785
1.528155998179929
1.7016326748622996
1.697458052258954
1.8114128885245642
1.6912566740675645
1.691513980286045
1.8147929812335393
1.6893950110752387
1.6973924773417268
1.5289675425452025
1.8162629092618172
1.8164565415084322
1.526460833686776
1.541279142066298
1.5286905539228934
1.6913221890028514
1.6899296962184216
1.531457870399773
1.6472662721633198
1.6946709746421742
1.694187138154567
1.6962236266707686
1.696302135784783
1.6867188506550739
1.8121551927866675
1.6887308597125696
1.6949417034151582
1.818773764734449
1.6915012529302385
1.8086755362200446
1.687355870738821
1.696814099706252
1.5369234861624221
1.690064369499823
1.8150947009633165
1.7037144339855417
1.6901515915691168
1.6942832355645743
1.6863380511900783
1.6877798035512377
1.689159359602994
1.6873874908785178
1.6851847321257296
1.5328300476266468
1.8118002303669218
1.8132105403727394
1.6878822600316818
1.6852781463552144
1.5264788667020572
1.531566155057169
1.5394027009066635
1.8116704578190943
1.8246572225884279
1.5389617861675082
1.5373751805037148
1.5327065948537855
1.6916172303778396
1.690618302614062
1.8115252119707215
1.6883611651218224
1.8078700997401704
1.532429155113872
1.6874071139563542
1.52462008028891
1.6962386662933326
1.691416534437938
1.8181793446952852
1.6900916240146189
1.529721424073059
1.6949989691251417
1.6883091711478735
1.6918209079281494
1.8142744619978997
1.531838854451307
1.692128200176595
1.5308917111360703
1.690304730432702
1.6803842174963308
1.6862579476032324
1.692859353315318
1.6875729814319123
1.687222084623351
1.6954948579793776
1.527069027452037
1.8238349221386372
1.809539797421482
1.5303255380478695
1.5264121426283583
1.5277635320012206
1.696292281604605
1.7010299534009843
1.6923003686359224
1.8250324617643239
1.6910683423802861
1.815261842288191
1.5345256756343022
1.5279492096951726
1.6916182533433857
1.6933376332200565
1.8134927882382188
1.6881299869325832
1.5270971964084958
1.6860130215060276
1.6923292580241942
1.6867459086277103
1.6944588550545456
1.6933748570792164
1.5286630276328372
1.6918985743986101
1.5325607184265702
1.689547289332263
1.812979606640571
1.6879567144685415
1.694500612368418
1.7023460926381178
1.700541311207913
1.814959373513077
1.6952840325701402
1.705070823206645
1.526501216188521
1.5245579891808927
1.8128511248690533
1.8062947346437384
1.5294758118360605
1.8117976733688241
