0.1674416
0.1674416
0.1860464
0.1860464
0.2
0.1860464
0.2
0.1674416
0.1860464
0.1860464
0.1860464
0.1860464
0.1674416
0.1860464
0.1860464
0.1860464
0.1860464
0.1674416
0.1674416
0.1860464
0.1860464
0.1860464
0.1860464
0.1860464
0.1860464
0.1860464
0.1860464
0.1674416
0.1674416
0.2
0.1674416
0.1674416
0.1674416
0.1860464
0.2
0.1860464
0.1860464
0.2
0.1674416
0.1860464
0.1860464
0.1860464
0.2
0.1860464
0.1674416
0.1860464
0.1860464
0.1860464
0.1860464
0.1674416
0.18666178461538463
0.1674416
0.1860464
0.2
0.1860464
0.1860464
0.1860464
0.1860464
0.1860464
0.1860464
0.1674416
0.2
0.2
0.1674416
0.1674416
0.1674416
0.1860464
0.1860464
0.2
0.1860464
0.2
0.16774976640986133
0.1674416
0.1860464
0.1860464
0.2
0.1860464
0.1860464
0.1674416
0.1860464
0.1860464
0.2
0.1860464
0.1674416
0.1860464
0.1674416
0.1860464
0.1674416
0.2
0.1860464
0.1860464
0.1860464
0.2
0.1674416
0.1674416
0.2
0.1860464
0.1860464
0.1860464
0.1674416
0.1674416
0.1860464
0.1860464
0.2
0.1860464
0.2
0.1860464
0.2
0.1860464
0.1860464
0.1860464
0.2
0.2
0.1674416
0.1860464
0.1860464
0.1860464
0.1860464
0.1674416
0.1860464
0.1860464
0.2
0.1860464
0.1860464
0.2
0.1860464
0.1860464
0.1674416
0.2
0.2
0.1674416
0.1674416
0.1674416
0.1860464
0.1860464
0.1674416
0.1813952
0.1860464
0.1860464
0.1860464
0.1860464
0.1860464
0.2
0.1860464
0.1860464
0.2
0.1860464
0.2
0.1860464
0.18635792647975077
0.1674416
0.1860464
0.2
0.1860464
0.1860464
0.1860464
0.1860464
0.1860464
0.1860464
0.1860464
0.1860464
0.1674416
0.2
0.2
0.1860464
0.1860464
0.1674416
0.1674416
0.1674416
0.2
0.2
0.1674416
0.1674416
0.1674416
0.1860464
0.1860464
0.2
0.1860464
0.2
0.1674416
0.1860464
0.1674416
0.1860464
0.1860464
0.2
0.1860464
0.1674416
0.1860464
0.1860464
0.1860464
0.2
0.1674416
0.1860464
0.1674416
0.1860464
0.1860464
0.1860464
0.1860464
0.1860464
0.1860464
0.1860464
0.1674416
0.2
0.2
0.1674416
0.1674416
0.16770755744680851
0.1860464
0.1860464
0.1860464
0.2
0.1860464
0.20030816640986135
0.1674416
0.1674416
0.1860464
0.1860464
0.2
0.1860464
0.1674416
0.1860464
0.1860464
0.1860464
0.1860464
0.1860464
0.16781753984962405
0.1860464
0.1674416
0.1860464
0.2
0.1860464
0.1860464
0.1860464
0.1860464
0.2
0.1860464
0.1860464
0.1674416
0.16781753984962405
0.2
0.2
0.1674416
0.2
