0.1860464
0.1674416
0.1860464
0.1860464
0.2
0.2
0.2
0.1674416
0.18730228697017268
0.18617132192379762
0.20012492192379763
0.20012217470983507
0.2
0.20010131712259374
0.1860464
0.1860464
0.1860464
0.2
0.1860464
0.1860464
0.1860464
0.1860464
0.1860464
0.2
0.2
0.1860464
0.1860464
0.2
0.2
0.1860464
0.18633794518950436
0.1860464
0.2
0.1860464
0.1674416
0.1674416
0.1860464
0.2
0.2
0.1860464
0.1674416
0.1860464
0.1860464
0.2
0.2
0.1860464
0.1860464
0.2
0.2
0.1674416
0.1860464
0.1860464
0.1860464
0.2
0.2
0.1860464
0.1860464
0.2
0.20012247397428048
0.2
0.1860464
0.1674416
0.2
0.20066334991708126
0.1674416
0.1674416
0.1674416
0.1860464
0.2
0.2
0.1860464
0.2
0.1860464
0.1860464
0.1860464
0.2005420054200542
0.2
0.1860464
0.1860464
0.1860464
0.2
0.1860464
0.1860464
0.1860464
0.1860464
0.2
0.1860464
0.2
0.18614812939979655
0.1860464
0.1860464
0.2
0.2
0.2
0.1860464
0.1860464
0.2
0.1860464
0.1860464
0.2
0.1860464
0.1684160214372716
0.1674416
0.1860464
0.1860464
0.2
0.2
0.2
0.1860464
0.2
0.1860464
0.1860464
0.2
0.2
0.2
0.1860464
0.1860464
0.1860464
0.2
0.1860464
0.2
0.1860464
0.1861464
0.1860464
0.1860464
0.2
0.1860464
0.1860464
0.18659061768707483
0.2
0.2
0.1860464
0.18659434520547946
0.1860464
0.2
0.2
0.1674416
0.16776470177705977
0.2
0.2
0.1863234083102493
0.2
0.1860464
0.2
0.1860464
0.1860464
0.1860464
0.1860464
0.2
0.2
0.1860464
0.2
0.1860464
0.1860464
0.20097442143727162
0.1860464
0.1674416
0.1860464
0.1860464
0.2
0.2
0.1860464
0.2
0.1860464
0.1860464
0.2
0.2
0.2
0.1860464
0.1860464
0.2
0.2
0.1860464
0.2
0.1674416
0.1860464
0.1860464
0.2
0.2
0.2
0.18615782061281338
0.1674416
0.1674416
0.1860464
0.1860464
0.2
0.1674416
0.2
0.1860464
0.1860464
0.2
0.2
0.18626961428571429
0.1860464
0.2
0.1860464
0.2002463054187192
0.1674416
0.1860464
0.1860464
0.1860464
0.2
0.2
0.1860464
0.2
0.2
0.1674416
0.18670974991708125
0.1860464
0.1674416
0.2
0.2
0.1860464
0.1674416
0.1674416
0.1860464
0.1860464
0.1860464
0.2
0.2
0.2
0.1674416
0.1860464
0.1860464
0.2
0.20025078369905958
0.2
0.1860464
0.1860464
0.1860464
0.1860464
0.1860464
0.1674416
0.1860464
0.2
0.2
0.1860464
0.2
0.18629718369905957
0.1674416
0.2
0.2
0.18632809014084506
