0.3239446822292324
0.2967882052550232
0.2926471721518987
0.3170292836615221
0.41897550079949003
0.3204081804967027
0.29079210571604186
0.2932307383616023
0.2811989100817439
0.3071462915254237
0.2910016647398844
0.3382701357271095
0.2654575450099141
0.28390995552533155
0.2757501724941725
0.3544818775960301
0.28551331857455703
0.32907225263157897
0.27554580784313726
0.34754016736161036
0.29194263581757507
0.32603063003082344
0.3092053326145553
0.32373122063815346
0.3043150655462185
0.2844426750076664
0.31924815700934583
0.31338038527524487
0.30526658201058204
