1.376538438584938
1.3826871704454424
1.524525920749167
1.5227563486251237
1.6271975464325723
1.5084886266305504
1.6259766217694576
1.3800709116149263
1.5352365079688663
1.5091967834357523
1.512125590469875
1.5206920650147617
1.3803754610676753
1.5204536851298092
1.5351138888111737
1.5171972190883531
1.5238524690446937
1.390609975205616
1.4065974125947098
1.51541186474885
1.5308169120153248
1.5155801594230627
1.5120083233053356
1.5182999820688066
1.519330439462636
1.5320238015850993
1.516012022107318
1.387239763847681
1.3728030914681935
1.646215048942505
1.3753309263276974
1.389013034458746
1.379617033392615
1.5117098440341925
1.6232612841476535
1.5193556321650572
1.513412619299257
1.6416700162189575
1.3743999084590428
1.522959566587061
1.5404249973536566
1.5171197124958014
1.6100257958561641
1.5219917074439249
1.37636968044711
1.5191528587593208
1.5196136512171583
1.5180559245410956
1.5079524824499677
1.383128979302503
1.5156480190932426
1.401709124263984
1.538964594641993
1.6479706810772328
1.523862315447521
1.507095612295411
1.5227477188632037
1.521702605480476
1.5242175915516794
1.520855979183436
1.3743364270891714
1.6301751479322018
1.6238064936805992
1.3649644922211945
1.3703124854753823
1.4046505132004856
1.5188662085125624
1.546274936360834
1.6303536912223286
1.5226515252339454
1.6336822236800295
1.3770722872625973
1.3928704344822727
1.525038097835053
1.5192362614568338
1.6449816465053688
1.5077283152906984
1.5171124587447518
1.388834907956746
1.5247424011549557
1.5187883353500131
1.6271424455225685
1.516841185872293
1.3811059291644028
1.5222804938916557
1.384974866039882
1.5426715098753283
1.3744152485758436
1.6419663971132568
1.51549607701862
1.5248977635366368
1.527378044189766
1.6223697971665487
1.3888535726025704
1.3759109184790417
1.623086831161876
1.533231091604577
1.519861826663181
1.517481441717907
1.3771212676259141
1.3900640623221674
1.5430767264085705
1.522632305864238
1.6229805829809123
1.5322703937002493
1.6368385592489496
1.5172570963640901
1.6243552948499809
1.5268231614360581
1.511710575648833
1.5070140667303469
1.6212628137484137
1.62297562762667
1.37905257702611
1.5175033664464408
1.5306855026418815
1.5291141366427976
1.5209772386461557
1.3853514388778907
1.5143294693215354
1.5176952190983641
1.6151485643905443
1.5214217252401638
1.5129842188551599
1.6188698069433398
1.5147322250723574
1.5198265145602463
1.4004843738477397
1.6196825319755639
1.6091798578608199
1.3840056250820505
1.3809762521555944
1.375676128754323
1.546550031448738
1.530255199340279
1.3740903800777435
1.4806396066237126
1.5139553384510687
1.5073393204602854
1.5207776053941982
1.517917358593831
1.545157148531892
1.6259007060620734
1.5154823673497266
1.5288142118527364
1.6275489354887924
1.517166526051549
1.6385002310721088
1.5122824132333452
1.5164239275997553
1.3804773303941111
1.5108616308215572
1.6219341830212743
1.524001190945202
1.529298594366772
1.5158579031718293
1.5113976463417877
1.5408185185608538
1.5098803332297555
1.5216695397343747
1.5183660694138699
1.390155219699323
1.6315445673274678
1.623035210532411
1.5166423011598975
1.5129424968351424
1.3854439365302094
1.3885005643870219
1.378818632424031
1.6213772039129661
1.635337176737075
1.3885641945299458
1.3752574804474593
1.3832941327569614
1.5133860262653547
1.5293252233405417
1.6198915493494395
1.515361786013502
1.634177921944012
1.3803857086610372
1.5071513151412346
1.3731413732563507
1.5194997172473619
1.5030102653012287
1.6216751010481747
1.5147214544263365
1.3775856036039456
1.508000305922548
1.510360897246622
1.5207792752717244
1.6219421414900523
1.371108304156094
1.5286431576668664
1.3779931375880077
1.5277297918344928
1.537372580880303
1.5174221111770427
1.51830656789716
1.5238996508269491
1.5420052884473308
1.5237596747569486
1.3749519107798132
1.6267950191378566
1.6191513387814394
1.3653560141621675
1.3823606429238389
1.3807408003454775
1.545030647406924
1.5200898750492446
1.5175767620522853
1.62246881698521
1.5199411902191422
1.608888286067929
1.3804747782138482
1.378273250096574
1.525038470054132
1.5207627518510574
1.6115983706004715
1.5154166942826837
1.382844381344696
1.509611991210096
1.540834932971866
1.5252908621317882
1.5173940201137934
1.5212041332914514
1.3803334220003396
1.5241984553825871
1.373400495865785
1.5224801086497621
1.6207955973582915
1.518631259677299
1.512297041806876
1.511841864001188
1.5261207605020979
1.6273922335536444
1.5230553671808562
1.506814628146201
1.3989419789359898
1.3797754230473378
1.6246620800599154
1.6221275983472194
1.3740076890637807
1.624956188482754
