1.99542123457897
1.8999170518533868
1.9038800690796551
1.9488484584798784
1.9059091162046486
1.7745055929760327
1.8653687319622583
1.9571733462129024
1.802307218321672
1.8059330412608117
1.9447220593739625
2.053366996491831
1.778316155484228
1.783248365799541
1.9114056982965624
1.9162483565731288
1.917382512843422
1.7156077826449734
1.820711187205798
2.0825015845969306
1.9270883562058236
1.900806812214802
1.9370188715071117
1.7834702195521823
1.7894991133734033
1.9019831415299346
1.9941003290343005
1.9360807950045458
