1.532795964186448
1.5446514068043335
1.6346115047896206
1.6389855860526028
1.6319851100860918
1.5419786597931544
1.5153865837356602
1.6725622595107794
1.6354651152958801
1.6797202386554844
1.6715401957781446
1.6226445450685736
1.6364908041095783
1.6422985230505485
1.6337169406040315
1.6519869679619312
1.6371586517433392
1.6349055794470326
1.5376119559406167
1.656231727549564
1.6602935752997785
1.689607247747331
1.523542535682818
1.5252592424869948
1.6336109305877071
1.6354776777633089
1.6472855015575418
1.5227588948564434
1.64323021840711
1.6426759351116869
1.6939220878952312
1.6596243950655054
1.6434062931091349
1.5228078476268099
1.5306261114067807
1.6242987200059904
1.6317760453513426
1.6362043008626783
1.6324035444693994
1.6278599668320965
1.5381197440483192
1.6620360534962593
1.6715853603034765
1.6679083110699815
1.6611447546463427
1.642684514217947
1.6319716841910545
1.6431291662333973
1.6317470663480216
1.6258054068250276
1.6461095609782401
1.6245739935162071
1.658988232685931
1.6389728531660457
1.5553995739136002
1.6972280974134588
1.6939452255672858
1.6802221143770597
1.6197124618660605
1.6303492926921086
1.6455214082629903
1.6394854318588092
1.6309330011899497
1.53258227535694
1.6431771862222302
1.6673356544269957
1.6610001116764963
1.6251746598425585
1.5576764086359212
1.4928999433742307
1.6558348216894074
1.6328894317616425
1.640640557032302
1.64137283963129
1.6252252592081986
1.53135687190508
1.6521938646377745
1.6727329870919108
1.6711440805025444
1.6665772104026466
1.659352730170883
1.6411846747286287
1.6389380949182373
1.6334448748775674
1.6372963219543981
1.6295259351499278
1.6382709712571957
1.6350767026999689
1.5583186755768503
1.6663054560592077
1.6909648413645644
1.6304133616285923
1.6361175331971927
1.6271155250217468
1.6432353371302426
1.633706948327718
1.6308239030857474
1.6864788286417793
1.6708039882408614
1.6349991237063677
1.668749994412345
1.6468330136695883
1.6644023023046433
1.6334607071892626
1.6433362493137622
1.628072521050538
1.642900461580139
1.529267567860955
1.6651299749800539
1.5382637909499468
1.6322815413863563
1.628382423746042
1.6391501273562383
1.6386282955335214
1.6381477700371503
1.6289098115227256
1.6422317222879514
1.6356723172913443
1.6741374435671763
1.6316548720395934
1.6354870425449253
1.5241807262397087
1.6696409263967693
1.6789966240464476
1.6709494352984737
1.6454404739638775
1.6630348027867612
1.6321138890578806
1.61158484405415
1.5412737167412216
1.6380032936069768
1.5291642027591346
1.6346855387842358
1.6958484673034606
1.6962436267608731
1.6249557520524982
1.6346153247239497
1.6366665364378403
1.626356483907287
1.630836484519225
1.6314863210901074
1.5307608121356928
1.560058914922482
1.63587037863966
1.6627306317238912
1.6464869983853865
1.6402772465979583
1.630474947837367
1.6229311857476927
1.638732371923338
1.630804394271181
1.6267346288149476
1.631832224377372
1.633946704356753
1.5209612482907442
1.6410092228819257
1.658972345031887
1.6338503074799424
1.6328027055081678
1.6388524236669535
1.6643287881097635
1.5585945012882658
1.6588288098687376
1.6816594316275308
1.6454737848100685
1.6472115849026152
1.5294685375675248
1.52669683606929
1.5313993974708875
1.539042698860701
1.6354642100820131
1.6602396737199308
1.5395954108387064
1.5282457658921382
1.5369202320546056
1.6450561115191722
1.6375902160346518
1.6406075373024724
1.6381824299528849
1.6285865315454764
1.524935042228785
1.526295124056163
1.6253692384999632
1.653080520758065
1.6712518888658956
1.6099069218779012
1.6321896656070034
1.6360631906890708
1.624432185620115
1.6170785295141528
1.63708523722554
1.6290588281199487
1.626826237475548
1.6285333934332422
1.5279517493005397
1.6767059662333146
1.6710259652813582
1.6635818124460477
1.6325821816300963
1.536546327124532
1.657842811967434
1.6325175377048249
1.5199056191677174
1.6375999331692865
1.5290355620492027
1.6489388427941873
1.6486540447305045
1.6757879728734941
1.6418273238011323
1.5586598015163335
1.6318698641346396
1.635144950580645
1.5218352866496698
1.616321532700823
1.6334772478006316
1.630816373903835
1.5274997892031188
1.5288725490415191
1.667432047138455
1.670958178933184
1.6574698423712764
1.6385831669668685
1.6350578200338675
1.6314277200521834
1.6396616870662253
1.631863557824007
1.6401050720961095
1.6277912374312091
1.6676703465484435
1.518981589665786
1.6615060577842635
1.6898426527653716
1.5322741395394799
1.6389375926444636
1.6186832056373157
1.6433790268669348
1.6545228038909952
1.5317308796085325
1.533166031499729
1.6671900431340105
1.6613731396734117
1.638231149372559
1.6654930079551702
