0.28745279686774716
0.2760379190318681
0.2913227930567128
0.2966323810144677
0.2796050547952624
0.29152906062523365
0.27724446498572364
0.3050385340768964
0.30394575887754105
0.2980918197385211
0.3112660301645652
0.2836233899109949
0.2915269060989671
0.28841344072693964
0.28312019677984257
0.28739878823291437
0.2866429494444444
0.2943069783419856
0.28202212412824246
0.2870745928804524
0.29814953941559175
0.2952261795802964
0.26836669991571716
0.27529196416288604
0.2963711426003895
0.2861572648692801
0.3136139146154736
0.2830272125385568
0.27784834228209
0.2901719943716843
0.32169368111330987
0.2931636680662032
0.2970372896136773
0.2743401430411905
0.27921111843497315
0.289082900814989
0.312942489335774
0.28156515050819786
0.28526192619879687
0.29229608931532036
0.2891916528110918
0.2978097489227064
0.32121242589346133
0.30231487423439013
0.3017633279688262
0.30552360063369255
0.2964641015380137
0.30137959129539144
0.30020040114333607
0.2901828539844194
0.30003499746844847
0.2869016295464297
0.27404184575502955
0.2967791919133805
0.2763388167201165
0.29743233669860036
0.2872061658455316
0.30339013002868065
0.28823239945319284
0.3141834239507457
0.289318216723444
0.294315807514257
0.29257213663224063
0.27284543134485695
0.29436318826072394
0.27786842501439274
0.3086213168243378
0.288511482227116
0.27427370043612925
0.278922990954475
0.3144692428987932
0.28082879857288034
0.2923615061042206
0.2987410426853053
0.2877721722401908
0.2775726796174945
0.2994781159122396
0.28795966480774343
0.3189964327316318
0.29921349622620597
0.293954160872607
0.3013340331039516
0.30315946327362425
0.294562132434115
0.2947680941680495
0.2769027136143851
0.2997228224578701
0.2878531276437738
0.2851354314563832
0.30340103495493115
0.2998036159363271
0.298989096203216
0.28016416783059905
0.29016237465943984
0.2913231233420811
0.31733340066281507
0.2936446320513422
0.30525230528922964
0.3237947300622639
0.2970988869381723
0.3236425750796605
0.29619844344815904
0.3031326430023694
0.3020852582821249
0.30439778274288043
0.2953089640896188
0.2959825600140885
0.30667993259619897
0.30874995124515253
0.286650328562855
0.2808617254450327
0.2887917390228993
0.28870716911670197
0.28596096693418027
0.28462966353415753
0.3069214209573983
0.272578988295037
0.29111837943836716
0.28801882600965456
0.28625295743847246
0.2963822515019846
0.28416159979224453
0.321490477781499
0.31589836831940843
0.2967210197365363
0.297956577532729
0.2960230358423296
0.29946974091446377
0.29227233812770453
0.2873649377392217
0.2901459886884168
0.2778004537058536
0.2951225833356883
0.29504599401965503
0.30218813016768276
0.2856727937705463
0.2920517250626332
0.3011974590258363
0.29451521825701366
0.2925279971099698
0.28545780562106465
0.29638896771141887
0.2933378302904232
0.3068772401576608
0.2971312541561203
0.28334828953718944
0.2993753013306473
0.2945270564606641
0.30166932735443464
0.29698891182917964
0.2882614071813623
0.28627949455990853
0.3032235281177273
0.28642791765179415
0.2834777712740189
0.29119918872853634
0.2872039690852372
0.2856498367505352
0.29269046656218484
0.2985187235679994
0.2896942817833198
0.28940843170966113
0.28843366038691354
0.3031640297521713
0.28467241976306285
0.29678542628969024
0.28008868973938783
0.30384733650334445
0.2825344699408736
0.2960351166877341
0.3152048962861011
0.317578195571231
0.2891194367012109
0.2808367176595232
0.2805270579577909
0.29326395976475006
0.30180948660574947
0.2861214115166544
0.29585678006144056
0.2909444137538665
0.28567254777586426
0.2811332554544664
0.29636863844822015
0.30997441893004096
0.2982265747239997
0.2959411008412921
0.28626641565413746
0.2926952283363481
0.29934862663084116
0.29501310991923585
0.29162870810095015
0.29723672015481517
0.29743145339832794
0.28890111837999494
0.26462280881863204
0.29007852358421193
0.305879770913404
0.30232352866760925
0.2947590394231352
0.3036694070976568
0.28445404827520304
0.29352839451014207
0.2768661762933321
0.29788142633516473
0.2884105333936912
0.2891823385819709
0.3197261982836094
0.3058494618682799
0.3002225432179901
0.28627422232545613
0.3029301465624642
0.2930568071574966
0.27965848520207665
0.2935769078934245
0.27404065609734996
0.29234238360570697
0.28238297376977023
0.2802122979205722
0.29140939301245805
0.30374798920121343
0.2940823631062748
0.29985442481285995
0.29852126256591227
0.29511204022505366
0.29502126497665426
0.3018931861961629
0.3216548048875888
0.28828377907593833
0.29625918688641034
0.2831025646455819
0.2879136579165747
0.32757649122345167
0.3024236890974066
0.29703769256481083
0.3028649146577176
0.31915557257577754
0.29568416795513064
0.27960706686088044
0.27793326609857083
0.3022564160835963
0.28614737408526525
0.2934903770690203
0.2984086783295383
