0.4012369841350247
0.4041275606363416
0.4029761673508665
0.41363115670574746
0.3998817266483856
0.39143896087948993
0.3932436219626735
0.4203199632797232
0.4134478205119181
0.41314945690166516
0.40011636864697037
0.43124752185076953
0.38428503632823807
0.391208252004261
0.3762896204774768
0.373994757300794
0.39389407199079873
0.4173291777153051
0.3894263480236274
0.3842021943343839
0.38296813992417056
0.43060843190399956
0.3980892560330387
0.4093227981812607
0.3878432458034555
0.3849092780549519
0.43370539423256166
0.4013786666721597
0.3932636671061721
0.3641112295770985
0.41751664018802837
0.4003211350777329
0.5663280961649753
0.40385760556354067
0.4135602308768537
0.4002915532773599
0.3982683907928558
0.41552252282295227
0.4021395528046918
0.39133231002149366
0.4275936494280832
0.4080793801112029
0.42512486795917065
0.4228293855114048
0.401356061687623
0.37679084706447474
0.4084892499878029
0.39700420246330814
0.3893721915347702
0.40428432795964353
0.38003051010527444
0.38187577930753935
0.3579799979074816
0.41400086503939254
0.420419805241218
0.437133594309635
0.40165327539862206
0.34359665346201795
0.38055768943639096
0.44457256074705365
0.3806204875296291
0.3902721048362196
0.37647052719831275
0.370064670737645
0.39902453223610657
0.43180261254695285
0.3669912352034024
0.429805494300986
0.5305998590565675
0.38772139204545164
0.4258679729923498
0.4223979337413639
0.3637201972271283
0.4037143589119661
0.41250660257185995
0.4146372841377765
0.41236889693253276
0.37286066278721375
0.43131335989154035
0.42714816661897437
0.398882480824453
0.4150573022785713
0.4475567550397793
0.4033506160797841
0.4107928795443697
0.39351706241551393
0.42204841966409656
0.4244095332456371
0.38879537817980114
0.39962709119173995
0.40711027216978524
0.4376368564135755
0.41591259161962574
0.3678953667819786
0.3636404584282553
0.3961836238963464
0.4328706695169525
0.36319674269154845
0.3857996045230181
0.5136203760533127
0.38805917706032056
0.41616796626182223
0.4386387821676736
0.41797078947371974
0.4166001368322002
0.4151607113949768
0.41193422573844884
0.40254439284543786
0.39108140569174243
0.41352621533414813
0.40256672380624464
0.4101021799665854
0.43880931860988803
0.4424750657325055
0.4002844837452275
0.38133745173288613
0.3820261869943424
0.35599086326682233
0.4257818550403515
0.4099903438721223
0.42603046941038086
0.4381128577193144
0.41114590048923383
0.37694819719112455
0.40310559214228564
0.3795286364256714
0.38934450717412245
0.40260752485720563
0.3544900460025186
0.42004265807887187
0.4482945348871992
0.4386119016326575
0.396024471032109
0.38560188356633107
0.5397367378787892
0.39933805519774557
0.43343091475975487
0.406651417103928
0.40292689922537317
0.4675369267576783
0.4002094058821092
0.44497893226191476
0.3869438427065614
0.4011217757822416
0.44146432169321936
0.44790459575271824
0.398659312957388
0.38295681851466135
0.4113127191381408
0.41106580630380396
0.3868281280970625
0.4047369734448681
0.38840122455954657
0.4093313780222758
0.39877798454074764
0.41121368745169895
0.4060960959259652
0.40870989080503933
0.38673172407770656
0.40255582809017476
0.3939028571892187
0.40121155020892585
0.4018476952764174
0.3753272206649373
0.4154046068819515
0.411675327572412
0.36596750020226543
0.39581839188729284
0.4072528846643504
0.420414713183509
0.42934878416500866
0.3564958344671999
0.37502977727822734
0.40306349197772645
0.3961121513984657
0.44148825371673417
0.4069372180707641
0.4070776562869012
0.3947469411925405
0.45274234923569223
0.40029146130783927
0.4279113470014364
0.37081422894344634
0.4029157559036666
0.3504819735571432
0.4130556212862478
0.39339949264347646
0.41544400314668845
0.4012305331452263
0.39736971588387154
0.408552858390185
0.4274716651891338
0.3986339014382666
0.40236784576762874
0.3897138246397316
0.394119467428935
0.40455417280939454
0.3734475856179175
0.4218468443083294
0.39731681469325314
0.3949737310418627
0.41996274020495244
0.46000488038363346
0.4296644190490246
0.41508986065427106
0.38694171631668306
0.40988767503220064
