0.1395348
0.14049059450418158
0.15125156445556945
0.15138985406532313
0.1511494252873563
0.1407913445026178
0.14092248430182133
0.16384262343324252
0.15139291932675566
0.15488131932675567
0.1702642846657929
0.15105263157894736
0.15305084745762712
0.15
0.1514092777451556
0.15164722031571723
0.1506779661016949
0.15
0.1422485042062415
0.15
0.15542477621023512
0.15521626177105832
0.1395348
0.1408148
0.15
0.15
0.15144144144144145
0.14303130349650348
0.15
0.1507207207207207
0.15489190877192982
0.15553880580948312
0.15289371174179187
0.14019870041493773
0.1411928310880829
0.1560434372049103
0.15242130750605326
0.15140845070422534
0.1505464480874317
0.15
0.1395348
0.15185873605947955
0.15545110853778213
0.1534884
0.1553841345971564
0.15
0.15
0.1533794162826421
0.1628374936321956
0.15158730158730158
0.15753221010901883
0.15092646207295887
0.15
0.15487012987012985
0.14831276901893287
0.15803385454545454
0.1552902018018018
0.1545842904109589
0.1517969451931716
0.15
0.15533333333333332
0.15094488188976377
0.15234879624192602
0.1395348
0.15381922342457033
0.1534884
0.15744879603960396
0.15260162601626015
0.1443502093097913
0.13674856500877705
0.1501570475068708
0.15073260073260072
0.15205761316872426
0.16126760563380282
0.15161453077699294
0.14008766800276432
0.15152963671128106
0.15413933572009764
0.15431655734989647
0.15055325034578146
0.15516029132706374
0.15357941834451902
0.15512048192771083
0.15018099547511313
0.15
0.15105913503971755
0.15298507462686567
0.15
0.14020820067340067
0.15461357580872012
0.15451985951521402
0.15937340804890474
0.15020768431983383
0.15404858299595142
0.15
0.15146699266503666
0.1605960264900662
0.15762990129421917
0.15491020094786728
0.1573357106469689
0.15882591962323392
0.15162767039674466
0.15
0.15
0.15176211453744493
0.15044943820224718
0.15
0.14251987462686566
0.1552370338797814
0.14125245968867417
0.15381861575178998
0.15161616161616162
0.15044593088071348
0.15149439601494397
0.15
0.15042149631190727
0.15
0.15158730158730158
0.1534884
0.1520627417275462
0.15456968773800456
0.14457077122302156
0.1534884
0.1759445403508772
0.1534884
0.15164102564102563
0.15454545454545454
0.151952580195258
0.15020693222969478
0.14370146666666667
0.15642115203021717
0.13995897815482503
0.1505226480836237
0.1534884
0.16965962473246135
0.15115473441108546
0.15
0.15533333333333332
0.15286852589641434
0.150219659527732
0.15078508341511285
0.14205845930599367
0.14213972040520984
0.15139470013947
0.1567987448275862
0.15159680638722553
0.15492753623188404
0.1517334777898158
0.15020855057351407
0.15
0.16569858712715854
0.15426504188880427
0.15137812230835487
0.15161849710982658
0.1407561740458015
0.15022637238256933
0.15363380167211924
0.15
0.1506079027355623
0.15073937153419592
0.15
0.14026075281306713
0.1534884
0.15405417086280057
0.15167189132706374
0.15197628458498022
0.14091292230835487
0.14039873088552915
0.14072882985074625
0.14406836582388838
0.15248962655601658
0.15583032037470726
0.14109122023346302
0.1402555207207207
0.14161596545265348
0.15623229461756374
0.16067538126361655
0.15561572402727636
0.15
0.15082815734989646
0.14195415483870966
0.1395348
0.15156862745098038
0.15460806410076977
0.15445458357487923
0.15
0.15481927710843374
0.15244755244755245
0.15
0.1503112840466926
0.15220994475138122
0.15053835800807536
0.151985111662531
0.15059612518628912
0.1420115801857585
0.15583032037470726
0.1545010582278481
0.1534884
0.15038610038610037
0.13986841134278563
0.15234879624192602
0.15
0.14035447213114752
0.15
0.1398922620196604
0.15533333333333332
0.15430572733959952
0.15476499574468086
0.15127659574468086
0.14213642601626014
0.15109709270433352
0.15042194092827005
0.1408313964343598
0.1516580310880829
0.15429491768074444
0.15163766632548617
0.13969172428403295
0.14236565633404102
0.15726198490566037
0.15445633708408954
0.1534884
0.15121633362293657
0.15
0.15349650349650348
0.1515748031496063
0.15167189132706374
0.15
0.15
0.1534884
0.14096849175627238
0.15420183638525564
0.1601274041493776
0.14095022816702052
0.15194279546681058
0.15378250591016548
0.15122137404580152
0.15
0.14303130349650348
0.1395348
0.15557173333333332
0.1551344905349794
0.15347021399652977
0.1536961922077922
