0.25252194115314197
0.32766875795966144
0.23049498237274774
0.26414725293870467
0.3049854649681467
0.447722609048154
0.37699418893497094
0.2792961038330066
0.20956613739825997
0.30451154847977185
0.27140347610120236
0.3282728382661432
0.26478098704362885
0.3662276465185292
0.25868029758068367
0.380334613103934
0.4917366066252332
0.229066816592998
0.27456219912094115
0.5192236257140777
0.2802304231848836
0.23446525062912327
0.349217847547827
0.46707388915221165
0.3960791730036144
0.37911025069601734
0.34854969465865737
0.5204780834951754
0.353272076002651
0.3797747481202324
0.4023127679065409
0.3030469233444966
0.3076108107114027
0.41632492068234656
0.3152477606313997
0.2746073091052975
0.3863325137166198
0.2648426849424274
0.39530041329154264
0.39159780447297243
0.3286788181969768
