0.48344407249812016
0.4080007541105165
0.4310006103811607
0.4131603290977488
0.4952288678519491
0.4818416132861174
0.47154823041317734
0.5027729107018798
0.41691399934297313
0.4797888163378129
0.4329884151486437
0.3872166065281736
0.43045524178078104
0.3949772766023523
0.4469940036774225
0.2771174015615654
0.5306863736621321
0.3726314519552238
0.44216294749138185
0.43736659528595595
0.45768306842002854
0.48317716360616353
0.4252997563243187
0.3835838363651159
0.5075812403994786
0.34119544801562945
0.42169686038160037
0.4178184184000892
