0.1322869797600279
0.1337513745097586
0.12999905910449872
0.14084841393317607
0.16245567190843443
0.15237095275772328
0.13491445545897393
0.1365878901642753
0.14773709383271716
0.136325853354087
0.13910472845584052
0.13786836545244785
0.15310924433630899
0.14141786683426938
0.12373257331340792
0.1439120932200198
0.13926664436424008
0.15349299474657635
0.1280583938113572
0.14171303881336156
0.13176867169479609
0.14997232750349618
0.14710226694344505
0.13815934445553776
0.14775203658495756
0.1176624076953523
0.15258905332283518
0.13329102123745196
0.15001478233548732
0.13882969520069766
0.13324604086823288
0.1345470427736341
0.13052284292625918
0.1556305808284802
0.17309457705828377
0.15885541663529132
0.15225066475704263
0.13988400417165636
0.14164331237587008
0.14146384291366376
0.1363030577962052
0.14707211969078068
0.1331935329472544
0.14974247640656757
0.11791709640199718
0.146733068729467
0.12210134119175275
0.14493438199044978
0.13925077876345943
0.14858894658544433
0.1381895671716743
0.1284418654631684
0.135363425371043
0.13269210647116053
0.14302928644246585
0.14314775638245042
0.1442614889510456
0.14153653025299007
0.14161145053309304
0.1254948295870098
0.16404812166910213
0.14522246421441887
0.1340364644480981
0.1319717880791726
0.13074467551998514
0.13039520507913935
0.1480281046524009
0.16102061753196242
0.15602794658142638
0.14487440456274797
0.13010950497810403
0.13759273661547367
0.15479709841771808
0.13639079817003336
0.13209143634609966
0.13741617712442056
0.1443657090743102
0.11851479214326091
0.14324810853011802
0.12316023468418458
0.14996540058890437
0.1434185174655856
0.13396873198362838
0.1308391075392229
0.13044347032832537
0.1427385339404872
0.13616184452223795
0.13847534807782105
0.14090542657033361
0.1474375988301545
0.12455213064779533
0.14494989448029547
0.13895440843015833
0.150048624007613
0.1356649971475547
0.13222772528794635
0.15284440373851654
0.15720978911143005
0.15348339760134957
0.15625507108897127
0.1339850591471659
0.1411497902663609
0.14552462124179583
0.13369006799181005
0.13903748372441813
0.13617297611293888
0.12002157066993935
0.12140988894958044
0.14493545855572562
0.14175734068538415
0.14915608817286946
0.14154038989701262
0.13158104547487282
0.1372681292460009
0.13243695641613445
0.14282453360821618
0.14426927315498822
0.13583313773282346
0.140629828536734
0.142580243663391
0.1255131904791155
0.15775510970294576
0.1352075834356711
0.14560848418667008
0.13168913849989478
0.13210349542326416
0.12898436548607184
0.15557867564052108
0.1508714255237368
0.15407489333801253
0.15368031279513594
0.14095063582281256
0.13797205256437156
0.14294292869515346
0.14472298513244644
0.13545682286606783
0.13529406120698756
0.1385984369388304
0.11507789420821567
0.15034514329759524
0.12524315460231947
0.1530451267447892
0.13918606645123696
0.1365525959119888
0.1304892427193002
0.14479868173853727
0.12566158541290462
0.1442583866220674
0.14676286089262885
0.13163029266859722
0.14860558063728402
0.14821475982263613
0.12602749481857886
0.14347062922791814
0.14241212958568608
0.1457861968142336
0.13373026606556024
0.13809706287661971
0.13930778003520206
0.12928665248200014
0.128519919685522
0.1588270911115668
0.14889319853461416
0.13632995215939286
0.15812587672529924
0.14490140018871508
0.1416115139824491
0.132090010454752
0.15126633545801604
0.11999344154828928
0.13552688396084644
0.1361433482764962
0.14422477523576568
0.159103977301137
0.13367115078932892
0.13313774729687364
0.15048037708588274
0.13420263133160068
0.14027981774259593
0.14393019793599152
0.14485911554474867
0.1546551917467605
0.12828438695618583
0.14597229196705674
0.15374361559300917
0.1397757677741977
0.13540378655937202
0.13042132915107457
0.14227526098853682
0.16438298101107574
0.15319585866255397
0.15469202139270757
0.13124364343673692
0.13960330064773774
0.17277855986227075
0.13933686642548385
0.13734711831538526
0.1308737060262115
0.1193669424939923
0.15381689330618836
0.12758922378046472
0.1470470048781854
0.1439881045950998
0.14699696802569995
0.14061958517511838
0.1334496135565499
0.1327949690864246
0.12967480552418614
0.14421809182422968
0.1336048605884102
0.12436910460450012
0.1446096563055123
0.14497030897901994
0.12160070476804127
0.15051373867871076
0.14983870186044787
0.13552393292335543
0.14745804713772068
0.13184029200477088
0.13342051052513784
0.16224438702104388
0.14476428832777327
0.17888355025064426
0.13623593815106144
0.17758807019003012
0.14512335987525912
0.13571517457220766
0.1416702440095881
0.13428855120688404
0.11987667335449267
0.15065794566098895
0.14480861433098502
0.1377295151185866
0.16944144685536572
0.1305053619067033
0.12738731980774823
0.15373251284092299
0.15972021101611902
0.142338102901638
0.14646340328705054
0.12773600103609284
0.17825158452775058
0.14776027363451166
