1.0148860248228992
0.8947975246763686
0.9386847355820361
0.9191077678899513
0.9072644033011549
0.9528335144028335
0.9633940397496336
1.0265076350043036
0.9167730692685406
1.0578997560072314
0.9185062825750635
0.8289201669906215
0.9209353956221322
0.8883356722951258
0.9038322687870615
0.7585021171209287
1.027306249823729
0.8331516402933501
0.9406623289028109
0.9886856840690887
0.9771164072670878
0.8871479922514536
0.9471043960803998
0.8788491119665633
0.9994304402606752
0.8055092691280772
0.9617810909814585
0.9832046897548818
0.8887970842124273
0.8571444180045118
1.066982214866394
0.9954318581903472
0.9033488055345968
0.9371231765161632
0.9160242192875019
0.9648169084692512
0.9278637864434364
0.9540503844254222
0.9289736250730799
1.0154732785939131
0.8768398084940169
0.9427162646669223
0.9082174046769379
0.9067425235886009
0.7389982234719032
1.0354699379883496
0.8245488799294035
0.9432077093678614
0.9786013156787001
0.9658864513012123
0.9191523282447345
0.9342031397242272
0.9235036236422686
0.8791737933027094
1.0164383224780316
0.7769018282682978
0.9094535147931464
0.962419469942311
0.983656586510355
0.8178494469346028
0.8479817878383735
1.0513917510945767
0.97987013463931
0.8904968784832946
0.9449822421078939
0.9188143185362226
0.9057694770269362
0.9377716625169439
0.9561842353022586
1.0065905744849148
0.9193636794518808
1.028482216925039
0.9349825606113216
0.8265143290464674
0.9314614779904792
0.9013323659561108
0.9028169597245509
0.7386239870217977
1.0321560772937335
0.8309558926326513
0.93536440310567
0.9908024138334974
0.9774784046436081
0.9052755282086414
0.9296844548162718
0.9576573641483912
0.8856100458619127
0.9607483123126541
0.9841665785216915
0.8852507165023781
0.8602399016173177
1.063303289120542
1.0132932373533525
0.9193630817380273
0.9589494157835999
0.9626191069087112
0.9666610437136668
0.9887700798128163
1.030331149628608
0.9785764677690003
1.0226678544065186
0.8864763455774343
0.9442020660721541
0.9598332527360166
0.9744363579781059
0.7648377442506205
1.0494116842195107
0.8374793453604583
0.969530105674726
0.9979613015249515
0.9779369083142524
0.9436870590656524
0.9478715155219226
0.9092338263114994
1.0044934560769143
0.8077698389802012
0.9223742843898411
1.0104203081580247
0.8230094146547025
1.0636179838209177
0.9839964727475368
0.9027424987446557
0.9806254791990484
0.9400582878895496
0.9639495206768824
0.9890923514467388
1.050005990154588
0.9656421119974767
1.0381353915943967
0.9449723934815845
0.8808170964877566
0.9642206284839292
0.9186468382192997
0.9824221997243741
0.7505891318831833
1.0385679666139602
0.8650661053945476
0.9895845866633743
0.9962907058055839
0.9826728441898922
0.9358635041462338
1.000404943205675
0.9476194434242965
0.899084475070877
1.0295027348912296
0.8314288083379848
0.9275642366694573
0.9612252155519746
1.0256437053796905
0.8463579476240727
0.8996284656322354
0.9124838236176849
0.9573348470902967
1.00423536776978
0.9394590408278145
0.9696735757396455
1.044599586713247
1.0037205955331587
0.9441019819092428
0.8859894188203747
0.9437068429720363
0.9371215815013159
0.946079681771864
0.7690931592593201
1.0345953274507624
1.0038648454803807
0.9927544567281639
0.931762757587155
0.9257881773743162
0.9340241741789658
0.9080619472910537
0.9908973690632946
0.8094269770430526
0.9220147517244377
0.8355601069542156
0.8855105581470472
1.0449555589005326
1.0308285306889262
0.9040204820547941
0.9750270483799022
0.9468898347867719
0.9579891889776845
0.9684616004343413
0.9743109322372069
1.0267755529239866
0.9878388161394829
1.0367406079187118
0.9426709813786724
0.9593950422365753
0.9113286255030811
0.9425550628000917
0.7530584542963874
1.0271841561725057
0.8696544379786963
0.9829582945938969
1.0312279846090386
1.012152309209668
0.9803670607872543
0.9561576915853567
0.9054233141317254
1.0213702805089167
0.8142285741759046
0.9709255094578605
0.9804669888143452
1.0251045000067516
0.8629427806229384
0.904649726351974
