0.24394223190292544
0.2563177349858786
0.2667685399110326
0.2567705854878401
0.2580822437031337
0.2287091743536658
0.25743985359770005
0.2512038892623095
0.28523695659055165
0.22947622299798678
0.23546558937189774
0.25334273033118265
0.25431922982765837
0.2547955221915113
0.2851984442890142
0.24538039536325115
0.26127043930004146
0.2757438850894261
0.3047871994584255
0.24258957095511022
0.27199399301768806
0.24386857416527472
0.23607875320776467
0.25099202675992277
0.24938752267156725
0.2757237306720523
0.24597429553459413
0.2643945811774705
0.23749352163426515
0.2965386818908792
0.24169325398309527
0.26915727909057596
0.25302197297885587
0.23531884377772755
0.25182917206889166
0.2502474071872576
0.2367929554126736
0.28501067682932313
0.24154143765478436
0.2563569200221952
0.2930395349445688
0.24463504292532592
0.22092273508800875
0.2583027680096515
0.24241617390235023
0.250036901984661
0.2520711254431668
0.2478062873292038
0.22632546975430484
0.262359906126872
0.24589221018207547
0.29304562872671686
0.29114869675436245
0.29968813218030504
0.25901868064628625
0.22656221409848962
0.25895744188441205
0.25598041674261884
0.2635934244414713
0.2564664589230458
0.23970372143498
0.26643314851254174
0.2511864743928986
0.2212837078466443
0.23302530412811603
0.2988565807915351
0.2502411647996056
0.3079452432800439
0.2673416866517767
0.256603058451923
0.2730360891511036
0.24719411404409525
0.2780144190759043
0.261604975110076
0.2520693132273716
0.2936058655776127
0.22821844524253118
0.24734057668232923
0.2688098830408363
0.2614466096188822
0.2503335259457105
0.26137349864007364
0.24416553977603067
0.2537016307838956
0.25758399604777416
0.26672527805025215
0.29755611065974774
0.2383562895502817
0.28634424863495334
0.24270121732837993
0.26243094579814463
0.2662045579054914
0.24959486977660833
0.26875072386451165
0.24247284532208482
0.24905827770836733
0.28019868824609184
0.25243586401575036
0.24596901109538843
0.24480758997819643
0.272387619789966
0.29958968422210003
0.25711126813530133
0.25049306816814537
0.2785492506091839
0.28001405821969194
0.25069819272818056
0.25193639615157476
0.2660236089241261
0.23537622342242256
0.2255344173106124
0.24565761854828144
0.24755178876451053
0.24727480484587067
0.2539492871097494
0.27437186295474275
0.2705779585647834
0.25454224433072564
0.2604016290785328
0.23960045259915613
0.24740783559638913
0.23343154710538008
0.2556993630486337
0.23976681973279187
0.2389565072295573
0.24006926315284513
0.25112885920672773
0.29433539024070715
0.2442194328831664
0.2230794797334391
0.26051096150430714
0.25677108134200105
0.24373909761704732
0.30537142194792116
0.27191823308843094
0.24138101928712044
0.24255257291074708
0.23905995724280474
0.2254883692348098
0.2528714278203765
0.25367018571913064
0.3045290113494985
0.2543530524643652
0.24245452704918033
0.2701012232179652
0.26415610246572274
0.2486971406546476
0.280606773188545
0.23793892256618188
0.2464939604626689
0.2541681513399984
0.23441469989293823
0.24710219688831989
0.2620517522607749
0.2712572453670002
0.24279659701550796
0.23335067288232442
0.2941836543770642
0.23064095901941026
0.2542570983758284
0.24854022157134356
0.2723420997760042
0.2657715380884116
0.24971036203875252
0.24490840347969592
0.23696718739981257
0.26074038312753267
0.27197362000211384
0.2507158927872045
0.24438362130907793
0.2783666611664578
0.26897195058114476
0.24161293108286427
0.2586071226567805
0.23851420240521676
0.2719268128296152
0.24320317304832134
0.24158399226046753
0.2713953575658354
0.2521600210724584
0.22444851399728158
0.23590021144131693
0.2547767992958031
0.21873010335787607
0.24672818695365864
0.24114786923682685
0.24636920431353496
0.22749040419482305
0.2342052659130353
0.25634801406511637
0.24714161197033244
0.23342027357775944
0.27001888676230457
0.24744488923273525
0.2669809984878067
0.2848096180343707
0.24835354084511874
0.2479782831663573
0.25881655683874955
0.29674044812915656
0.2594281060257888
0.24080275733944326
0.25646773611743995
0.24063759182774558
0.22199535721591568
0.25772362036725066
0.2520404110593046
0.30467609746924945
0.2503988201585411
0.24815848635475574
0.24943517437800966
0.2538570391209191
0.22249037684966264
0.25501707606343915
0.24944423932358256
0.26417058412120925
0.25308429513390773
0.22450301598517433
0.24261672740834295
0.25632830351396735
0.2303461642383743
0.2940507890206556
0.26074133923683834
0.24576905886112757
0.2556609339076809
0.2508150789859106
0.26200661582437795
0.2379501842043337
0.25763171363920223
0.24469505464495556
0.24706795201935453
0.24175306850801243
0.23604282892981754
0.264471208540767
0.25777060290536896
0.25772390690821695
0.22652329682511801
0.2882358085854811
0.24963176412746274
0.25411936491503523
0.24553043580177158
0.23924363140765292
0.2524970783277153
