0.545359347789221
0.6267077884543455
0.6233903442774613
0.5567748641275824
0.4381857801311096
0.43617168448096266
0.42142489816910356
0.4708602432788934
0.33028810936146696
0.5676506261640711
0.3768591430998738
0.37405847201797016
0.33529170094972777
0.42138197901029495
0.5462497265470146
0.4845221947117615
0.5473726994905372
0.43468136886714404
0.6427589015290718
0.47365046653830006
0.49610176141843976
0.41930058209871923
0.4397597158135437
0.43849504034888753
0.5312079290530116
0.4545429058757134
0.4194896409834177
0.5761831281867242
0.4767161511448922
0.4012272013522925
0.46133707476962926
0.5770241157233789
0.6060344777113299
0.5335116987516038
0.4138431109006459
0.532920233413458
0.5129499757888902
0.4938497591964527
0.5121053557958487
0.5540094379825738
0.41236600905423093
0.345723555429309
0.6798103375375701
0.4543100846005946
0.6014407389103342
0.45335443045382573
0.614286688961965
0.6509727139507342
0.6291761102307403
0.40870704814772346
0.4537755698628892
0.39006825101088133
0.41063803742430305
0.5740130488781519
0.50069632705934
0.35360264730096913
0.4949672016165332
0.4183589773082069
0.4773395649973683
0.668150313549682
0.5547184197222712
0.6048222701489807
0.4056064008720166
0.48121509896801573
0.5230355861366431
0.4030760751435936
0.3965719178315966
0.4080136183548106
0.5035501843576252
0.44195163212889066
0.49572716552250484
0.5219571273938264
0.5645759328794102
0.5087662160923259
0.46762791013480726
0.6375955792332547
0.4850353869462969
0.5075792975594237
0.5278550788607105
0.4757373801045377
0.4637552394239409
0.45127187211947817
0.5716523604337558
0.5172642928652218
0.5235609933958818
0.5602971917386309
0.4891783776125757
0.49305621209702866
0.48522416294460535
0.6158153813195404
0.46135670408436796
0.538443359699001
0.4924820500008006
0.35672732196928836
0.41788477060852713
0.5918645188850705
0.594860450734112
0.667039852866672
0.4219767362266241
0.442886627903222
0.5718143793591028
0.581784460279019
0.5908848505313076
0.5562485461884155
0.45190824032739674
0.3761319077576578
0.5069201341746423
0.3395948672671042
0.466114513500481
0.578593117186644
0.32322865833537506
0.46114280738230207
0.37621895142781114
0.33989580826346405
0.5713858348227402
0.6732488749740845
0.48144882997720617
0.47126818069106813
0.731419897675179
0.597611680456118
0.434281385848976
0.5902596876582291
0.48021731556153524
0.48471013669229746
0.39769533660394873
0.38244644876017797
0.40647884203510026
0.4950325605805791
0.4928519820427393
0.5167192300699553
0.3717295331107624
0.7331425223976036
0.44009921658790496
0.5103989103574502
0.44466719682105116
0.8712508556254124
0.7015836973273202
0.40214313214635256
0.4204558329231286
0.43004107481871345
0.5174655519889126
0.4769439736745523
0.4377974936748596
0.49230216733756793
0.5955526626618687
0.5408695071575933
0.3608651797643663
0.3265053377635688
0.5631231563510963
0.49563882902275325
0.5605535634603802
0.5432610819275175
0.4164875993551159
0.6430593142138799
0.4876771915446897
0.3808125046491936
0.3535789844586163
0.4987313044894607
0.40781726510170324
0.4099706022606193
0.5062812602210165
0.44714401583065566
0.5852683812672331
0.4828518589343656
0.5540217259137205
0.41444608330534066
0.4202443225921809
0.4076508465319624
0.428343935540785
0.5413129289223546
0.4253364555901209
0.487559391124803
0.5587051987309304
0.5796965941768066
0.46878784584486854
0.4269343890571655
0.41244880712125337
0.41092506783058574
0.4405031050737849
0.7006008268525474
0.584724193557097
0.5324627893697624
0.5161998008652114
0.5158316245360441
0.49515332735072926
0.2789214791518825
0.4021286283851139
0.522483525878572
0.5359503995966792
0.6070879884759834
0.321525548398671
0.4256525191978423
0.446995379710363
0.5932747300229555
0.5410149978949383
0.5894657957992646
0.47793597610786687
0.5057141500464367
0.46701636305579164
0.4871395337392247
0.5918824299937231
0.34504997151018246
0.616987723211446
0.5325646810859713
0.4293617016679188
0.4590001950200826
0.40327986153897055
0.41441779333140505
0.5101429703477722
0.513123352971121
0.4301078398361474
0.46356858292552383
0.48309275190932965
0.4486455663905983
0.5830485184647249
0.4101516137074389
0.7664631600349908
0.48891553094979934
0.4895226911527261
0.5523666174764432
0.4588627232606266
0.4838467868046597
0.42330817730414694
0.5186619268351926
0.4812509945752353
0.6000656347288245
0.5204125618789124
0.45013170852350903
0.43947295338085884
0.421326729369881
0.3657814646361266
0.5917638038193138
0.4235809317242749
0.3383651650754235
0.3388904443469452
0.41249592719803363
0.4308578686390109
0.5874273295842573
0.4924616895495059
0.5338130611011763
0.5880473195146033
0.4315595513697653
0.43333264509638647
0.39100367055451146
0.6204508537709341
0.46367411494287863
0.45117197016407007
0.6053318259720003
0.39246106040408646
0.5147154758650638
0.3174155310178129
0.598602176599293
0.6265322059427063
0.37006444134461336
0.5015462590429534
0.34869981175914755
0.4413209299463313
0.45324376015291723
0.5421034565966559
0.533638526948235
0.49374974907478475
0.41486490633448136
0.4158464031365094
0.5007773595836281
0.4288821460443386
0.4919894009025015
0.4527617115464469
0.5523893349326299
0.3677286878207498
0.4385291575825121
0.37616963421772276
0.6484557129248711
0.5223181798718171
0.6048620322327201
0.5643969892337419
0.4841779853849921
0.5387251756672916
0.47218510747748244
0.43012771648476766
0.46652549117880493
0.32659657941102993
0.46830972336701043
0.5024380842603218
0.5799068190210502
0.47098286935454714
0.4532720017706777
0.4914848008063196
0.40115909070469846
0.37529961786369065
0.625013834744537
0.5691905169511422
0.6042002833764368
0.5751840112367028
0.3747580781910833
0.4967957656821401
0.4200370988965003
