0.28531259503956247
0.3138934378124891
0.2762527507920643
0.2841823522294295
0.2690368868388498
0.3110730244209147
0.2436212034406413
0.28115362047083436
0.27497278378324946
0.2940033257312739
0.289915755636593
0.2500456020284269
0.2788543651522721
0.2956512937981286
0.2718580385114339
0.31450025171333595
0.2817247108940858
0.2743566134395196
0.29343416188123383
0.3146200661389226
0.25763052784506635
0.3224556939177895
0.2588337360501425
0.2674823356718153
0.273276351589138
0.27511448753385104
0.30127491372960835
0.260597478094351
0.2931045046108299
0.2933737480720516
0.3235276238313487
0.2540948601965193
0.29304987435386287
0.26296690555404906
0.27971652815707326
0.2567336200466027
0.2687701035690185
0.2762818411619763
0.2752446642097741
0.25892254804327813
0.2919383721893642
0.3328856663145521
0.2812037381309781
0.26674935206697065
0.26217668170647856
0.29773166579853133
0.27207144719984283
0.30104962103303773
0.27547295466824695
0.2557645000467322
0.3067435435503105
0.2543111279431349
0.32426577354796277
0.2905878163821141
0.33029646944407237
0.335588668760567
0.3246340790415481
0.30128103405652223
0.24807655741826917
0.26410953979549934
0.30125129963165986
0.29062730543540977
0.26662613625866455
0.28144259178323294
0.2954356069247723
0.2681389003605638
0.27013544915944426
0.2589886285404083
0.33196824716541046
0.2698487797452619
0.3142969892233187
0.2689467621505288
0.28970841376786766
0.2992177934000642
0.25701586796047005
0.27652055806907216
0.3154285573376539
0.2819267397557355
0.27694276542769347
0.3495560944454605
0.25742802637950185
0.2968982938386421
0.28475733371493755
0.2715223376145596
0.2807484228032684
0.26332712652240314
0.2822912356340898
0.2738675303295944
0.3363930783459064
0.2696507789867963
0.3168430871504554
0.270155204897939
0.2771040956701942
0.2605468395171775
0.29124943532243175
0.2749636564358067
0.2716378822548559
0.3132266356248162
0.2795161802500409
0.2781331680476561
0.2796646762290756
0.3032557982502047
0.3406525268020359
0.2757449437902899
0.2973012411424944
0.2610674965852299
0.29144704642071506
0.27827845716601673
0.26598336961689406
0.2907096306803818
0.2782339688486621
0.2627697494528683
0.28789718369520195
0.2828666128535351
0.2832749451086253
0.2661381019521657
0.28927627880050144
0.2757120522603317
0.2818456760050564
0.26862889301535703
0.2770425723026813
0.26568211047004797
0.27844408535167836
0.3063151357333448
0.2787450438252942
0.30185577039386197
0.3376167413425794
0.2727728127577932
0.22782952035433918
0.3050159904444688
0.2857984371113443
0.27000238576843366
0.2777338253284499
0.3272294198626139
0.34294240554406163
0.2547331048764527
0.27641627819041437
0.2844559542316125
0.2621000467764734
0.2652812164611303
0.2677808848819894
0.28843315115310664
0.3405954980996199
0.2803634203850044
0.2619879701716738
0.30111015285213455
0.2910705594081851
0.2713305185121045
0.25065794481232323
0.2914647438466761
0.2722686870195195
0.26020087853334933
0.2671976393329023
0.2721172735498311
0.2603133562696848
0.28544785109037474
0.2504828725956683
0.2758334901030693
0.2741923675380744
0.2818420275189909
0.3389643246857847
0.3341853102688396
0.2507024228412582
0.3109927237201779
0.2990718229056805
0.3054467918524744
0.2724841343283445
0.27113543320792066
0.28149818424147116
0.29781720520803345
0.2801151671519778
0.2556360074913131
0.2996555359631276
0.272950854646406
0.2905231048859108
0.29888562342951486
0.29270249810395554
0.29212509244843204
0.2782087443556777
0.26182992583605075
0.2746698165652523
0.26649601802383094
0.2554250616513616
0.24802399910248818
0.27843027561559286
0.22313610289201494
0.27108422755278044
0.28196978182556914
0.259523285968912
0.23724984253346015
0.281403059148453
0.2650419718598649
0.2629429292645215
0.26221499279472177
0.2754455938391751
0.2872323616134617
0.27797668903906625
0.2677836845935881
0.27051851830759904
0.28667100812580415
0.32214693122262167
0.26737338386736104
0.2535288575031526
0.2839276769894606
0.275079444764725
0.30617331153105953
0.23212607672215568
0.29236857156185125
0.29418096339173805
0.3373359758232404
0.2670307807204275
0.2782084531974893
0.26039342955899986
0.24186605971623848
0.27313278333294877
0.26602463969956175
0.26622765536931603
0.2739156778309744
0.2706960942769098
0.27748372372002666
0.2495116485761874
0.28037489008346944
0.2756316543026105
0.2686382327700933
0.2880665435313576
0.2716040387249372
0.2916226792717322
0.26238309310043995
0.2678947904751642
0.2545581014187776
0.2579482684534958
0.330784079206506
0.28034146377113967
0.28378208737560434
0.24537115482636573
0.29592991482024544
0.31365021238659485
0.2784800449313508
0.28167054575807904
0.26942440580603816
0.2614240271474099
0.2838095258733409
0.26550416139781396
