0.581833807818019
0.5144948915397404
0.5577705656429421
0.5678394089024557
0.5212038136751193
0.5714796113493571
0.5576788320979681
0.6147288123674923
0.6241905440952142
0.5875147457965202
0.5598891846568272
0.5825537742811019
0.5454704955192728
0.5439488269652641
0.5571433246452082
0.6062983717356228
0.5417664347431446
0.5569354811691171
0.5706842061323784
0.5318718886653586
0.5731867486249267
0.5508234471450617
0.5146581243168807
0.6159006630540007
0.5161737660652903
0.5610662912230419
0.5398922603988626
0.6758598379912701
0.5748440336832712
0.5072720143293133
0.568928104041173
0.6985628109502212
0.531668779724791
0.5615501505536408
0.5569212573163641
0.5669861839411691
0.5589499053662124
0.6757926757373285
0.554122455232503
0.5092789198965225
0.5375153120620515
0.5607644304030033
0.6234568661887245
0.5696836541218662
0.6869701485609653
0.6096712079984343
0.6104128731949187
0.5874460027003418
0.5694563375785363
0.5847952995318415
0.5517009221237449
0.5592091657716429
0.5484400624999959
0.4874240574352364
0.5884002681219755
0.5399899999999839
0.5676924017581525
0.514092031853013
0.5807719892148125
0.5683889811514256
0.6898545386191643
0.5509131929681556
0.5579434163787768
0.553673848510921
0.5268766099466362
0.553634626065213
0.4987037407609503
0.582696934184291
0.5503586019186774
0.5399899999999841
0.5737267324193973
0.6701930096715503
0.5102191527780957
0.587935216572188
0.5578811714316405
0.5707952415317461
0.5696298764722119
0.5198263842042145
0.6868690412993547
0.5493153124999648
0.571015531935202
0.6060946833902728
0.5714227201632616
0.5568835519805825
0.5115499736291353
0.6047899006821443
0.5320887867467865
0.5677199176215016
0.5738155872297035
0.6084164831306236
0.5799775594895973
0.5201508562196931
0.5335731281907148
0.5381053464836467
0.6951812538711204
0.5529727198562173
0.5733234728354084
0.7012080264504298
0.5779764268393289
0.6869020506109592
0.5654563926608672
0.5870911168565841
0.5174159999289293
0.6013131916248223
0.5863378860825919
0.5900679908220515
0.5961359340504143
0.5731538858796973
0.6695681062266111
0.6210763884336483
0.6186630698469618
0.5759739202524137
0.5281324045351525
0.5082383888732719
0.5203462172227384
0.6283787239961326
0.48740299322410996
0.5521768335335557
0.508677092653038
0.5503994458025263
0.579549117615129
0.5897866620588035
0.6872707152401827
0.6309565952231027
0.5523903781529096
0.5671964676141399
0.602646081637983
0.6002751188983803
0.6326240853795497
0.5490909999997503
0.5885603753708948
0.5931954802602385
0.6575986721567647
0.5529973078953543
0.5719953364854787
0.5703580146460265
0.5929175463717196
0.5399899999999846
0.6098536345485858
0.6061510331446746
0.6242475696304053
0.568834198058825
0.509948905130377
0.5610496566093164
0.553556962568628
0.5944538310994081
0.5677172133100585
0.5540482027073416
0.5076775562026631
0.5076538505948819
0.6096168313582527
0.6339544418136441
0.5931238426900302
0.6741863449200336
0.5533166586866735
0.6068996947339736
0.5377453980765844
0.551512780451185
0.5814232637984366
0.5212078138504382
0.5579642010442245
0.6004466220699372
0.5552394267292258
0.5662557124101725
0.5381196974049188
0.5202171890128575
0.5634782030026673
0.6575387149282211
0.571015207955299
0.6305712180841434
0.6572855565131348
0.6113734722818557
0.5774948331911859
0.567276840758544
0.5601848236121152
0.5140895450649787
0.6160367632740366
0.5537545627582573
0.5529686797540957
0.5926272954604822
0.570146673864034
0.6068947043497577
0.5658178692347274
0.5803609332578344
0.6105253647710485
0.5287637340336245
0.5574091973185975
0.5695939225636929
0.6105297456030219
0.5761957973817097
0.5810905854309734
0.5680103605463765
0.4865228534554224
0.5098575109887594
0.5869063423659107
0.5528294022620515
0.5158232831550524
0.6105159038343698
0.5703424175676325
0.5567674167702389
0.6741745986138572
0.5337771796280971
0.5201504738020032
0.5928051738567077
0.5351658186625445
0.574133821256037
0.5900553736152879
0.5431358480417107
0.5736703080892555
0.5733910650311057
0.6757767169050081
0.587740432450614
0.6296951457493642
0.5529527045714695
0.5703776410736979
0.5928087600381461
0.5562499986999635
0.563093790734983
0.6056672111746884
0.5935547511889703
0.5377278304438818
0.560739568556224
0.5166854471087593
0.5779706457267078
0.6094960701209117
0.5733624338220479
0.5875828083610379
0.5612183236764101
0.6058669930592157
0.7008098353813942
0.5496671284796544
0.5692126255053432
0.5652593348692609
0.683124069889971
0.6578058667667628
0.5809064761110309
0.6106296430062429
0.6985069290443627
0.5616840072119121
0.5383578409776902
0.5428026939889272
0.5202536455260636
0.5886644067789067
0.581833807818019
0.5144948915397404
0.5577705656429421
0.5678394089024557
0.5212038136751193
0.5714796113493571
0.5576788320979681
0.6147288123674923
0.6241905440952142
0.5875147457965202
0.5598891846568272
0.5825537742811019
0.5454704955192728
0.5439488269652641
0.5571433246452082
0.6062983717356228
0.5417664347431446
0.5569354811691171
0.5706842061323784
0.5318718886653586
0.5731867486249267
0.5508234471450617
0.5146581243168807
0.6159006630540007
0.5161737660652903
0.5610662912230419
0.5398922603988626
0.6758598379912701
0.5748440336832712
0.5072720143293133
0.568928104041173
0.6985628109502212
0.531668779724791
0.5615501505536408
0.5569212573163641
0.5669861839411691
0.5589499053662124
0.6757926757373285
0.554122455232503
0.5092789198965225
0.5375153120620515
0.5607644304030033
0.6234568661887245
0.5696836541218662
0.6869701485609653
0.6096712079984343
0.6104128731949187
0.5874460027003418
0.5694563375785363
0.5847952995318415
0.5517009221237449
0.5592091657716429
0.5484400624999959
0.4874240574352364
0.5884002681219755
0.5399899999999839
0.5676924017581525
0.514092031853013
0.5807719892148125
0.5683889811514256
0.6898545386191643
0.5509131929681556
0.5579434163787768
0.553673848510921
0.5268766099466362
0.553634626065213
0.4987037407609503
0.582696934184291
0.5503586019186774
0.5399899999999841
0.5737267324193973
0.6701930096715503
0.5102191527780957
0.587935216572188
0.5578811714316405
0.5707952415317461
0.5696298764722119
0.5198263842042145
0.6868690412993547
0.5493153124999648
0.571015531935202
0.6060946833902728
0.5714227201632616
0.5568835519805825
0.5115499736291353
0.6047899006821443
0.5320887867467865
0.5677199176215016
0.5738155872297035
0.6084164831306236
0.5799775594895973
0.5201508562196931
0.5335731281907148
0.5381053464836467
0.6951812538711204
0.5529727198562173
0.5733234728354084
0.7012080264504298
0.5779764268393289
0.6869020506109592
0.5654563926608672
0.5870911168565841
0.5174159999289293
0.6013131916248223
0.5863378860825919
0.5900679908220515
0.5961359340504143
0.5731538858796973
0.6695681062266111
0.6210763884336483
0.6186630698469618
0.5759739202524137
0.5281324045351525
0.5082383888732719
0.5203462172227384
0.6283787239961326
0.48740299322410996
0.5521768335335557
0.508677092653038
0.5503994458025263
0.579549117615129
0.5897866620588035
0.6872707152401827
0.6309565952231027
0.5523903781529096
0.5671964676141399
0.602646081637983
0.6002751188983803
0.6326240853795497
0.5490909999997503
0.5885603753708948
0.5931954802602385
0.6575986721567647
0.5529973078953543
0.5719953364854787
0.5703580146460265
0.5929175463717196
0.5399899999999846
0.6098536345485858
0.6061510331446746
0.6242475696304053
0.568834198058825
0.509948905130377
0.5610496566093164
0.553556962568628
0.5944538310994081
0.5677172133100585
0.5540482027073416
0.5076775562026631
0.5076538505948819
0.6096168313582527
0.6339544418136441
0.5931238426900302
0.6741863449200336
0.5533166586866735
0.6068996947339736
0.5377453980765844
0.551512780451185
0.5814232637984366
0.5212078138504382
0.5579642010442245
0.6004466220699372
0.5552394267292258
0.5662557124101725
0.5381196974049188
0.5202171890128575
0.5634782030026673
0.6575387149282211
0.571015207955299
0.6305712180841434
0.6572855565131348
0.6113734722818557
0.5774948331911859
0.567276840758544
0.5601848236121152
0.5140895450649787
0.6160367632740366
0.5537545627582573
0.5529686797540957
0.5926272954604822
0.570146673864034
0.6068947043497577
0.5658178692347274
0.5803609332578344
0.6105253647710485
0.5287637340336245
0.5574091973185975
0.5695939225636929
0.6105297456030219
0.5761957973817097
0.5810905854309734
0.5680103605463765
0.4865228534554224
0.5098575109887594
0.5869063423659107
0.5528294022620515
0.5158232831550524
0.6105159038343698
0.5703424175676325
0.5567674167702389
0.6741745986138572
0.5337771796280971
0.5201504738020032
0.5928051738567077
0.5351658186625445
0.574133821256037
0.5900553736152879
0.5431358480417107
0.5736703080892555
0.5733910650311057
0.6757767169050081
0.587740432450614
0.6296951457493642
0.5529527045714695
0.5703776410736979
0.5928087600381461
0.5562499986999635
0.563093790734983
0.6056672111746884
0.5935547511889703
0.5377278304438818
0.560739568556224
0.5166854471087593
0.5779706457267078
0.6094960701209117
0.5733624338220479
0.5875828083610379
0.5612183236764101
0.6058669930592157
0.7008098353813942
0.5496671284796544
0.5692126255053432
0.5652593348692609
0.683124069889971
0.6578058667667628
0.5809064761110309
0.6106296430062429
0.6985069290443627
0.5616840072119121
0.5383578409776902
0.5428026939889272
0.5202536455260636
0.5886644067789067
