1.771623726190709
1.722573485239901
1.4816981775141218
1.7357766015306122
1.6775862945979547
1.7573476990436159
1.7789419572423975
1.4209198554050824
1.6954354229038402
1.761795322830511
1.732340717841641
1.4783219538879344
1.8348509407121167
1.529450675997567
1.8340589251020178
1.52785372415575
1.7665117550353227
1.7613096312298078
1.842401058651241
1.7426174980910933
1.7364477717984357
1.781692872540161
1.7407610259698922
1.7144695948386663
1.7044875220662283
1.7161259083591411
1.8958020425379702
1.6585528765853421
1.9248380563031031
1.7647192218462007
1.8738571705572291
1.7747769120331025
1.5376083332867752
1.7242710953214861
1.6518915966883059
1.5512085368939583
1.7022528964027486
1.7606087282866314
1.6027900738777485
1.7657474874995547
1.7256322932467747
