0.5779196264224394
0.5488426284697738
0.5652698150105031
3.0033499488622053
0.5718113350654606
0.5616084729325668
0.5260832462755365
0.6479364682839304
0.5949639063905748
0.6130716941013105
0.5928812807821262
0.5689930763887963
0.5499484312611396
0.5263518173742235
0.6058824224353607
0.5364336589118781
0.5700520767199972
0.5754123615141735
0.47582556210782057
0.6054616077451349
0.6158800606484445
0.6576347656961319
0.5122466281083731
0.5332176400911712
0.4961257956337028
0.5585539788358076
0.5158363399970554
0.5944376908076929
0.5729077667321432
