0.7426639081726074
0.6168430014648437
0.6685930407714844
0.43958689851379396
0.8513562682495117
0.747702605682373
0.6679793469696045
0.7446209177398682
0.7309034472961425
0.8897802937011718
0.580392321472168
0.5833214969787598
0.7381122115478516
0.9331677550201416
0.7487516949615478
0.9411439355621338
0.787360943283081
0.8577340511016845
0.8192623591308594
0.8301798725585937
0.704362657119751
0.7101664873809814
0.7177429102783203
0.7297487521667481
0.7183554830627441
0.7622259512939453
0.5930170664520263
0.7959334865570068
0.638883452041626
0.7391696578521728
0.7316360013580322
0.9381978694610595
0.5227046658935547
0.9168533818817138
0.7392440117034912
0.8775057955780029
0.9003065190887451
0.6244927158966065
0.8875758403625488
0.9124693446655273
0.8613518837280273
0.7152981829223632
0.6403475565490723
0.6892876696166992
0.8469532601623535
0.9421866869812012
0.7135615679473877
0.7702279804840088
0.9193611871032715
0.8859421259460449
1.2494505313568116
0.9384950001220703
0.9989214533691406
0.8154183499603271
0.7649426667175293
1.0958776465148925
0.8402876190185546
1.2501157655181885
0.6499429530944825
0.9904088378143311
0.6820217899322509
0.7346202200164795
0.8420199655609131
0.8311140540466309
0.9267242353363037
0.5489303809356689
0.5375135615081787
0.5935749739227295
1.0035287917633056
1.1000320846710205
0.5205709789581299
0.8041140832672119
0.734026822128296
0.783516254776001
0.7255095839691162
1.273771484008789
0.8870071509399414
0.7939634258422852
0.8551932774200439
0.7864931275787354
1.089622100112915
0.7182995213928223
0.945150567779541
1.126368245010376
0.8325240016174317
0.7856655519409179
0.9108342979736328
0.6782653854064942
0.8411890365142822
0.8193229489898681
0.6970883141784668
0.8372996375732422
0.7667491698760986
0.8485662545013428
1.1477786571350097
0.6679264903259278
0.6576146878967285
0.6226587941589355
0.978224482284546
0.8608966396026612
0.7416443556365967
0.5891918324432373
0.7389792068481446
0.7025463312683106
1.3597388993530273
0.9584172701721192
0.5208242338104248
1.1844615476226807
0.6783017516326905
0.8095951219329834
1.0471577975006103
1.012287581893921
0.5156913134307861
1.152110417602539
0.7102710896148682
0.7664216957702636
0.8522774781036377
0.8247738350982666
0.7715091572723388
0.8361945415039063
0.6233110283203125
0.8942720553741456
0.699457577835083
1.0147166051635743
0.6792383320922851
0.7911674040985107
1.2070294028778077
0.7534514934387208
0.6385747858428955
0.7542139153137207
0.8482229644927979
0.8657338554534912
0.6456887441558838
0.8456303545379639
0.8588725257720947
0.6866366131591797
0.8742579138946533
0.7382737914428711
0.8439446879730225
1.1455798535614015
1.088142977203369
1.01954122315979
0.7748684095611572
0.7356038232574463
0.6506750778503418
0.9266945695800781
1.033183938812256
0.9412439323883056
0.7653605892944336
0.7816112360076904
0.5847271745910645
0.6101791658172607
0.4309053356323242
0.5948478160247803
0.8797548271636962
0.6282519754180909
0.3901167629852295
0.6360717545776368
0.5255693070678711
0.6851779028015137
1.2754067371368407
0.8076252069854737
0.6132916536712647
0.8762241055908203
0.37602037872314453
1.3711046169281005
1.2302949092254638
0.7238175057373046
0.8516816540832519
0.8508789984893799
0.42511692230224607
0.9441493339385987
0.5787889892730713
0.7308101058197022
0.6178057061157226
0.7093244732360839
0.892004429107666
0.6143067022094727
0.4670104644165039
0.7370678035736083
1.0372882615356445
0.761654303817749
0.7315529873352051
1.425923639328003
0.7388636729583741
0.8438548050537109
0.9019454511108398
0.8059651966552734
0.7826732653808594
0.7617552067871094
1.0002157747192382
0.5743485087280273
0.8449714909820557
0.5053538816070556
1.1841183163146973
0.7979089154663086
0.7213410735321045
1.2012866337280272
0.5213100561828613
0.36751413256835935
0.4700131012115479
0.503230829650879
0.7448328774414062
0.7489163990478516
0.741453189376831
0.6658439367828369
0.5493908259124756
1.0477472213439942
0.7626188052062989
0.9785319224395752
0.6241532369689942
1.0110147793273925
0.7273857041473388
0.6548510375213623
0.6534141654052734
0.6277919936981201
0.7083377897186279
0.4399754077758789
0.5242949992980958
0.7727820345306396
0.7176789777374267
0.6850776212310791
1.2553891416015626
0.6134935219268799
0.8532616360473633
0.44492135487365725
0.9233896463928223
0.6225777805786132
1.2822159797515869
1.1841644317474365
1.0018426380767822
0.5171412881622315
0.4394967682952881
1.1503540466308593
1.3535456524810792
1.0767998958129883
1.0565197267303468
0.6638677191314697
1.2145839735107422
0.5824827879486084
0.9070518483276367
1.0903734972381591
1.5022932096557617
1.2605758958435058
0.7414800444946289
0.6038869221191406
0.6480519830627441
0.6228879675292969
0.7127833221740723
0.5311611192474365
0.6721825794525147
0.9941647710876464
0.6169285517883301
0.4683760537567139
0.5614908671264649
0.6015114256286621
0.7908831448669433
0.7011265825805664
0.704733464706421
0.5317817312469483
1.1498444874267577
0.358061082321167
0.7743873291625977
0.526576313659668
1.1800055111694336
0.4656062660522461
0.8241668677215577
0.5866885719604492
0.8354431048431397
0.5375448993682861
0.6376936358947753
1.2403564647979737
0.6573708783416748
0.5245204494171143
0.7412545332641601
1.1184206215820311
1.0069032848815918
0.46820884884643554
0.9708610047454834
0.5376131865234375
0.860680844833374
0.6093967674865722
0.579641334487915
0.807621066040039
0.6282398592224121
0.49440441932678225
0.6411512851867676
0.43162158699035647
0.5525031296691895
0.44363600636291506
0.6884422644958496
0.9930303044128418
1.0431139540252685
0.5164760112915039
0.5756464211425781
0.3671565194854736
0.5750434988861084
0.4737596978302002
0.43697512121582033
0.5245439286651611
0.928783475769043
0.7651539555206299
0.7564691202697754
0.6259102996520997
0.6281187537536621
0.7101224398498536
0.4993676815032959
0.36211194978332517
0.37315256144714354
0.4925166773071289
0.5038142806549072
0.42513469067382814
0.6956260998229981
0.5165068044128418
0.7772749579620362
0.36505736250305176
0.6033703030090332
0.3629182845916748
0.5760691540374756
0.4619370943603516
0.530030933380127
0.42385070959472654
0.503593631652832
0.2634779915161133
0.41107617225646975
0.6472042640686035
0.6510962608642578
0.38112939974975585
0.45921316133117673
0.42439558990478515
0.597263377243042
0.2884057521972656
0.3865124212188721
0.3724223032989502
0.3884947247314453
0.4004156401062012
0.5787238614654541
0.6125120860290527
0.4041046624145508
0.34660435433959963
0.5403516814880371
0.2976991410675049
0.4649632826843262
0.31184579331970214
0.3184850274963379
0.4262719792785645
0.4747909564208984
0.5848418383789062
0.5461966499633789
0.5073594383239746
0.5032513416442871
0.4045863074798584
0.37459360166931155
0.3901223576660156
0.6460198500671387
0.509090125579834
0.6353799373474122
0.6094201460876465
0.5555095675811768
0.38445361567687986
0.4955764518737793
0.3663811087799072
0.3807073173828125
0.42478838829040527
0.6346838058013916
0.35512729296875
0.3333189818115234
0.5286827825469971
0.397284173828125
0.4609481333312988
0.4249118871459961
0.38744722772216794
0.40676517895507813
0.47066737731933594
0.2766830497283936
0.41623151515197754
0.27646212835693357
0.481956484664917
0.37200663710021975
0.49281273568725587
0.35139274629211426
0.37256582931518556
0.38815317472839356
0.39449592483520507
0.351650775100708
0.40621912571716307
0.30663435415649415
0.4428784375152588
0.412156516708374
0.4100076612243652
0.3197890201873779
0.4153216024169922
0.37038765272521973
0.3507635700683594
0.3664325991973877
0.40749026417541506
0.31413797549438477
0.45229645622253417
0.40082253355407715
0.18895289598083495
0.3891967636260986
0.4222800531158447
0.40295887704467775
0.16613488093566894
0.24124091065979003
0.4319606145935059
0.3090924157562256
0.4221204300689697
0.4099094531402588
0.3183142215576172
0.27555300874328614
0.45767120532226563
0.3861592653656006
0.4183479792175293
0.4135764506988525
0.4236145430145264
0.4240190954284668
0.42965783380126954
0.41223240171813963
0.4848686941223145
0.3679621346588135
0.3576316792907715
0.40473246968078613
0.41041044526672366
0.4007169041595459
0.4529528577270508
0.408151078994751
0.40999785331726074
0.37530428233337404
0.3968684948120117
0.4002304783477783
0.4100456173095703
0.29767935232543946
0.394548740737915
0.4095468240661621
0.441010310546875
0.3858116658630371
0.42224689256286624
0.4073500277252197
0.18309482292175294
0.351731108581543
0.42802545724487306
0.3588987190704346
0.4495160978240967
0.4186640016784668
0.36407675367736814
0.41080255676269534
0.414054841796875
0.4334902099609375
0.3162226711883545
0.42070142938232424
0.3072093642425537
0.4358345514831543
0.4132535924072266
0.42617359465026855
0.41026963133239747
0.422515489654541
0.44907108653259276
0.36523973037719726
0.37061472106933596
0.41484278562927246
0.40052890492248533
0.34390208782958986
0.3920317118835449
0.3672093445892334
0.4624036324310303
0.3141736276702881
0.142668400100708
0.3798457621154785
0.3888042791137695
0.14425705778503417
0.3788862255706787
0.44464536439514163
0.41212719801330566
0.44017402403259276
0.2722673419342041
0.34564723593139646
0.4261966545562744
0.42187739808654784
0.3936413436126709
0.44723973472595213
0.45025361114501955
0.4150905284881592
0.40495662464904786
0.37273450427246096
0.40777784407043455
0.42277274253845215
0.32400094438171384
0.2038431961517334
0.41729695346069334
0.38024511640930175
0.3690647618865967
0.28774888623046874
0.3914102552947998
0.42084774052429197
0.2976723251647949
0.37862354458618164
0.29245391633605955
0.37015463191223147
0.29169425045776365
0.42481039628601075
0.4144571337738037
0.4422054621429443
0.4095023935546875
0.3997347333984375
0.3665289925842285
0.3920167953338623
0.40316175888061523
0.15271095808410645
0.2014220431060791
0.4230603180541992
0.4180569188690186
0.2826555625
0.3915546530609131
0.3628593025512695
0.3729187167358398
0.21450201983642578
0.35690423583984376
0.28731759381103517
0.315191202545166
0.3747283860321045
0.4009052963409424
0.40200508171081545
0.39162759797668456
0.29394150173950195
0.3966725375213623
0.4090187656860352
0.3980521188659668
0.3963600362548828
0.3425064689178467
0.3466292461395264
0.39318304078674315
0.21194739192199707
0.2815419265136719
0.4109674318084717
0.3194908264465332
0.3883970905151367
0.39654074395751954
0.36660933647155763
0.39417861686706546
0.40297897769165036
0.4106696254272461
0.2836402516021729
0.34006884461975095
0.3961399734954834
0.38820283248901366
0.4061790442352295
0.3664513204803467
0.41884175888061526
0.36113054663085936
0.4198404739379883
0.36607114907836913
0.42328577978515625
0.4150142944488525
0.3913239904785156
0.38737413024902345
0.3131422999725342
0.365594159362793
0.2638412599487305
0.35281483404541014
0.39167518104553223
0.2916748199462891
0.3805381044769287
0.3828998338012695
0.40847026036071776
0.32253777153015134
0.28382941818237306
0.37303616006469725
0.35574577912902833
0.34713984608459475
0.3946020909729004
0.34705673820495603
0.4090983543395996
0.39372701254272463
0.39817151466369627
0.38294407824707033
0.393729166305542
0.34839374130249023
0.3435041863861084
0.2922018028717041
0.39004653649902343
0.3972465340270996
0.3834419129943848
0.3863375325927734
0.310595381729126
0.4251355133666992
0.43946363610839845
0.29823374900817873
0.3537244324645996
0.2870878589477539
0.37920308265686037
0.3577119548339844
0.39118966258239746
0.3613307028045654
0.3870439205169678
0.283363600189209
0.3519796161956787
0.3444290998840332
0.3754313199005127
0.3800385273132324
0.3984892970581055
0.2103003939666748
0.3053122304840088
0.2929025693969727
0.33146282768249513
0.37750605195617676
0.35022126800537107
0.3543881446685791
0.36292312644958497
0.3598772759857178
0.2620836369781494
0.3605062421569824
0.330488740814209
0.25619284898376465
0.4488131879425049
0.43148281938171384
0.36217704122924804
0.41210936294555667
0.14100716613769532
0.3116996167755127
0.4158667007751465
0.35856384719848633
0.3470744287109375
0.13684962295532227
0.3814851258544922
0.32758974020385745
0.35233997093200686
0.3428107713012695
0.2976121250762939
0.39595492793273923
0.3046230482330322
0.4105050746612549
0.36440646061706544
0.37422733761596677
0.4117536220550537
0.4237411692352295
0.3593832591094971
0.3385792189178467
0.37946981872558594
0.3935355680084229
0.4122718909301758
0.3934300288543701
0.4009062500152588
0.40651196363830566
0.4036897362213135
0.3546136886444092
0.3647583911895752
0.39429630058288573
0.4029466777191162
0.321532376373291
0.43046752684020995
0.39746025651550293
0.35236163865661624
0.2686815536651611
0.3737280915222168
0.37748750842285156
0.3890842388153076
0.3900188748016357
0.4039433536834717
0.13219780531311034
0.2532207845306397
0.34720714999389646
0.31859172161865235
0.4034601391296387
0.29340347883605955
0.1947790245666504
0.40273551837158206
0.41234917008972166
0.4032491386871338
0.4130924350280762
0.240667861038208
0.3561896817779541
0.25783438850402834
0.33395169960021975
0.3677351613769531
0.38403027014160157
0.35708334130859376
0.33261952839660647
0.41745622265625
0.2557921153259277
0.3903955873260498
0.3171158965911865
0.13576348735046387
0.38358676525878904
0.3016303854827881
0.33847326721191406
0.3930623546600342
0.27619140104675294
0.3040735137786865
0.3896370740051269
0.2908167299041748
0.39086383024597166
0.34981511138916016
0.29530593128967286
0.1295544980621338
0.3032380160064697
0.33615740252685544
0.3588613540496826
0.38081645198059083
0.31013166317749025
0.32725008879089357
0.2585066498260498
0.36440799057006834
0.37284538566589354
0.37841743353271484
0.3462420914916992
0.32738569705200193
0.3909623434448242
0.38875265968322753
0.35385959783935544
0.32260862138366697
0.3841393991546631
0.4316343405761719
0.30471284617614747
0.3350429322357178
0.28985134788513184
0.16839469250488281
0.3017290636138916
0.3128344225158691
0.30779135998535156
0.34996441453552246
0.33707503610229494
0.3461616845245361
0.19869124182128906
0.2565175767364502
0.32857109144592284
0.21436772785949706
0.19186884226989745
0.30336037106323244
0.28366390936279295
0.21894472959899902
0.30012525337219237
0.28641622581481935
0.31753688313293454
0.3041222889404297
0.20726960340881348
0.2779424996490478
0.31703837145996094
0.2776544041442871
0.27511510609436035
0.30297383222961427
0.1351619968109131
0.16367657971191407
0.2739708143157959
0.32148373777770994
0.37765716059875487
0.1980051665649414
0.2617674791564941
0.2502089488525391
0.29187209155273436
0.30352332955932615
0.27803987825012205
0.16001054261779785
0.2416576083984375
0.26402791333007813
0.20106201068115234
0.31076096282958987
0.257147584854126
0.21759069737243653
0.2774293042602539
0.3263312259979248
0.2196376530609131
0.2869162291107178
0.27058282202148437
0.27449460317993163
0.31390206408691407
0.2586295076751709
0.322608174118042
0.33738230453491214
0.1629534437866211
0.18295172303771973
0.18972041171264648
0.19573923683166503
0.21222606567382812
0.24998187371826172
0.26138578579711913
0.2639337324066162
0.3335311823425293
0.2867401587982178
0.3095371263122559
0.26243394735717773
0.19342314051818849
0.238092416015625
0.16114440147399903
0.24970407095336913
0.3279056620178223
0.2903250792541504
0.3160026527862549
0.2720188554534912
0.25079034553527835
0.28770302520751956
0.3198614067840576
0.28644136041259766
0.2736601245727539
0.2877878818511963
0.33253422886657713
0.28754914457702635
0.23490742295837402
0.26783673599243163
0.1996248574371338
0.2665938216094971
0.2766967058410644
0.21629742234802246
0.28126650552368165
0.280539751373291
0.23464493089294433
0.1987273887939453
0.26777840371704104
0.13317646484375
0.19403265022277832
0.2850818229827881
0.31236347354125976
0.2799941051025391
0.28456925019836427
0.27692397547912595
0.27306534928894044
0.29405750732421876
0.3261405442504883
0.2803093735351562
0.28872697189331054
0.33528675537109376
0.28359120527648923
0.2294247604827881
0.2902449905395508
0.3271068547515869
0.3222962830810547
0.284881765045166
0.26270743942260744
0.30396892709350587
0.3078242425842285
0.27633905563354494
0.209455994430542
0.2737198953552246
0.2620867352142334
0.2739754461212158
0.2972551401824951
0.2593234614715576
0.230302951171875
0.26652209156799317
0.2466433323059082
0.3013136865386963
0.29036122622680666
0.16160558087158203
0.19356077790832518
0.2223353660736084
0.2783633943023682
0.2668034514465332
0.29698966049194336
0.30037356254577635
0.22811586964416503
0.2527585971374512
0.26374865168762207
0.20371637783813476
0.2682224453430176
0.27948030627441406
0.20781334112548827
0.2716433270263672
0.2878507448425293
0.2920305676269531
0.2903443652038574
0.12890294520568849
0.24577352262878419
0.279683160949707
0.2639669392852783
0.2749671284332275
0.13322624362182617
0.1629879557800293
0.2844720916137695
0.22707924723815917
0.2864103320465088
0.3026962227630615
0.21933062184143065
0.2555697239074707
0.20766846290588378
0.26924671751403806
0.25721038838195803
0.30130748086547854
0.2920722840881348
0.28038592626953124
0.28758603955078127
0.27138218760681154
0.2692650238342285
0.2206972427215576
0.2503659740447998
0.2829596072998047
0.3027200578308106
0.2770460637512207
0.3143097351074219
0.28728704304504393
0.29648454296875
0.273823017578125
0.2644495448150635
0.27526549630737307
0.27506813204956054
0.1944320149230957
0.253743219543457
0.2934421625518799
0.283643909362793
0.2695831872406006
0.259508587310791
0.26253092698669434
0.13343028874206542
0.19859793505859374
0.2716955933685303
0.24797169998168944
0.22643458935546876
0.26408712020874026
0.30547125567626954
0.22147350086975098
0.16285923570251465
0.27192787341308594
0.2958226219177246
0.26233883192443846
0.26847087071228026
0.2722133531036377
0.2762529797363281
0.2071040131072998
0.2417540485534668
0.2680363466644287
0.27790033668518066
0.2559985135345459
0.2641494153594971
0.2906248097381592
0.21868987130737305
0.23739712829589843
0.2596171312866211
0.2821211762237549
0.26512927618408205
0.20693678465270995
0.26167401469421386
0.25437814738464354
0.19652593228149415
0.2509429470062256
0.27681858767700196
0.19524771475219727
0.1323428101348877
0.2596292906341553
0.27725418159484866
0.23291177359008788
0.12889737692260742
0.2477408656768799
0.2838040803222656
0.2743579621734619
0.29249142153930663
0.2579552475585937
0.2746400033569336
0.23090018850708008
0.20145354710388183
0.21306993646240235
0.2865001176147461
0.2906518788452148
0.26858162911987304
0.27870473742675783
0.2622704057922363
0.30807313121032714
0.32088882231140137
0.28096054779052737
0.29714640773010254
0.2924865481414795
0.3138662038269043
0.27401036825561526
0.3019035532684326
0.16249587899780274
0.2765929183044434
0.26991447604370117
0.2964169327392578
0.28374950283813477
0.31226529141235354
0.2840008683013916
0.3048608893280029
0.19316262129211426
0.25720339517211915
0.1930925948944092
0.26159512409973146
0.21473366763305665
0.27115160409545896
0.28659543872070314
0.2779457911834717
0.2609587904968262
0.19131587051391602
0.24872481115722656
0.26671138792419435
0.2670688564453125
0.2554481236419678
0.2626123431549072
0.13364833715820312
0.2528976482849121
0.16402136013793944
0.2545276629943848
0.28297409213256836
0.1926059306640625
0.2587036175231934
0.24425361656188965
0.2834499157104492
0.2835746593322754
0.28039231045532226
0.26332912084960935
0.2665610372467041
0.1605912592010498
0.18558810136413575
0.24860381553649902
0.20039282284545898
0.28625367625427245
0.24914858041381835
0.19694984686279296
0.25499951811218263
0.20548165615844727
0.2671772917785645
0.2650364590759277
0.26824702961730956
0.2652853600769043
0.2724462497253418
0.26497148141479493
0.2749721160583496
0.16057125437927247
0.18540380380249025
0.26554846795654297
0.20040419465637208
0.19457506607055663
0.24842679472351073
0.26450794378662107
0.26960990129089357
0.2839325076599121
0.268098395401001
0.27461520903015135
0.22847692922973634
0.19175034823608397
0.22286784741210938
0.16069836904907225
0.23616590245056152
0.29042924659729
0.2734998282165527
0.2681579197692871
0.28844646745300295
0.2544044512939453
0.2885546879119873
0.2790966835479736
0.2659873446502686
0.2692730374145508
0.30445108294677736
0.290666336517334
0.26955750352478025
0.2682611426391602
0.21154538983154297
0.25960727026367186
0.2053554999847412
0.26366648313903807
0.2852936065826416
0.19555750996398927
0.24818712852478028
0.28489112327575683
0.22666725993347167
0.18818702442932128
0.25326824340820314
0.1336127053527832
0.19025700727844239
0.26990536981201174
0.27057690229797365
0.27184124281311034
0.27827753645324704
0.300578098526001
0.29730406231689455
0.3046541025543213
0.28558000720214843
0.2677546996307373
0.22863533740234376
0.2791813752593994
0.2874403015136719
0.262544348739624
0.23514344377136231
0.30404084364318845
0.289247461227417
0.20808010797119142
0.24012446556091308
0.19575161543273925
0.24774746112060547
0.2578351648712158
0.2486936142425537
0.262939077255249
0.2528976946105957
0.21580818742370605
0.25760296434020996
0.23098538739013671
0.24798362091064452
0.25969413369750977
0.2602011042480469
0.15931151412963868
0.19009957873535155
0.1975464904022217
0.25889608680725096
0.2570743236541748
0.2748930796966553
0.26238361267089844
0.22124165419006347
0.24463004675292968
0.18465624853515625
0.24647863018798827
0.2737951616973877
0.27684707929992675
0.28075875981140136
0.282648895980835
0.31043357458496096
0.27350843045043943
0.1282345009918213
0.22200389196777343
0.2673660729675293
0.2680712731781006
0.13473055862426758
0.1619312383117676
0.2613627019042969
0.19406967179870604
0.25869332598876954
0.2768716623687744
0.19678600621032716
0.23820217321777343
0.18582793807983397
0.2410712436981201
0.2761751354675293
0.2637458913116455
0.26888636880493166
0.2754078921051025
0.26615448286437987
0.26225890737915036
0.24908312274169922
0.26541671633911135
0.30040109928894043
0.28585928800964355
0.2794628881378174
0.2760708514862061
0.27472593348693847
0.2564687264404297
0.2529653851165771
0.2505671925354004
0.2577188956756592
0.2606819154510498
0.29276742001342776
0.2905438424835205
0.2739522472381592
0.27264489631652833
0.26727782972717284
0.2674623940734863
0.1332199712524414
0.1958805208129883
0.27387378353881836
0.25412559661865236
0.2088360474243164
0.2523842595977783
0.3416783157958984
0.22231709928894042
0.16217949754333497
0.2847086583709717
0.27920935653686524
0.2687108575744629
0.2856461350097656
0.1903661622467041
0.24074113461303712
0.2711714583282471
0.18768240411376952
0.2581951010284424
0.2555754187927246
0.25349244273376464
0.24960747747802733
0.2508948791046143
0.26010656268310545
0.20301983056640624
0.23164967105102538
0.2469289441833496
0.2613820841217041
0.2626346426849365
0.2809030357971191
0.24956783450317382
0.25152075382995603
0.18683223062133789
0.24510011553955077
0.2801991450805664
0.13313833824157714
0.24294566581726074
0.29370722651672365
0.2091479144744873
0.12867470634460448
0.24970779299926757
0.284678891204834
0.27460226893615725
0.3069973717956543
0.2810823728942871
0.27959915733337404
0.2115065998840332
0.1919897272796631
0.19862842712402343
0.26694475338745116
0.3265944073638916
0.299361163772583
0.26408224801635743
0.2940142824859619
0.28055648141479494
0.3036246414642334
0.27978832829284667
0.27233515180969237
0.2878082740325928
0.27126496473693845
0.3052818858337402
0.22803072267150878
0.16243341333007813
0.26545297633361814
0.27322545475769044
0.28032746060180663
0.2725298927001953
0.26941058456420897
0.18514524745178224
0.23063560017395018
0.2815154268951416
0.18209573484802247
0.22811148666381836
0.18406057510375975
0.24030366926574706
0.26951791804504394
0.19215911070251465
0.2290670355834961
0.2571428763885498
0.25769959056091307
0.1826314478149414
0.24411581620788575
0.25954502822875974
0.15569210205078124
0.22261958139038085
0.16269366456604004
0.22482136338806152
0.3043118397064209
0.2881453571624756
0.18489368627929686
0.2300283189239502
0.21152854556274414
0.2497734156036377
0.2631766416015625
0.24701083477783203
0.270623440246582
0.24067345527648926
0.1590340196533203
0.22269043080139161
0.18572296841430663
0.2200909930114746
0.18319149305725096
0.2482786657104492
0.2363264428100586
0.18730351866149902
0.2346792032623291
0.24081731674194337
0.21166137307739258
0.2439676656188965
0.23676624043273925
0.24551350061035157
0.25491483757019046
0.24265899403381347
0.2597066580657959
0.15939655728149413
0.185573797454834
0.18414817854309082
0.22087105227661133
0.18939281100463867
0.24955186724853515
0.23307902362060548
0.23534064988708497
0.2525433650665283
0.24430647200012207
0.2371217756500244
0.21110324876403808
0.18319090998840332
0.20829210162353515
0.1594406375579834
0.22554798852539062
0.24466880712890626
0.2730013735961914
0.23789129138183593
0.21115381945800782
0.23840822239685058
0.23712964346313475
0.24411485694885254
0.24682216661071776
0.24119012312316895
0.2527738163909912
0.2523029792327881
0.2559175358734131
0.26826148049926757
0.19698421232604982
0.2366430602722168
0.18489742431640624
0.22893324322509764
0.25948391520690917
0.23077163577270507
0.18612869692993164
0.23280660821533203
0.23113508392333984
0.2537721392669678
0.21156280676269532
0.21124338577270507
0.23093505194091796
0.1334491174621582
0.18972110900878905
0.2560827815246582
0.23832949673461915
0.2658958777770996
0.2583130798950195
0.24785933813476563
0.26112469828796386
0.24982451866149902
0.28005426565551755
0.2622228722229004
0.2460698553466797
