0.765123528796209
0.7779273553436775
0.7815648638689752
0.7187822741376122
0.7140535779563183
0.7879121375440157
0.7875387012184755
0.7718173991664179
0.7710674623305376
0.7648446573510633
0.7673926387074423
0.7677849689775558
0.7754865563910731
0.7875319324533564
0.7166547605102689
0.7881020959570021
0.8215149458251167
0.7956769216570317
0.7158314771322212
0.7732399449651477
0.7711566998267145
0.7752325935960741
0.7253036014607828
0.729166562117763
0.8285914343511136
0.7117044472544819
0.7314511297470367
0.7145995245343433
0.7737433398682649
0.7685277644343094
0.7776153226868305
0.7854854683918336
0.7811599187696479
0.7272445907373032
0.7210466241239857
0.7837163459408923
0.7880606773022821
0.7889771292335824
0.7744588042836618
0.7682363240356074
0.7644327803433679
0.7724264097976054
0.765020652663769
0.7735491793198042
0.7485794620510464
0.7907323790303094
0.7153953987633943
0.7892232885352757
0.821581628115936
0.7922902700834253
0.75321075737448
0.7069731875071237
0.7693948779547601
0.7723400745749349
0.7707681721628251
0.7237536487856155
0.7668049919487606
0.8207139088802443
0.8249119638344997
0.7490158883354288
0.7375967170266029
0.7709661927355378
0.7678118831867747
0.7765840776461193
0.7831115924453891
0.7815153538681121
0.7228303702579552
0.7138497445464542
0.792522957097018
0.782802711987493
0.7843536701504239
0.7725007301557382
0.7754425300044262
0.7629894661385783
0.7629483688937682
0.7680572896414225
0.7703000455995662
0.7481798360955082
0.7995223067461703
0.7164892997986851
0.7940937307592711
0.7251987596827015
0.743567235626821
0.7671174143396684
0.7703401354636183
0.7711323888813784
0.7178346251477752
0.7294990350430658
0.8199121282454315
0.8281557667491893
0.7485623603701688
0.7271713083278957
0.7173850349519437
0.7734669862520948
0.7788302013561761
0.7843414019959045
0.7263965820426737
0.7110886727637118
0.7901047032016066
0.7888048355032587
0.7857954300434794
0.774002043700996
0.7701567052781326
0.761938425413274
0.7676062455772841
0.7679532953390455
0.748558132545709
0.7147995717115223
0.7778550417700723
0.8230894524219974
0.7935388196549684
0.722729362319898
0.7091312477153526
0.770288322455128
0.7722009458612791
0.7701705379936956
0.7234957202555721
0.7615960239851858
0.8196518773868113
0.8253275936099005
0.7489815088452089
0.7357969796858189
0.7146191290486357
0.7717580049715697
0.770306719379954
0.789586883614189
0.7880722934049613
0.7333843025620843
0.7473753210174175
0.7980254701003437
0.7955052566333187
0.7959318856641314
0.7763517295707908
0.7757147921598014
0.7739739077429004
0.7728357740278904
0.7728631431117509
0.7726993453347466
0.751902817708775
0.7983370949295112
0.7254967638638232
0.8039941591864503
0.8252183920081564
0.792387183647955
0.7480876241435324
0.7826282033489989
0.7742065786496435
0.7794966006754617
0.7321924721419438
0.7629153476060797
0.8305162975090075
0.8339388034091091
0.7528177327534407
0.7300949740545296
0.7166076285031721
0.7773820753925276
0.7729633733335926
0.7850679900685702
0.7929812595719292
0.787810633713927
0.7204953937774058
0.7493595791540806
0.7899046465956625
0.7937600232717177
0.7996030062876999
0.7727306007548602
0.7739942079339608
0.769290588009163
0.7778076782032322
0.7522995758104288
0.7627374571032282
0.7773733931059847
0.8288440538093046
0.8038212181682558
0.7549557895979935
0.7494592017478809
0.7838007029744034
0.7789513160689291
0.774891726060204
0.7719011875101878
0.8266905462173877
0.8374308414483629
0.7554386354034496
0.7615693084657664
0.7826909978051074
0.7747461765429089
0.7854382931815712
0.7879316793589053
0.7231706439541472
0.7228610660290358
0.7864676451765316
0.7846840665149619
0.7784957005075109
0.7760142456157226
0.7918738704854367
0.7696103069791218
0.7752490204813114
0.769461052997904
0.7553411565770753
0.8001903222924145
0.7276480239830132
0.8001421950783523
0.8273381640673001
0.7973307991264609
0.7577446128898225
0.7500455938143002
0.775924621090443
0.7754002530245794
0.7792778655787056
0.7259979773071789
0.7563235544997224
0.8276675907658412
0.8309756829749031
0.7492894170103093
0.7711347405929974
0.7789110673467042
0.7727874711158528
0.7894792154311432
0.787868538605302
0.7238627532116624
0.7167568255035304
0.7778040204790126
0.8054323493171837
0.7744706694068559
0.8000874883442982
0.7715186257372904
0.7681155114258633
0.7747627676644477
0.7647404117240877
0.7514469919254332
0.7911463308828532
0.7337365832754971
0.7751285867901357
0.8072471246265442
0.7524562302355088
0.7433571084124875
0.782440114618436
0.7345109536186161
0.8232393239661026
0.830214258752205
0.7531899934491841
0.74939811384322
0.7366361182668602
