1.164450346601155
1.041779833170932
1.086236102091458
1.0829756687891536
1.0130784371941894
1.0020419403621799
1.090304747085253
1.1430355250447957
1.063892638179231
1.171902425410353
1.0486871883554065
0.9639942676195801
1.0621060861204905
1.042380350166224
1.031669782283496
0.9311118031458637
1.1487823034742684
0.9484655920104046
1.065976659122694
1.1736544925913626
1.1121947293254206
0.9802962042999324
1.0592569760926192
1.0373067230956114
1.0940334683597739
0.9337696178656925
1.135794973367894
1.1525343888665192
1.0179921981213855
0.988114787794892
1.2258846313647531
1.1474244407012133
1.0441031233876439
1.0857389854046482
1.081435962630301
1.0400763456301239
0.9886735507388349
1.080194453949229
1.0906112944411426
1.1357019987070716
1.0073831235414674
1.0754422204463079
1.0538849297445405
1.0336956216008848
0.9149149086257128
1.1554086745391932
0.9441074694031484
1.0651369609203798
1.167036089062106
1.1061061393135403
0.9974185615338516
1.0179944703284223
1.0472832150587275
1.0359585526028627
1.1113810939157112
0.910792682066087
1.076169495792304
1.1367499812085862
1.151794342702522
0.9756396982482964
0.9852815697660057
1.218745532680194
1.1345746050534042
1.0349088626602363
1.090256346887248
1.0828269825496935
1.0078520277658647
0.9925304194152718
1.0829323823667276
1.1206049199391317
1.070751253240594
1.1469476971315937
1.0553215129423812
0.9597075181402671
1.0693120908237055
1.0501185684914116
1.030839284442758
0.9123609520712546
1.1519039032209426
0.947507781056921
1.0595207714612047
1.173116780052585
1.1138158954843405
0.9853878271202797
1.0127404792450272
1.0637137526481482
1.039415259649292
1.134951872943399
1.1524975625157563
1.0136309522869391
0.9902491117447687
1.2234551082893974
1.1657094711525404
1.0694309882683215
1.1153150043706401
1.135548267303644
1.019683541259046
1.1132300978845664
1.1469538838766797
1.1351527034264646
1.1560299831095513
1.0228142859642222
1.0874304182184502
1.100484347290096
1.1003207370767427
0.9430097245774869
1.1719408064695709
0.9629771607234573
1.1060372967504972
1.185830785287392
1.1236765985123733
1.0228137708045009
1.0434975379067235
1.073978381864489
1.1144487225513147
0.9423685052307167
1.091905177487698
1.1918339939614042
0.9820680155169722
1.2232528826980278
1.149100961130428
1.0572737754388266
1.124986916141315
1.110627573615462
1.0164148083969344
1.1102045879161564
1.16456406281534
1.1271381885865346
1.166070441053473
1.0737269255982205
1.0159730172262718
1.0954036904063051
1.0770904298002761
1.105578077248012
0.932205553241369
1.1573896634320828
0.9775380200772525
1.1156853883477398
1.1863462654534116
1.125558846047038
1.0204736538074195
1.0738496854746589
1.0716133292527412
1.0666958114479734
1.1267580949901375
0.9538564434359729
1.0962268054627224
1.1421018870012867
1.2014263924966802
0.99465017721369
1.021930413276385
1.0696934758839811
1.127712441906773
1.080262138942674
1.005122705946917
1.1035020294607478
1.1711430605497346
1.1596061398096775
1.0765851748182373
1.0214690057536018
1.0908483541960405
1.0914017283550752
1.083541227821239
0.951814723993802
1.1667546058924354
1.1930939849441171
1.146250094020439
1.0190369684143659
1.0373028004063558
1.0702186702062904
1.0761122135434473
1.11070793779164
0.9477042534056352
1.0953304188316113
0.9933845968309467
1.0192856734926081
1.2044343634750925
1.1903483688860317
1.0628941372267802
1.126637287566201
1.1274098672901702
1.056084842090454
1.0216176479900414
1.1031543074612244
1.1537559626299436
1.1518870485270698
1.1632585325151827
1.0800795213950227
1.095910168946301
1.0742707078001055
1.0652204544089232
0.9388684787042108
1.1513642699668059
0.9824987604911148
1.1152445036767924
1.2305168475270636
1.1499099814129623
1.0665842431490171
1.0787338779536029
1.072524968166048
1.1250396166593228
0.945058334086796
1.1256405094193336
1.1540084836231725
1.2052316171017083
1.0065958603558314
1.0291601720575516
