0.8118978967608907
0.7681564312688666
0.7975949741726783
0.8108768293405139
0.8092898476302012
0.7359963680192566
0.942670700143509
0.8757897206858684
0.8986212864164163
0.8429216218552251
0.7823689389407557
0.7904136374694201
0.7444266427003293
0.8655398902249191
0.7434451977779712
0.8061153443902517
0.8344344391374
0.6513544896841693
0.84596614114663
0.8911180571840778
0.9191829807494059
0.7075076586436443
0.7387397129376404
0.6929750672056001
0.8023056379964079
0.7076771322712552
0.8401874860894083
0.8103877545334423
