0.8782518354587202
0.918412010423941
0.9555391167764701
0.8288985630719732
0.8858963208482753
0.8759506237451058
0.9350317389422294
0.8800606777729341
0.8258078804179776
0.8778503411051173
0.9213406036263995
0.828949391720345
0.9001185600906731
0.9884455437888773
0.8839068626508677
0.8789835003067552
0.8037286733344553
0.931832498000484
0.894293485207759
0.8972706860720067
0.811197364902245
0.8210428533251948
0.9943701395965145
1.0067424580551143
0.8268804201568414
0.8086745520411254
0.7993973101131333
0.8714922227235152
0.8786407126480776
0.9317573997096414
0.919852914581728
0.9560717973607356
0.8063524107823399
0.7830261388961205
0.8849412591085926
0.8754379765870903
0.9346345363993918
0.8791670134698442
0.8254348535634076
0.8773947619273181
0.8787251244117551
0.8856561745988043
0.8330444889923614
0.9217421762196515
0.8286853166145101
0.9539717610353192
0.8828120169656244
0.8789487936468094
0.8522754787562102
0.8991218713119189
0.8948160063097355
0.8970097240737265
0.8196844256652365
0.9941300183344788
1.0055134544067448
0.8257487456957875
0.8058174835605858
0.7990170000217803
0.8714723084050908
0.8791509571804621
0.9346232935749685
0.9195171569852001
0.9564902684025848
0.8056941316709385
0.7839265741720015
0.8863399164988024
0.8753050772815109
0.9359814343204884
0.8790334428603859
0.8246713286756977
0.8755766562999179
0.8783839135775899
0.8869566403158233
0.874279147814973
0.8328245027461147
0.9195335496986394
0.8289489769779042
0.9002712886110433
0.9891666626578111
0.8833460102134512
0.87893360535203
0.8508430937972038
0.9347041028744318
0.8935375408880388
0.8970396085916166
0.8112016683798096
0.8207199800617262
0.9932872626231639
1.0051789297397375
0.8249435892167271
0.8096553635978445
0.7979413380755196
0.87117901775235
0.8790768224799652
0.9330923209304649
0.9196161036452761
0.9549398214436273
0.8072373795449442
0.8859655116999163
0.8768237369867198
0.8782582780483041
0.8256315597631385
0.8780055924334316
0.8874399081469404
0.8733882375755813
0.9178162161352166
0.8289557875560346
0.8994130526654731
0.9527050789519591
0.8827905785914937
0.8762925936688943
0.8515500466095121
0.900047920419229
0.8939296501786133
0.8967970685918862
0.8123066932938872
0.8205449097245365
1.0056915518244565
0.8248682487275345
0.8091965368401397
0.7966971647022492
0.871106034108942
0.9474231255535898
0.9302518714635386
0.9690051206052192
0.8137868135194621
0.8433924127168149
0.9001216653328064
0.8905541040616793
0.9464403919632511
0.8878857798273863
0.8366035588997471
0.8890491893405622
0.8931674969501393
0.9012801671210429
0.8866738647071457
0.8437669645997572
0.9348144142037307
0.8440484501552068
0.919422714264327
0.9963343527844672
0.8957543051771817
0.885371923735413
0.8667877324004841
0.913599486172203
0.9075669928147599
0.9117749570930096
0.8304067250691215
1.0069552512855693
1.0181698758148099
0.8320831489206877
0.8147285370604387
0.8111242741727483
0.8829105532099708
0.8925448653631209
0.9430791935615725
0.9268625869047094
0.9678062414737576
0.8244534659194467
0.7924495485299593
0.8958475340102945
0.8861626876376674
0.9488195361418434
0.8930155299793487
0.8417187376641422
0.8853995915019055
0.8861114688736011
0.9339420160940712
0.879063627015213
0.8406802187507059
0.9253764693350235
0.8425590262774556
0.91128038564692
0.9971581051083991
0.8933044880908338
0.8862247329316959
0.8632485897854569
0.9443276282277437
0.8223553341998652
0.8344113544336879
1.0025944662352357
0.8802008122562461
0.813419031483456
0.8101322109971976
0.8819581180158873
0.8903406073062297
0.948402116648345
0.9300543954140591
0.9719720575295022
0.8604813102528514
0.8461822250801465
0.901765541705772
0.894759268990628
0.9496059860289399
0.9197965916072022
0.838423945564086
0.8883821615254403
0.902574367748507
0.8843889640554969
0.8445803430935721
0.9362722008788649
0.9262464709781655
0.9972440066073005
0.8844233630514523
0.8682830397065399
0.9511057849011655
0.9136483656719545
0.8257835867968873
1.0071240584963554
1.0166072981422176
0.8309523269951031
0.812094280955855
0.8168129586366908
0.8836141649495706
0.8933242144261146
0.8949228721425292
0.9242862949097594
0.8761065182871928
0.8388041209779431
0.8970646591911694
0.88534518073114
0.9517805451454557
0.8887795844826444
0.8946252249278377
0.8876499506011618
0.9332207917511718
0.8757078963507667
0.9193719887050096
0.8437767807006071
0.9069393112880785
0.9978216734430818
0.8901311946797636
0.8848059670278565
0.8636153259454163
0.905708107178294
0.9066061189694918
0.9019888033400565
0.8695870461456585
0.8339563389978376
1.0005359205680073
1.0155692876843676
0.8782884750341499
0.8141012279877275
