0.8754767814168251
0.7527122171235017
0.7990905637784842
0.7880470352781744
0.7662662489073707
0.7822862369000764
0.8171920284062871
0.8664886030680803
0.7738076862786039
0.8832426063000023
0.7683983085849284
0.696062347911127
0.7754213602076674
0.7509177747531954
0.776533629428205
0.6295956804182208
0.8824137449335809
0.6961062885033518
0.7907090954348005
0.8497283044335984
0.8349749821359966
0.7357545499329006
0.7860528111323228
0.7387276705860901
0.8344522651653493
0.6658903295049576
0.8129977068074057
0.8452534960020648
0.7603457471820765
0.72543630497303
0.939602576080857
0.8658143954270061
0.7590432526794011
0.7981685878324789
0.7853210596723548
0.8118057659472615
0.7612971254189607
0.8066738299797953
0.784964105185558
0.8506296077106632
0.7221695528905715
0.7945269160212737
0.7674902344322085
0.7791305210773682
0.6205036073206796
0.8903551566280621
0.689606380787054
0.7913036132868286
0.8398617697130093
0.825054879612096
0.769769197638225
0.7829066704104873
0.7669023949195971
0.7382667899306135
0.8533406114786068
0.6366347017411462
0.806992743736108
0.8136951817671476
0.8450508813296634
0.6983196598724868
0.7187073094578726
0.9274812611982656
0.8499458968570902
0.7464035762437394
0.8043991030943283
0.7875623070547939
0.7625712403045755
0.7691731477438248
0.8095236144463909
0.8543926467452718
0.77900384688175
0.8643598295752758
0.7814648655425184
0.6929466288217506
0.7848893518094457
0.7616145813958368
0.7752423610065065
0.6186030202057924
0.8865174030083034
0.6948355987697015
0.7840867107502602
0.8501364363819759
0.8353291876658623
0.755293917020032
0.7772520545997068
0.797916848425573
0.7432886023927745
0.8120288144058396
0.845530865579484
0.7558305284305262
0.7284513928037136
0.9363270130998015
0.8859302950176096
0.7830575788295174
0.8277436440341344
0.8314556483884312
0.8002052822223189
0.840735464912666
0.8829555026130286
0.8313283492779238
0.8557349230014282
0.7334713364529419
0.8026464615040014
0.8192527811706383
0.8254128024641644
0.6513763223917534
0.9079529539522091
0.7005835720564793
0.8270559498220638
0.8624309240769268
0.8424262394656935
0.7909719280329972
0.805663641906679
0.7771933221026779
0.8498716225614069
0.6723865858330993
0.8234560805091257
0.8721660261487436
0.7050574232754547
0.9363703183986215
0.8609709533305615
0.7673175046693931
0.8481035945622122
0.8155547175481758
0.7967805716541547
0.8392080253466188
0.8926726103667453
0.8199764037893893
0.8702048937219513
0.7978205392760436
0.7299955100160332
0.8177233697883918
0.7839471411102199
0.8330291292425276
0.6373674937078657
0.8935931536741855
0.7234111486143118
0.8429844425693205
0.8614883155409587
0.8462281159347116
0.7852970367115633
0.851480741719034
0.7944518122009107
0.7673912743873763
0.8696153901152167
0.6911390419218632
0.8288138341642186
0.8166702765006262
0.88614113943534
0.7247405720705933
0.7680521912735079
0.779687694199424
0.8346629564069632
0.8564577375453495
0.7776278957855699
0.8254608210254493
0.8872698417357717
0.8481915695771061
0.7992102727358188
0.7323712720972473
0.8051898859799996
0.8020744947447875
0.8010247520303285
0.6589540688343121
0.8973340440911215
0.8695498890317679
0.8459694792965684
0.7826101602041787
0.7910445937584596
0.7867883483089839
0.7782807611842589
0.8405562837819127
0.6768977970128008
0.8219042861046373
0.718476020246474
0.7588396487378658
0.9155975161022306
0.8923454404302796
0.767238503514184
0.8424600620653329
0.8181346156880296
0.8190022371358612
0.8023126151879271
0.8273483662028938
0.8747925813407448
0.8359397639640124
0.8677320250734508
0.7965264680455422
0.8158286301993309
0.7782828725621749
0.8130055673275047
0.6429682961217797
0.8840467965741565
0.7287075862617652
0.8395951648316241
0.8778446798896522
0.864975344255313
0.8367660922837389
0.8034243691762848
0.7743253838778146
0.8646369525194758
0.6773446031524013
0.8654690178871507
0.8337433593971324
0.8880514343574097
0.7402043280339806
0.7750303968013522
