1.4344123031443574
1.44355736157317
1.580702182711052
1.5845066347000925
1.68710916881087
1.5626310188532613
1.683478322595401
1.439514301389933
1.5997208213004803
1.564342519027146
1.568603977272665
1.5807094972204834
1.4374648839092052
1.5784223757628213
1.5993301665500936
1.5764398714459855
1.5838432023563869
1.4518610281302298
1.4787737446230587
1.5729819556658649
1.5974951990359494
1.5722919838154454
1.567580378360911
1.5746879104809008
1.5798990154476587
1.597989574875796
1.5716977818410194
1.451414592289413
1.4277872985044113
1.715213989407888
1.4324349881638452
1.4528583415150356
1.4361076438952964
1.567295610341946
1.6795853224478952
1.5791273053904429
1.5717812121347263
1.7108343799370282
1.4293282419518658
1.5856315630325193
1.6100779557932292
1.5769139508099785
1.6641675504085656
1.580298208044086
1.435347707662535
1.5786281036729615
1.5782066538168882
1.5770194485646318
1.563138218820583
1.4390615214318887
1.5705058566442742
1.4734063061972276
1.6068573844926135
1.7182092515900094
1.5861294234200378
1.5599024289354488
1.5822895741368015
1.5816087024390484
1.582798145989407
1.5781594682189806
1.43094377337712
1.689179869250164
1.6821362534891984
1.4165620149275364
1.4235383950357219
1.4778902154101652
1.577420564994363
1.6156470339828755
1.688896232626373
1.584307279866886
1.6948516937289995
1.4330288913749958
1.4575021016120506
1.5876583673126106
1.5768876018715465
1.7138298971911776
1.5604606582749134
1.5741830289243028
1.4525822948077742
1.5867817944234637
1.5770556477793358
1.6836250606889158
1.576408610776995
1.4406391212915146
1.5820277325730205
1.441156753089335
1.6134241739039015
1.4325670804651705
1.7105381412614449
1.5731650522367913
1.5863412265800845
1.5912485967586896
1.6786994203063124
1.452706780244485
1.4336853693545613
1.6817456313581987
1.597740132369928
1.5787105293053834
1.5768460349172857
1.435586846712503
1.4533065983376203
1.612808858207897
1.583731802389532
1.6799389722650477
1.5960271273416886
1.6989208991516314
1.5713316445461354
1.6833071358233587
1.5894874561020778
1.5672407913484931
1.5606448162456017
1.6787622295711664
1.6828629079288346
1.4398792147455142
1.5689424954527937
1.5946573962918424
1.5929515196850086
1.5805080909308198
1.4487984069940847
1.5721826900262184
1.5761554312478852
1.6695884282615245
1.5809066752919396
1.567307946260268
1.6770878170721324
1.573123524600406
1.5798939417541353
1.4678299182263816
1.6746694290313069
1.6590500227794303
1.4439787262828694
1.437115801202579
1.4315973530230837
1.619183688122662
1.5956049646025463
1.428405310984982
1.5385260502722475
1.5714137273359359
1.561829252376189
1.5814801910593175
1.5706705693592777
1.6151510085121237
1.686299418752891
1.5733637586748632
1.592378518266612
1.6822651717450505
1.5730157005257737
1.7041440355638355
1.5666795237505264
1.5726197861364752
1.4379725050393903
1.5652310079825122
1.6796674436861405
1.5835824160474328
1.5929178349167026
1.574336064085895
1.5681710893139331
1.6103111605859246
1.565570207284734
1.5832162906944836
1.577371021377201
1.4536711691716258
1.694634447557725
1.6809128748246867
1.5749696505799458
1.5699615515231864
1.4487833947281998
1.4482483553524625
1.4356193206969041
1.680436592386303
1.6953134574133049
1.451472730273666
1.4322582504832435
1.4433923419925854
1.5699668895235253
1.5923414688622803
1.676417249674717
1.5738122587867902
1.6982273692382064
1.4396599592411714
1.5622110889970402
1.43056459495591
1.575102211069964
1.5534358251964255
1.679134666714953
1.572007221255351
1.4356504083002741
1.5621406665340951
1.563687874450142
1.5780094493859187
1.6796558832448503
1.4259287909685698
1.5918621650717284
1.4360010923252913
1.5917032729329181
1.6076244150466903
1.5742538482745316
1.5777247044737028
1.5864622210555723
1.611908061436501
1.5853607556235316
1.4319989303899037
1.6873148308650583
1.6763920939072923
1.4172206923516704
1.4410086298661853
1.441022390149867
1.6145611684549845
1.5815457425138155
1.5749901808282427
1.6792056850702255
1.5775671266460782
1.6586186243880887
1.4371146476850294
1.434982136014426
1.585094061068253
1.5812153363447938
1.6660912811164759
1.5729717025810503
1.4440970311924681
1.5649258049969625
1.610501476380876
1.58940667822442
1.57674001153715
1.5801835326123992
1.4408218980152778
1.5843179780146772
1.4294215513259145
1.582678666634965
1.6780895361090649
1.5797714568511918
1.5629165778160545
1.5670336950743406
1.5885814532165756
1.688102214532386
1.5845998782247803
1.558957901686586
1.468531117690483
1.44005221653822
1.682197915294668
1.6819161584134967
1.43025328031558
1.6848495813619235
