1.591103279613005
1.6040164860026787
1.694887515971607
1.7022671989546807
1.6929109984624706
1.5974822848551262
1.5718618396341704
1.7356042878168938
1.6991551197523307
1.7478075095629213
1.7232649295869131
1.6792103057115806
1.6988634492312513
1.702393536878791
1.6961512536026766
1.717454136153423
1.6983305702076015
1.6978129146250942
1.5998376839109252
1.7321909802845514
1.716186985704159
1.753959673197869
1.585195138839721
1.5825550130326669
1.6943619054678374
1.69905738463773
1.7142243417217873
1.580688653903201
1.7082012598140546
1.7059920248188518
1.7679896838019613
1.7173805225327496
1.7088721515281091
1.5784905611397855
1.5891048617666597
1.6783118999743636
1.692446055160681
1.7004332118573977
1.6881677414331233
1.68858733586906
1.6031107319797528
1.7342405209223548
1.73213502293119
1.7337197366779653
1.7146199595557208
1.701664133964283
1.6898294474688476
1.6999024607838527
1.6856417775498285
1.6845544238408643
1.7046399198735298
1.6816978493635901
1.7321930408527961
1.6958171696990458
1.6252320392535289
1.7674996721865388
1.7669642104439518
1.7422863662631871
1.6709170591129425
1.6921129846268805
1.7080736292888061
1.6975717060704225
1.6916393679061592
1.5942253719660568
1.705684544853033
1.7303258901339214
1.7061549417082928
1.679122680908546
1.631529183060314
1.5541410220645453
1.731124886689607
1.6961662490152198
1.7025335358451885
1.6955871453094515
1.6812725392682248
1.5948584935987082
1.7172499688945573
1.7354287150659522
1.7348515163312122
1.7334641419638024
1.7130965292185887
1.6972480677115582
1.701525998498893
1.695534724456926
1.6997887040371245
1.690013646502344
1.7016571637660953
1.6989009291202966
1.62935228617307
1.72520831722043
1.7643238576255202
1.6862915608021345
1.69930727051998
1.6843574980589358
1.7100742446334167
1.6930106627112065
1.6862457785452605
1.7522392646214118
1.7310877785929737
1.694363764924631
1.723750304214132
1.7106597495933542
1.7347555312642147
1.6913675313721293
1.7043756314556733
1.6871863270916534
1.7087045691097709
1.5857880303473268
1.7247615428132945
1.6048436376444326
1.6847514260035852
1.6865687336582786
1.699128262051632
1.7023324215137898
1.7002422500214003
1.6850462383773746
1.708534749207328
1.6991410582593736
1.7404253764800606
1.6921631591232198
1.6971620766045576
1.5805804313689336
1.7280891570370147
1.732963048429222
1.7323679797193643
1.707185888479709
1.7330050684110843
1.6896257989447883
1.6627174338351858
1.601072018149807
1.6972130905130745
1.593702323888537
1.6936655604163755
1.7710302156994988
1.7567002881189946
1.6826120273072913
1.6947373583434098
1.693876923300828
1.680147646899031
1.692646479356157
1.6924212389333868
1.5808596913218191
1.631240704129067
1.695182904853805
1.7203592408619457
1.7115943414967183
1.6998998036846684
1.6853317989186805
1.6796012053046006
1.694098557885007
1.6855466929296143
1.6833703223189669
1.6942151459878996
1.6966961916988041
1.5746810127479205
1.7080844289963655
1.7187103350159365
1.6926425860767291
1.6906171017405125
1.7041414553153456
1.7361864336983877
1.632525444240091
1.7179884116993238
1.73760528697618
1.710086423929559
1.7097937553066787
1.592285747157992
1.5839334930345952
1.590029706906636
1.6004622408044207
1.6940095681350678
1.7179928505284443
1.6005584019723456
1.5875393259760782
1.6003277073052096
1.7088107668875874
1.688863258017326
1.7000012881102216
1.7054297604794197
1.6882229345731166
1.5742328312354952
1.5871669161727402
1.6833672730985094
1.70054782355074
1.733741335415042
1.6615381236806392
1.6915796020717315
1.6942513855861792
1.6759893637014902
1.6725250107660745
1.6983952711409362
1.686663926559955
1.6809489018998969
1.6876518842216264
1.5840155287127144
1.7440285202031391
1.7334041894456873
1.717542658967579
1.6935191173977377
1.6028711368100588
1.7303029106633976
1.6964379980995257
1.5777708095838587
1.6976720891030423
1.5881750224074842
1.7151126382485964
1.7009530798346104
1.735679333495378
1.7022146699122247
1.6296033294839272
1.6945137437508109
1.6947988738347686
1.5776600737148447
1.665259304736642
1.6940375839692614
1.6918326689638605
1.5916516068415993
1.5887682438143431
1.7281060707076823
1.7336599025461175
1.7144227997232797
1.70466619430057
1.697070715815926
1.6913587874125489
1.700749361200431
1.6899184136590875
1.6987450730646505
1.6848862379087923
1.731741422444388
1.573507462411474
1.7201129337914265
1.746455205472295
1.59424802461704
1.7024994868800178
1.6700200649042394
1.7058966792140264
1.727179601231888
1.594208033698513
1.596040564490973
1.728530745162998
1.716171961709531
1.699999496930615
1.7265113664452816
