0.5931440198884419
0.5216777787110342
0.5224065897703898
0.6135157366272057
0.5242977283702166
0.523622978395686
0.5668343872407586
0.6136655866326988
0.6711063088448035
0.5249476197871401
0.611793146697831
0.5003053427124965
0.5332566902954186
0.4961973423501054
0.5119310169084652
0.5008227866299528
0.5534115057406379
0.35419838957115046
0.6369562690241853
0.5576706975705013
0.549510834163477
0.554068740265109
0.6041499382019535
0.5754767319256763
0.5466353137382662
0.555314123357127
0.5753063989738969
0.5691145691301951
