0.1860683673435059
0.195447543858151
0.21059227794914748
0.1950202994128711
0.1981706213248363
0.174566782130955
0.19993815277175647
0.19176049948730295
0.2207526432589375
0.17433048740659285
0.17898720256910777
0.1933252981254609
0.1972298069861284
0.19682683155849923
0.220982166550094
0.1861377430056188
0.2012797059883483
0.21449283216481216
0.23261086743007647
0.18501948003809537
0.20531570599706347
0.18715674977289223
0.18050669815218953
0.1946040983478286
0.18881894668654445
0.20975795738135578
0.19028853580089283
0.20021975273573853
0.1825093145980471
0.22753974142549616
0.1845891921469473
0.2053119720342866
0.1965313624761744
0.17973307746997388
0.1955051337686499
0.19047573396187178
0.17842436257720432
0.21584631311125252
0.18661310416196142
0.1936849235767371
0.22338657650499602
0.18484080461114846
0.1667809805356073
0.19999626740949045
0.1834381466869253
0.19056165707102002
0.19347812284343702
0.18884276330566782
0.17113973338368982
0.20642736399748635
0.19103437263104395
0.22134844679347346
0.223255906903742
0.22944956166752858
0.19675157267376941
0.1737553974584516
0.1994155866108143
0.19607431978404669
0.2050128700037439
0.1991629698875013
0.18309637514703148
0.20742842719457935
0.19285671458429934
0.1696861851403024
0.17979939456777633
0.22561687858185578
0.1916868083178051
0.2385731456580025
0.20879914524773224
0.19494730381898218
0.2118666191021337
0.19123750993169691
0.21338275194612644
0.1989847056325187
0.1944179728126586
0.22475761489180376
0.17548610225831612
0.19027000650277834
0.20506249618980787
0.19940721635037428
0.1920662135163878
0.2048908834737261
0.18459811487132863
0.19416843865678401
0.19783675736640913
0.21054339100079922
0.22680344663117447
0.18020445766095466
0.2177725044867651
0.18503224211020902
0.20098748275469697
0.2023340053365678
0.19326524663684466
0.20489751622259716
0.18469839444656527
0.19039947751204472
0.21568964748074085
0.19358716137354787
0.18660441789600943
0.18634201089160754
0.2091450837745134
0.2298575524227734
0.19601177161000727
0.19353467888401008
0.2147925169677444
0.21793171831701008
0.19662364454613543
0.1929845551781972
0.20335931425810636
0.17984600772276235
0.17190366779535737
0.18815820272552877
0.1876645084623459
0.1864481671264665
0.20251015810339645
0.2103999693047817
0.20674057552257233
0.1950113920460616
0.19695466096233877
0.18174723189447314
0.18894762344686789
0.17899168323439973
0.19621441299685782
0.1854430923276838
0.180738497100765
0.18167796362479646
0.19106143201283882
0.226989845862065
0.18923253582742336
0.17320931481482862
0.2005378603034881
0.2006315322950162
0.18781787334828687
0.23273776527399728
0.20656846782616375
0.18706608837988203
0.18466612926221215
0.1816015683579375
0.17099843731890607
0.19216884215525729
0.20091697495368369
0.23453515136926675
0.19395433977354729
0.18457313572404374
0.20653691680408942
0.20943986620946464
0.1928479661804228
0.21496296869681822
0.18354181204900047
0.19029810192594904
0.19667297669471917
0.18004532273198315
0.18936893622345388
0.20247052715854413
0.20763800481706976
0.1843184361014422
0.1765772299101791
0.2246910123519933
0.1749510849644316
0.19271034741571957
0.18953526960801234
0.20882615030370133
0.2026816578581542
0.1918326977464771
0.18658105405964767
0.17994813271176865
0.19740092492954214
0.2122258290366731
0.19391520451433147
0.18532423283574104
0.21839038049022796
0.2060634148374246
0.18461216104708017
0.19850891342115679
0.18193333914704632
0.2089105673078764
0.18667747272304402
0.18313351948717946
0.207345910271641
0.1928857704923241
0.16938874014147604
0.17847698974175744
0.19917430547320095
0.1683045434626795
0.1892686212868806
0.18386210240781223
0.18830439961720621
0.17335004358327577
0.18087828870951528
0.19911783995092178
0.18942787021553437
0.17859978676528368
0.20679987935744273
0.18943693449545157
0.20300751738938128
0.2145577838679834
0.19152180374763006
0.18856014658981438
0.1962539866101262
0.22683767513998618
0.19782702515920572
0.18375573772935314
0.19594792439023828
0.18339683670189275
0.17013067902641285
0.1990756334249042
0.191758821254915
0.23514557642118875
0.18894295269397016
0.1907450675787981
0.19269830629299428
0.19623110269398275
0.1727600385295029
0.1983772065922578
0.19273535340573042
0.2041149931070882
0.1926317106401715
0.17001010546917
0.1850617191099762
0.195075653666195
0.175032350451508
0.2243842456116456
0.1966255231442063
0.18642306743777115
0.1966815345867331
0.19032660297097215
0.20188709319228776
0.1819291287442044
0.19743315565399908
0.18740111589418226
0.18592775484546148
0.19113353249883408
0.1808509978566649
0.20201051582628915
0.19706062192662718
0.19617939586429295
0.17438002328473312
0.2186466698309879
0.1893549706365807
0.19658352968028245
0.18574187573549447
0.1829980401558538
0.19260368544854584
