0.18613537631124202
0.2006488560925758
0.20977937699554214
0.20464204260728608
0.20610114411944352
0.20779487660922114
0.18862946396904073
0.18982536760444776
0.21927907879038547
0.1786000945862562
0.18023334592409318
0.2052445846763994
0.21537372105002442
0.19403511661846318
0.2324250594651036
0.21219289580284312
0.19845152281235715
0.2119698575012391
0.23784208611612892
0.19288684027269926
0.19731113107848505
0.1761696320411875
0.198933880383503
0.202634574823822
0.23275196598688372
0.1838650113392512
0.2062828232250327
0.1898414503480385
0.20091731788111916
0.2301858466829929
0.19405904456157255
0.21346144482770443
0.187418735002653
0.2062928345985161
0.1874467659362932
0.20299962508353875
0.1859095830833931
0.22352123383267494
0.1924267877640543
0.19903392970824696
0.2317104186496881
0.1878351401068659
0.194987697234402
0.189198774028238
0.19828891327463802
0.192198551674925
0.1977270707605765
0.18750220242164994
0.21192908632289664
0.17931896436695252
0.20086131579854194
0.19021661879801563
0.23659268285631882
0.2285156985536772
0.2463412386775803
0.20660532344218957
0.17550456762763147
0.20866567687528065
0.19967175842188217
0.21195732660002792
0.20651654878291958
0.19157479246283513
0.20098609626134786
0.20477400212723657
0.20922885819421455
0.1709032023137604
0.20135911049470634
0.23128626085524975
0.20082398400926618
0.22729359954519526
0.23536569623451087
0.20396764631548764
0.1877422702220015
0.2009300971414056
0.1857628156684186
0.2242769144258549
0.20089349351266306
0.19332803668226414
0.2396270374551663
0.1843084694206138
0.1915261188051988
0.20894022865075484
0.22961975906586923
0.19960194611097146
0.22037115261889262
0.2022123386863497
0.18781136352968372
0.19922619286364854
0.19496921842947554
0.22531670247314226
0.2094306404266752
0.2239415085063425
0.20843487349745143
0.20746603108585465
0.18989453420252858
0.21701338522141592
0.20169228716254134
0.19706285541925816
0.21879814454712368
0.2061294636527869
0.20051366238833596
0.20240282784302557
0.2170347543553665
0.2380372046573485
0.20495498981721683
0.19128640020588308
0.1928441428845516
0.21307861372455228
0.1829455693813731
0.19176317777627136
0.22295600808873967
0.1865690865504997
0.19250277930526966
0.17593492291970325
0.1949251376742414
0.20193239065992752
0.20500437377247963
0.19611909955129236
0.21817383926450948
0.20900717729128593
0.19448332944183075
0.2070660760684415
0.1900141693376763
0.20454949704474795
0.19059498769899666
0.21277898003899665
0.19434763738360658
0.19945591143217345
0.1958784465684221
0.21406430505010995
0.22582871838036134
0.18345141082679678
0.1816620183330452
0.2026284473294925
0.18947020406809492
0.2024635337493539
0.18501788918251608
0.2546359265237214
0.20866941494014635
0.18579784374544633
0.2058772889271722
0.1844062790924967
0.192998651932924
0.19271322622681616
0.18758173806945153
0.2576762453526926
0.18978737782868643
0.19412411465980522
0.19096667155101776
0.21987582213650905
0.18695467729514553
0.19656744475733032
0.1814784699857764
0.2081868004854403
0.21613849860323436
0.1924246451570877
0.20464014622161722
0.18827384216952958
0.19345851443334763
0.1802150275789304
0.20347343070812288
0.22887066212657414
0.2318336503241675
0.19247395305132514
0.1936430212886305
0.19997649489678304
0.23579693904433216
0.21830504111791707
0.1940270082255988
0.18435789781605222
0.20969371057429984
0.2030547632890405
0.19265511701478663
0.19254953743281644
0.2153737763457734
0.21048784088271802
0.19183903050831272
0.1952874990093557
0.20735386914313078
0.18091111741803284
0.1853072827736415
0.23480574906023213
0.19753051752645345
0.18962129468270128
0.18790987614077784
0.1624590476874513
0.20744578308242545
0.1784676839102754
0.20549320094352164
0.20497754413744385
0.19407808394024156
0.18549528245929234
0.2032714239736002
0.19655836612902775
0.20262219365989376
0.18558647690220142
0.2035437215465001
0.20689800934922392
0.2239579283906414
0.2009523232521354
0.18154319208270303
0.20775157090834256
0.22544753298374273
0.19629668216793913
0.18212217534942357
0.2015961549554955
0.19446018074117677
0.22319249568734106
0.16252923687511298
0.20753124959874192
0.20376066071201865
0.23208670358118683
0.20066715652431816
0.1948052992999477
0.19126922600440724
0.20152001541307782
0.1656292828342197
0.1853815142096501
0.1953846968685761
0.20522958051111162
0.17411064938411264
0.19388557165853856
0.19661011470916348
0.17861601496216442
0.2333619867098657
0.20391885271886417
0.20329435394170237
0.19481689870569346
0.1917243699620742
0.21064288226043185
0.1866520648199048
0.2438664104693899
0.18007878422379475
0.1925448272393115
0.201333911546189
0.20099192996807247
0.17423455919839848
0.20280434051161764
0.22308170652418066
0.2010154496055286
0.19158868776617766
0.18587547969652232
0.18464249085586693
