0.47240872777408366
0.46558984894287947
0.4616095011870377
0.49048180046416723
0.4535497788185644
0.4544207971419907
0.4712056036530625
0.5916997204276816
0.48480613120066085
0.4815050640134756
0.47111378747894395
0.6381969220172011
0.44487812831807105
0.4558287516757833
0.44406234598152927
0.5813227105675193
0.4862056491486164
0.4811030768756581
0.4644757048686228
0.43778414502551544
0.45728415720304005
0.5150498485245809
0.5960615753897458
0.48221346053060976
0.45392237788244977
0.43997056244611166
0.5280404998199282
0.6064853756629364
0.4720797392947019
0.427444224053836
0.5770040925898677
0.524197321389394
0.701588326535696
0.4849545846895966
0.5018005601254287
0.4721337847272098
0.5098360670094924
0.49357346682281034
0.4711694683243681
0.573277076932586
0.48648472962544576
0.49029355274911623
0.4934365788510482
0.49916450029608805
0.5825565998178706
0.42973269229584315
0.504427183949781
0.5831653803515091
0.4568984086421015
0.47983283080509564
0.4519964150370729
0.4530953829347374
0.4393199475858848
0.5765749324373438
0.46903102321136336
0.5736678305791005
0.4814849530083901
0.43226121860946654
0.5729370589452663
0.5210525095003856
0.5682900370840941
0.48343892578146763
0.4737218033057228
0.5339129747386782
0.571683486353178
0.5015360193402947
0.43708450785727265
0.5156510547251772
0.6047557012365359
0.5855746259170909
0.5843661990064338
0.5860653041127007
0.42950033434946533
0.4802908855048009
0.48681698602001744
0.4935250139012127
0.49133694564203734
0.4491587660691623
0.6266577884982791
0.5018197845263506
0.4643410944766211
0.4878158317462911
0.5233282103742749
0.4701076794054264
0.5176039124596419
0.4840875388955656
0.5815909385649373
0.5040603427425885
0.4721074364149607
0.4684382665158652
0.48310318118658346
0.5327317778832177
0.5000057961884921
0.42056727874739736
0.4367908585831154
0.4483388495578693
0.5977124113852412
0.4216661562883457
0.47707902628504434
0.6908761568916191
0.44919474894269706
0.523002775563989
0.5086773297292733
0.49582562627783744
0.5146395921389676
0.6153408493133544
0.5197567710119105
0.5804950041510655
0.5781091596640336
0.5064519565003642
0.4744690257176363
0.48537221107933304
0.6274286413559234
0.5248082294226267
0.47750451828374596
0.4713351366578078
0.47789832150477163
0.5614869417789728
0.5102347892198793
0.5763900781636182
0.6014015533257044
0.4914442055067968
0.4981314756249132
0.4653144374779252
0.4793213393023634
0.4438579333999177
0.457806417508241
0.5700220221482325
0.5621909052936946
0.5111967581930033
0.5121518061848903
0.6021532354883101
0.584792068721698
0.46788142311286474
0.5983779867876805
0.4764425844496232
0.503304150292383
0.5759122270351416
0.4908107805386249
0.6583062975472919
0.47389383943976804
0.5422582062893639
0.4612777227165719
0.5827282924095594
0.5677293907906241
0.5491372622917506
0.46650854950176696
0.4738474499266171
0.4860390773480883
0.46951562404738323
0.5130263517533258
0.5144971469800771
0.45412751531809303
0.4903075151720041
0.47410025135040174
0.4903402670331223
0.5907992082065514
0.49037894352324385
0.4836772390597147
0.596334392411033
0.4451865629332735
0.4743791630617713
0.48247831599794744
0.5341004677454353
0.5070093729028404
0.5840967412910165
0.4327698980170772
0.45655934459583347
0.5685163868276176
0.6106531021913397
0.5249664026752994
0.43389544358260557
0.4451944235887524
0.48319360277317025
0.49589852957251424
0.5000893175534533
0.46771208373687545
0.4898299806656344
0.45920731700141726
0.523884504368272
0.4859696217102344
0.5085685409027833
0.4550145360110506
0.4843377426384877
0.4381419265509078
0.48071481181515197
0.47245929377431956
0.618872856030374
0.4844954347598067
0.5721994018472811
0.5029583569583858
0.5137364259690855
0.462535978692816
0.483380536011766
0.4655772675529932
0.4766886181685462
0.5233153297275901
0.4270684149136609
0.5058810324970872
0.4723518288981091
0.5764446272478597
0.48709146506550205
0.6540916393217391
0.6354858917357622
0.5038991410806544
0.44041983073554436
0.6231786910142769
