0.4613674709466488
0.4469804707349819
0.43593391990585406
0.4888838644825034
0.5132900688357737
0.6223837365519538
0.43065483755580675
0.4670023242741
0.45778060866137427
0.45820457377083473
0.546756883242648
0.49597075913250477
0.4168701887667673
0.4556909743465237
0.41702230237881055
0.5085315477424907
0.45451192287114794
0.4988354347600002
0.4537072597509549
0.6018708239958359
0.5857821119949647
0.4763955671387379
0.5211594794716863
0.5917910901771717
0.4630539816799758
0.48267424516747415
0.47516592475188035
0.4834698847828174
