0.3236681052287573
0.2871414819241348
0.316223890916846
0.3201861375891898
0.3319808345816336
0.32735884114248204
0.34363831938635947
0.32046078785783216
0.31811304776128957
0.32502780638417444
0.32140978243399054
0.32245767065709163
0.32481955869978596
0.34123085404704545
0.30946551429016694
0.31384549262060385
0.3087563774999955
0.32862610109586965
0.3192763384191294
0.30799776426504494
0.3206884491721558
0.31232847549814713
0.3016930019290633
0.3440543242826719
0.31391205483560447
0.30682117476683224
0.3189977431473072
0.3200812035815751
0.33154207961298243
0.2980676587081035
0.31746265240667204
0.35849133143928913
0.3190299511634308
0.31905199798002226
0.29917841177509674
0.30200686247777886
0.31483564597168706
0.363014218539826
0.3257617945034006
0.3021975791245622
0.2930445062373282
0.3164368926835056
0.3350926080463603
0.3665199478128233
0.34267059871298994
0.3243946516166972
0.33087208153150727
0.33481861788779843
0.3308592262759249
0.3087072174841319
0.3153517302793932
0.3175873381283624
0.2922146684809428
0.3331063966292086
0.31974483749999527
0.3171270659412513
0.3016066258280057
0.3278509864577034
0.3668447704087234
0.3233143150923555
0.3163324405605796
0.2999274590807204
0.3167240544432554
0.32575855569411205
0.28074290479012876
0.30828379062938993
0.2941050974999958
0.31977617276835857
0.36113806568982315
0.31320428218218455
0.31484403365703995
0.3261845262130634
0.32216223041461245
0.3144502118590433
0.31829513045580327
0.33099974690319306
0.31540800319637696
0.3553086359706029
0.319216168698387
0.3117394649999953
0.33052272527042126
0.33020854757788665
0.3196195587684402
0.3155055378932624
0.299712186347214
0.340881298300835
0.30829482832697724
0.3297043427677436
0.3220016192968692
0.3284808438398544
0.32354972888022693
0.32108249545149825
0.36866520479599574
0.3328434197284083
0.35920194654787563
0.35528918906724577
0.3301864987808361
0.3246790550818096
0.30362793945543787
0.3399143901786428
0.3257799855928598
0.3110317940619752
0.3122108493257312
0.3215353414660296
0.3500738726628514
0.34550239912715236
0.34509081719411916
0.33419214569662425
0.29586616999493354
0.32353601778145913
0.30754558512259333
0.3011818087987871
0.31563608737358306
0.3474753942871256
0.303133191244244
0.30139940827411893
0.3120166287542122
0.3230509564968145
0.3352163365518095
0.355585274797
0.3481755964611325
0.31567143304379297
0.3199384505510585
0.313655831870088
0.32872855900750564
0.3313522961083812
0.32610967846584576
0.3373919560482751
0.3116246536904576
0.33514381435540586
0.33066089955942063
0.30821439167095643
0.3466754207931835
0.3160022152593779
0.3258986574615459
0.33301483609992666
0.3045457941920763
0.30945992738585865
0.3197448374999955
0.34123499687734327
0.3352524371085551
0.33065221970678993
0.3019719554266157
0.3300292452106214
0.3145670994238863
0.327979642622653
0.31672543634363237
0.30112963245595137
0.31211658009818805
0.3426125987108761
0.33805457234657255
0.3222115687499707
0.32439374673542287
0.3501239425662176
0.32580433774528406
0.3304851864049849
0.2923197851959355
0.30786406701682856
0.3190371983717619
0.3262337059720601
0.3352561579780562
0.30313930842484527
0.34005376336450577
0.31474275325283274
0.31558735803251936
0.3209469175519768
0.327551373386321
0.32872014163152796
0.3465408036215647
0.3520590693543623
0.3575504682560482
0.3411542783011889
0.31883205082185195
0.32535375656199084
0.3003132502693544
0.3177465544881496
0.30169122636228735
0.3428195949743149
0.3254040841814351
0.3263806003831108
0.32433559412547913
0.30631179676497733
0.3043644285341335
0.3222870878515075
0.3309033182172815
0.3173493971229643
0.3016043981360582
0.33098924255482143
0.3290787256745862
0.3198195105703916
0.33462290299686304
0.3376330735527804
0.31743125666309546
0.2922411759694541
0.31311515948009433
0.3244424947060127
0.3260307291078027
0.2888229210869243
0.33087780487812846
0.3195385399037133
0.3506507796819514
0.31925091094784097
0.3155199619847304
0.3263316445352052
0.3211404951523546
0.33664694244948057
0.2966002604065443
0.35760352135170226
0.32182171920174524
0.30677583166532313
0.3630508822684357
0.33544660171938956
0.33658076910416657
0.3008412774748507
0.3034989990459105
0.31509975408482604
0.29219317386988053
0.31758279769530817
0.33857781127061964
0.33520131954419163
0.3209337719046219
0.3017507959705663
0.3033470190006692
0.3235006447435623
0.3262813771495533
0.34261125719033203
0.33529338229464295
0.31658828158504904
0.330083025015557
0.35971121525074456
0.31198993140215187
0.3190391346507356
0.2990870699015507
0.35396670607678443
0.3575675821123566
0.34186489252248575
0.35891735429657734
0.3300847320444419
0.310265647723743
0.31137054631557937
0.3140225587590188
0.3333126055731042
0.31470446459534823
