0.039325195745151455
0.041828197173218055
0.06429884132668094
0.04898043797825802
0.06150134644868992
0.059264685636727016
0.06026921955694078
0.037109727404161685
0.050954993324801634
0.041427010074949415
0.041762840543847886
0.05661379269818605
0.07314943020396514
0.04651394562387511
0.06674155816918022
0.06713405396100004
0.04304754486842105
0.0550760213227921
0.04957074015993867
0.05035702143404481
0.053173891127198974
0.03362445295141653
0.05337381234118494
0.05528848170966713
0.06872008845353976
0.041064437392982524
0.041888190583292906
0.05204342505500012
0.04518453818377576
0.047008702888968724
0.05352557969565305
0.05362215003077792
0.043784562408150596
0.05751752419862193
0.04994028773728852
0.05088499705559036
0.04173282193831074
0.047238664421281946
0.05488697444927547
0.03626444319076201
0.04721270058651393
0.036517944503636
0.03842875352151975
0.06316072745497095
0.04863914952645896
0.04374036864871189
0.05071211411276111
0.03781564117471782
0.06928646269312792
0.040918478756949275
0.05260217070974481
0.05089338742483583
0.05036714775416547
0.052901611086030774
0.0662713646153843
0.04961716834276618
0.04551560090842179
0.06176465338710774
0.04846846924294025
0.06906393137245875
0.06517928030094813
0.04731959126091066
0.04603901230999226
0.05128065920319766
0.06117136894191236
0.04441708943110211
0.07192110728505836
0.040579952479494114
0.05825271960903004
0.03982512904809496
0.09316610589868014
0.06327264780450684
0.05176995012662694
0.041585243233887056
0.03996287127299224
0.06047066280117358
0.04354725318373847
0.04478893966260286
0.0618281809228519
0.05425217996346521
0.04694936645621503
0.04598684135231279
0.08044611982520355
0.051400489669484024
0.07772788244691328
0.0564810927645641
0.03567419975048011
0.04665117571803884
0.04467530343617261
0.038700800048866085
0.07017874488570186
0.04607427466108486
0.0571841308468074
0.04492673167533058
0.05021521162975971
0.05746645717690103
0.060226299298637376
0.052776562254559234
0.05030427280670979
0.061275546359929316
0.053419279989102106
0.0592577857337879
0.054082529013207446
0.05585972760904975
0.053225039011008946
0.04728691589006383
0.05109252937879237
0.04792389131833612
0.03865725890416417
0.04336425013363215
0.0630527317947622
0.04809420567641778
0.05080722347627671
0.04516312333550536
0.047618454224976514
0.049778488335830824
0.05376644870496315
0.06341857428599595
0.055543560854573924
0.047683715115254086
0.0437217472008494
0.046054911269258446
0.04486606074274893
0.05959871202013025
0.05656117460536185
0.06824074511055725
0.05945400283069049
0.05872738785518705
0.049370966847825784
0.0668197131831858
0.04859244626008721
0.04079786351347258
0.06516091866068688
0.04819168168111664
0.04259866872546864
0.05061823727307352
0.038397359524285954
0.06749070044873895
0.039947448684210206
0.049991317771232766
0.06707634894804354
0.05381140062071106
0.03937277369337756
0.04594861879046909
0.051055989941245994
0.07963120115629112
0.035368060221068046
0.04651046411488047
0.0513654345497721
0.052695970611593916
0.052244777824351295
0.05373868893261893
0.04475293039343928
0.06796455161043344
0.06856338196427816
0.06409786248484448
0.03634187818596831
0.04193963864116191
0.047610788539155784
0.03785455412002376
0.05161260858091078
0.04465414117844523
0.042425981869907786
0.05612461592506677
0.037953907304672324
0.052233794079157056
0.07986691367155649
0.061400225990468724
0.05203323423793699
0.04129790117129871
0.05490644091338114
0.04836133974994582
0.04838510955992448
0.04937243841350831
0.057321543951519935
0.048861009341377756
0.045526003766445805
0.059126044658718124
0.04587199712790196
0.03927317610483388
0.03613157744070947
0.07522972162357722
0.04784645165011827
0.04674012310694251
0.0458965607200398
0.03968956729214841
0.05281013930872716
0.06107512423554882
0.0643972048788741
0.06436258998190539
0.048808397062505005
0.0571495589649255
0.05602794008519987
0.05213742899504849
0.03691923404912891
0.03554114954470981
0.0622718469819479
0.039044886317537914
0.04287943108938332
0.05087398468088298
0.039347648090763326
0.04806240799704851
0.04114301846796325
0.03896309834513305
0.03952096263722168
0.05145289744027816
0.04813541080935486
0.059242402487209356
0.03488394946021073
0.05682527800818764
0.056956123211925794
0.04811957732782854
0.04949550043944058
0.04675821195601151
0.04681608040135383
0.05874003005948139
0.041429643950148434
0.0353080321552806
0.053720546191607266
0.053111425482464544
0.04201738530808533
0.04657355405846961
0.03962557145403014
0.040841222367083825
0.05294863586855157
0.04341287215793777
0.057539000392319364
0.04167342199264618
0.053265182759372934
0.06389833404059697
0.04224791207875632
0.10459723352327047
0.046739938725349275
0.05729547914632363
0.04551187816624232
0.04866324712780788
0.04982202183894307
0.04830445251513039
0.040678542347252496
0.050970811162997585
0.040944219415323176
0.04832470039919615
0.037761051990338385
