0.6733290382912716
0.5645574028272158
0.537738356608702
0.604758066176073
0.7021306519676663
0.6225359142757059
0.6793053241404762
0.4091832589811941
0.501280653856746
0.6239552908479618
0.5811349014519573
0.5558003847198361
0.6938213468297967
0.6551943968632428
0.7118449552191228
0.594639477683788
0.5877697574848777
0.6217359711292212
0.7399533538353096
0.5194511957515984
0.562710338586998
0.5534103828429401
0.5708321626258803
0.46614040562844744
0.4374086219686519
0.4296821899022828
0.5457682927027667
0.6442372113856101
0.533827713900759
0.5536670499919881
0.4673241569630205
0.6028142616640684
0.6569393848986445
0.4919589677394737
0.6019972037248866
0.7311002430446126
0.5161841890588194
0.5727298999848709
0.5386140628719234
0.5516248164899815
0.4811148539887995
