1.4849768163452148
1.2333820029296874
1.3367410815429688
0.8788027970275879
1.7023265364990234
1.495024211364746
1.335580693939209
1.4888018354797363
1.461429894592285
1.7792875874023437
1.160404642944336
1.1662019939575194
1.4758384230957031
1.8659225100402832
1.4971573899230957
1.8818618711242676
1.574432886566162
1.715075102203369
1.6381367182617188
1.6600367451171874
1.408323314239502
1.4199359747619629
1.4351978205566405
1.459095504333496
1.4363029661254882
1.5240229025878906
1.1855871329040526
1.5915169731140137
1.277383904083252
1.4779623157043456
1.4628870027160645
1.8759527389221191
1.0449653317871093
1.8333217637634278
1.4781220234069825
1.7547075911560057
1.8003030381774903
1.248721431793213
1.7748176807250977
1.8246616893310548
1.7223967674560545
1.4302153658447265
1.2801891130981446
1.3781943392333984
1.693528520324707
1.8839853739624024
1.4267261358947754
1.5400169609680177
1.838319374206543
1.7714282518920899
2.498508062713623
1.8765920002441407
1.9974299067382812
1.6304586999206543
1.5295143334350585
2.191333293029785
1.6801752380371093
2.499837531036377
1.299451906188965
1.9804226756286623
1.363643579864502
1.468841440032959
1.6833569311218262
1.6618421080932617
1.8530564706726074
1.0974907618713379
1.0746551230163575
1.186743947845459
2.0066055835266114
2.199673169342041
1.0407099579162598
1.607827166534424
1.4676386442565919
1.5666395095520018
1.4506241679382326
2.547126968017578
1.773635301879883
1.5875358516845703
1.7099975548400879
1.5725422551574706
2.1788462002258298
1.4362050427856445
1.889916135559082
2.252356490020752
1.6646530032348634
1.5709391038818359
1.8212365959472656
1.3561127708129883
1.6818760730285645
1.6382108979797363
1.3937736283569335
1.6741812751464844
1.5330963397521973
1.6967525090026856
2.2951733142700195
1.3354579806518556
1.3148283757934571
1.244873588317871
1.956037964569092
1.7213752792053223
1.4828827112731933
1.1779376648864746
1.477158413696289
1.404686662536621
2.7190747987060546
1.9164465403442383
1.0412564676208496
2.3685380952453614
1.356208503265381
1.618814243865967
2.0939185950012207
2.024128163787842
1.0309856268615722
2.303822835205078
1.4200281792297362
1.5324543915405273
1.7041749562072754
1.6491606701965331
1.5426223145446776
1.6719870830078125
1.246190056640625
1.7881331107482912
1.3984791556701661
2.0290322103271485
1.3580646641845702
1.5819148081970216
2.4136818057556155
1.5065189868774413
1.276759571685791
1.5080138306274415
1.6960549289855957
1.7310767109069825
1.2909354883117676
1.6908707090759276
1.7173360515441893
1.3728682263183594
1.7480708277893067
1.4761115828857423
1.687078375946045
2.290731707122803
2.1758719544067384
2.03866644631958
1.5493628191223143
1.4708316465148927
1.3009431557006836
1.8529221391601562
2.0659688776245115
1.8820648647766114
1.530191178588867
1.562789472015381
1.169055349182129
1.2199573316345216
0.8614196712646485
1.1892346320495606
1.7590866543273926
1.2560779508361817
0.7797945259704591
1.2717405091552734
1.0507606141357422
1.3699728056030274
2.5503884742736815
1.6148354139709473
1.2261683073425294
1.7520042111816405
0.7516507574462891
2.741784233856201
2.4601788184509275
1.4471890114746093
1.7029013081665039
1.7009129969787598
0.8498138446044922
1.8878646678771973
1.1571869785461426
1.4612252116394044
1.2352154122314452
1.418275946472168
1.7835778582153319
1.2282374044189455
0.9336099288330078
1.4736856071472166
2.074173523071289
1.522903607635498
1.4625829746704102
2.851465278656006
1.4773163459167482
1.6873206101074218
1.8034719022216796
1.6114823933105469
1.5649265307617188
1.5230734135742188
2.0000145494384762
1.1482840174560547
1.6895399819641113
1.0103227632141114
2.3678136326293946
1.5954238309326172
1.4422871470642091
2.4021752674560544
1.0421731123657225
0.7346062651367187
0.9396102024230957
1.0060546593017579
1.4891947548828126
1.4973847980957031
1.482077378753662
1.3312818735656737
1.0983846518249512
2.095101442687988
1.5247996104125976
1.9566348448791504
1.2479234739379883
2.021631558654785
1.4543094082946777
1.3090570750427246
1.3060993308105469
1.2551749873962401
1.416258579437256
0.8795668155517578
1.0482059985961913
1.5451740690612792
1.4349729554748536
1.3697702424621583
2.510409283203125
1.2265890438537599
1.7061182720947266
0.8894597097473145
1.8463732927856444
1.2447825611572265
2.5640479595031738
2.367944863494873
2.0032962761535646
1.033856576324463
0.8785815365905763
2.3002830932617186
2.7066953049621585
2.153197791625977
2.1126384534606935
1.3273544382629394
2.4287849470214846
1.1645595758972167
1.8137166966552734
2.1803819944763183
3.0042034193115237
2.5207167916870117
1.482524088989258
1.2073758442382814
1.2956869661254884
1.2453359350585937
1.4251346443481445
1.0616212384948729
1.3439581589050293
1.987921542175293
1.2334871035766601
0.9363581075134277
1.1225937342529297
1.202632851257324
1.5814042897338867
1.4018721651611328
1.4090789294128419
1.0631144624938966
2.2992909748535153
0.715741164642334
1.5482606583251952
1.052755627319336
2.359631022338867
0.9308305321044922
1.6479457354431153
1.1729951439208985
1.6704572096862793
1.0746897987365722
1.2749602717895507
2.4803059295959473
1.3143387566833495
1.0486228988342285
1.4820620665283202
2.2364702431640624
2.0134335697631833
0.9360046976928711
1.9413350094909667
1.074829373046875
1.720959689666748
1.2183545349731446
1.15885566897583
1.614973132080078
1.2561557184448242
0.9885338386535645
1.2819865703735351
0.8629181739807129
1.1046352593383788
0.88686401272583
1.376523528991699
1.9857056088256835
2.085846908050537
1.0326360225830078
1.1509218422851561
0.7339370389709472
1.1496739977722168
0.9471323956604004
0.8735462424316407
1.0487188573303223
1.857153951538086
1.5300439110412598
1.512632240539551
1.2515525993041994
1.2558515075073242
1.419856879699707
0.9983603630065918
0.7239428995666504
0.7459331228942871
0.9846593546142578
1.0072515613098143
0.8498363813476563
1.3908541996459962
1.0326196088256836
1.5541049159240723
0.7297207250061035
1.2063676060180664
0.7254525691833495
1.1516743080749512
0.9234181887207031
1.059686866760254
0.8473374191894532
1.006833263305664
0.5266739830322266
0.8218773445129395
1.294133528137207
1.3018855217285155
0.7619367994995117
0.9181453226623535
0.8484611798095703
1.194170754486084
0.5764955043945312
0.7727078424377442
0.7444156065979004
0.7766344494628906
0.8004662802124023
1.1570627229309083
1.2246541720581055
0.8077883248291016
0.6928277086791992
1.0802853629760742
0.5950292821350098
0.9294975653686524
0.6233155866394042
0.6365530549926758
0.852274958557129
0.9491619128417969
1.1694136767578125
1.0921112999267577
1.0143188766479492
1.0061366832885743
0.8087456149597168
0.7487732033386231
0.7799577153320312
1.2916607001342775
1.0177852511596681
1.2703758746948242
1.218411292175293
1.1106331351623535
0.7685452313537597
0.9906779037475586
0.7323672175598144
0.761032634765625
0.8491617765808106
1.2689156116027833
0.7098025859375
0.6662409636230469
1.0569985650939941
0.79428734765625
0.9216152666625976
0.8495477742919921
0.7745884554443359
0.8132173579101563
0.9409947546386719
0.5530890994567872
0.8321310303039551
0.5526452567138671
0.9635989693298339
0.7436842742004395
0.9853144713745117
0.7023994925842285
0.7448416586303711
0.7758873494567871
0.7886118496704102
0.7029245502014161
0.8120702514343261
0.6128997083129883
0.8853358750305176
0.8239490334167481
0.8195893224487305
0.6392210403747558
0.8302672048339843
0.7403563054504394
0.7012541401367187
0.7324291983947754
0.81470752835083
0.6278839509887695
0.9042129124450684
0.8012510671081543
0.37749979196166994
0.7781025272521973
0.8441591062316894
0.8055367540893554
0.3318827618713379
0.48204582131958007
0.8634882291870117
0.6177908315124512
0.8437858601379394
0.8194079062805175
0.6362444431152343
0.5507350174865723
0.9149504106445312
0.7718535307312011
0.8362399584350586
0.826759901397705
0.8468730860290528
0.8477551908569336
0.8590296676025391
0.8241508034362792
0.9694043882446289
0.735512269317627
0.7149443585815429
0.8091869393615723
0.8204648905334473
0.8011378083190919
0.9055867154541015
0.815969157989502
0.8195807066345215
0.7502315646667481
0.7933709896240234
0.8001969566955567
0.8197002346191407
0.594989704650879
0.78870448147583
0.8186516481323243
0.88165362109375
0.7712043317260742
0.8440777851257324
0.8144280554504395
0.36589964584350587
0.703075217163086
0.8556449144897461
0.7173994381408692
0.8986401956481933
0.8370290033569336
0.7277645073547363
0.8212201135253907
0.82784268359375
0.866580419921875
0.631956342376709
0.8409618587646485
0.6139737284851075
0.8712131029663086
0.8261201848144532
0.851963189300537
0.8201452626647949
0.844575979309082
0.8976601730651855
0.7302094607543945
0.740844442138672
0.8293265712585449
0.8007748098449707
0.6875061756591797
0.7837434237670898
0.7341066891784668
0.9245272648620606
0.6280142553405762
0.28495780020141603
0.759410524230957
0.7772825582275391
0.28819011557006835
0.7574584511413573
0.8888747287902832
0.8238953960266113
0.8799740480651855
0.5441486838684082
0.6909054718627929
0.8519953091125488
0.8433787961730956
0.7870126872253418
0.8940244694519043
0.900072222290039
0.8298060569763184
0.8094902492980958
0.745192008544922
0.8151066881408691
0.8452654850769044
0.6476958887634277
0.4072883923034668
0.8342219069213868
0.7601062328186035
0.7377445237731934
0.5750947724609374
0.7825395105895996
0.841302481048584
0.5949626503295898
0.7568340891723633
0.5844568326721191
0.739897263824463
0.5829955009155273
0.8492247925720215
0.8284602675476074
0.8840139242858887
0.818605787109375
0.7990114667968751
0.7326049851684571
0.7836495906677245
0.8059685177612305
0.3051379161682129
0.40247208621215824
0.8457316361083984
0.8357288377380372
0.564882125
0.7826963061218262
0.7253366051025391
0.7453924334716797
0.4287020396728516
0.7134334716796875
0.5742371876220703
0.629982405090332
0.748994772064209
0.8013695926818848
0.8035751634216308
0.7829041959533691
0.5876050034790039
0.7930660750427245
0.8177645313720703
0.7957872377319336
0.7924190725097656
0.6846359378356934
0.6929834922790528
0.7860150815734863
0.42361278384399415
0.5627728530273437
0.8216088636169434
0.6386746528930665
0.7763851810302734
0.792770487915039
0.7328686729431153
0.7879972337341309
0.8055959553833008
0.8209622508544923
0.5668665032043457
0.6797716892395019
0.7919069469909668
0.7760006649780273
0.811970088470459
0.7326286409606934
0.8372735177612305
0.7219970932617188
0.8392559478759766
0.7318762981567383
0.8462975595703125
0.8296625888977051
0.7822579809570313
0.7743732604980469
0.6258985999450684
0.7309153187255859
0.527340519897461
0.7052556680908203
0.7829603620910645
0.5829746398925781
0.7606362089538574
0.765396667602539
0.8165625207214355
0.6446305430603028
0.5672838363647461
0.7456963201293945
0.7110955582580567
0.6940066921691894
0.7887351819458008
0.6936684764099121
0.8178217086791992
0.7871000250854492
0.7960580293273926
0.7656211564941406
0.787145332611084
0.6964824826049805
0.6866893727722168
0.5839806057434083
0.7794870729980469
0.7941290680541992
0.7665238259887696
0.7722990651855468
0.620848763458252
0.8498820267333984
0.8785562722167969
0.5961174980163575
0.7070278649291992
0.5738167178955078
0.7580561653137208
0.7149469096679688
0.7820223251647949
0.7223124056091308
0.7737128410339356
0.566320200378418
0.7034522323913575
0.6883931997680663
0.7504916398010254
0.7597110546264648
0.796601594116211
0.4202467879333496
0.6102574609680176
0.5854221387939453
0.6625506553649902
0.7546511039123536
0.6999975360107422
0.7083922893371581
0.7254812528991699
0.7193855519714356
0.5237892739562988
0.7205864843139649
0.660564481628418
0.5117696979675292
0.8972663758850098
0.8625996387634277
0.723970082458496
0.8238587258911133
0.28164933227539063
0.6230392335510254
0.8313764015502929
0.7167376943969727
0.693738857421875
0.27333424591064454
0.7626172517089844
0.6546804804077149
0.7043199418640137
0.6852685426025391
0.5948602501525879
0.7915478558654785
0.6088720964660644
0.8205671493225097
0.7284399212341308
0.7480366752319336
0.8231322441101074
0.847110338470459
0.7183875182189942
0.6768024378356934
0.7585496374511719
0.7866861360168458
0.8241647818603516
0.7864990577087403
0.8013715000305176
0.8126649272766113
0.8070064724426269
0.7088433772888183
0.7290917823791504
0.7881626011657714
0.8053073554382324
0.642701752746582
0.8605610536804199
0.7945595130310059
0.7043072773132324
0.5369971073303222
0.7471101830444336
0.7546180168457031
0.7777434776306152
0.7796737496032715
0.8075047073669434
0.26404161062622067
0.5060815690612793
0.6940522999877929
0.6368204432373047
0.8065472782592773
0.5863829576721191
0.3891440491333008
0.8050840367431641
0.8242723401794434
0.8061252773742675
0.8258078700561524
0.48097972207641604
0.7119943635559083
0.5152837770080567
0.6675433992004395
0.7350943227539062
0.7676915402832032
0.7137956826171875
0.6648560567932129
0.8345094453124999
0.5112142306518555
0.7803651746520996
0.633647793182373
0.2711649747009277
0.766805530517578
0.6028977709655762
0.6765565344238281
0.7857747093200684
0.5520138020935059
0.607788027557373
0.7789121480102539
0.5812074598083496
0.7813636604919434
0.6992652227783203
0.5901288625793457
0.2587489961242676
0.6061290320129394
0.6719528050537109
0.7173387080993652
0.7612059039611816
0.6198903263549804
0.6540711775817871
0.5166402996520996
0.7284459811401367
0.7453207713317871
0.7564758670654297
0.6921311829833985
0.6543743941040039
0.7815596868896484
0.7771253193664551
0.707355195678711
0.644766242767334
0.7678957983093262
0.8628896811523438
0.6090586923522949
0.6696488644714356
0.5791176957702637
0.3364263850097656
0.6030751272277832
0.6252948450317383
0.6152197199707031
0.699567829071045
0.6737940722045899
0.6919613690490722
0.3969734836425781
0.5126661534729005
0.6566581828918456
0.42835245571899416
0.3833606845397949
0.6063727421264649
0.5669538187255859
0.43753045919799805
0.5998205067443847
0.5724324516296386
0.6346557662658692
0.6078465778808594
0.414175206817627
0.5555229992980957
0.6337097429199219
0.5549538082885742
0.5498422121887208
0.6055186644592285
0.2699559936218262
0.32695515942382813
0.5474996286315919
0.64256847555542
0.7548823211975098
0.3954243331298828
0.5231109583129883
0.5000658977050781
0.5833721831054688
0.6066806591186523
0.5556537565002442
0.3196100852355957
0.48273121679687503
0.5276578266601563
0.4017370213623047
0.6211619256591797
0.513934169708252
0.43481839474487305
0.5545146085205078
0.6523054519958496
0.4389043061218262
0.5734264582214356
0.5407816440429687
0.5486402063598632
0.6273271281738282
0.5168690153503418
0.644857348236084
0.6744046090698242
0.3255348875732422
0.36554244607543945
0.37903382342529296
0.3911034736633301
0.42403713134765625
0.49957274743652347
0.5223935715942383
0.5275004648132324
0.6667063646850586
0.5731283175964356
0.6186892526245118
0.5245088947143555
0.38650428103637696
0.47579383203125003
0.321868802947998
0.49905414190673825
0.6554303240356445
0.5802711585083008
0.6315823055725098
0.5436117109069825
0.5012206910705567
0.5750460504150391
0.6393678135681152
0.5725217208251954
0.5469612491455078
0.5752007637023926
0.6647254577331543
0.5746992891540528
0.46945384591674805
0.5352684719848633
0.39888771487426755
0.5328246432189941
0.5529194116821289
0.4322338446960449
0.5621870110473632
0.560693502746582
0.4689338617858887
0.3970477775878906
0.535175807434082
0.2659279296875
0.38770030044555664
0.5697476459655761
0.6243699470825195
0.5596362102050781
0.5687425003967286
0.5534859509582519
0.5457596985778809
0.5876900146484375
0.6519280885009766
0.5602547470703125
0.5770489437866211
0.6701485107421875
0.5668184105529785
0.4584265209655762
0.5799149810791016
0.6538607095031739
0.6442395661621094
0.5693995300903321
0.5250398788452149
0.6075668541870117
0.6153064851684571
0.5523281112670899
0.41854598886108396
0.5470977907104493
0.5237594704284668
0.5475838922424316
0.5941632803649902
0.5181609229431152
0.46025290234375
0.5327061831359863
0.4929206646118164
0.6022763730773926
0.5803454524536134
0.3227431617431641
0.38669055581665035
0.4443047321472168
0.5563577886047364
0.5332529028930664
0.5936143209838867
0.6004021250915528
0.45582873928833006
0.5051651942749024
0.5270803033752441
0.40704975567626955
0.5360718906860351
0.5586036125488281
0.41519268225097655
0.5428816540527344
0.5751274896850587
0.5837061352539062
0.5803257304077148
0.25740889041137693
0.49120804525756834
0.559015321899414
0.5275808785705567
0.5495702568664551
0.26609548724365234
0.32563091156005863
0.568458183227539
0.4538064944763184
0.5724346640930176
0.605037445526123
0.4382582436828613
0.5107734478149414
0.4149269258117676
0.5381044350280761
0.5140627767639161
0.602258961730957
0.5837845681762696
0.5604228525390624
0.5747640791015625
0.5424123752136231
0.538173047668457
0.4409604854431152
0.5003819480895997
0.5655352145996093
0.6050801156616211
0.5536731275024414
0.6281944702148438
0.5739760860900879
0.5925660859374999
0.54729103515625
0.5285450896301269
0.5501749926147461
0.549779264099121
0.3885090298461914
0.507135439086914
0.5864693251037598
0.5669338187255859
0.5388223744812012
0.518544174621582
0.5245908539733887
0.26626257748413085
0.3966188701171875
0.5427791867370606
0.4955383999633789
0.45250117871093753
0.5277642404174805
0.6105755113525391
0.44252400173950196
0.3253574714050293
0.5434637468261718
0.5912952438354493
0.5243286638488769
0.5365637414245605
0.5440327062072754
0.5521509594726562
0.4137850262145996
0.4831170971069336
0.5357076933288574
0.5553606733703613
0.5116440270690918
0.5279388307189942
0.5808286194763184
0.4369587426147461
0.47421925659179687
0.5188782625732422
0.5638873524475098
0.529904552368164
0.4135195693054199
0.5229910293884277
0.5083842947692871
0.3926838645629883
0.5015358940124512
0.5532701753540039
0.39005142950439453
0.2643306202697754
0.5189025812683106
0.5540383631896972
0.46546954718017575
0.2574407538452148
0.4951137313537598
0.5672551606445313
0.5483469243469239
0.5845508430786133
0.5155464951171875
0.5488700067138672
0.46141137701416013
0.4025240942077637
0.4257688729248047
0.5726472352294922
0.5809417576904297
0.5367772582397461
0.5570574748535156
0.5241918115844726
0.6157892624206542
0.6413336446228027
0.5615610955810547
0.593935815460205
0.584569096282959
0.6271134076538085
0.5476667365112304
0.6034351065368653
0.32462575799560545
0.5528318366088867
0.5394719520874023
0.5924698654785157
0.5671610056762695
0.6241725828247071
0.5676467366027832
0.6093087786560059
0.3859662425842285
0.5140607903442382
0.3857011897888184
0.5228172481994628
0.4290953352661133
0.5419622081909179
0.5728388774414063
0.5555305823669434
0.5215135809936524
0.38226674102783204
0.4970406223144531
0.5330437758483887
0.533746712890625
0.5105252472839356
0.5248386863098145
0.26693767431640625
0.5054472965698242
0.3276647202758789
0.5087033259887696
0.5655911842651367
0.384759861328125
0.5170592350463867
0.4881422331237793
0.5665338314208984
0.5667153186645508
0.5604316209106446
0.5262342416992187
0.5327050744934082
0.3208245184020996
0.37077520272827147
0.49685263107299804
0.400402645690918
0.5720753525085449
0.49789116082763674
0.3933256937255859
0.5095950362243653
0.41060031231689453
0.5340005835571289
0.5297359181518555
0.5361410592346192
0.5301927201538086
0.5445404994506836
0.5295469628295899
0.5496012321166992
0.3206605087585449
0.37040660760498045
0.5307109359130859
0.4004423893127441
0.3887951321411133
0.49644958944702144
0.5286518875732422
0.5388138025817871
0.5674880153198243
0.535840790802002
0.5488564180603027
0.45658485845947266
0.38312369647216793
0.4453676948242188
0.3210477380981445
0.47197880490112304
0.58042849319458
0.5466526564331055
0.5359358395385743
0.5765369349060059
0.5083889025878906
0.5767023758239747
0.5576203670959472
0.5316206893005371
0.5381910748291016
0.6085501658935547
0.580977673034668
0.5387490070495605
0.5361682852783203
0.42275277966308594
0.5188655405273437
0.41035899996948244
0.5269089662780762
0.5702212131652832
0.3907720199279785
0.4958942570495606
0.5694272465515137
0.4529825198669434
0.37602104885864257
0.5061864868164063
0.2668224107055664
0.3801500145568848
0.5394547396240235
0.5407998045959472
0.5433334856262206
0.5561660729064941
0.6007911970520019
0.5942601246337891
0.6089432051086425
0.5708030144042968
0.5350893992614746
0.4568686748046875
0.5577937505187989
0.5745306030273438
0.524739697479248
0.4699158875427246
0.607717687286377
0.578140922454834
0.4158142159423828
0.47989893112182613
0.3911492308654785
0.49510292224121094
0.5153303297424316
0.4968642284851074
0.525531154510498
0.5054463892211913
0.4312553748474121
0.51484492868042
0.46150277478027346
0.49556224182128905
0.5190272673950196
0.5200392084960938
0.31825802825927735
0.3798521574707031
0.3947479808044434
0.5174221736145019
0.5137736473083496
0.5494251593933106
0.5243522253417969
0.44212430838012695
0.48890609350585934
0.3688984970703125
0.49255426037597655
0.5470183233947754
0.5533451585998534
0.5611645196228028
0.5649457919616699
0.6205131491699218
0.5466488609008788
0.2561320019836426
0.44365878393554686
0.5343791459350586
0.5357235463562011
0.26909611724853516
0.32351847662353517
0.5222384038085938
0.3877883435974121
0.5170446519775391
0.5533783247375488
0.3931740124206543
0.47597034643554686
0.371280876159668
0.4817354873962402
0.5519772709350586
0.527113782623291
0.5374167376098633
0.5504687842102051
0.5319599657287597
0.5241288147583008
0.4978042454833984
0.5304814326782227
0.6004391985778809
0.5713595760192871
0.5585587762756348
0.5516987029724121
0.549044866973877
0.5123414528808594
0.5055667702331543
0.5007793850708008
0.5150857913513184
0.5210128309020996
0.5851768400268555
0.580736684967041
0.5475544944763184
0.5448647926330566
0.5341466594543457
0.5345717881469727
0.2660639425048828
0.39141904162597657
0.5472745670776367
0.5079011932373048
0.4173330948486328
0.5044015191955566
0.6829926315917969
0.4442301985778808
0.3239929950866699
0.5690073167419434
0.5580537130737304
0.5370047151489258
0.5709282700195313
0.3803383244934082
0.48111426922607425
0.5419799166564941
0.37498880822753905
0.5159592020568848
0.5107648375854492
0.5066278854675292
0.4988359549560547
0.5014377582092285
0.5197911253662109
0.4056336611328125
0.4627273421020508
0.4934818883666992
0.5223991682434082
0.524906285369873
0.5614420715942383
0.49877866900634765
0.502673507659912
0.3733084612426758
0.4898482310791016
0.5600462901611328
0.2658666764831543
0.4855363316345215
0.5870624530334473
0.41782782894897463
0.256969412689209
0.4990635859985352
0.5690087824096679
0.5488525378723145
0.6135917435913085
0.5617997457885742
0.5588233146667481
0.4226581997680664
0.3836074545593262
0.39690685424804684
0.5335115067749023
0.6528428147277832
0.598358327545166
0.5278184960327148
0.5876565649719239
0.5607569628295899
0.6068012829284668
0.5591736565856933
0.5440763036193847
0.5752645480651856
0.542165929473877
0.6102187716674805
0.4557054453430176
0.3245008266601562
0.5305689526672364
0.5461029095153809
0.5603019212036133
0.5446417854003907
0.538451169128418
0.36994849490356446
0.4607832003479004
0.5626588537902832
0.3638524696960449
0.4558579733276367
0.3677711502075195
0.48022833853149416
0.5386288360900879
0.38395422140502933
0.45778007116699215
0.5139337527770996
0.5150521811218262
0.3649138956298828
0.4878356324157715
0.5186950564575195
0.31103420410156246
0.4448881627807617
0.3249463291320801
0.44928172677612305
0.6082666794128417
0.5759087143249512
0.36935337255859374
0.4596876378479004
0.4226400911254883
0.4991318312072754
0.526009283203125
0.49365866955566406
0.5408918804931641
0.4809319105529785
0.3176510393066406
0.4448128616027832
0.3710929368286133
0.4398189860229492
0.36603398611450194
0.4962063314208984
0.4722568856201172
0.37427303732299805
0.4689934065246582
0.48128963348388676
0.42296174615478516
0.487541331237793
0.4731794808654785
0.49068600122070316
0.5093596751403808
0.48496498806762695
0.5190753161315917
0.3184451145629883
0.370782594909668
0.36788235708618167
0.44138010455322263
0.37836862200927734
0.49875173449707033
0.465786047241211
0.47033529977416993
0.5047437301330566
0.48822894400024414
0.4738945513000488
0.42185549752807616
0.36602481997680664
0.41623220324707033
0.31851327511596683
0.4506799770507812
0.4889086142578125
0.5454327471923828
0.4754305827636719
0.42194063891601563
0.47645844479370114
0.4739102869262695
0.4878647138977051
0.49329333322143554
0.4820112462463379
0.5052016327819824
0.5042539584655762
0.5114390717468262
0.5361719609985351
0.3935944246520996
0.4728181205444336
0.36944484863281246
0.4575184864501953
0.5186208304138183
0.4611912715454102
0.37189539385986325
0.4651722164306641
0.46188516784667966
0.5071402785339356
0.42276161352539066
0.42213177154541015
0.4615211038818359
0.2665062349243164
0.3790922180175781
0.5118205630493164
0.47626599346923826
0.5314307555541993
0.516237159790039
0.49529967626953125
0.5218923965759277
0.49929403732299804
0.5597445313110352
0.5240317444458008
0.4917497106933594
