0.5510285250701508
0.5783505432817699
0.564794355434744
0.5855729861557685
0.5784811377175256
0.5192587909755659
0.5649793832009649
0.5660492884227369
0.626131769954854
0.5253347256980394
0.5379280595913813
0.5731655412240448
0.5562669855737697
0.5635063269872199
0.6246600529836153
0.561766996417468
0.5802366503137132
0.5980697591073085
0.6830586711791182
0.5502624168843501
0.625840372076644
0.5468260012335702
0.5336281005169488
0.5515722606403546
0.5725204329108485
0.6254153597497011
0.5432425011091198
0.6034133293191818
0.5296716344013103
0.6621845214151532
0.54485581256637
0.605981149794135
0.5518768477051317
0.5330100752472918
0.5535613918719873
0.5690315290284725
0.5492674670236484
0.6525807054435427
0.5330557557873848
0.590136918167853
0.6609360540356677
0.5640452264260379
0.5137394933309598
0.5685085821056464
0.5555581241258164
0.567251113543157
0.5643734380878331
0.5624784302357285
0.5226819444229139
0.5573831203889605
0.5387301405392178
0.6698055973034971
0.6497808876457957
0.6716949382325599
0.5903889181208106
0.5101463720202296
0.5757258363812993
0.57496907893373
0.574792008027958
0.5614613988504905
0.540382942609236
0.5812194714106914
0.5637272042716299
0.496768075846439
0.5161810820000065
0.683361472364178
0.5625010307100918
0.6729948346389821
0.5795689567787954
0.5849138480238127
0.5988312005899832
0.543711221822582
0.6182560371746821
0.5946353917498767
0.5593244796597698
0.6587079613515637
0.5112543635660962
0.5519084009433125
0.6051401670886734
0.5913777826723853
0.5610465232317664
0.5630967010540897
0.562402258685391
0.5688035738146634
0.5755768557355909
0.5626920976107972
0.6709405598935233
0.5474352224175494
0.6506178148920965
0.550894034938222
0.5890793425891913
0.605522529463428
0.5515581115258468
0.6056535316773674
0.5491585259358818
0.5635542017669033
0.6216794848062251
0.5660759024165382
0.5629562396454751
0.5549875907842753
0.6056899070516955
0.6673210590865019
0.5823947753787002
0.5557456585959777
0.6161461303724731
0.6100741348582944
0.5389051536384062
0.5677439881152367
0.5988923235308202
0.5327645394645832
0.5136273571544244
0.5542453016888905
0.568767950195307
0.5698880305857488
0.5277378027439241
0.6134979652526076
0.6093245354002041
0.5716490305867598
0.595878411564265
0.5490598948423328
0.559418087514148
0.5267203782143505
0.5724559726517756
0.53029320484822
0.5519989558692241
0.55237061493943
0.5714188916373667
0.6476545029885655
0.5394694521424642
0.49280641052118196
0.5773579774053097
0.5534068469130597
0.5403775209120693
0.6881346137448405
0.6186505539162245
0.5296219372140775
0.5514011393049272
0.5464517455138408
0.518190671072921
0.576409078481582
0.534527298707205
0.6732187098220859
0.5776983777653563
0.5518080971174864
0.6074270155067227
0.5561610795773515
0.5465961931775745
0.6297029556772316
0.5290231519073179
0.5464495257778471
0.5583043338180955
0.5256674584852932
0.5568132763320531
0.5787526811052619
0.6087734426315974
0.5553180657835047
0.5375849866536141
0.6611179067375085
0.529311217642349
0.582194764668187
0.5633683641533782
0.6071139799677077
0.6025138576946343
0.5599607100618612
0.5564314600579818
0.5421924936617448
0.5956104245872841
0.586581333776686
0.5514403315789557
0.5614474176083467
0.5972865260860685
0.600791406615182
0.5442290746772094
0.5762960631206131
0.5412515712525408
0.6061506956714703
0.5467926412174591
0.5540661870218496
0.6127748128817923
0.5660127822854568
0.5202987556046439
0.5412948407212375
0.5508064742483283
0.49025561509392085
0.5550059221017598
0.547426491209031
0.5542605090976389
0.5181388206951825
0.5198896097917296
0.5609606460513391
0.5567445226987203
0.5250874382706312
0.6055012866437567
0.5549346665936297
0.6067807873114646
0.6566568035431136
0.5515500530115975
0.5650716697316553
0.5917886631486833
0.6656428910194859
0.5871915899283532
0.5437397142889767
0.5802718307246716
0.5482906560378197
0.49884763016221845
0.5677188845451753
0.5713032754154953
0.6708690615146222
0.5781965959543726
0.5544903672219607
0.5535956216196715
0.5608151448484153
0.4915208563292493
0.5544924195832617
0.5497910663041478
0.5832234193859895
0.5752627814582822
0.5188797449122919
0.5502062864208377
0.5804101393817702
0.5270272713545241
0.6619291106810905
0.6018656129620307
0.5626745775928166
0.5697112502162702
0.5712971333172485
0.5815968817081872
0.5356447048922367
0.5780393502123633
0.5522680114310544
0.5734735131896795
0.5122462253514871
0.5315574088782323
0.5963883327216994
0.582476746689942
0.5853375544819103
0.5065543662873204
0.6541295495368715
0.5690856984671191
0.5621406989309572
0.5663993785348573
0.5380252536906075
0.5733009271105693
