0.6539867651724518
0.65517397420304
0.6682200837378977
0.6811274373200219
0.6843554505004261
0.6913338891248509
0.6468976079840714
0.641196155343125
0.7118174700965868
0.6334564388053272
0.6541927210005429
0.6895867495949268
0.6866382993082945
0.6813053669567211
0.7164208790238258
0.669083862888588
0.6751802666791257
0.7079345863420452
0.7575681479944087
0.6506283204002192
0.65736443228658
0.6384191614743657
0.6590177559825596
0.6877977212773001
0.7335995364021806
0.6437942289830108
0.6962202682762499
0.6603876265696655
0.6984174813099495
0.7414718559044051
0.6489474761247326
0.6985918111047018
0.667934466386161
0.6713703129879354
0.6126108857762333
0.6478800725633448
0.6484559192535472
0.7509675046369537
0.6624777914069973
0.6864053920874656
0.719513020422257
0.6615359906977248
0.6770094158710971
0.646041270854621
0.6879292884117232
0.6609001752128651
0.6637184759649253
0.6790301451430023
0.685726950979175
0.6091651095233684
0.6659602938860736
0.6441679803511883
0.7504320298675908
0.750441391863342
0.7696680184528155
0.684545007000468
0.6168404961289672
0.6894010204222059
0.6937084662739688
0.6851306254372794
0.6592443765739507
0.6267353129315161
0.6956233668465109
0.6969709367239036
0.6435009662675564
0.5839999909157582
0.6097464909873699
0.7568835514370538
0.6805682433900422
0.7662456633820185
0.6819621734957053
0.6758517278656866
0.6374592640770704
0.6836861700053489
0.6513346923091918
0.7285515421237814
0.699189863688356
0.66524291190233
0.7422325482509167
0.6247080565766536
0.6735500861154964
0.6973639320212901
0.6895096557392875
0.6652824385583576
0.6698223113810723
0.6844183501453243
0.66212679678179
0.6918202593476201
0.666035512861433
0.7465345652470232
0.6589106537491987
0.7497788637634764
0.7004894523021341
0.7144795627297391
0.6491020365960234
0.7003066120036947
0.6759199962108043
0.6581957658477826
0.7108772661155732
0.6858129219649038
0.6655747273909658
0.6338826525685649
0.676423617929705
0.7482345544568901
0.6785869086321281
0.6741671983679833
0.6716286205940336
0.722527468721203
0.6443432759249582
0.6791347997100107
0.7001202690924485
0.6388852554970479
0.6681525703416189
0.64196473597089
0.6772446437494175
0.6720203633594415
0.673589369490283
0.6385692322863488
0.7222279864970216
0.6972270698560747
0.6875296599505601
0.690967334930598
0.6534935135354334
0.6637498417250409
0.6372796379643255
0.6890935627002681
0.641015124189701
0.655732904452849
0.6594220202538544
0.6946685636354417
0.7509449756558714
0.6437595610343525
0.6048201609673178
0.6771424873383696
0.6749812551876611
0.6933667168811805
0.6258714668125174
0.7423413841109054
0.7236935471410431
0.6566764502208562
0.657181578031052
0.6456947110736633
0.6672458367042973
0.6777812428752936
0.6374548233525297
0.757448335582446
0.6676792446695667
0.6589874322526855
0.6635846472288235
0.7318493885566164
0.6367367379829957
0.6737567273836728
0.6341581698042099
0.6626823997047601
0.6960645461531136
0.6300115797108146
0.6739586561385267
0.6528143022269867
0.6570756981952007
0.6609082753903353
0.694423889893329
0.7426150328154513
0.775918975586521
0.641114484959037
0.672539864488286
0.6840749835126452
0.7241827567600074
0.7128113944040114
0.654588522885826
0.649379927108787
0.706190217471607
0.6991384843716755
0.6539107450277383
0.6714289051305165
0.6660961306224074
0.6946982221752822
0.6549492493271087
0.6639343598078955
0.711510325405828
0.6603773067622951
0.6568322774383554
0.6835849992101264
0.6400401748898465
0.6501419296417099
0.6484811465779703
0.6159061667624917
0.6548390349976986
0.6207656326426101
0.6594289560208129
0.657387840475102
0.6769926533769035
0.6437536147786669
0.666506083113376
0.6542049403225701
0.7133552939783485
0.658871737234484
0.6764651409353923
0.6747823265280455
0.7374142055350706
0.6696733552402043
0.6461354715029971
0.7084640208215421
0.7603834735975156
0.6781906404735444
0.6622029072426829
0.6906268058630607
0.6317273988413559
0.7119374638023285
0.6059561592627951
0.6493743043339684
0.6894331676209023
0.766696103820373
0.6730483758651375
0.6350114064533297
0.6270811594871706
0.6577349394246861
0.5990856848027545
0.6575917472689887
0.6724119310884686
0.6960284200593096
0.6399393963175152
0.6334946701187085
0.6761032488255466
0.633903420732542
0.7608847138577217
0.7094647309460597
0.6845181863031555
0.6696846820749759
0.6454689353409679
0.6757046449530558
0.6491322415167792
0.6839841651922502
0.6004154073203098
0.6432717586850991
0.7016542693425658
0.6942685262473415
0.613059974589151
0.6975362964036005
0.7367360564917981
0.6442110649525826
0.6812314479250028
0.6582823829800151
0.6521366123777033
