0.8746913241535876
0.7620879575234308
0.7257960692427377
0.7938542785513674
0.8829000761249319
0.8393668533239921
0.8901246243701916
0.5870987453409904
0.6993749329885797
0.8484513511074168
0.7838327558768762
0.7214518924051804
0.9397302610015397
0.8369618715769
0.9405493775665854
0.8256939786693385
0.7889116777352961
0.8471840586101783
0.9609814311471899
0.7961618222823998
0.7895902554084709
0.8146926627927142
0.7992996736232356
0.6686101104277924
0.6448150603949434
0.6670616420385871
0.7853008574363094
0.8371141146887658
0.745559107792974
0.7807795836913334
0.730951895376194
0.8074479256214144
0.8535098512267032
0.691655586341569
0.8181595538732636
0.8905983728605319
0.7149970180133397
0.8392481099045788
0.711505422805087
0.7825638171977738
0.6929321003587228
