0.3293190702126726
0.36874868107808445
0.30363339313435767
0.31073998403101377
0.3509379303757716
0.4518311934810957
0.37416853468056055
0.3550712370050928
0.3251730095671902
0.37456876057790844
0.3634891436002864
0.3448812833585353
0.36030296113088633
0.42040120419503146
0.3572758470030043
0.433379328959256
0.47544495747770843
0.35291222138634626
0.37892768750957395
0.4776509407045145
0.383746288740373
0.3197577758642596
0.4042426759768141
0.47098703760588856
0.43233007044644595
0.44414893390623394
0.42116781501045486
0.5256491895099165
0.43072303471936246
0.42804550872851305
0.4671853453476495
0.41847024478640976
0.42301335869962237
0.48494193080277187
0.45338220382286487
0.40838398417648514
0.4811191903799794
0.40864041499043635
0.4836515126466008
0.4670582224279263
0.38957972182424955
