1.4744886487598905
1.4852863276059882
1.5743354936076337
1.5757039731505251
1.5710592217097126
1.4864750347311828
1.4589113278371504
1.609520231204665
1.5717751108394293
1.6116329677480474
1.619815461969376
1.5660787844255666
1.574118158987905
1.582203509222306
1.5712826276053866
1.5865197997704392
1.575986733279077
1.5719982442689708
1.4753862279703083
1.5802724748145764
1.6044001648953983
1.6252548222967929
1.461889932525915
1.4679634719413226
1.572859955707577
1.5718979708888878
1.580346661393296
1.4648291358096857
1.578259177000165
1.5793598454045215
1.6198544919885016
1.6018682675982612
1.5779404346901607
1.4671251341138338
1.4721473610469016
1.5702855400376172
1.5711060355420043
1.571975389867959
1.576639347505675
1.5671325977951334
1.473128756116885
1.5898315860701633
1.6110356976757632
1.602096885461998
1.6076695497369644
1.5837048944716108
1.574113920913261
1.5863558716829418
1.5778523551462147
1.5670563898091907
1.5875792020829502
1.5674501376688244
1.5857834245190663
1.5821285366330455
1.4855671085736717
1.6269565226403786
1.6209262406906195
1.6181578624909325
1.5685078646191783
1.5685856007573367
1.5829691872371745
1.581399157647196
1.5702266344737401
1.4709391787478228
1.5806698275914273
1.60434541872007
1.6158452816446998
1.5712266387765708
1.4838236342115283
1.431658864683916
1.5805447566892077
1.569612614508065
1.5787475782194151
1.587158533953129
1.5691779791481721
1.4678552502114517
1.5871377603809917
1.6100372591178693
1.6074366446738766
1.5996902788414906
1.6056089311231774
1.5851212817456992
1.5763501913375817
1.5713550252982087
1.5748039398716713
1.5690382237975116
1.5748847787482962
1.5712524762796412
1.4872850649806304
1.607402594897985
1.6176058251036085
1.5745351624550503
1.5729277958744052
1.5698735519845575
1.576396429627068
1.5744032339442298
1.5754020276262348
1.620718392662147
1.610520197888749
1.5756344824881046
1.613749684610558
1.5830062777458225
1.5940490733450714
1.575553883006396
1.5822968671718511
1.5689587150094229
1.5770963540505067
1.4727471053745835
1.605498407146813
1.471683944255461
1.5798116567691276
1.5701961138338054
1.5791719926608447
1.574924169553253
1.5760532900528998
1.5727733846680771
1.5759286953685747
1.572203576323315
1.6078495106542918
1.571146584955967
1.5738120084852931
1.4677810211104843
1.6111926957565241
1.6250301996636731
1.6095308908775834
1.5836950594480457
1.5930645371624377
1.5746019791709724
1.560452254273114
1.481475415332636
1.5787934967008792
1.4646260816297316
1.5757055171520962
1.6206667189074226
1.6357869654027515
1.5672994767977053
1.5744932911044898
1.5794561495748523
1.572565320915543
1.5690264896822927
1.5705514032468282
1.4806619329495667
1.4888771257158964
1.5765578524255146
1.6051020225858368
1.5813796552740547
1.5806546895112477
1.5756180967560538
1.5662611661907844
1.583366185961669
1.576062095612748
1.570098935310928
1.5694493027668444
1.5711972170147017
1.467241483833568
1.573934016767486
1.5992343550478374
1.5750580288831555
1.5749883092758228
1.573563392018561
1.5924711425211393
1.4846635583364405
1.5996692080381516
1.6257135762788817
1.580861145690578
1.5846294144985518
1.4666513279770572
1.469460179103985
1.4727690880351392
1.4776231569169813
1.5769188520289583
1.602486496911417
1.4786324197050673
1.4689522058081983
1.4735127568040018
1.5813014561507568
1.5863171740519777
1.5812137864947233
1.5709350994263505
1.5689501285178362
1.4756372532220745
1.4654233319395857
1.5673712039014167
1.6056132179653904
1.6087624423167493
1.5582757200751631
1.5727997291422755
1.5778749957919627
1.5728750075387394
1.561632048262231
1.5757752033101433
1.571453729679942
1.5727035730511993
1.5694149026448583
1.471887969888365
1.60938341226349
1.608647741117029
1.6096209659245162
1.5716452458624546
1.4702215174390054
1.5853827132714706
1.5685970773101239
1.462040428751576
1.5775277772355307
1.4698961016909209
1.5827650473397783
1.5963550096263988
1.61589661225161
1.5814399776900399
1.4877162735487397
1.5692259845184682
1.5754910273265217
1.4660104995844947
1.567383760665004
1.5729169116320016
1.5698000788438093
1.4633479715646378
1.4689768542686952
1.6067580235692274
1.6082564553202505
1.6005168850192728
1.5725001396331668
1.5730449242518092
1.5714966526918182
1.5785740129320198
1.5738087019889266
1.5814650711275682
1.5706962369536261
1.6035992706524986
1.4644557169200982
1.6028991817771006
1.6332301000584482
1.4703002544619195
1.5753756984089091
1.5673463463703923
1.5808613745198432
1.5818660065501022
1.4692537255185518
1.4702914985084852
1.6058493411050225
1.6065743176372922
1.5764628018145026
1.6044746494650586
