1.9561492012994788
1.8570821263921704
1.856455777615281
1.9125707536936332
1.8568940851339462
1.7367900909538347
1.801087510629815
1.9105644567631237
1.7599763498419838
1.751398049578367
1.912741058505425
2.0042559222332903
1.7406543062766522
1.7208915797251672
1.871139083880092
1.8643743041716943
1.8685826246594635
1.6668022491243317
1.781905337710643
2.025654952636018
1.8642058280302827
1.8730551670788542
1.9108452512241987
1.7604758110747925
1.7445478785257822
1.8733837762960799
1.9475606172283735
1.893562085813961
