1.691987262844341
1.6483908619005536
1.7402829879004944
1.7395772010988366
1.6521212953321787
1.6537029288036829
1.4001105322345835
1.6705021874499295
1.6115068445104779
1.593921702072215
1.6639787857749684
1.6220174970831875
1.61410707279476
1.405379192865781
1.684628729979295
1.4123515637029822
1.7100391120253453
1.401004881315222
1.7621563231124067
1.65026563737398
1.8176047475441524
1.6422457524406997
1.6814807117554615
1.811519904698409
1.6918749251306622
1.6781409385901405
1.6941671063656043
1.741578831353803
2.122519265191471
1.877346917985132
1.7083844066234417
1.8802034064524586
1.9443412068641654
1.7209689310573275
1.8139512738087125
1.7124322401715462
1.4293231257880186
1.7187466374275715
1.6749662927595856
1.5885777626520277
1.8759240967681374
1.6523821660676126
1.7910865843843924
1.6696214771941047
1.6861677068514773
1.6869193270957146
1.7372320495989817
1.743243937213025
1.7547845011522334
1.6705186062204953
1.3979323630539575
1.627947390621573
1.6578018120727638
1.701028492583733
1.670047677270453
1.4650587171720135
1.5783067661463843
1.6853614073160184
1.659753810168261
1.515562484445366
1.7451949936760505
1.464101034118633
1.6904763516630907
1.523751964465324
1.7223732980637974
1.8103875747425773
1.6636316646701976
1.6338141713097467
1.7202595590922505
1.6946777745794686
1.7200402811765443
1.734148324779195
1.7332430567492643
1.7202163103256025
1.9674578386808597
1.8988018113822849
1.6799351866832726
1.8434442529612847
2.007547676691922
1.6857844908594677
1.8225266420238173
1.6857960966412393
1.6998054722124292
1.7210191065621276
1.6947295340632562
1.9183402979346578
1.7191492512887723
1.6858795612604964
1.6563283954306374
1.6021284498888542
1.690923812963767
1.7204089893683114
1.6833139648811526
1.6472237252291642
1.695177110460351
1.7691177353550702
1.7428754284730015
1.754777354521016
1.6769697910167378
1.4106880270098576
1.7195392185184226
1.7431908427987381
1.7477794517153147
1.7062592861908095
1.5056928192687138
1.6196248989449855
1.4446283343396387
1.618150767359893
1.7046140512297223
1.582715585081785
1.645147789941327
1.510940784648123
1.8130786414160802
1.6479513864093003
1.847810516025592
1.7890033693394038
1.4297912287708971
1.686302530321282
1.8052968830885496
1.7171021187323368
1.6818317049528098
2.18506010324585
1.9021479224732716
1.7049850156545556
1.811914599124302
1.9351595341956154
1.663574023008775
1.6922447444374042
1.9424440499922315
1.6996353764660639
1.4850641868247574
1.8102455234565435
1.6458685747468444
1.9090830423626002
1.67876293243286
1.8191602975494758
1.7608637157428728
1.3915660830830348
1.6749142968134592
1.6829914273851503
1.658976926370653
1.6875605078880913
1.8082682094315765
1.7134568293569958
1.4708885064726418
1.6707538574760934
1.6283576430296227
1.6325981791804223
1.692735123453099
1.6937623633239318
1.6911519043786085
1.5579704469524673
1.6382161560979838
1.5960179569508457
1.422079123973129
1.6612024278864361
1.7974193972774446
1.7097167511598463
1.6683644790661234
1.8229217725719964
1.7158593493801968
1.6999200039576638
1.7564809460630768
1.706258443332813
1.7229291322839537
1.6811270997737036
2.0989975882622582
1.9532600159808167
1.8237780279733726
1.8565031234222984
1.9702185319361842
1.7122799206556947
1.9520629582783742
1.7350654192377137
1.6406598909368049
1.7951491577676797
1.6771872516942548
1.6288802368467115
1.866788094260078
1.7927620798967563
1.5672700483892743
1.7336801707152216
1.7156750399336316
1.5263665670849071
1.6591953470593899
1.6208084251347419
1.7562959359424324
1.711589016622921
1.7205957378302041
1.460582693338031
1.6042233489525288
1.6618479124081562
1.6469478499027153
1.7533294653900493
1.696856658104781
1.7360875588258315
1.689572784260041
1.5273323080661023
1.412499296870818
1.7120852891956075
1.5722696932759626
1.6463469111417492
1.5943614381309335
1.7243757963895607
1.8772979136676327
1.6709050935543974
1.6780193346462196
1.6911473598409525
1.8615942968038106
1.6806421231171789
1.6826358022952035
1.6876444141655151
1.6957332236354339
1.6979713175235753
2.2656788485150696
1.9502492784865826
1.8322634787695544
1.7069818307893976
1.8411338726279893
2.0156304970940897
1.9388745491754338
1.717146006298688
1.649698012067972
1.7269819141412306
1.6754236980799673
1.6916355242314214
1.727930096390212
1.6803890633537872
1.691037068066577
2.099292223388539
1.8478971111380136
1.7634324275903424
1.8295423435137086
1.5118759392239478
1.8430982839839325
1.675957622087278
1.818203169449829
1.7435055382784173
1.4182523024422085
1.7370952068254846
1.609345060113229
1.8637238089599435
1.682411138244867
1.631658179827513
1.4922352989409884
1.537923345958176
1.5673836635507894
1.7565263705812157
1.5110583374095377
1.7248065875592307
1.6435710013111542
1.7131227663720456
1.7401236175234125
1.392025940052347
1.6807706821539192
1.6069299299688833
1.663380425536776
1.654741697498061
1.6972206114236932
1.4321915565490888
1.6830083943644059
1.649647613031026
1.3862405683672212
1.7079851876918593
1.6539746801574935
1.4298997546665453
1.6930578533009761
1.461605601429425
1.6549580031939664
1.805282164395628
1.6231721426398455
1.769426102466621
1.7294836158062068
1.7688524406094996
1.7099050508798639
1.4086157075553813
1.6959102306256835
1.705929804502814
1.680598561171326
2.121306276361412
1.842868079325692
1.6822591261042366
1.8366693886460688
2.016096447445321
1.6999148735886367
1.8362717247828455
1.7217855360629015
1.6806827547121026
1.3906583212698764
1.7755724267031916
1.7074851864198533
1.932766931317198
1.7044876165746283
1.5170404946314449
1.6931178603394539
1.6941298519053332
