0.36515489363338927
0.39206297864114464
0.3381199028137465
0.3345358905026209
0.37547549298655114
0.46490635093243177
0.3804333611958283
0.3915218552355214
0.37666103142371404
0.40925149053428
0.40770434525885985
0.3574312264444185
0.4056769553071576
0.4526041606794391
0.40200295526884805
0.4655989330774176
0.4820309784920524
0.4085108217192051
0.4290324486142917
0.4741116958473356
0.4334440221647502
0.36036668366220626
0.4344048684471096
0.48700935518111915
0.45674505107979035
0.48161193481979386
0.45919121775536237
0.5422138875625682
0.4723765747470514
0.4580392236725109
0.5055641068569641
0.47460911292185626
0.48040790246979276
0.524390211656068
0.5195988716630879
0.4711571388098794
0.5315491327144732
0.4768464903898886
0.5348599890443866
0.5102640827439897
0.4224559291914559
