0.6200128283099243
0.5429522051102539
0.567607266028888
0.5703517520184594
0.5504904525056391
0.5081644097441931
0.5707380592436453
0.6000394409119941
0.5585045882894372
0.5873921154413162
0.543246831286236
0.5072069522727726
0.5523424248525644
0.5384686248360391
0.5555706962059443
0.45518595080009516
0.622530466479442
0.4828110032625913
0.5497083828480398
0.6156794048043894
0.5179429649394136
0.5418177567978602
0.5350628367556941
0.5317961979231913
0.5774438251275051
0.4632726219785468
0.5808002580251052
0.5851620819554968
