0.935959412469918
0.9593544680954915
1.011887625382141
0.9124367439302533
0.9447808176181822
0.9381605478639661
1.0015501756717466
0.939262499030663
0.8632520695494342
0.9390128781470235
0.9627130077535786
0.866527622534454
0.950335994178565
1.03237339091877
0.9407861963629758
0.9412784360858536
0.8521109805072268
0.9996641024430768
0.9454729333282786
0.9487795213973191
0.8599399210348885
0.8614742807470803
1.0340167557250601
1.0417191185135606
0.8664194854705498
0.8566614872547693
0.8490060474956007
0.935350283479796
0.9374074293356666
0.9994289733034686
0.9602616264995926
1.0120447716803904
0.8596759691255011
0.8456854181693843
0.9441926130231206
0.9379059363566442
1.0011978452641337
0.9392922886887893
0.863468284815949
0.9373370755848065
0.9434035787975543
0.9406568730170748
0.8663153273764874
0.9646633095018629
0.8659744446588409
0.9791776806931418
0.9402949020761463
0.9405987138797355
0.923731575326766
0.9501663964930003
0.9467196080011674
0.9479338641679544
0.8615182840536044
1.0338376666789106
1.0410246278145825
0.8640904683373696
0.8533696226945691
0.8486523051579441
0.9351787156974715
0.9376921148742603
1.0012766017535082
0.959985980416211
1.0124311405970636
0.8555265698066097
0.8446717817323718
0.943243686702374
0.937742770719528
1.0016350699920384
0.9377508736431996
0.8623609625126234
0.9357554139895634
0.9402708266265473
0.9424947672363513
0.9373761038831745
0.8658859210534687
0.9605655871542874
0.8665241823332384
0.9502512156118403
1.0322163823701747
0.9408731876834933
0.9378730504071715
0.9209063835782815
1.0025041832549795
0.9456248750187026
0.947782330323369
0.8606018105027483
0.8620656520176698
1.0333979688831456
1.040743931748234
0.8633572551502082
0.8591870513076119
0.8473432727771872
0.9342040357337104
0.9372866062926144
1.0001185484935504
0.9599923436502513
1.0113974591488268
0.8616861755747358
0.9455457563298346
0.9384385881000865
0.9358221710427999
0.8632556871637951
0.9377638573862837
0.9419492429355609
0.9372773665267057
0.9581527428730479
0.866656504165158
0.950359682987118
0.9782746614877967
0.9407045226991511
0.9365235329655232
0.921644715709637
0.9508349692594185
0.9468236894054218
0.9487720201694265
0.8597599199774593
0.8609356492819193
1.0412863827101544
0.8638380086826287
0.8561507403862276
0.8458491758276332
0.9354843015065428
1.0090267246852553
0.9658896505312036
1.0186118085816152
0.8576515451809861
0.9200103118795553
0.9523387375523624
0.9460540444262227
1.005914737253337
0.9441989908793171
0.8695668860348962
0.945149892909354
0.9463201495659941
0.948991048222201
0.9444599000140605
0.8722120213801664
0.9705121100032099
0.8749227117010537
0.9609761688472005
1.0356560099318517
0.946701221427932
0.9432777060189518
0.9301288988676681
0.9559789174308259
0.9527438363078158
0.9576622345528907
0.8656652492926163
1.0433147370608515
1.048040576872027
0.8676741467624896
0.8593693364879333
0.8555085490412186
0.9407121012021576
0.9458912443709492
1.0071755420104012
0.9646921111385589
1.0190453482483628
0.8654618571282039
0.8493925421327154
0.9482262334742262
0.9442351174256056
1.0074320251876294
0.9495846813805124
0.8716742598976128
0.9408254311993726
0.9408933948036247
1.001186025348102
0.9378325224281459
0.8710522908161418
0.9637784028902789
0.8751733787859393
0.9553736627995104
1.035201502277719
0.9452685879469487
0.9448791620532291
0.9293416023263834
1.0089765742827428
0.8666769889371397
0.8703968928203198
1.0398983557400974
0.9387131492687385
0.8585035842833877
0.8548601736671723
0.9415798299351799
0.9430320684634939
1.0094689835997186
0.9655123183367456
1.0215671692451331
0.9267145844026929
0.9220884408314655
0.9523627038733776
0.9493288326643834
1.0079755232584349
0.9928943923705855
0.8710265549743494
0.9442731174354726
0.9508775475886104
0.9409827524338801
0.8723433405643127
0.9726186772556118
0.9680882572594964
1.0355356088310366
0.942895899374597
0.9296613635813636
1.0101739815242037
0.95701888085835
0.8624941191352418
1.0413336809139642
1.0467116634945863
0.8674889434853358
0.8584291032322593
0.8591121380607185
0.9415314812194495
0.9457100205965243
0.9343088827487354
0.9614337668353791
0.9399910739876314
0.9222093502229922
0.953842464592756
0.943536102432122
1.0091992725506502
0.9453339470502378
0.9467986808532498
0.9477295667088013
1.0004351786814913
0.9381206894517582
0.9609920249003084
0.8767359703560752
0.9555267911380403
1.0353929388713319
0.9450894748483847
0.9441267662371982
0.9301827108631824
0.953633671185927
0.9529768558726982
0.9511216813023865
0.9390157315843671
0.8689599591249431
1.0380629026225223
1.0459365575963027
0.9380855938524572
0.8642640563526274
