0.7122360414596803
0.6265165687195885
0.6267940312111803
0.6335711772614872
0.69922911677053
0.7153524876137098
0.7400619774726218
0.5114498971863264
0.5836321555293059
0.7355088542422108
0.6510390670786672
0.5834219385172459
0.8318425282102151
0.693287664588413
0.8014478245220424
0.7741167868425275
0.6456889308654604
0.7363353984928476
0.8019328409644174
0.7928924033531226
0.6985970290645808
0.7719882678644934
0.708251291331504
0.5638678459382755
0.556097431443785
0.6256214632723587
0.6878457167257934
0.6889724062278162
0.6008273344610685
0.6867435692427548
0.6931727559070479
0.6649494430582129
0.7315166352491977
0.5750081239228699
0.7176180179783629
0.6907483946710269
0.5958610047274743
0.8047064547886791
0.5650723438432554
0.6948801733124674
0.5977188137169679
