0.47684239785221877
0.47008932044509455
0.49599172715051876
0.496668182222256
0.5107291104123375
0.5139023773737682
0.48843405653388433
0.4590673242972259
0.5151372613626986
0.46590409903019003
0.4853675747199435
0.5117728263022518
0.5172415897525229
0.5022306492822297
0.5247834426248263
0.49776833498205597
0.4909831298316808
0.5215426924413964
0.5406247034665765
0.48006634540850535
0.4848808874149916
0.4658783526576469
0.4863996650727408
0.5095931138801882
0.5423510942994001
0.4723353554171842
0.502261388713189
0.4932734489488998
0.5117254613911526
0.5309509764464668
0.4802942184368368
0.5074858733653289
0.49403381181608663
0.49475489774425796
0.448931725473743
0.46936025164137274
0.4750285045011099
0.5418058342735493
0.4955287106493123
0.49474246975022607
0.5090444318379284
0.48019201539432094
0.4893611681779794
0.4885326376714535
0.5069042187852937
0.4827396086741912
0.4870630487925487
0.49744072912194365
0.5148031556615694
0.44278647585375597
0.4897088220251067
0.4764365686537644
0.5376827633813788
0.5447828361668077
0.5617883182367737
0.4989341586964
0.45893697152610746
0.5138648032818895
0.5095197102081956
0.5146406034624509
0.4912293886651206
0.4557939177815408
0.5109239155363031
0.5137097729033985
0.4719477147144657
0.429894101032009
0.4568014038649507
0.5363012839947312
0.5062705751702496
0.5487935072485235
0.5162121407854875
0.5068185793667928
0.4728546913719989
0.4951109961136625
0.4758066749550417
0.535503412490866
0.5119440128555937
0.4847617405849167
0.5371091427570094
0.4668435676710016
0.4983106122614377
0.504275750926678
0.5148860237067256
0.4887131220059273
0.50312677136428
0.5083063185214106
0.4803557017084821
0.5086690832287808
0.4860318735998714
0.5294241933717707
0.4929582741920886
0.5417103711301497
0.5170721968455565
0.5206934222047601
0.4777260209120133
0.5102345896982852
0.5054105047471877
0.48497632679863123
0.5145510316808091
0.5111875233527673
0.4893739614085494
0.4647537403523961
0.48680245117862925
0.5379254356671623
0.4960966171461051
0.4983466601009913
0.49855730059547276
0.5266506898590361
0.4719240223330588
0.500147865027662
0.5139096678278559
0.47254915484477006
0.49729205710891455
0.47897173224310596
0.5015618392080685
0.49221347143001815
0.4946167417495495
0.47845013273505643
0.5297594763861171
0.5042764115114812
0.5043938482392258
0.501165102510365
0.47912879646692774
0.49135638052636565
0.4745916270095149
0.5163546227013115
0.4780772749726393
0.48573435736176096
0.484603356294128
0.5188471526421793
0.5432479088324671
0.47206517176209517
0.4591692229666826
0.4941990793789558
0.49745236807623616
0.5111693658299512
0.45141562968582927
0.5303411165019127
0.5242346585166863
0.48961245660460884
0.490204356172961
0.485418622778024
0.4851604530080189
0.5003351922209966
0.4727525495687925
0.5530424880719651
0.4832751019088116
0.48337041197906166
0.4949465243221438
0.5337369592772502
0.4721417181569273
0.5015385689403642
0.4679236022574579
0.4933175537039248
0.5205715944715767
0.47354316175539435
0.4782745692508026
0.4778306899425145
0.482374510842744
0.4873863563884995
0.5121230976216882
0.530470774512055
0.5545687265436581
0.4769308148105409
0.4871655770497847
0.5067986080901751
0.5414161207459782
0.5269949822659514
0.4819795353396954
0.4743335417080846
0.5195861165729532
0.5132855559450203
0.4809132056920892
0.4983119366833199
0.48263724789365525
0.5044415951653967
0.4807147456971362
0.4977653290873313
0.5197253185381463
0.48766291065573775
0.4771827032927195
0.5001260514966956
0.4635559592274941
0.4778688381808177
0.476292129332898
0.4626319640807809
0.474255897632455
0.47415303930072944
0.4906426245057128
0.4897017585555188
0.5009537851229364
0.48551557252380373
0.4913871518083975
0.48345302580644556
0.5173120476868758
0.47797459210250537
0.5067378445096652
0.4799413138905496
0.5258136915930984
0.49088851967279795
0.471585286413301
0.5190540624466349
0.5458620592402036
0.4905402033648938
0.4889752681067282
0.509796387442283
0.4591149084871953
0.5176308003020577
0.44749905734986944
0.47265743477924693
0.5107946283324705
0.5519393103803929
0.49172981656752035
0.4603244503486482
0.45570660873144675
0.4876356890389306
0.44736847765022647
0.4774589208873815
0.5003893469674802
0.5137108868504894
0.4772139461743892
0.4592883987517151
0.49010593795068647
0.46604922961631357
0.5509831377050408
0.51695001222577
0.5090159064736508
0.4870394681867072
0.4777766081025252
0.4987967024516601
0.47569918348501294
0.5221610983761111
0.4406183132373601
0.4776275162411092
0.5129656072837316
0.5105179755896139
0.4569965760003656
0.5126439313269879
0.5250584839661919
0.4670051391565778
0.500672171923531
0.4901467193150302
0.47534565613996627
