0.7458915234124582
0.776268442503959
0.7638419249135995
0.7842032137756292
0.760207107011033
0.7567396722514987
0.700308209050021
0.7862371829706543
0.7777115250133074
0.8200009851508687
0.7443270088315148
0.7239303886548152
0.7754085671724071
0.7805042252625827
0.7693832118543285
0.8211057665845667
0.7727086810474308
0.7737132268790392
0.7704419487624676
0.8673787715589749
0.7336124808398332
0.829174796508378
0.7367798163355014
0.7253934925055909
0.7632530059027967
0.777353749027919
0.8156783190793284
0.7219866700906497
0.7996666363403039
0.792627167976373
0.8728862834378252
0.7386263350327424
0.8017946639619631
0.7142321544557375
0.7416093769248335
0.7187182499027842
0.7588411363732049
0.7812608654225441
0.743082664429183
0.7502307170015889
0.7812628818687364
0.8672967563579177
0.7753158798798194
0.7854586895354012
0.727063915137095
0.7774688261025572
0.7494384609021487
0.770747154951738
0.7350623884893728
0.7386837249117406
0.7836027683345543
0.730224980877306
0.8639403521273721
0.7616440274891032
0.8370876699953504
0.8670387308860629
0.8692682045947242
0.8000496389498298
0.6985691295627233
0.7594588303289456
0.7963559421820832
0.7671441814229667
0.7570715361841198
0.7570859576850245
0.7909244242078276
0.7742960474349799
0.6976171563834047
0.720461058376713
0.856281629916198
0.7390686480081208
0.8641435763018652
0.770470081851216
0.7830666791677827
0.7578389590439676
0.7279223134285389
0.7608336377141293
0.8201325603337322
0.7854092688659444
0.7853752065310626
0.8589029838700004
0.7239719395514566
0.7638873935796678
0.7816683760983292
0.767565442002282
0.7776400616869388
0.7531403438207946
0.7829613591098383
0.7773073735460767
0.8478596571346826
0.7576722901974957
0.8637524499836156
0.7390037607717297
0.7774285303234392
0.7363568369290918
0.8062156848041555
0.758403634079575
0.7383303460512269
0.8270638903727174
0.7726272397743316
0.7615242726032486
0.7495135717340309
0.8037678564897541
0.8661414815439481
0.7529604758158739
0.7861443984526535
0.7450614935076142
0.8018404149090246
0.7316986463894497
0.7575779311214637
0.7871479930680807
0.7312780642796026
0.7425125381214228
0.7730112579854135
0.7848781058813621
0.7781631625284633
0.7365245699174032
0.8020819693657086
0.7774033072936269
0.801142013221242
0.758002466881778
0.7707084649347947
0.7198306019916316
0.7635858916335893
0.7689498894442176
0.7769261348946829
0.7933500172241346
0.8617242359553438
0.7485479349844085
0.6800299633554631
0.7701849175977984
0.7677416997870392
0.7595278801609621
0.7594725379770193
0.8811201708189195
0.8304714749653896
0.7329474055098967
0.7633115982969964
0.7577360610055979
0.7225711592624996
0.7607170720975183
0.7591164349042192
0.7125829044567509
0.8522938207986335
0.7633021936887421
0.7451690533619457
0.8074714472567806
0.7743027546488921
0.7355676114186727
0.7249402363814863
0.7559294876933522
0.7359079324146736
0.7333778420976995
0.764962730485933
0.7710032904998734
0.7032069842542917
0.802033972884872
0.7440957412659195
0.7569361669186242
0.7511564742065836
0.7909295640200178
0.8712415328071521
0.8586209282299868
0.7417484286117114
0.7818692148822163
0.8034602527408712
0.8002636624451063
0.754189443093567
0.7284211805344712
0.7438797273346169
0.7708394692395963
0.7597032258702208
0.7400003846996419
0.7704851433548267
0.7391054335511017
0.773021685499977
0.7995175447075908
0.7390336330173259
0.7742450867576849
0.7962761242368624
0.7480471065740624
0.6966711065382525
0.7402403015343875
0.7350739077198292
0.6878917314800091
0.7813548128702776
0.6779997805348604
0.7552915252423055
0.7598008611902881
0.7104225409300721
0.7074893757885699
0.7730269024613521
0.7420002078099068
0.7247883598052043
0.7461148529841393
0.7271396638688263
0.8105423629193438
0.7804572064582078
0.7342470408289672
0.7615891838544618
0.7823910699295407
0.8587566723625987
0.7718860712173092
0.7153408095838588
0.7698523953990395
0.740343125864692
0.8167206803773528
0.6948432235080055
0.7824677011419554
0.7804671899413709
0.8483119012983287
0.7659607729595387
0.7628648701958836
0.7125411496898699
0.683005650702218
0.7622849841416257
0.7578938739937181
0.7544308874417002
0.7426231670483026
0.7664061885538197
0.7814369352449314
0.7309674960673839
0.7931027213434094
0.770925230313406
0.7554711058786915
0.778045655368726
0.7498850005267975
0.7704764156061398
0.7373627858917609
0.778832045369804
0.7015741313579269
0.7458376960396633
0.8026149031963186
0.7575504117352909
0.7850762132744832
0.6967162201181925
0.7914145936654241
0.8519750994478644
0.7580895184341302
0.7627094363437442
0.768195054152981
0.732210441391594
0.7772093025414539
0.7632485226145233
