1.0297623942809
0.9726981057843765
0.9976776755545319
1.0235059983315842
1.0078106202079178
0.9269668412737675
1.1153764215786317
1.078396142053256
1.0783492809026707
1.0202093137253825
0.999183136631296
1.012889502011511
0.935352822066027
1.0328825743092755
0.9532209716249106
1.0047429856945607
1.032872762541554
0.8332618782734356
1.034745644446088
1.1055167772062875
1.1040001500774963
0.9219085854591235
0.9615251318811956
0.8956134236632751
0.9860273270568325
0.9275223467608449
1.0522272316479202
1.0166222709272734
