0.6834950127740789
0.7078168024492926
0.7198252385522239
0.7353527856689197
0.7458851577973289
0.676622782698227
0.734703351872082
0.6969364153461076
0.7730022395905988
0.6817278373003214
0.6929819323669839
0.7246431590032401
0.6893827673476244
0.7169362087576133
0.7717882219113616
0.7140680262005085
0.7316606219414873
0.726976129448785
0.8011863404373188
0.7041970138944647
0.7707370566066676
0.7015717440752303
0.6895459201315189
0.706557709097145
0.7235085047385108
0.7709587600839118
0.6989522088094205
0.7296263682033443
0.6649766804301982
0.8204801517494766
0.6780838006638369
0.7324629022291914
0.6855804618927688
0.688922331154071
0.7244720233830664
0.7207760286602295
0.7024934683474711
0.8108328095059016
0.668373961257727
0.7390360123799913
0.8027665985842322
0.7158241872151743
0.6870541816097744
0.7215790938493951
0.686979876259985
0.7192822894062152
0.717231224337661
0.7150231642998418
0.6790681628095805
0.6915291008834815
0.6952354743884067
0.7885106663603163
0.7933201024216564
0.8287690292184913
0.7396500876607317
0.6688139859048081
0.7276038608998012
0.7265272016860745
0.727546521523325
0.7155131647871372
0.6741076729584555
0.7494106074603221
0.7327187701114456
0.6354864369698843
0.6532187757807992
0.8005276124349705
0.7154142168395673
0.8149459484890218
0.7481947001643949
0.7347860729916703
0.764878148451461
0.6779857607342386
0.7438943125393364
0.7435316633003208
0.7130862797293716
0.817177582037411
0.6699769098488244
0.7062750278041203
0.7317193968812777
0.7408332790384289
0.7142343480401594
0.7337596555079953
0.7144036553791167
0.6995795130647973
0.7272714466410028
0.6965550532628197
0.8116702213194954
0.6796907209082925
0.8094254980234861
0.7047325865554941
0.7390970886095001
0.7531725334182062
0.7224857246139076
0.7321317651024843
0.6817351446421622
0.73225117080135
0.7685765987890272
0.7186845692398662
0.7151343200631173
0.686877378961368
0.7327180162789612
0.8090100957169273
0.732795926033065
0.7260606742015263
0.7637819535705994
0.775174947969523
0.6961143854563611
0.7361308568192785
0.7477021445622001
0.6887295501586852
0.6715142734466735
0.7240892863135651
0.7363006432175839
0.699486530326662
0.6874445260267278
0.7609690087190973
0.7569626480940337
0.723581769950175
0.7228301258819334
0.7027525784398455
0.7124499854946437
0.6996237934271556
0.7244212069715844
0.6873725383419882
0.7212201010732878
0.7055420547609748
0.7228706529391661
0.7705242464826619
0.7117398366401192
0.6702002574019814
0.7076435106374802
0.6874099890145342
0.6747205746378887
0.8269803691183943
0.7648233769335636
0.6655306133502574
0.6997416676732261
0.7005288726119402
0.6752532327413053
0.7272336619648637
0.6929752945151844
0.8146070941275684
0.7446720830575274
0.7054451961748633
0.7553320491172223
0.7284919317466864
0.7021217942757721
0.7913788356332884
0.6860503165851619
0.7016643419779693
0.6910321046452274
0.6827564894118467
0.7264183241248985
0.7305619674845127
0.7566141792499941
0.7083788453358466
0.6923767546715314
0.8030909138496698
0.6851703089593754
0.7321950927627243
0.7158659880528668
0.7338800674765368
0.766789857292703
0.7294010487208893
0.7096159005799386
0.6967123092872245
0.7226619608859378
0.7169685382498416
0.6848693319091255
0.7298065684608525
0.7644256300252232
0.7281743127953991
0.677557026132028
0.7064805310278466
0.696176580500645
0.7545636118423047
0.7175959371747096
0.7071656732368883
0.7760733899037073
0.6970527215178033
0.6768246675630978
0.6742743657752471
0.7065080921856722
0.6512875565609534
0.7248774571921164
0.7016484563608085
0.686519424546028
0.6755169504661488
0.67798143901722
0.715083978761061
0.7263679144944108
0.6605903881948769
0.7537386306674663
0.68723740115351
0.7543242154720979
0.797994726563038
0.7061358299895573
0.7171782557865105
0.7407682101608174
0.8071966044685908
0.7370880512361756
0.6770313678898957
0.7471081341053836
0.7184331551987235
0.6373024055281367
0.6993044008768501
0.7013773650926882
0.8127007803337916
0.728322754986799
0.7085196803334937
0.7241338765142766
0.7145834554873471
0.6690548277733993
0.6880327941302932
0.6833209134297739
0.7345561261712211
0.7263252373929564
0.6918215206570759
0.7041550911803223
0.7095091324927689
0.6832503284767486
0.8037365011182344
0.7493347961207355
0.7148725152377831
0.7221621975290835
0.7011848655530486
0.732889853823137
0.6699498098084693
0.729300197410176
0.7223188796838625
0.7239360243825486
0.6728617200975958
0.6878406027587076
0.7454091356303929
0.7491174589212961
0.735305364810661
0.6658593707202997
0.7749064382467031
0.6991884790745976
0.7318651034564441
0.7340470565132138
0.6721018697748038
0.7407782991632894
