0.9326375723335123
0.7792902018042632
0.8775877417933087
0.8890341710975953
0.8141559913999438
0.794836645950016
0.766574873261284
0.8046148912696085
0.6983875594754512
0.9523449184326953
0.753745619533081
0.7890958307921783
0.6984996531457168
0.7277735051904013
0.9900132652487256
0.9186802792398836
1.0696051931945254
0.8108327843457569
1.0530594197037928
0.9637121143209644
0.9999569367802347
0.814183380146627
0.8665170244118663
0.8237533535490711
0.8792142770783553
0.9476775895292046
0.6957815104220018
0.9487538947878862
0.9134156346513003
0.7214218732928204
0.882751471378339
0.9819174629549231
1.0152249808895528
0.9363193507940779
0.8422392505219185
0.9966544668269159
0.9031953180786096
0.8005787357842098
0.9299843836471247
0.9392425861516613
0.774554658408212
0.7194344113165256
0.9829346750751404
0.7476311582121782
1.190292982245447
0.8787469180377564
0.8650639439616659
0.9616065305822981
1.0550520807681245
0.82787057228264
0.9065590220787196
0.8069807643168447
0.666899188259559
0.9761744084188749
0.9223196204108148
0.8151928887256145
0.7882346544565573
0.7560224260306565
0.9082737245893313
0.8657079826744298
0.839953988644336
1.0003344520344502
0.6696279578133975
0.8739568066316836
0.8858622277226169
0.8270994066048767
0.8318568107730029
0.8327482807552982
0.826668940027725
0.7781409095779783
0.7982887392082749
0.7953779399622378
0.9653886598764676
0.8469808859661645
0.9692195051904554
0.9469047702573882
0.7897776142834733
0.8544644522617044
0.906098173225297
0.9728703574312976
0.9706830429504458
0.8790008010889098
0.9760939187715825
0.8736696745277459
0.8289672248870017
1.0305720501439284
0.7797192713972088
0.7769320304616347
0.9636177247963146
0.8151636625399727
0.8800560705891181
0.9593302901452199
0.7935454492079504
0.7994440825350679
0.6822228106234469
0.8069139297889204
1.0108419190120836
0.9386188361681267
0.8314290214126477
0.7712765422233945
0.8320008517414614
0.9584042505454909
0.9596392811243708
0.8697179949896576
0.8940475799511187
0.8145897208077948
0.7678427291787777
0.685341363884685
0.797899259400547
0.8148393252823789
0.6862560640492058
0.8909616742125871
0.7044126100886877
0.7295870980084096
1.0670369159661621
0.9730593122450271
0.7790081705927102
0.9519394702930273
1.076562465105487
1.2103925710446481
0.8429428094338012
0.8900330455536427
0.842343278181894
0.9972770758537308
0.7952750634035883
0.879544802812835
0.8702560590702005
0.9994600230179221
0.8569012312208036
1.0283942878503596
0.7379725068763678
1.0468758305094932
0.8673441154434434
0.9071818457111587
0.9052594166397232
1.2492860978679252
1.026403590973659
0.7553207306187618
0.840672516239958
0.8181836526472992
1.0677871559060421
0.9644715079064465
0.8449251899220664
0.83343822617604
0.9150261594044549
1.071138155946088
0.6920271402128373
0.79084714743725
0.9952478606898087
0.7290248468783873
0.9970080278216615
0.8608642030707214
0.8329506528093973
0.964409020180337
0.8594389917850317
0.7892601299880424
0.7324605270567675
0.8855104920373921
0.8402566697382903
0.7616109764710675
0.8694062687257857
0.7596020316613113
0.8742985237284961
0.8500002081411047
1.0005663125869346
0.7720745876633129
0.8694325893467985
0.8434247945132002
0.8257628811016102
0.8880116557721704
0.7868571788967772
0.8238882478366505
1.038799901093822
1.0099872032678565
1.0155142088687605
0.8994896677561509
0.7933105815402692
0.8800910231413617
0.9494108782089365
1.050344583691885
0.9516090537808608
0.8390827740057971
0.9087789438033437
0.9874797354321819
0.9806552097422704
0.694900552427441
0.6968795452317662
0.9628307272997711
0.9484044543657724
1.0348208713457088
0.7182100432096944
0.6947832992652498
0.8858647229364807
0.9281003855609664
0.8802753324955359
1.0399401191744162
0.6918874905065218
0.9416139826932559
0.8504912146612016
0.8237060918992383
0.9423848976188794
0.7611108757495388
0.8766157260170296
0.9077054373061108
0.8296301561643842
0.7561967281780695
0.7520610151604428
0.6984842356034002
0.8620065431051831
1.1538939501966516
0.8210475025404057
0.9125838640007301
0.9281085756592466
0.7796483426577399
1.0560760983376023
0.8750898103102434
1.0131399358240643
0.9987544428519796
0.933005250146862
0.9407850549697074
0.752785411879221
0.7739719698941492
0.7748959245007669
0.8353000158325475
0.8083550266186408
1.144924422096736
0.8350574470076086
0.9142817514123431
0.7953378221383947
0.8714211577352591
0.8015117994263867
0.8482201123115247
0.7652330525091919
0.6750862451468373
0.7336209541144512
0.8025084922857555
0.8762819204841286
0.9777274826979263
0.9058429253635766
0.819215217500955
0.9174276173089635
0.9375986812111823
0.8350567924071219
0.783354085057199
0.8539260805546639
0.9644229035877412
0.700455686256479
0.9508752819637505
0.8884495905457197
0.8361243487150523
0.6755355259531515
0.9817413902356232
0.8908002609420165
0.6289801314371399
0.8469423238692472
0.8025297919715876
0.7436071108579136
0.8526619656004022
0.8817787665134309
0.9614662719415827
0.8006458127810326
0.7428996453879874
0.846903710663663
0.9060518353302727
0.7649005720150124
0.8186178359049237
0.8314589700542196
0.8176413734259631
0.7848979465571191
0.8696275651650243
0.7887212184757356
1.0215854814567857
0.8309698402631146
0.8586832257557628
0.874218085610341
0.9447570885696728
1.1400681488029376
0.8115210123097121
0.8360634646018839
0.8832466895350648
0.6881826393538737
0.9702503481424716
1.0152538062600618
1.042938858315005
0.8510219262090942
0.8297000250467317
0.7692278052962795
0.7243996464792573
0.6590775124983863
0.8866519040306517
0.9103389479004547
1.093071923283556
0.9552961881934189
0.7767190057685556
0.7381861259588749
0.6981532984641415
