0.7130348876125294
0.7168688587890217
0.7256295359336906
0.7426138556859438
0.7422308971964555
0.7504777263752118
0.6997187918008003
0.701905765691758
0.7773775396745495
0.6893072187303729
0.7104677697607428
0.7488580573591517
0.7431038691602183
0.7409969395148849
0.780300024490159
0.726189038857432
0.7365793122949406
0.7700652176422614
0.8298826295036861
0.7074823120641238
0.7148589472437762
0.695932764413272
0.7165571196191658
0.7471992570763374
0.7973490171031072
0.7009471868382862
0.7608732281306035
0.7160923524432541
0.7606481546162152
0.8116454823903845
0.7051652286873644
0.7622937903511594
0.7259013512428525
0.7302421180691612
0.6671706058770634
0.7073866795373354
0.7062650575043596
0.8206880614247551
0.7181274849928921
0.7502930328665455
0.7896692166170332
0.7219839824655261
0.7395588317688029
0.6985441485823436
0.7482709782871997
0.7202870307257565
0.7226036183557174
0.7395599504833552
0.7427015494183768
0.6646246540799059
0.7247107845063959
0.7000784509169963
0.8213484520296616
0.8189942437621869
0.8389612518581627
0.7464152897684907
0.6694750043299204
0.7479130928023112
0.7551047182958931
0.7419606327622223
0.7152493725435607
0.6837157779815077
0.7571898506165802
0.7580579913307386
0.7006853834519199
0.635368620877008
0.660728186694843
0.830410973917828
0.7386674661299729
0.8387297154265168
0.7372121843991113
0.7321961106986512
0.6923274549787608
0.7465445613025777
0.7098440314272418
0.7929009186680864
0.7616051472992769
0.7254033023414677
0.8106070167488857
0.6773295528785377
0.7319632440668493
0.7617266590528274
0.7477175330834747
0.7241388774091676
0.7253874913866697
0.7431223606866288
0.7227171618062259
0.7528706513872334
0.7260367259486203
0.8189046892054406
0.7142281136015686
0.8191350279745853
0.7616285374543266
0.7790749429047321
0.7062273751573601
0.7636639527721645
0.7327564933653432
0.7159355788641664
0.7763193442604946
0.7440213881689492
0.7243083160517712
0.6902589566406211
0.7396306735133968
0.818337594053466
0.7394170057941356
0.7327740444569808
0.7293190605935539
0.7878197283419253
0.7018163604555914
0.7387971112707935
0.7621904695139794
0.6943306223811403
0.7251060747525204
0.6962957372134847
0.7358055785965338
0.7319559940025826
0.7332469120705276
0.6919422654701128
0.7863841565339897
0.7615439559709393
0.7485749305210049
0.7542347457373423
0.711615085891602
0.7212143287912659
0.6915089749492623
0.746673209366587
0.6953277405953882
0.7123990868165452
0.7176949082404298
0.7532757006331958
0.8201773312636726
0.7009910241251048
0.6533704736341962
0.7381236233248407
0.7341575508914693
0.7540991672315902
0.6840234125214133
0.8130081399805698
0.790179843349162
0.7123644480929386
0.712840651983749
0.6991200738388763
0.7279409646030568
0.736929926426726
0.6923555812804421
0.8255836180859395
0.7291472922564851
0.7175264390105601
0.7197973548643833
0.7978868649830717
0.6916017445916851
0.7311627801981089
0.6895696923197938
0.7191373483717051
0.7545621967136258
0.6821677190292879
0.7391866851011014
0.7111421729884773
0.7153094273126862
0.7187489150576137
0.7551908206505425
0.8133297855832499
0.8497023919341419
0.6958423750085356
0.734331293634453
0.7431671086534684
0.7851049687646838
0.7747501984500313
0.7121248520678695
0.7077287222423543
0.7683915844378251
0.7610894605138938
0.7115765914729546
0.729134561279582
0.7272490915319914
0.7581170978452442
0.7130274172037663
0.7193240367147503
0.7754386610283885
0.7179487721311475
0.716715468820234
0.7447379817812699
0.6988682467772973
0.7075662934620072
0.705877485659661
0.6669975676563953
0.7150334141194463
0.6696364970899036
0.7156910665258461
0.713283201114963
0.7356722761282257
0.6964996288636212
0.7248790602150355
0.7111222451612783
0.7787030427421727
0.7191707856118102
0.7330409064106347
0.7397293307405439
0.8079477101823946
0.7292683004293398
0.7043188665328957
0.771600673613178
0.8318906117166195
0.7407407861764279
0.7199454536213344
0.7509036120033199
0.6892648956260761
0.7767063516357522
0.6587751932337703
0.7082799275188754
0.748979347383713
0.8382817016336996
0.7334878956310098
0.6932403918215568
0.6842060097390784
0.7144346895532712
0.6496580871869304
0.7176360227295243
0.7297527924621314
0.7568009311289166
0.6941812130318905
0.6915634272410396
0.7381023524504999
0.6898548177712848
0.8308519059086154
0.7736363038528229
0.7430189462463238
0.7305664200377321
0.7013663777537821
0.7346739591201877
0.7069432608607011
0.7379251874642967
0.6536811053479596
0.698486506166429
0.7645504900288438
0.7555187097999174
0.6650811074520793
0.7591670847624712
0.8072952473336668
0.7032797068845842
0.7414178732588267
0.7143276042016766
0.7110669311236155
