0.34949724770377705
0.3616386327008979
0.3671117646729374
0.37649024077506166
0.3820207911891672
0.34700673107597235
0.37598002342134473
0.3561687711649396
0.39443845463209465
0.34972157461854014
0.35531568407545505
0.37096024942620526
0.35176538675073526
0.3666243863958335
0.3937797642890142
0.36591584380361813
0.3740672556680802
0.370323161054844
0.40816115665140795
0.3607853665828798
0.3944068060565743
0.35923712820782794
0.35338575341648626
0.3613091588929952
0.37070091143268163
0.3941886681664926
0.35761686157472083
0.372800500731145
0.33998258554062943
0.41921292987327097
0.3467501299999933
0.3739147285713248
0.3498093343979779
0.35311469664969986
0.37090936074813696
0.369132298615829
0.3603831249701957
0.4149987436550988
0.3414676554446888
0.3785368794779775
0.4099642342328022
0.36694150912415635
0.353309304960967
0.3688380286442472
0.35153681487795996
0.36833666858660274
0.3670329764166181
0.3662162925881679
0.34855727519119806
0.3522051435612743
0.3557816295799213
0.402314568130471
0.40498349434323416
0.4234478221027857
0.3786298513925549
0.3429425655754872
0.3720647494103996
0.37174811939762076
0.37161202042713437
0.36569627725452525
0.3447621996650685
0.3831845905681264
0.3754660132977977
0.3253706176338783
0.33397538459606174
0.4083409976198444
0.3662082414761635
0.41525245160491703
0.3824387740304175
0.3761963544998272
0.3910211637779693
0.3462890254103526
0.37934484874182856
0.3805119567901681
0.3647722622862598
0.41767814787698665
0.3434263212591287
0.3614869191038539
0.37354076165880273
0.3790545076919719
0.3655562802086587
0.3751076758552635
0.3662093556816972
0.3573833934186262
0.3720082912543857
0.3545497201387879
0.414410157932475
0.3479299923544976
0.41410988540963306
0.3610673474549622
0.3780180096235323
0.3853524693276133
0.3700290434460761
0.37377106788639947
0.3486709002300808
0.3754044315545212
0.3924824931352792
0.3677925519475861
0.36644394811666503
0.35126350579909194
0.37376021435307283
0.412774310007224
0.37506461891482623
0.37189736154918296
0.39001718098312843
0.3960032390543133
0.3556395127281805
0.37725897679673603
0.3823850707680977
0.35300432704815354
0.34450888576085714
0.37126164539391904
0.3777501882309994
0.3579169324649183
0.350614944459147
0.38886260994180377
0.3870222227272199
0.370272263215484
0.36945645511027886
0.36026923073090156
0.36484896339740663
0.35902829213250487
0.3706249453437157
0.35186499366537616
0.37030582720092453
0.3617481441284549
0.37019468894802443
0.39238654260502404
0.3646563260870499
0.3439201876980409
0.36116290748368857
0.35046643024956403
0.34472965729184407
0.4220506647965859
0.3911880498648137
0.33993132189222036
0.3583902539207827
0.3591054362208033
0.34655250429209294
0.3724160967244369
0.35365710012472507
0.41537818849235564
0.381698131443709
0.36147847
0.38617614468048805
0.3719814080013087
0.3590981949999986
0.4047878400555623
0.35130995426770817
0.3591424226171204
0.3526787596846696
0.3498337051434675
0.3724007043510065
0.37339696114966375
0.3867703954666331
0.36304754499996106
0.35517785228607857
0.41003712261099584
0.3514934013397129
0.3749963616545925
0.3666092933405325
0.37439819864392876
0.3927243277879824
0.3737905391169621
0.3635303199999942
0.35721392621123044
0.3693339329261904
0.3652072263179033
0.3496310889697771
0.37449598085963975
0.3902897380895347
0.3715923460173864
0.3464701005190276
0.36070163122820903
0.3567810727816958
0.38559103438401937
0.3679429499999942
0.3624960515600784
0.39727681653240077
0.3561452898213056
0.3475041828528459
0.34519889665546966
0.36093802489256643
0.3340947050916222
0.37159423238173084
0.35952630808436586
0.35092629299660294
0.3465143471456427
0.34724817165366223
0.3654729435001136
0.37236962499964843
0.3379603577810456
0.3853144924765903
0.35122012706257494
0.38591007403134375
0.40810956921307795
0.3613189053720204
0.367376161050246
0.3792581112841959
0.4120441544256716
0.377195156490115
0.34625702999999375
0.3828346425922601
0.3686328490331451
0.32629645054117307
0.3568676968085318
0.35859484718829937
0.41432500950304546
0.37323492997838664
0.3626369196042006
0.3709425531552409
0.3654263830730149
0.34344141263120687
0.3509655971562109
0.3489021019322782
0.3753829720823743
0.37190124083853004
0.3555841916324801
0.3607600308794173
0.3625607610402406
0.35047293878382885
0.4104013397898864
0.38375581431705225
0.36631932296050645
0.36939625193334724
0.3586342359851037
0.3746708206467676
0.3426536867860438
0.37311054462016857
0.37038347485983814
0.3711449740250852
0.34376943382523295
0.35245884614749345
0.3812754659310537
0.383812195511128
0.37637770926870445
0.3413344952269709
0.39533133644497614
0.3576528719839893
0.3747337505294209
0.3767047184797737
0.3437099515673791
0.3797429742410928
