0.37964391503956246
0.39375825437665135
0.39035126182192925
0.4007572899665572
0.38900930063195327
0.38340771159249065
0.3587785681779536
0.40345500963799463
0.3980540621077947
0.41935927836937137
0.3807616060955503
0.37093396109142984
0.39669372147156867
0.39748855070703343
0.3937969582630949
0.41816838739227247
0.3946041835871178
0.395720249803156
0.39270378751217005
0.4431502330195388
0.3756264125400746
0.42182683791406583
0.37708106199662417
0.3702761035783392
0.3901128803479675
0.3976370915121512
0.41637939810224917
0.3693762084744343
0.4081723012209994
0.404416222634125
0.4455233660244806
0.37869977087141654
0.409772066708352
0.36450617971500215
0.37806563678975136
0.3682315955234732
0.38847926109592723
0.39987339045775094
0.37901390560996234
0.38431470490602326
0.39833503991118674
0.4417237987573723
0.39623465183957085
0.40278672228594875
0.3716350846546727
0.3956437537106193
0.38268721074664086
0.3921826677767044
0.3764621127964648
0.37854153609479624
0.39930011028517237
0.3739606745219166
0.4403978490196609
0.3883920057125654
0.4266145199462972
0.44170862514143727
0.4435090255908882
0.4077705617109581
0.3573911981388004
0.3888766765616522
0.40642585031462175
0.39079971256550006
0.3876980540586574
0.386101788575174
0.4037647869975213
0.3965716858408469
0.35515939114603
0.36846094587697265
0.4363375888811758
0.3774651855061768
0.44143850881583724
0.39455295637868715
0.399735156633384
0.3864915918326833
0.37256199894480013
0.3886763654927513
0.41753551865803207
0.40147764339800834
0.4019387357623646
0.4354340610768256
0.37034667196535387
0.3888483734461656
0.39988197436870543
0.3926517233575518
0.3972810861198513
0.38566022811071804
0.40049111746902444
0.3977251555406242
0.43072022687030004
0.38753551475296055
0.44109315281375827
0.378575771183012
0.39752816049074247
0.37720675854551755
0.4119131521365911
0.3875344259944503
0.37825705797828313
0.4218764857951773
0.3948403990872663
0.3898287627399395
0.3828068019594041
0.40973063607663174
0.4401087602237866
0.3842743555549958
0.40067933077820095
0.38136754886310575
0.40950867663940294
0.37298957402772814
0.3879109657285025
0.40191445329221953
0.3727941029835825
0.37999746781293964
0.3941732863791324
0.40126070689629956
0.39733673000565045
0.3762458896788092
0.40983777612670463
0.39784789446549795
0.4099688693929451
0.3879808574659783
0.3945225638248904
0.36796885218161157
0.38979294767725975
0.39355345386462803
0.3970420841402548
0.4041774568416943
0.43865715221722573
0.3824305958609849
0.34888106345067593
0.3917286395583928
0.3923860602237045
0.38853739174116364
0.3877239792610586
0.44946752409553664
0.42283819318698523
0.37544151272374715
0.38985939196286945
0.38688731016381595
0.3693690887752371
0.3894894231222489
0.38847391928893293
0.36157043940384437
0.43304655139643433
0.38970463608887035
0.38173996172413793
0.41194120556613373
0.3952614912061615
0.3754486716684662
0.37130250744753573
0.38446474384667606
0.3776437796571212
0.37564577210630684
0.39180478594468016
0.3946884536073294
0.3588173033119671
0.41019359096819064
0.38172569525080413
0.386434864673516
0.3835226833831914
0.40454139269386713
0.44304407928701167
0.4367986001138765
0.38040357352991006
0.3968915679542491
0.4099498467481092
0.4076723683984892
0.385542995094713
0.37153305963273
0.3790724408199965
0.3927951376217237
0.3879283701715249
0.37935287539316415
0.39198817614100423
0.37717431416812663
0.39428067737371175
0.40850026644863724
0.37673760718954247
0.3952373975220621
0.4076770910059543
0.3829835612032411
0.35412684346801215
0.37827202828931766
0.3766006018147029
0.35143863595853064
0.3996312695004204
0.3481693254833771
0.38669243010272436
0.3878067133504201
0.3625465417828655
0.36301818462500013
0.3950367967690399
0.3793497787011728
0.3703693330736255
0.38185979378795376
0.37068414515275316
0.41495792222916983
0.3991898723441936
0.3747590654891104
0.3895139682232943
0.3994793081970033
0.43811532879564985
0.39535845849422674
0.3659922708196721
0.3927442450367979
0.37760142206871516
0.41708643370300524
0.3566302740396561
0.3990177434789641
0.3977935053850191
0.43117042135396005
0.39232218727263224
0.38951608822813255
0.36391267024517393
0.3494457814356733
0.39024215779000304
0.388094613972709
0.38606028312268537
0.37932188703727354
0.39260169201275885
0.3997623767216645
0.37463131707528324
0.40593167167771205
0.39408361159798416
0.38681433029738965
0.3970732558070772
0.3832240531932275
0.3923850740331915
0.3769812383863751
0.3990680583403327
0.35848170892060305
0.38208238525637783
0.40731916880162533
0.38666754391965363
0.40135280043559385
0.3569243000576875
0.40359753766798834
0.43483639857278106
0.3874429833129692
0.38914841748221696
0.39343950719198617
0.3744732573258973
0.39728837658815064
0.39081645376656204
