0.4016669914321499
0.4363000617060791
0.4412054218130488
0.3615661636565741
0.41031499702518903
0.40134916590369346
0.42427757616448647
0.4042854099985086
0.3921431859161913
0.402867743307492
0.4396032528407427
0.3955325704399461
0.42129522084325016
0.47020250383758444
0.40726490573014623
0.4046004524561401
0.373912551611904
0.42150810585585036
0.41558020698257775
0.4188875430528601
0.3819901069000917
0.38850362230756424
0.47446090833915466
0.4853633840388018
0.39426464031369496
0.3789633069676123
0.36990354594683184
0.3974040997102072
0.40257716242153596
0.42135328138377437
0.4375745504596485
0.44159271453238114
0.3790159212251417
0.35871079613625184
0.4094763938394642
0.4009277915720035
0.423878125065117
0.4037737437769857
0.3920255067153923
0.4018111425853903
0.4054485337939993
0.4082330547132143
0.3978415475844421
0.44075726107126
0.39511691314210756
0.46654613269990175
0.40638968154502453
0.40426016750035176
0.3806325053044843
0.4206291226507761
0.4164742427709821
0.41833607965181774
0.38772525465183544
0.4742353833397691
0.484313621563771
0.3925029413915785
0.375733565715436
0.3695133671459622
0.3973116476253342
0.40301127592933556
0.4239085735163384
0.4372473301871583
0.4420206946354328
0.3766760397154273
0.35876345856347003
0.4098525799180599
0.40077283168066674
0.4248761707730113
0.4029698010440858
0.3910552815798804
0.39999735734798164
0.40377358522283996
0.40986292594406154
0.39999679465971333
0.39751007034640584
0.43752972907180565
0.3955307075555853
0.4213451653532446
0.4705528050317358
0.4069759296236742
0.4029685680457456
0.3784604239175466
0.42453379381083267
0.41520703582529483
0.41828234873547765
0.38230411575412254
0.3885919892210954
0.47353272807628266
0.48398475008136765
0.3916842784334669
0.3807287556729025
0.3682646095866291
0.3966804507878344
0.4027768397141512
0.42246303513253264
0.4373085285679279
0.44062222868393464
0.3804824705910194
0.410715668684579
0.401993604392229
0.40160619698973193
0.3920411702906911
0.40237129314262277
0.4098904838208172
0.3994262651746741
0.4353840767256796
0.39559698287538897
0.4208913641500987
0.46537607537776277
0.4065698333828322
0.4007799647301841
0.37922372892777756
0.4214884798980964
0.41600183629585347
0.4186054145455457
0.3825579466328557
0.38795724067651305
0.4845415635250472
0.39186619745508094
0.37903000538183645
0.36682963844962113
0.3972399972436333
0.43508500311870246
0.44634006581676566
0.45229092204147725
0.38243642921426546
0.37365598954144663
0.422239514926292
0.41365403506038695
0.4330424598623065
0.4112114661946119
0.40146526336921423
0.41234330804002683
0.4153165509429029
0.4213456033522376
0.41062135571670255
0.40692380100228853
0.45119918953311694
0.4083649997153235
0.43765774667181623
0.4763877416058522
0.41701753077619275
0.40929918150033806
0.39217963029095226
0.43188067065697877
0.4268097540358899
0.4315995674913661
0.3959840026489499
0.4862394358436768
0.4950601984190774
0.3979154978415762
0.38379875661810914
0.37986176082689616
0.40664397304217476
0.4147484593293415
0.43165860421758456
0.44378282106797456
0.45178971768967524
0.3923863715423588
0.36599850719772453
0.41779002399392695
0.410214883281266
0.4351559742893806
0.41676340887279945
0.40546589740131334
0.40816144497729634
0.40861217924500065
0.4234651978662076
0.40302597938689994
0.40456231259036435
0.44247865391014524
0.40760682900365125
0.4302316681685462
0.47665841584151436
0.4149022814402311
0.41055446033781146
0.38972728920386107
0.43324052214937525
0.3917240031468101
0.4005663227587905
0.48206655931018466
0.40410932451249243
0.3826210464177449
0.37897307642996203
0.4064920599788421
0.41210634239824995
0.4358690020753647
0.44604633534320925
0.45542693701506404
0.38686323398529754
0.37627499867371705
0.4232177792967496
0.4176687383071382
0.4358743556680517
0.4112424150021593
0.4032229820844504
0.4115383385140109
0.42299466224670323
0.4076409917662361
0.40746405620295445
0.45304803687256157
0.4450185863445664
0.47686617274831167
0.40856153091242947
0.39283920621860646
0.4377911588944285
0.43239881785802037
0.39177221300298876
0.48540647248678065
0.49351566408110986
0.3971631539902188
0.3818067314950957
0.38490385240309755
0.4074434528971355
0.4151216181784319
0.4245819637303045
0.44073401669297824
0.40230229263370476
0.371991835974316
0.42114891227374973
0.409405048633434
0.4377293901093976
0.41227133066049104
0.4163992291826105
0.4127341905695312
0.4226876086449206
0.40118762818363146
0.43763536977956274
0.40905849234439257
0.4277501554108888
0.4771388379647926
0.4129513497402774
0.40936582353977374
0.3903388321388015
0.4261350377217858
0.42635419039273564
0.4227650990482152
0.39800832436067785
0.3996224625281131
0.4799919074506031
0.49254031397729997
0.4026891000683034
0.3857331488646057
