0.8947255288476152
0.887072115780656
0.8117681366277887
0.7568202214334027
0.8732362512291674
0.9431655350891117
0.7692946721829113
0.9348552080814376
0.9231589220448921
0.9349947166700754
0.932132324675969
0.9192749425717597
0.9433722021001395
0.9370781101156889
0.9360406655983491
1.0012902129001937
0.9661097253842426
0.9685191014183452
0.9029790292127623
0.981583862960451
0.8178133474048492
0.9569611701285838
0.9286888957426294
0.9788968289940576
1.0093152353574093
1.0172779840075434
1.000074991420852
1.053226035804341
1.0254156916583832
0.9722744262134015
1.0533566399504846
1.0615965436220092
1.045477602817182
1.3905720237555106
1.1971124547260912
1.0560926602137304
1.1219135448854667
1.1668381581091083
1.057342215959318
1.1229430621337104
1.0669844250094012
1.0680851825782938
1.0677587108154536
0.9241084227206318
1.13149158071284
0.8970755110491405
0.8900793951020067
0.8206299966482431
0.804968502847429
0.9590899542751692
0.8178136193996034
0.9250123600095512
0.9259257823331981
0.9553799477567507
0.9604961312348628
0.779873447143725
0.9295320947482211
0.9443385941661524
0.9418586831548268
0.9941600103072297
0.9103486625610939
0.9632508130632564
0.9798125096984076
0.8814526767145802
0.9875806749753148
0.8168934380821182
0.9637964517241828
0.9218465714373212
0.9789329008208816
1.0090846997144993
1.019492398517463
1.0111731289867831
1.0610744152856406
1.0247165698750778
0.9800630997870823
1.0512002778677187
1.0557754089606335
1.041854000310421
1.3700351888427722
1.2046833196824682
1.0543768181046966
1.1238876459035014
1.1854860391943454
1.0528016338448798
1.1461180718029085
1.0663314010836422
1.0292027565247668
1.0709499170687042
0.9647772026682848
1.1316098467950368
0.8768230975463992
0.8128975645657393
0.8741437348407473
0.9175014314859502
0.8130858000029972
0.9220480705924352
0.9230124013672746
0.9278787502703456
0.935042467993352
0.8095115767154766
0.9268404228400475
0.9450456271838852
0.9316432076705574
0.9359913130525137
1.0002796174616329
0.9169002582925663
0.9762245278599153
0.902833664016421
0.9779514067289656
0.8181175242172323
0.9521952926417971
1.0096235168386376
1.020318722927299
1.0013516447068156
1.101125941716384
0.9786177049511697
1.0541161071299312
1.0540728789574243
1.0403783170903624
1.374702808087257
1.1978692207868247
1.0584749445558548
1.1275529530300086
1.15760271546878
1.0571079193503694
1.1248996108524372
1.062627908516018
1.0658960749631494
1.0670385506365818
0.9196634339214314
1.13190372137581
0.9316154594526216
0.9326049900971649
0.8707721315470718
0.8715444612816409
0.9676971714612543
0.8872866635599007
0.9562318423665137
0.9638198243572219
0.8123012454989089
0.9493256316400736
0.9719836676520498
0.975958230699581
1.0242434639983182
0.9441453269187192
1.0002422297494649
1.0202660747978105
0.9037719131783287
1.0099442539981802
0.8463801236967614
0.9732142173910625
0.9929425188945163
0.9977647347596013
1.0472670521546539
1.049327149172716
1.047961254865616
1.0583729138434614
1.0249156233517693
1.0810288134782802
1.0866232813809003
1.086646880717045
1.2642401711691935
1.1223388428101588
1.1282597784063606
1.223348721978988
1.0816518979881642
1.162512426558694
1.088977694700423
1.1421137116339053
1.1019234955224584
0.9773581321159821
1.1595591588095857
0.9146022037217156
0.909286467083871
0.8772483232200784
0.8201915511276924
0.9314669773429011
0.9897575248964208
0.8847270081701215
0.954052787821946
0.9572762878088558
0.969610568271497
0.9587985210040769
0.8132688060515975
0.9497782470244847
1.0106849194133343
0.9791822762080862
1.024877801934102
0.9592656590679731
1.0286424099391387
0.9128599995616429
1.0064619339563075
0.875716170226236
0.9832886032777794
0.98990853385431
1.0396866513178398
1.0561170740749832
1.1334188135646068
1.0600341181993873
1.0154053483374592
1.0737431731800775
1.0830132289364658
1.0757364145059798
1.4106117395701225
1.2375318170022638
1.088100479455183
1.1439889018094624
1.2239087598685556
1.0798712070401622
1.1905058573123237
1.0954700192279074
1.1004985633296467
1.0939887421299388
0.984066810219365
1.1567431472829766
0.9279075437597257
0.8750918234973901
0.8778962143296378
0.9101241012714073
0.9551111326911601
0.8789365532720006
0.938396625993503
1.001091543668629
0.9603636360019724
0.8184517818859829
0.9470329025562443
0.9724113361556039
1.0012326195425194
0.9786870421643549
1.0293677082956298
0.956567104062926
1.0265840628424279
0.8868617404210419
1.0011135492634822
1.050730705688486
1.0454088251179303
1.0492754898474217
1.143753352419711
1.0648871059095786
1.015129213734518
1.0826255845773236
1.097934668877064
1.0891490991637616
1.4261645693464227
1.2713465052216213
1.1221028890817881
1.1321202100912746
1.2283117608637162
1.0824351063104585
1.1958790934622798
1.0970804358007131
1.1550631998239216
1.1043671973012943
0.9740631927376753
1.1620484310785106
0.9085363032881901
0.8292814583404118
0.9268920502577731
0.983918770480522
0.8422177792787694
0.9547179613912626
0.9760715619465649
0.969790831275597
0.9529991191672531
0.8131935670342094
0.9563560124813897
0.9548163712180057
1.0044389666910674
0.9896615568638609
1.0286356483629533
0.9559809791666735
0.9168225182175935
1.0120741157737627
0.8849416873902531
0.9790332753268978
0.9964636677609557
0.9971699966628171
1.0651982751105082
1.0507875355430163
1.0562566698293683
1.1442681298512025
1.0712179495631298
1.014994045257922
1.0793033294716343
1.0875427478116957
1.0806531044662688
1.4595092529901574
1.2713326730056613
1.095845622398191
1.1516507362508
1.2297949755699769
1.1902271819587584
1.1058474252417683
1.1498947466644442
1.0989755057498636
0.986642943838391
