1.245198735550996
1.147447528821064
1.1777105887461414
1.193772969238162
1.0921126986237786
1.0297957785932348
1.166456287651152
1.2195118347446148
1.173532682012215
1.2083322431494823
1.1378551112611812
1.0986472659999453
1.158126734979996
1.1454199260691071
1.1194781339193063
1.0408627289478365
1.2303257738677287
1.0234734749096681
1.1166583083830308
1.293831156624738
1.0549664178382796
1.0830676796296728
1.1325336370512684
1.1439526395283748
1.162811118352954
1.0141388869360741
1.1699292936228942
1.252850742122388
