0.40826033189070865
0.43142371961605863
0.4461611937476401
0.448046311297073
0.379806108742088
0.36944536486606033
0.41739368776805247
0.418170583274097
0.4062282763611918
0.4100138470755108
0.40628549757283106
0.416860480596733
0.4048093088180805
0.404516034065044
0.4263642693273052
0.47611057610417706
0.4196851902285346
0.4031354043790813
0.38164689002228736
0.4254477514821339
0.4238024279618884
0.42433897297501194
0.38998846032835827
0.3999380107461307
0.4829744840603962
0.4914688476319422
0.39823795966284414
0.3871548391625159
0.37688566271873347
0.4051928355458347
0.4076925849514359
0.4476375014451539
0.38514437696649473
0.3720232593627316
0.4152751773626001
0.41551346896046437
0.41786264403722906
0.40683431425900235
0.4113999108683615
0.41837514479842114
0.4107517561078802
0.3997370507791248
0.44656754212545935
0.40274817635168864
0.4286890718182474
0.47572582069547
0.41951150404172605
0.40455649439507557
0.42607985314033514
0.42367867273801413
0.4203010340480051
0.39325524356883823
0.3942956143620203
0.48172122251425337
0.4910557928591529
0.39642029474269186
0.3855893319781051
0.3742401794899839
0.4059125938573378
0.40981698215924395
0.43104238138508855
0.4452977255546797
0.4477426152310784
0.38216212378487247
0.3663271369091282
0.41834940713988245
0.4138707072984992
0.4312708289396465
0.4157212251776898
0.4062029752931776
0.4084196063103893
0.4072081932322466
0.4101389988940315
0.3984213339190869
0.44403340870980634
0.4757049803192215
0.41953657035048997
0.4051630196722184
0.42725925063795156
0.4224839283307223
0.39532565392112345
0.4820450459015258
0.49071854337457477
0.39834753025625136
0.3885505408730514
0.3748323072009543
0.40579565574472276
0.40889106681297666
0.4315747955701128
0.44556684576818867
0.4475517604073731
0.3815281686430197
0.36663490050543845
0.4182330306339578
0.41388107553352743
0.43055255083174054
0.41768486481464373
0.40654311462073384
0.40989129594923474
0.40705163256807864
0.4179157617588123
0.410818933496418
0.44431913509982307
0.4024417117367628
0.4269021366519532
0.4756360686420634
0.41914447083069617
0.40300765329094895
0.3817975859393971
0.4255928744854999
0.4252150622076112
0.3945625939083019
0.3997547169169525
0.49094526495580854
0.3981007345112286
0.38794905873284846
0.3737670737875634
0.4069063495737247
0.42220197429643236
0.4558177462584551
0.3923209945063791
0.37598007636940767
0.42851263438844217
0.4401530683665095
0.42255589091510865
0.4145674029224116
0.41880272105220173
0.4294845329782372
0.4074503409846355
0.45512631806671344
0.41597795338235904
0.4444370019136867
0.48352342672429893
0.43260090014387054
0.4072781635872348
0.39256832563955824
0.43926256390782487
0.43530030016230026
0.4362358441104729
0.40474446255461194
0.4017587339961863
0.4917444554628576
0.5004224120506862
0.39842129872527693
0.3927059251188691
0.3871086851267252
0.4229404750332935
0.4405793805516161
0.44893940575045965
0.4579431094380274
0.3987234425590945
0.37414900107849586
0.4195990244286786
0.4422828701207937
0.42798040038529944
0.419931009591833
0.41430398434755966
0.4163909575087227
0.42791717481334834
0.4135991054760753
0.4104319222186294
0.4503829689282127
0.4159280944219208
0.43979007552829047
0.48429348090414875
0.4232484389100419
0.4108912726401632
0.3931768003791915
0.43721035967703137
0.4332275309070523
0.43116337444984143
0.40284310618316155
0.4122474722225154
0.4884839983232069
0.49953775464755934
0.40652621785713267
0.39118896854232127
0.3837852023782295
0.4134961291565377
0.4208971223587077
0.4456706961236202
0.4548142818140629
0.46117865803877367
0.3910553960859122
0.3770005156544595
0.4282876400428791
0.4261194474571153
0.44119238215940726
0.42101109914021334
0.4168163314495654
0.4172804117390224
0.4251346490166356
0.4298745068261713
0.41481965356204586
0.4140199638372194
0.457487700586316
0.41989168608735733
0.44709353666996693
0.48327316907930984
0.4277005511361225
0.40788695249362505
0.39522389256768364
0.4411650910511774
0.43699582714728874
0.43343759948613575
0.4092275284248601
0.49225412065356927
0.49805815126398795
0.38633389076364316
0.3904505738080809
0.41648887402637846
0.4229551683223066
0.4404349588878936
0.4468954649162225
0.458183407507629
0.4030763074006064
0.3727405685154682
0.4225826224657032
0.4176470527214625
0.44361015799587455
0.4263782092273337
0.4256453967505532
0.41447635261891375
0.41661419336091376
0.4247277272222768
0.4069745508086414
0.4052615942921763
0.4430932277768619
0.4146518565682142
0.433687908784075
0.4835424435827107
0.4223688267629592
0.40714656145267286
0.39173048794214893
0.4354420098204255
0.43328153034348227
0.4319174873120738
0.4001397476455687
0.4123295774037885
0.4872602621090072
0.49719835166943016
0.40638260333069975
0.39387041009242263
