0.433284288502032
0.4462918807851141
0.40226327275240137
0.3878737512267108
0.4287987594020814
0.5148100214481528
0.4114742723636908
0.4636126836629989
0.46768787027857267
0.4831469586159191
0.4938033877848604
0.3989468350431139
0.4932154329607365
0.5312793387602535
0.4899507497063536
0.542865383387811
0.5329306350324917
0.5121356107563596
0.526672362648901
0.5092494942948683
0.530300653715614
0.44104108784285206
0.5043204693373312
0.5506232342642161
0.521287128301392
0.5690088113206
0.5442837576675265
0.6095289106121451
0.5633835689899022
0.5309884332099157
0.5968913722895678
0.5870886509640962
0.5944414605525443
0.6167719599481805
0.6477411783664946
0.5929743048119652
0.6401801180761395
0.6058539650205911
0.655926376621282
0.608649831323192
0.49809008014502504
