0.3679050813234325
0.3966196579454646
0.40278715734142145
0.3360807731555725
0.37604657925687746
0.36941682211478305
0.39093363646038753
0.36959796528808686
0.35688480000237227
0.3700491503426562
0.3995949358495918
0.36042815426418573
0.38374231592477814
0.42657342279449795
0.371876970503047
0.37054983278216336
0.3419250948597491
0.38616642723347094
0.37874420194564296
0.3817367421400411
0.3502420632015789
0.3533306999606708
0.429411691715096
0.4383865951483201
0.35924220281369545
0.3479303405609677
0.33856277143846425
0.3644847112269266
0.36818777489529253
0.3868303318924041
0.39776572228240265
0.4022941151047195
0.34738052671556524
0.3310817882795704
0.37580041717842066
0.3691725689866143
0.3906037073896508
0.3692266881473575
0.35737431769825634
0.3688662471106192
0.37238004845703704
0.3730479689957497
0.36184318361245005
0.40147694085013863
0.3596538273845182
0.4207969086008917
0.3714379006937752
0.36975018437042684
0.34990605008058534
0.3828757884461904
0.37951699032743635
0.38072394004309074
0.35342912250045533
0.42956457818911087
0.437708268005289
0.35759402264157913
0.34496835865013165
0.33922324967383466
0.36376624235150357
0.36939358491759905
0.38817450416726157
0.39736413488890643
0.40310194141715494
0.3448645358405552
0.33053732585062123
0.37547847651359645
0.368414328118172
0.3906972983408642
0.36891984753820695
0.35658942540002825
0.3663101313522129
0.36920628777474057
0.37511481124117996
0.36705300403749613
0.36164730123590283
0.39834421926904173
0.3605537070741207
0.38435508226007237
0.4272158443876945
0.3722236393790776
0.36882350404948183
0.34949077972595793
0.38817128809763435
0.37828081916357353
0.3808534617042971
0.350842197226307
0.3534673186531399
0.4291367007549688
0.437264695661269
0.35701544093346854
0.3494084953039875
0.3377271019448626
0.36314226183152065
0.36841203771629516
0.3874025682963924
0.39784685438395867
0.40182627010494787
0.34864313458198365
0.37766482316891103
0.36918130108613817
0.36667805782014307
0.3571353686237862
0.36803625176479016
0.37410764030719107
0.36642657705155046
0.3959578467266307
0.36049781981358653
0.3845016526533727
0.42060094173942614
0.37302462869449177
0.3669772060030804
0.3494461202764203
0.3831460716658084
0.37901851726917857
0.3813098736150379
0.35061805950130187
0.35258696507964754
0.4379464558477413
0.3570830599550826
0.3469839693236352
0.33665327180737387
0.36409780177698303
0.3973817495411617
0.40538987440313096
0.4115332902354743
0.3496597332110466
0.34454693165602285
0.38495753747641215
0.37804161921933244
0.39620543570200784
0.3750625253761722
0.3649643019216462
0.3768371449936861
0.3787450812612484
0.38340275648515193
0.37554517914414376
0.3693574966276516
0.4091822455854742
0.3707756391856899
0.3975348611931191
0.43194318097512907
0.3797336966264825
0.37406811086374053
0.3593468095027589
0.3918266105491461
0.38792334458136074
0.3923462034580862
0.35936259231958084
0.44023222141352486
0.4471872145069027
0.3623803290912871
0.35175146026164056
0.34790267186258667
0.37179539690505214
0.3794380950725181
0.3953797561436587
0.4043805688429084
0.41167069910756293
0.3574812782883588
0.33585567797754523
0.38111584022095607
0.37509626904023696
0.3979490605286288
0.3802974938281619
0.36849899976139383
0.37301289330261445
0.3732540433631411
0.38742062356183604
0.3694970038430134
0.367848804640332
0.4014206527674734
0.36973803233612623
0.39114311343649394
0.43148482332379623
0.37793507156918416
0.3756848456367774
0.35829069658447776
0.3960209560347559
0.3584245951842394
0.36424307962261504
0.43621601694899925
0.37037244951248505
0.35059856593165617
0.34673749783057095
0.3726121965365924
0.3765270592482576
0.39867226711949283
0.40444780465681307
0.4137738535515613
0.3566135529051855
0.3469555670281441
0.3858830248541865
0.3809448041326975
0.39858926127199584
0.3782643834450967
0.3667301669773247
0.3757958482110757
0.38467727241193794
0.3729689843267468
0.3699370153944565
0.4105432814988035
0.4033049403012437
0.4316284351895974
0.37396333412540994
0.3594487407819752
0.3986009520320566
0.3922979374660653
0.3562014484013931
0.4383641536134789
0.44538886195342126
0.360919366490228
0.3503158507643549
0.3513589230562453
0.37273544939238934
0.37924627195584026
0.3857233776617108
0.4014460130769831
0.3694175908909387
0.34426005353048594
0.38441427522366417
0.3744558642726228
0.39906719749499503
0.37625985210537743
0.3808406277457937
0.37699970416309325
0.3866705950398751
0.36792249320883175
0.3978621570367443
0.37153085282840825
0.38974576706635294
0.43178548101112224
0.376951905314589
0.3745973167273686
0.3581327881369027
0.3877375508583276
0.3874869376304286
0.3846706203925323
0.3656997161568308
0.36322471717319504
0.4347605002186339
0.44501421374798317
0.3701520938182573
0.35491897621583535
