1.0734013622147736
1.0902744263426773
1.0971521582675914
0.9992967199726286
0.9819911337357206
1.09672861274416
1.1049433864459168
1.0804549787716868
1.0738492137881308
1.0709984771806687
1.073112513994813
1.0742701496179152
1.077239392869571
1.0996474737062305
1.0049293090449156
1.101219235330868
1.1494846283274154
1.1068441699051306
1.0016343841511255
1.0798484049203974
1.0819561264143345
1.0784586524428539
1.0051366185368538
1.0149196506841551
1.1549721039403025
1.0011577111272365
1.010846076740758
0.997324135615996
1.0763897011511208
1.0748108284968265
1.0900980482602756
1.1002689976519542
1.0963334668451363
1.0035413218495517
0.9862871196413383
1.0856822673510813
1.0969929989121165
1.1044364506103477
1.0815591997021
1.0730930240921284
1.0704435440740285
1.076050253626317
1.0728066309390552
1.076258883361447
1.0578382121191903
1.101390486801942
1.0040133027037907
1.102249730740779
1.1495842492776824
1.1046395480719877
1.0540700078040728
0.9892625000907109
1.0777362445022738
1.083121549304955
1.0757915935026516
1.0049826888889961
1.069726119454023
1.147248259583841
1.1529831250058906
1.0546494316677097
1.013566725077028
1.0749672829041552
1.0762231071577664
1.0893172127238278
1.0989061018524173
1.0968860090290844
1.0012730067784879
0.9824283899853934
1.1012399927176866
1.0934514267014288
1.102966443967781
1.0808921356564034
1.0763349295472269
1.0684151168555287
1.0705082890558815
1.0748706846947456
1.0744797081622486
1.0569898785596934
1.1172540175109251
1.0049879698810997
1.1064310794995458
1.0068343358309217
1.0429205829950647
1.0768668909474326
1.0814959510983126
1.0764377677416515
1.000336987317072
1.015218799145305
1.1464613630523015
1.154530279865058
1.0544971801850844
1.0087809017107088
0.9983225188438434
1.0759927940928238
1.090559028290965
1.0998555651003956
1.003768398439418
0.9805373304943885
1.0991871681015346
1.0960140132724951
1.1030110867362013
1.0811779149556893
1.0737031591365342
1.0683203009473465
1.0734398458065566
1.0753492930347182
1.0567566469153802
1.003539766628553
1.0845829531559865
1.1504042267375543
1.1060727329391469
1.0043779782413536
0.9906602428711735
1.0780123787528006
1.0830578223511917
1.0750722229372234
1.0040672787739173
1.066777964113219
1.1462413171384986
1.1530702193819176
1.0545929794226043
1.0142385922165282
0.9963928107240385
1.0758630147425732
1.0808271698974892
1.1071302172578776
1.106607220688786
1.0120093782026052
1.0397053536370806
1.1097824747189666
1.1065144714732453
1.1134659248767744
1.0859976018776516
1.0826363748721501
1.0793526305802648
1.0824207778553154
1.0825397911751637
1.0806623813658613
1.0638274272454578
1.1100409338792803
1.016331773011597
1.1185043055089747
1.1546171557855964
1.1107909795599438
1.050875861837707
1.0912144387356046
1.0892032529368074
1.0871786326177262
1.0147785187488583
1.070693456624061
1.1571920187562432
1.162093374776207
1.0596106351266914
1.013540574711019
0.9934898243990185
1.0835072552576086
1.0834595053009097
1.0979199549059742
1.1081953418938015
1.1060962951156497
1.007816506601172
1.0384558757810773
1.101207189801729
1.1127899559189154
1.1099260952829377
1.0775538759435752
1.0809362789179715
1.079229553285223
1.0813523898004362
1.0619151959651951
1.0685005615365155
1.088316741382481
1.1570830863699109
1.1152370863307832
1.0587286353025767
1.0514375287548994
1.0899857780468634
1.0914567439289773
1.0828362144614825
1.0768990338585125
1.1538048432765338
1.1636747111181187
1.0620859302016503
1.0616716531569006
1.0868283141855182
1.082888108859401
1.0997757598449742
1.1056953945429577
1.004617304942684
0.9931377752843862
1.092295082786454
1.0890945807617187
1.0923097664794592
1.0847179373977498
1.0899372919863402
1.0760457388835505
1.0847938440041107
1.0800720948590126
1.0664106190464824
1.1108532464989758
1.0181167210864108
1.1162069157936418
1.1551308232949877
1.1123662647860337
1.059089050135947
1.052087884716388
1.0879988694561469
1.0888379451467038
1.0868980192586053
1.0128400885031659
1.0652603351348682
1.1552730091502754
1.1596413096009819
1.0569725960051546
1.072553398976016
1.0835833666714945
1.0823208063226197
1.0993048976489617
1.1048990945799049
1.009996330403467
0.9858137415568321
1.084598383994756
1.1075626051858054
1.0842792013588962
1.0988262613783952
1.0757764304511448
1.0758012409244584
1.0819636835338216
1.0718737905171787
1.0608012772202244
1.0999972321334286
1.0178787948383161
1.0844370492771434
1.1147789729338156
1.056874635620473
1.0459223641632962
1.086488901179888
1.0114877557175377
1.150319919002572
1.1578478041407565
1.0592682404745817
1.022691914270552
1.0203898257996769
