0.6763792641651387
0.5846121582718473
0.6195807725847368
0.6248861606401105
0.568420349491433
0.5304606107965805
0.617035657367406
0.6411230794344421
0.5998143428621725
0.6440432569356198
0.5822553927011523
0.5401017344816119
0.5952766706046083
0.5886687953309953
0.5956995162462764
0.5174519207650983
0.6612710423652546
0.5250643688676313
0.5949503918422988
0.6810593852785791
0.6360580491889096
0.5334029847866801
0.5782746440871513
0.5822206882731842
0.5999292988643514
0.5102482900012886
0.6424548428901251
0.6674051898140232
0.5844104303106916
0.5591553242157207
0.7348033106933385
0.6753411768689949
0.583531041890712
0.6196780166733096
0.6243108389729128
0.5767662210067948
0.52456393904418
0.6078058319674788
0.6178067673200311
0.6281263589252668
0.5462955406225092
0.6027234207802122
0.5945467260602745
0.5970299179069162
0.5175785876244036
0.6663004584972156
0.5233733304646273
0.5925231165815914
0.6770012646210458
0.6333012159055118
0.5493743579866786
0.5617105268394671
0.5736111088846161
0.5802046131775818
0.6152783428950872
0.4929587237067208
0.6540759993178449
0.6434487891906504
0.6661616779607902
0.5616495616241064
0.5598409645090712
0.7327822818879781
0.6654535146287758
0.5773148969161775
0.6219598559160189
0.6248284417377172
0.561981499664596
0.5249131954375268
0.6105035581031213
0.6328849776738488
0.6079496334798764
0.637084725093422
0.5831394499901132
0.5354103729196336
0.5999218858873554
0.5928104986976358
0.5950652362465167
0.5142540155870763
0.6631383282819292
0.5248452526369406
0.5887225092063215
0.6792616656555559
0.6381061539691641
0.539770498186064
0.5567456315537767
0.5833413778170082
0.5817394590868203
0.6418119691408465
0.6668736091983193
0.580186901143352
0.5605422778403981
0.7333021793376503
0.691552404158067
0.6103497179999284
0.6494319231178302
0.6627723640881549
0.5478040473743551
0.6316548446848707
0.6572445155161306
0.6458194833268887
0.6398345995723737
0.5584799704120883
0.6184642920142921
0.6285978511558736
0.6210713344914683
0.5432891991687345
0.6820612667859048
0.5344236233145246
0.6313847301945708
0.6931639790076882
0.6514353687973873
0.5635951053233624
0.5899430568607834
0.6174518619079228
0.6254687654696007
0.5209414752021351
0.6692521768506643
0.6951888876179186
0.5679085140084856
0.7328667717993296
0.68336408518057
0.6019438418560588
0.6561079200947839
0.6524322697764856
0.5446653012073437
0.6273336326613457
0.6589756412937986
0.6412667033077467
0.645906460651327
0.6034519759567609
0.5561180004422455
0.6194182600667049
0.6170244218657297
0.6243072563538294
0.5355577697652908
0.6674753039121338
0.5406514249089486
0.634623615646455
0.694708062095649
0.6516554912197313
0.5642892219120851
0.6054105459248185
0.5950071060103709
0.612513003205525
0.6298895131658244
0.5249079055554705
0.6725994391765149
0.651404786850782
0.7007667369930899
0.5735347198567873
0.5844097854389116
0.6141502675316317
0.6672856840766646
0.612312457161287
0.5413839002631039
0.6278270026387058
0.6622946648992618
0.654225444471727
0.607817274420455
0.5568736735010151
0.6234115655335377
0.6274650857375705
0.6121778473682717
0.5532683658618178
0.6823384193767174
0.700199106557971
0.6539894009140215
0.5643641527761756
0.5924669618715812
0.5998870844441664
0.6209718199767132
0.6271232299318577
0.5274495599112222
0.669926500031247
0.577193467165444
0.5878322219788127
0.7163225203279859
0.6955874918738304
0.6048176976594256
0.6569612462135753
0.659446700130598
0.6021917633855323
0.5495631657691364
0.6250302066405802
0.6557297221541791
0.6515525836549796
0.6427374782490206
0.6091223512288202
0.6225274611828764
0.6168064104736047
0.6182551434122234
0.5434846310700963
0.6648822931181053
0.5451782766859349
0.6373305452586413
0.7042542230451931
0.6577531198379891
0.6054395039362716
0.6005287363935257
0.6173586741624534
0.6315928326521107
0.5214106222813921
0.6871474957226535
0.6581554705746897
0.7062685235114733
0.5816676176777991
0.5918400734031464
