0.6724684712272444
0.5922484098075969
0.6185498759828874
0.6255189494669826
0.5792967614819676
0.5278327909262643
0.6107414960369135
0.6409822820808275
0.6116893511452456
0.6289082455241672
0.5847332049233347
0.551920208839249
0.5980478985590778
0.5891415553704007
0.598757361244255
0.5147326040773816
0.6625076470717226
0.5233492639844304
0.5919420677217263
0.6777338687494074
0.5456771117650456
0.5713633645448654
0.576577422935592
0.5834081047209374
0.6100161467317826
0.5067883924590997
0.6386816288331214
0.6432945052971303
