0.37324853828696614
0.39510200930065104
0.4072108711506608
0.40907094320946175
0.34720746677376646
0.3437399596772468
0.38248441158433916
0.38373977202966686
0.3722814865720469
0.37568723827130956
0.3719043561153872
0.38275543417841046
0.3701198072986811
0.37082027269688084
0.38869622960625716
0.431256636303762
0.384497742042876
0.36885919748883567
0.3519322410871067
0.39011519739851375
0.3878459365334014
0.3883657711490659
0.36045091429020615
0.3660223108592939
0.4364342966004229
0.44378464579512167
0.3656060159128517
0.35467237986391414
0.3453984250742197
0.3705877449971088
0.37311135983314775
0.40794497876668195
0.35264121274392896
0.34599411849237593
0.3811531811893725
0.3839838223042129
0.38372665381015797
0.3732413083982929
0.37662263267971097
0.3847789560841851
0.3770404132125396
0.3636273775022069
0.4064750068873706
0.36858921212425166
0.3906683442633015
0.4309840427895739
0.38406782042292387
0.3699580450834109
0.39076063789482196
0.38802793763802146
0.3824404549743168
0.36313549571048953
0.35922686642206414
0.43639366201657415
0.4438024950994607
0.3637741197426622
0.35280424508994535
0.34335090277241787
0.37090369597366796
0.3747637087765175
0.39424963993080697
0.4076004884195051
0.40806545877731043
0.35018053354413003
0.3411305641066576
0.382901520052107
0.38217033532074696
0.3949348849267155
0.3823286979415281
0.373729186096479
0.3733138911091197
0.3727229548213362
0.3758979423162436
0.3620348428186033
0.4039805731382711
0.43209835514732675
0.38566575185059115
0.37085380416598535
0.39097615934147534
0.3850056046749067
0.3592921359598994
0.4361560671856423
0.4429777630572204
0.3650240802562531
0.35875713355252725
0.34319694308268767
0.3711492999151927
0.37420288392111933
0.394321582641375
0.40689865141993037
0.40799698792598627
0.3493315905893235
0.34104849292732653
0.38366628082709986
0.38186389535770593
0.39477626674517374
0.38313089037701015
0.37465729149760385
0.3753877702423344
0.3721990060166744
0.3836303682102966
0.3766268970462349
0.4041242700502655
0.36854251830131746
0.38924553332976
0.4320899063005556
0.38588220368669246
0.36950235862136205
0.3518796116537469
0.38960142597869246
0.3889488922052769
0.3634477353572481
0.36615662691122886
0.443235425019731
0.36489349701122853
0.35558308098908503
0.3426409771425689
0.37245128488097656
0.38670227114566946
0.4154146344631267
0.35836190532193274
0.34725934939626946
0.39085362778640964
0.40246540952401705
0.3867489985938681
0.37915680770467725
0.38212017836299217
0.39277340293165236
0.3699451166304859
0.4126118462113212
0.38063220982813706
0.40352262431726704
0.43785298081161156
0.395795434259304
0.3721878369459253
0.3600617469717077
0.40042355236276683
0.3972369148005081
0.3988222081820692
0.37173903381419415
0.36467689403332226
0.4448406613360449
0.4517568719635802
0.3624655737252786
0.3589363113309203
0.3545067072347355
0.3884215577361658
0.40244245406328033
0.40820274559709085
0.4172707664194028
0.36628071270854434
0.34616799760533
0.3835119772061918
0.4034935833388131
0.3923080582789615
0.3845328709475876
0.3784921888357703
0.380075000340208
0.39090419865118825
0.37915343275184576
0.3760675554634798
0.40822695292101474
0.3803585522190928
0.40130466081688904
0.43775139274302
0.38539417266155623
0.3763236571379401
0.361162369823305
0.3999084683512689
0.3951081207756472
0.3947225113517561
0.3709578233531269
0.376739800679272
0.4418502255666338
0.4507290893023831
0.3727339491070945
0.35775902310631463
0.35075236639004237
0.37800427426847577
0.3837392634484499
0.4068983086943311
0.41401502188802114
0.4189141381533128
0.3602235678364999
0.34777364502092273
0.39026582769575324
0.39000500479433187
0.40302782144136023
0.38624262878725824
0.382064217718018
0.38084177205485853
0.3863451582374494
0.39288795207214977
0.37900253490046587
0.37932499761390936
0.4143499004389205
0.38412642540612896
0.40522938216817184
0.4376099496978359
0.3886603044981244
0.3731254545361352
0.3627118807506553
0.4020245333883775
0.3988571632895715
0.3944713457983
0.37485299939240396
0.4445468642812828
0.44912065083593566
0.3535245581399498
0.3568916938877493
0.38289483527663354
0.38777548559950276
0.4021769441205279
0.40630381700900564
0.4171570747059934
0.36923390373719933
0.3456632855896966
0.3851121051219864
0.38184786666662984
0.4043325460530862
0.3906463796331139
0.38888056222822853
0.378449668701316
0.3799398850403063
0.3885226750115706
0.3729618926773328
0.36835975678360017
0.40282400778425165
0.37930076763210885
0.3969079384851032
0.43750403188710507
0.38500534400107594
0.3725317392494369
0.3591418854324889
0.3989745774363137
0.3951539999404864
0.39529151265590007
0.3680725604609683
0.37624145962791794
0.44084962710171766
0.44831996130122764
0.37319293458070324
0.3608417615872562
