0.401895420051424
0.4165496390671487
0.37222683648325505
0.3610443489342111
0.40065618781449464
0.4789595798942354
0.3885015881981708
0.4291516098532923
0.4285385524789198
0.4469180835502453
0.45267606314074227
0.37450933030033295
0.4519449352181439
0.4871139227750958
0.4510928697040923
0.4986372513059043
0.49333924141241847
0.46700987490867385
0.4800437000072214
0.4749850754854054
0.48404550610846686
0.4029934761595788
0.4670194377391347
0.5049961054625507
0.482950347216595
0.5205512534800869
0.5004243629484593
0.5623370638173404
0.5150837106883439
0.4887444302563341
0.5454770379871094
0.5326607735957982
0.5377212639487001
0.5656702839375659
0.586621298665585
0.5365024206088144
0.5829492994415674
0.5450416532641422
0.5886876547797782
0.5540543574999972
0.4582065509083859
