0.4019840426291689
0.40786621735217576
0.36432452253626857
0.35450295016204253
0.3959258470151562
0.45842598313725613
0.3660127806404573
0.4389371424775405
0.4239686270116656
0.4396879954244866
0.44180646332690343
0.4309339759424268
0.45274841655732384
0.47567451777001696
0.44688608942165203
0.5067311039835918
0.47086559787023063
0.4729046907438071
0.4914311182145877
0.4756180265083864
0.4046175138183285
0.45849022785814975
0.5054766118626601
0.47980412699812885
0.46897679285854343
0.5187469900438753
0.4961565750003377
0.5569606050491341
0.5176803863982791
0.47972475798059344
0.535699661643569
0.5492412277745744
0.53080577563504
0.7246619377170871
0.6149853604806333
0.5391806052423652
0.5680633163273564
0.5873889913997945
0.5388031040802627
0.5652390852762853
0.5459585647645111
0.624443506378993
0.5531419554063767
0.4647419132796304
0.5524887564716086
0.4047629662489545
0.4108719839202505
0.3727545325994058
0.3628829538531827
0.4616587510779302
0.3764865721566342
0.4292951898303301
0.4265607879976461
0.46718694104990954
0.466333837981226
0.378371364801926
0.4401896142576641
0.45283701044687996
0.4516752122001854
0.5005602975460505
0.49371711404884044
0.46691022537481036
0.48165767902613627
0.47047061978831956
0.48153345194877023
0.40362126210973914
0.46432901385384273
0.5004007094221077
0.4803398252705877
0.4685902251092454
0.5207494864225805
0.5049722622568606
0.553629468822445
0.516271258804516
0.4867402771104936
0.5338151351425174
0.5451351558340243
0.5277873742872068
0.7065273323815953
0.6205301664104725
0.5373635355162586
0.5705907477181654
0.5819276980752526
0.5344028765196309
0.5853513122191293
0.5460780980202543
0.5856888144419108
0.5553431779387988
0.47574815856209374
0.5523859650881616
0.394434361742145
0.36557412078032536
0.39667130172888543
0.4330194248839643
0.37170138630647975
0.4361512173713262
0.42373797294883564
0.4427016293711996
0.4451401074751421
0.4081511391244255
0.4370877542570559
0.454167591964315
0.47094222981566713
0.4470949874193752
0.5067270170456624
0.4999736004171425
0.4789722683179325
0.4927330523621489
0.4720404153088278
0.4047891509973476
0.4536358892329772
0.46927426811727857
0.5225378984902551
0.4965152960599542
0.5591645195218464
0.48652910329774424
0.5374526779204047
0.54343959700771
0.5264882101819868
0.7119036808661441
0.6142600577437132
0.5370499033705219
0.5741057470394706
0.578893094700146
0.538463583141876
0.5667374667997065
0.5426017595852022
0.6226623415988638
0.5529760063429019
0.46154734880245585
0.5527580271602278
0.4374208249082877
0.4426371409176313
0.39244559878580576
0.39682352693557466
0.4708160870486783
0.4139952429176982
0.45332163532451103
0.4652889821049546
0.4085508909412877
0.457691513203201
0.4774118332553584
0.4822381481392586
0.526410486333958
0.49655296900915386
0.4911493536543272
0.5184400303565767
0.4896505320173493
0.5010840819463427
0.42928170006635913
0.47337470698710205
0.5371664780674221
0.4950698630538585
0.4975758798977316
0.5390114720514885
0.5375489304376482
0.5447504169881683
0.5207475161228026
0.5596507188392058
0.571843313612905
0.5661304332939192
0.6510295333938042
0.5669222796928752
0.5770967819607041
0.6149907006003907
0.5604609063667729
0.6000471563286356
0.5664424772130318
0.6267662831565581
0.582718520895497
0.4867190479539489
0.5791498629853568
0.420829680616328
0.42843071696762425
0.3994426288249374
0.3851407385861969
0.44112562047085035
0.49271345595134275
0.4106592683773513
0.45685193197507823
0.4558763158921285
0.4723633655708154
0.45716660401451015
0.4095742278457165
0.459097121588612
0.5070496489109841
0.47795410693436846
0.5280450739956255
0.5104924392735352
0.5281874938354763
0.4976013850357419
0.49880975194569727
0.4282725972355277
0.48416494828403994
0.5343724417894609
0.4899790429850337
0.5449221027927607
0.5876785877442973
0.5460975949344499
0.5102542423782408
0.5537632750135222
0.5694124319051423
0.5579031021830057
0.7413728434912514
0.6491919241229086
0.5636603149012962
0.587494066294848
0.6159286606659179
0.5577257576638713
0.602635802841309
0.5711883760885437
0.6236372448266674
0.5765212401280355
0.4933507252221677
0.5768445864497085
0.43833938186851495
0.3964550672579787
0.4017847974914287
0.41834603568324724
0.45823482061363624
0.40453176378304034
0.4408571537726633
0.4629681817882223
0.4603770384885887
0.41408918310428705
0.45504845474215544
0.4786238186026144
0.5065132146663811
0.48483568271702926
0.5306557004546495
0.5082956058628871
0.5225525598926765
0.4392335395430689
0.49905570265905635
0.5015204490025011
0.5348934886298387
0.5369761439275746
0.5908813974269547
0.5507664781265798
0.5112169184901485
0.5611378054521954
0.5811983845983346
0.5670056033472448
0.7546210046446022
0.6572228197680751
0.5617027623301507
0.580396909641261
0.6180515852503645
0.5604199839355735
0.6079131278552322
0.5726017285771734
0.638155213696314
0.5839567146748544
0.48351934818847014
0.5826889757157838
0.41472638652451693
0.39304566006445285
0.4356817822731519
0.48825524950413984
0.40651631734421473
0.4576747519673978
0.45486626432441807
0.4727638832241092
0.4509174100930078
0.40794067427771974
0.46476697747431184
0.46200725486723687
0.5101666580071531
0.487715665365096
0.5307339177598315
0.5071974007727658
0.500193757739096
0.5031801501125511
0.436732414601089
0.47949895458299663
0.5397942495965273
0.4963877487468824
0.5001037658838874
0.5393997912700532
0.545538032399025
0.5929418026336206
0.5570105551192974
0.5100807650569076
0.5577052836507523
0.5724378159533834
0.5620145366626559
0.7582156376804688
0.6576260865805543
0.5707526033009737
0.5943509670629761
0.620816251860087
0.6025966091191866
0.5801748629602174
0.632637392369509
0.5813540658640903
0.49583699668194514
