0.23292665868375464
0.24774615717909992
0.25347356462032183
0.25700282651199624
0.22326082756733492
0.2373490879455794
0.2480904173334037
0.247584288749715
0.23708055016386873
0.2402713083353149
0.235353750263732
0.23872077800395858
0.22876867370502255
0.2373810415262109
0.24700107399873428
0.2666786656745057
0.24223534247343206
0.2326550748427147
0.22581050465226402
0.24707634300262418
0.24217523011076586
0.2464431080096366
0.23145838120381954
0.23115457410721998
0.27177790362524296
0.2756043583965313
0.22790399290713304
0.23067367844466424
0.21949699046936844
0.2365502131392283
0.23537287786067296
0.2559559123414424
0.2361675004351555
0.24342410168366085
0.24593226341290997
0.2508356012127728
0.24720753700154194
0.23783484567322521
0.24428810594446027
0.24338104634718755
0.24739714705795857
0.22435696787598047
0.25914081529521305
0.23328282138533818
0.2513978455703266
0.2669937282206237
0.24256847654449287
0.2376026032811332
0.2471449173782175
0.24301512099594558
0.24085656307657427
0.23670321306908076
0.22710653606777403
0.27114825394753317
0.27547964388790164
0.2262955556067155
0.22773552527528423
0.21482182189407215
0.23687490624662116
0.23548331164627861
0.24723670404229142
0.25305053415388445
0.2563995358527055
0.2298763707084886
0.2294810136155097
0.24892437177286622
0.24757731036275385
0.24654258970648602
0.24461944098713906
0.23794916987852796
0.23855761134919753
0.2375872584741971
0.24540514060496138
0.2227858985164601
0.25553459657652866
0.266759013088396
0.2429361483580611
0.23570002786544486
0.24758329031324358
0.2455465862970075
0.22824617006078815
0.2717439276677072
0.27512022875379055
0.2276493006406476
0.22790815752282068
0.21758452081024254
0.2390502043658434
0.23614270311537697
0.24753974144710983
0.25225759647915635
0.255987117837025
0.22774824894676995
0.23017878402905279
0.2506085042538357
0.24676242515282912
0.24824873877050851
0.2467279965917975
0.23895222975409436
0.24210311576690824
0.23565842488168093
0.24051265527795335
0.24809856259555707
0.2557517674303983
0.23324935852631123
0.24695087923010167
0.2677923184981663
0.24343436324366846
0.23452745372937517
0.2248106171330932
0.24394695980557776
0.2441620182499954
0.23825320101494707
0.23362852376888715
0.27527637087636625
0.22961103627807133
0.23215127320883563
0.21646034649931062
0.24006182163896847
0.24204458526689435
0.2579885291743222
0.23395552589730956
0.22877810871372092
0.25120559019297256
0.2512224696801734
0.2453194884420351
0.2386969687607374
0.24448425518043038
0.24535985924948572
0.22839996881051625
0.25857430117960034
0.24151393470365667
0.25498879569793503
0.2718012815484226
0.25401533920167496
0.2340653393672983
0.22679671454605205
0.2507107655359829
0.24787984932383947
0.25364506560552
0.23982223986298457
0.227005756201208
0.27670959160682174
0.28005412317814815
0.22581730931321087
0.23239806834444587
0.22435994385891359
0.24603083519418567
0.25138340173089746
0.2522301500155972
0.2600767922055431
0.23305595126149023
0.2318637430749825
0.2495403718099659
0.25195112237897843
0.254701565491004
0.24377857208614417
0.24118095606008286
0.240998282551191
0.24541954672749156
0.24677381278326146
0.23283507453738386
0.2587568042554147
0.2440600897810681
0.2544893744650041
0.2691982469314432
0.2424799808212212
0.24172277363760275
0.23170633317166614
0.2570500154267513
0.24556487246538833
0.24895236986014926
0.24562318289334525
0.23853573138644993
0.2748050061748736
0.27842103673631924
0.23698572589282813
0.22849565287578597
0.22052100072934686
0.2395925724192834
0.2425641773226876
0.25517073124834466
0.25655113199586177
0.26175409611767014
0.2266996975890595
0.22477839376971803
0.24853028278567624
0.24603569874334807
0.24960568369050423
0.24562318011643824
0.24431334195662613
0.24194854828934853
0.24174484370151247
0.24561458008193324
0.24073839522599377
0.23536091266670628
0.26367826355298285
0.24493346685658057
0.2554337597151043
0.2698612718321244
0.24634401253712393
0.23641741260487387
0.22959037504089225
0.2530212706983284
0.2501158246913001
0.24937957008484318
0.24238223674387613
0.2759192950393579
0.2766223197802036
0.2228861407376284
0.22423722399732024
0.24327622700867674
0.2428021619240815
0.2540073158976041
0.2512344330063862
0.2626467117697424
0.23413298604587238
0.2322918825338584
0.2444924747499373
0.245695599503265
0.25163239308888696
0.2548871245449879
0.24904451528667781
0.2418009612207896
0.24266380361986922
0.24279670359849168
0.23747591465401877
0.22848746719268975
0.2570435118846272
0.2414843493785936
0.25018180012809893
0.2692843652049477
0.2441987450988704
0.23675777417113106
0.22905124727122356
0.25749612660706667
0.24550898338087526
0.25585490759354
0.23976408403168303
0.23810307803027192
0.27492644292769725
0.27645861940605215
0.23833494582679182
0.23689264733995066
