0.5965717726750697
0.49569233033941096
0.534726313254984
0.5260270351560862
0.517341892563178
0.5251739317090643
0.5509077779733798
0.5861690950312983
0.5125267818756676
0.5897147356093125
0.5082001530952922
0.4585043674099273
0.5127231892877044
0.49393872420919127
0.5285920777846844
0.397412241137552
0.6059642855907552
0.46002760810471977
0.5271118157160664
0.567811423083938
0.5648426219726431
0.4887816002837728
0.5195467827552127
0.4821615193859289
0.5601731256600743
0.4305509682864875
0.5336035459057489
0.5676021558293068
0.5144619601517328
0.48399279786476535
0.6548933591986335
0.5944342465309247
0.5000916174366282
0.5338743824418198
0.5239727148493679
0.5545246665764997
0.5079384293070355
0.5410530307746267
0.518708271318455
0.567136758669352
0.46677528519231715
0.5288742351865128
0.5082356880553397
0.5309127222634569
0.395810813574443
0.6131030956889121
0.4542546062452334
0.5274004770695403
0.5600376979343041
0.557040243309431
0.5213298171041458
0.5295988267936906
0.5036973512532412
0.4813709661694784
0.5774075034364847
0.405697197466824
0.5601323021259182
0.5344530107864944
0.5672594239717996
0.4625777478103986
0.4790497757901284
0.6449371388183215
0.5806804482487062
0.48967813460125575
0.5395056452941299
0.5258300945452032
0.5133593108528887
0.5138123004491625
0.5435896000119047
0.5802741381210594
0.5179627286443563
0.5789702037294089
0.5181151288320279
0.4548445884423339
0.5210358865459634
0.5034297676463114
0.5276999762033556
0.39398343038810235
0.6096619612452063
0.45865715158216436
0.5210419153426931
0.5681585246462226
0.5660440652040963
0.5086837274830669
0.5245899377687755
0.5312682231482293
0.4858208550534989
0.5326972193998174
0.5678982345177348
0.5103723403587521
0.4864475083689517
0.6520473685664456
0.6125780598861446
0.5223149527582235
0.5608671415082933
0.5598814138386663
0.5415441754105863
0.569417425193983
0.6057536391273224
0.5544716248739765
0.5673891402085405
0.47504230583529283
0.5373616341696847
0.5512746491054028
0.556033277377197
0.4231538644685315
0.628771765719551
0.46067935560245765
0.5582088997252401
0.5790208240332452
0.5727707017796664
0.5359730002248847
0.5511569971117898
0.5167375300134925
0.5754709670598479
0.43703708314721157
0.5749296797884125
0.5871759653602778
0.4685832818962156
0.6520174497389911
0.5917401316694642
0.508669949874103
0.5797730371605594
0.5514451450401578
0.5384611791569172
0.5675078424263506
0.6083542385950893
0.5448171630568487
0.5792386245671143
0.5337153482260084
0.47382764364676677
0.5493500030988465
0.521949899273284
0.562200118073466
0.4112015461219738
0.6154564311593753
0.4795821818496843
0.5713257877862846
0.578807612237469
0.5756041787613229
0.5318050705870243
0.588902904718331
0.527956033976593
0.5084993659889413
0.5920136416238349
0.45258203173664363
0.5795407491983008
0.5376228631848494
0.5986453634576836
0.4847542340171509
0.5206978973950018
0.5201968584618825
0.5685939103012809
0.5944546818850427
0.522769617573883
0.5565665448870472
0.6004729026042388
0.5634574917175046
0.5353307105152392
0.4739831434425261
0.5394751837880392
0.5376490127371554
0.5353947124714473
0.4304423357489747
0.6203755130785444
0.5858308051228718
0.5665958815896806
0.5294803648052956
0.5396660593956759
0.5224945048638489
0.5177694581259829
0.5684450815488582
0.4411466279514411
0.5718607297958869
0.4803112335387029
0.5142287683774212
0.6332509619502391
0.6086860894869965
0.5076102521694514
0.5737745411707682
0.5492127231223707
0.5629210910528644
0.5434337654714747
0.5578805157198852
0.5934053593946246
0.5530175043978742
0.5768990909830258
0.5319506747229059
0.5480791267097258
0.5176306803677642
0.5586341905393126
0.416466603901603
0.6076448987020391
0.48441878632030877
0.5688231006491606
0.5780414265543886
0.5859669573451975
0.5773799823617629
0.5355491491641875
0.5144984168212738
0.5881571712758542
0.4409832141164989
0.6083710427655092
0.5519745186868967
0.6010024447367228
0.4982463004448672
0.5271914901556924
