1.0994630471248803
1.0117288313073949
1.0608549983046425
1.0377373737385671
1.0294066187338269
0.9787419262624528
0.9306981788902235
1.0542306419435203
1.0863931765346624
1.0846596173106928
0.9822564029786427
0.9938834606120578
1.060648615891961
1.0474604692239189
1.111148762892404
1.052863150499049
0.9808299310855244
1.0174529295408727
0.9356513425585661
1.0941354267556975
0.9913334881292893
1.0955069350528452
0.9902345238021825
1.03575630750831
0.9907189132006168
1.0716552570541793
1.155093087531274
0.9724514374479444
1.040233964562507
0.8915367441876495
0.9761590018284279
0.9911471704867747
1.1481643024226522
1.162436473199874
1.0201181061049351
1.0768215429792913
1.0022762226257036
1.1631025545003968
0.9846437219873565
1.037497346586814
1.0498520587233613
0.9931428927321364
1.0192984398796194
1.053380982265943
1.112219866171722
1.0182047261690212
1.143377732565841
1.1115637703106018
1.0544577011201914
0.8745217495026296
1.009611891893372
1.0220107664076155
1.0684668341385066
0.970096731971372
1.188001242208491
1.021229700981482
1.024315254392069
0.9761019321653461
0.9496272676249675
1.1710318191348317
0.9593618542307167
1.0739224025157674
1.0237195116907354
0.989958463160406
0.9123070555923825
1.0156092579263487
1.011576539456109
1.0886920768248862
1.0082659833739154
1.0557337620598624
1.0783895832031214
1.036379056677148
1.1149025988106134
1.0308622756912134
1.0577579129187618
1.0542708787125397
0.9755111063436332
1.1417334342245762
0.9415796439804583
1.1413927970592495
0.9223286298703158
1.0815103492891758
0.9367535351447147
1.0691188039334945
1.1431992079640185
0.9600862012240419
1.0682782606357657
0.9406132697797167
1.0132692418748115
0.9581960262931526
1.0777973556664746
1.0160078178567045
1.1100250861977223
0.9327093872307245
1.0788707007827694
1.027399677456095
0.9745169109415944
0.9427603053490206
1.0398591212979769
1.0648016043876862
1.1035237829264903
1.0665228302487177
1.045980584160734
1.1011466471409221
0.9689606151948299
1.0078172062834179
1.016250146466784
1.0692526082228928
1.1016611974449528
1.1557058528546085
0.8697222442639078
1.041720133977944
1.0933292858681654
1.0529106172222114
1.1635360264708785
1.1466691540010352
1.0125535380565314
0.9704926737849412
1.0387201828696555
1.0110067613375802
1.0832641679097743
1.020105045741481
1.0418457690635243
1.008630592008442
0.9923609155687506
1.085588801307502
0.9140522129768757
1.1670501563851357
0.9780096938922107
1.018081518611087
1.049885182619411
0.9629594787900095
1.0674418356551914
0.9574005798539346
1.0914398596253503
1.10612466543208
1.1732140846627859
1.0497422510273444
1.0567808181299454
1.0706422768503288
1.0213160175337723
1.1863239863295956
0.9977432004981792
1.009962825072257
0.9773913989636258
0.9845941342153937
0.9418058654753358
0.9607688724367212
1.0404682505697362
1.0720200098441677
0.9419720030447715
1.1845829243602908
0.9420469867446317
0.8784584222039681
0.9734994888880846
0.8918556380005063
0.9262396280426337
1.0150732762300876
0.8956686874259785
0.9734627036754546
1.0437280930895758
1.0069387295453007
1.0148827154133402
0.9343288586341842
1.0482892969785764
1.0810766275734303
1.1053758174358213
0.9320630514477961
1.0025316501326826
1.018456746125818
1.0129416502434858
0.9781043577099124
0.8789252185095584
1.120778434459051
1.0166729565437926
1.12213018630011
1.0989055351430308
0.9129686009208349
0.9522395623128517
0.8847855979118163
1.1042572873231782
1.0304285982712469
1.0540185675294718
1.023166316211349
1.0146454632640003
1.072553047706564
0.9179995725446147
1.0777160271402886
1.0084957705199011
0.9373865050772345
1.002036428297874
0.9718712066222741
1.105831338820872
0.9706790409195494
0.8928502600474248
1.019526309473422
1.0858658789559665
1.0584726179779804
1.0399260288338419
0.8617756493239461
0.9849602715106882
1.0851364135654187
1.0358893099856323
1.1047879667586602
1.0032634642827931
0.9954942195323153
1.0049336241088618
