0.28966878805831636
0.27503946937945134
0.29802573319695047
0.30301008865831597
0.2866579232255041
0.29080664968921566
0.2856845849899749
0.31339687227845386
0.31052688250823485
0.306316703957658
0.31317855125698635
0.2904393383506802
0.2962001366145206
0.2913437753248113
0.29037263622903137
0.29164214336127964
0.2910789432203265
0.30184762521373654
0.2870310454593049
0.2940542551625953
0.3050390421291407
0.2975158615179826
0.27492977765976906
0.28090165585861127
0.3040318394826218
0.2917105840092733
0.3232925390556856
0.288560617281421
0.2824475602375719
0.2959588222909247
0.33050863776958667
0.2985872109873331
0.3045762105601221
0.2788601212961376
0.2827385529577847
0.2963543478274752
0.32345758228370847
0.28995566166164355
0.28878741102987243
0.2987543394303095
0.2955422601969252
0.3028163984934232
0.3284307387422154
0.3115159525599269
0.30690027207687076
0.3079821548020888
0.3018544142891981
0.30303544021630346
0.3056054725789546
0.2999110110879882
0.30331249054436477
0.2921718924145918
0.27878875713831247
0.3002621590136594
0.2801407038037739
0.3006287519630214
0.2919415516132874
0.3065098200235323
0.2933188600761391
0.325250838540292
0.29413021384460336
0.2981299705788214
0.2984242372079342
0.2761418581186973
0.29862294264521794
0.28472681251603377
0.3075118842274214
0.29336990948121333
0.2793481918619456
0.28426810763927834
0.3241013255535685
0.2898303643808554
0.29977546728999926
0.3015406327484302
0.2952857319460181
0.28460457659523414
0.3026350358359653
0.2933680455879931
0.32820769605286304
0.29903403993252087
0.29724807076534965
0.30184362090902694
0.3090191534096727
0.30012424531395065
0.29920386606643273
0.28318328864549436
0.3061360258471054
0.2939781186759871
0.2880482873050331
0.3088260754596954
0.30726115673491267
0.3061240742799481
0.2863317259638601
0.29781768344976606
0.29605379297118056
0.3261187238591915
0.3005415618860671
0.3093739912147733
0.3307638219628934
0.3040052019251832
0.3291163575093561
0.3006200978525531
0.30544540330044345
0.305692789800981
0.30700956749454633
0.30265887496187727
0.3029733650419494
0.31158346770193124
0.31516211662177307
0.2939286149388498
0.28184012466949604
0.2942388472539286
0.2936215643840592
0.2902043544422047
0.289031019844903
0.3110383006041172
0.27885371187869024
0.2994568847958519
0.2940800085077211
0.2933425655490008
0.30420649117804366
0.2896352380392046
0.3280199613389849
0.319289946134733
0.30335595608037935
0.30175180184344375
0.29820147560058613
0.3050764988055893
0.3001642784746116
0.289718070766378
0.2938322554060311
0.2868321336309006
0.30243083405429516
0.30160947803398147
0.301492015712211
0.2925500147044838
0.2984669893364971
0.30603934951158646
0.2995982538984858
0.30240333212730564
0.29110036668301
0.2953991601941958
0.29596742838767603
0.31114228272421923
0.3047145272040269
0.29014968653327716
0.3050178041808791
0.29861208519585475
0.3073772706490435
0.2984316960850314
0.29289734168902104
0.2906153857657492
0.3112584117114084
0.29257857442193724
0.290121193004153
0.2978852310655792
0.29431023819025387
0.28932109637604597
0.2995542734202902
0.30662478369535084
0.2949754859910223
0.2931469446808364
0.2962359253284288
0.30019081577401846
0.28935085221024387
0.29913450707934003
0.28671643629906873
0.309494971342275
0.28665213009279633
0.29977036460768447
0.3235001279416977
0.3265426111589245
0.2933564607776774
0.28686912502227324
0.286185084916915
0.29954404551083647
0.3039133741344381
0.28860395077947576
0.30619884258649754
0.2984141208952339
0.28690221315079745
0.2898730629117546
0.30386513771906465
0.3124321218854069
0.30521944435244447
0.3023764523162975
0.29077420499646167
0.29844733624982295
0.3023692706437938
0.303125999667305
0.2979860553134132
0.302283527801088
0.3039608947932987
0.29645816377719875
0.2666120150301001
0.29533784333497715
0.31228105389564703
0.3048636579628764
0.29962384333359476
0.31169460503016333
0.28954131664427196
0.3027127505729791
0.28506108120766765
0.30291451691537985
0.29268316909440456
0.29436526510146155
0.3305630810946171
0.3089642648931378
0.30418919949380097
0.29032070580681923
0.3102617494744483
0.29908280118169633
0.2843692960526361
0.2987181256097031
0.27957730721345253
0.3005348878853211
0.2921084988538315
0.28398232942772195
0.2958711346615804
0.31087977169505343
0.3037865989805918
0.30771318666284
0.3045309465425403
0.303075644836596
0.29904201785374934
0.30583445851939484
0.3265136760435682
0.2928597785682615
0.30530184048509235
0.289152734403749
0.2956679043889483
0.32932350682345335
0.3096850435330507
0.3026045993291976
0.30868493657781765
0.3257419710190653
0.303991334197915
0.2842444639356658
0.2820386433987545
0.3089842002719269
0.2908441218082438
0.29998409610436194
0.303092342709001
