0.3400092204820817
0.35152413265393945
0.3403994917007488
0.3403478721301908
0.32669169710847906
0.36938895140757255
0.3091382791017986
0.3470526686900632
0.336459227745206
0.3378171218402978
0.3901353517192059
0.32778687132968953
0.3362706121430731
0.353539708626305
0.32628868610116096
0.35104026246857817
0.3391843546296296
0.3329483213011031
0.33145398562680134
0.3201712365239427
0.3469444606866394
0.36804571620718757
0.3001751593519208
0.3231448770936297
0.3396282107394248
0.32700418673167764
0.3515887359285219
0.3205336421423442
0.33149954985539837
0.34339799342942245
0.35503813232397585
0.33611773916586585
0.34066855072699587
0.3240364061244573
0.33082385205674925
0.34321204946860806
0.3457674301408736
0.3234047393277155
0.34952773499290846
0.32690741345404506
0.32622871545726784
0.3505440224711834
0.3633858564177919
0.3268528287514657
0.35937936994436703
0.3678427817928328
0.3472830120750322
0.3744456087958869
0.36347812564437854
0.3292206578902711
0.37272009999318256
0.33109908864288123
0.32808404428738536
0.3640095101352947
0.33301585521748317
0.36153936925593644
0.33976572779532116
0.3637651361247434
0.3446295454343171
0.3398309572584497
0.3509412251227377
0.35902684602871127
0.3327716779067177
0.31927105689032587
0.34961074212821347
0.32256596053209435
0.39343222619273244
0.3447394003733557
0.3213016320742648
0.3117716026296437
0.33711651415139987
0.32040940528482786
0.3461009356365354
0.379142775551499
0.3367241551283735
0.3128361409590625
0.3596375450678502
0.339147176434653
0.3497672344004561
0.3791469679173948
0.3507707204009242
0.37345837001171733
0.3464305627063775
0.33340956239239966
0.3391090193730928
0.3222885581573328
0.340371198359933
0.3263146400997267
0.33885035051385526
0.34984908682569293
0.3400534917317118
0.35308726390677436
0.3262776450282989
0.33713699176986417
0.3321460813060726
0.35675656400736727
0.3525439634452912
0.3627176457452931
0.3643628194073133
0.3476607572936936
0.37988539552700273
0.35249496192274743
0.36462718304139885
0.35295586244431776
0.36085971296760155
0.3348873131583519
0.33791498529609726
0.3507740300707219
0.3479937338777455
0.31925513917448584
0.3589386519701658
0.33523560664670876
0.3483593891126058
0.3322150615139055
0.33649652042261224
0.3537907676342844
0.3218576078763277
0.3305240756171171
0.32858346253127746
0.33131074467621996
0.33968570394814773
0.32938074585022314
0.367680784814011
0.39815945930354146
0.34542775724645713
0.3585502254494645
0.359574517732282
0.3504816497510429
0.332237350528646
0.3500360076047715
0.34987344333955334
0.30514229075385546
0.3473981769730805
0.3396803315040139
0.398364629730535
0.3291640882567537
0.34137604153512885
0.36089359776388263
0.3508166330030835
0.32852357227758916
0.3289956708070979
0.37134024729487425
0.3460543559839726
0.3548815648084338
0.34448428807433484
0.34002606648565314
0.3576562990731228
0.35446620399294876
0.3379556173590149
0.3691049510162109
0.35200929840588935
0.33650455140150415
0.3341903255186517
0.3273919030953004
0.3329249140089513
0.32712959104643846
0.32434454099763205
0.3412926737197513
0.34686909978092395
0.33379117377197576
0.35151045647812246
0.33110636804382876
0.3268853115954886
0.3887087271232993
0.3407180508042504
0.35807851766750065
0.31328148911951903
0.34186131086721583
0.33353213295492445
0.3448180256108326
0.36157634800365723
0.3508201955060066
0.34366330610384727
0.32437536030531977
0.32502215949111357
0.34787133463693154
0.38469729024136196
0.35173751626870525
0.32390356523935115
0.3314887265952853
0.35764343315920377
0.3151770760391086
0.3346111650820516
0.37118563277777866
0.3428920337539385
0.3293711173001641
0.3363992952722466
0.3514787062718712
0.35816525768896856
0.32801415614069807
0.3413132039464526
0.34329844624811257
0.352082473259408
0.3321551541702
0.326671131883367
0.33064308664072634
0.3471374315873964
0.3623778459430333
0.3361647015200103
0.32649663482452107
0.3344992646524314
0.3244229057394653
0.31211659044459317
0.35026943146167927
0.3305960276618893
0.34385192766871686
0.3507717301150979
0.36496944013687577
0.3581645707936202
0.3404387126351326
0.333139495966691
0.3446218058868948
0.32468707584212914
0.34969370576096404
0.32767630840359785
0.3312938167178852
0.30605315651449355
0.32296973569830423
0.33875821834025444
0.3446426687974221
0.33562306911570217
0.33112827522283067
0.3388483091756056
0.3379324843438043
0.34873676833857836
0.34937826583547504
0.3733208535624324
0.33787103302604504
0.32943357199057755
0.3261313613450755
0.3335313705318713
0.41482922082415763
0.33392561559210693
0.33945735907604524
0.3503867900550913
0.36371658652547645
0.33393031019195607
0.31840841809731446
0.31865258461414847
0.3418961805747281
0.3462692830939646
0.3427678200640521
0.33782924363714667
