0.7584309648534338
0.7582957362581455
0.7750613869950451
0.7440568603320219
0.7952213006718963
0.6888509971701311
0.686833402110593
0.7205761914158919
0.7249488015431859
0.743210577256272
0.6707331192727605
0.6546727165168432
0.7261556767480111
0.6774992071276538
0.638724660398789
0.5333110028386439
0.699877138905675
0.8009893214367401
0.6989830380964195
0.798102792783016
0.6685094719141529
0.6843321962772811
0.6935534241864489
0.7816574563644201
0.7302556554818308
0.7550520924191577
0.7115805532547654
0.658081567213927
0.6723606720989037
0.677750596678635
0.8017315275677726
0.6798601410526148
0.7795724144410637
0.6723329872707772
0.7226335532702984
0.7134323265573883
0.556487292585059
0.7133617132470622
0.7008021038848478
0.6711910415713114
0.8191813966356735
0.7223953229654448
0.7765326423302582
0.7092616978331334
0.7214451987508199
0.7377163160089772
0.7875256292717551
0.7058404039220707
0.7047614527617483
0.6494072394141568
0.7625913700595746
0.6703498452859914
0.6091955600161655
0.68473891749847
0.7435627531118896
0.7795412548870388
0.7557134629438401
0.5248853012754249
0.6972697587427605
0.7930874259516899
0.6483701985570822
0.6381018475461708
0.6394494522305739
0.7103788105110029
0.6432667977456206
0.7790454227914135
0.6956118635972367
0.796259834909317
0.6380101377675826
0.679096051136362
0.8106146783520958
0.6478163844119345
0.7138104167601693
0.7380377895733521
0.7463662014368306
0.7465387116916627
0.6561979899879726
0.6240621134008888
0.6814459960728821
0.7502789753350346
0.6880319160522883
0.7337122866090504
0.816392582272524
0.7666136728764185
0.6522175454444493
0.7281852360801807
0.7197379315594187
0.6776759788629115
0.6773084761719816
0.7443896033613066
0.7289128378510724
0.7085995498284458
0.6783514418612868
0.7380261632500806
0.6713081436949847
0.7718526243868591
0.7030259908706978
0.7531131901217678
0.6831407492952111
0.6663003535725951
0.673336285186891
0.6641318718065863
0.7918794859697149
0.7454767191245637
0.6551756716281535
0.7417063993101364
0.6446378746457234
0.7031832106489851
0.6723840858618256
0.7266271627791427
0.654560050220926
0.7494187922891287
0.7745844589314872
0.8127309738240798
0.6734145810418917
0.6575946168507532
0.6082371633536644
0.5349304051125781
0.8283937733481406
0.7743487015557695
0.7420671999414006
0.7957360008394281
0.6670630601939241
0.6233291988500859
0.6796999098062598
0.6313287741081339
0.7064629574524125
0.7858888141577028
0.5799598323202398
0.7815083255754783
0.7913809703057035
0.7084322523222627
0.7299350099099142
0.730157129994522
0.7348904860499013
0.7514743630400667
0.8213236536024524
0.7848950799793362
0.7012311285158108
0.7795149757930826
0.7058617985160761
0.7548356555341473
0.7053809736476202
0.686225987319141
0.6534554200816672
0.7544888024807697
0.702146182386655
0.525707030377443
0.7265187943039194
0.779748226585662
0.6767894512819937
0.7316372836749151
0.7202128764723699
0.7354877452496587
0.6756546813278489
0.6429208375779429
0.6769717280590167
0.7356379263096355
0.559710817295341
0.6784664568138512
0.7670423904568417
0.74805500011607
0.6584321891996867
0.6653709455942832
0.7207506688726988
0.6750716850467904
0.6326533377192073
0.7773566404793903
0.7532345542821268
0.6423747780494109
0.7068789152128643
0.624664324270424
0.6641130205604916
0.7405632251514023
0.7164951776311326
0.8049126001237545
0.7696071908478983
0.7250590886831059
0.7766333885707616
0.755235677955572
0.655706380172367
0.7836042921797444
0.7087918494130256
0.6975062234814827
0.5199253696951046
0.7719760921244794
0.7522301981240105
0.6684533504553579
0.6722527443989637
0.7025592330377921
0.6544287839937778
0.6968030145876867
0.6903396736188215
0.6696710212226644
0.6649978291712424
0.6239991371489929
0.7596014356845778
0.7500263682706213
0.7909688822894658
0.6337952505871609
0.6986058264568484
0.7423611718413902
0.7444527605538538
0.7449436291183777
0.7037622611406031
0.7646559022859506
0.6604869906229432
