0.46422128155977593
0.45565074439262865
0.4543817631596049
0.47993085576265043
0.44534580358599607
0.44556410159954607
0.46280408142359886
0.4946549300382095
0.4717880922967149
0.47798544053250935
0.46160251669516295
0.5156652953389028
0.4300587335498184
0.4509047232591343
0.43144474786303366
0.44608093321712683
0.4616399254807827
0.4751206855003513
0.445196060439765
0.4271195633999158
0.4379533118147013
0.5092793878844205
0.46020476310405384
0.4743765449795934
0.4455740179843205
0.4260380683651175
0.5198769250759497
0.48226058410460093
0.465405084459271
0.41299112855442355
0.46535869226306614
0.47653313342788334
0.6307983959736239
0.4688670882891576
0.4818429321801661
0.46181332918319673
0.48657954688064425
0.48746565096792904
0.4619465028226346
0.4663259447139344
0.4915600699656715
0.4700211323372643
0.48853693260574793
0.4864908852641062
0.4622718841094468
0.41654146478342846
0.4613882872893865
0.45787182956192696
0.44283094570436776
0.4748432637295885
0.43017376996314327
0.43157622726488243
0.41844416854594657
0.49397639003571425
0.4766723011998908
0.5097579841650626
0.46543783768934166
0.40387864126367606
0.4426840615462008
0.5246101748999543
0.4373794935467263
0.4521137045019605
0.44159690981069283
0.42596107087813495
0.4608087947254948
0.4863519165918253
0.4149084593501321
0.5094889990549374
0.5907664477001424
0.4532692943181771
0.4861244819225642
0.5070985376249889
0.4100311291040374
0.47890869083690657
0.480413953678951
0.47121920947361384
0.4774332862087999
0.4279913876957576
0.5227571539895718
0.5014422499953124
0.4625837378520758
0.47891421003223744
0.5257463613567539
0.46547092758546604
0.4940789618972579
0.46617650014044343
0.4796478889639706
0.49655353970334337
0.46076342131416137
0.4679913815834913
0.469859963710946
0.5232223475634656
0.4907532250592326
0.41259281272840254
0.4172103705403095
0.44059856316057744
0.5105158550839062
0.40368583816879866
0.45701818303299463
0.5598163292941147
0.44080261092182915
0.4900755760509883
0.5102276369195198
0.4902167524231963
0.49027845625608985
0.4958862337210031
0.48077664613900506
0.484568285180309
0.45571024634097934
0.47630877290776197
0.4609366593309495
0.45742201327764237
0.5141099280083873
0.517425513092351
0.4635270857292254
0.44933328393526406
0.4428526041455003
0.428098231072237
0.49342801157617755
0.4825191571651477
0.49680241434840894
0.48457095673452766
0.482666247465558
0.44529775100333346
0.4715152066642886
0.43435053615947816
0.4529571000544249
0.4559343003063535
0.4215892263810093
0.49156466192356796
0.5132759021482118
0.5150117873944565
0.46419461635295023
0.44575779446275254
0.5896338505468955
0.45626393459043313
0.499422636702466
0.4617025493462028
0.477344208729106
0.5493451565225826
0.46507170200950954
0.5233059937691447
0.45200336066117053
0.4809405491969273
0.5157092650349175
0.5279300597904041
0.459687738266846
0.4608861483566965
0.47718698615511446
0.4693763482324383
0.459959594898613
0.4646724301110702
0.45246190040091594
0.47386016530566855
0.4551892872342618
0.48354466573425753
0.4749153734406736
0.4714913581964296
0.4604908209499595
0.4843320901179289
0.44391019991210506
0.47013841693911895
0.46791169675858024
0.43850462036381943
0.48770814796873907
0.4733785716233112
0.4101782670037758
0.4589452872918296
0.4757614393681203
0.5045625012530408
0.5171429749580757
0.4156588642646187
0.4205976153387233
0.47061280759293533
0.46827789666116676
0.502985650250782
0.44941535942914557
0.4840541990883584
0.45366123367656147
0.521094822179969
0.46139709279313
0.49275905465400505
0.4229274932390773
0.46978403997036083
0.4069502150602192
0.4752971242725979
0.45509347113506193
0.508856722519114
0.4671634650295605
0.4573381814231646
0.48509500651105086
0.49856796475542675
0.4593736973669371
0.47375131778217555
0.4594136422609879
0.46501223107314715
0.4657909609815894
0.42078134296547154
0.5005013721080853
0.4642814633317305
0.4672920499519982
0.49140765929291974
0.5463881825183821
0.5109522827049447
0.4856988263769322
0.4414054499113327
0.5009765116812567
