2.1087359826463703
2.0886915111526436
1.7708587490851346
2.091174450550326
1.9709713207399102
2.108004788570094
2.114460537471604
1.7443617863434304
2.078427248542041
2.112073911937721
2.0940380774544525
1.7626659846293113
2.178514181557504
1.7872896368340356
2.1729158703769182
1.801840663440073
2.1384554197060224
2.112180038928682
2.173762430961825
2.120763845890667
2.103058348175236
2.162799037115377
2.105205782602991
2.118847753337747
2.1165274895412542
2.1302262577185322
2.3270084978172325
1.9673761535491794
2.3772520659295675
2.145756941848337
2.3259820620337566
2.1427087089226844
1.79498196398047
2.121764303924293
1.971978875695003
1.788805938748728
2.0812704459870632
2.124547421623999
1.9397795237785689
2.147329803102226
2.1260172655164284
