0.9158609947795786
0.9017061559236017
0.9509010629740114
0.9589318151483365
0.9294084246587706
0.9300498058766615
0.891974477612193
0.983186991577436
0.9689521513207245
0.9701428813178405
1.0043724143545791
0.9357954950762712
0.950084267098061
0.9500766489085978
0.9346244852697752
0.9478576295109976
0.9434789898148148
0.9533904184487638
0.905299456880404
0.9389475991738819
0.9727196096048285
0.9740451643902881
0.8760788312107013
0.8928361243026354
0.9583397280810394
0.9394212401227002
0.9877271016403145
0.903844042612392
0.9280579716000934
0.9499752018014853
1.010599916563069
0.9622125168425137
0.9596327708250554
0.8916371153690801
0.9008685027351332
0.9482743480596036
0.9851221617592898
0.9314818236169495
0.9442074522689703
0.9486960965712856
0.9147373054445455
0.9634964741932112
1.0121473940131271
0.9735511869843242
0.9815863856951701
0.979901971752125
0.9605682480477569
0.9754239407252289
0.9706461572110974
0.9461251097040428
0.9729160840412445
0.9416658568214369
0.9213590511011499
0.965607429905657
0.8971143494837325
0.9756133684313166
0.9541809043161961
0.9852473553502038
0.9473722994414696
0.9853833276625252
0.9507388443114193
0.9605161209082198
0.9507136949324997
0.8880727599774478
0.9580198815815187
0.9353419665305602
1.0012644205136811
0.9478251125671515
0.8907905972871165
0.8855458779209255
0.9850760840091594
0.9295492295820444
0.9540298098769652
0.9727071852796593
0.944518969944391
0.8934802802880693
0.9685043545825041
0.9551538735848197
1.0050756589753242
0.9734241673505106
0.9674065008254142
0.9750856662213042
0.9704802493345033
0.95390280858295
0.955769269174555
0.9241131122465228
0.9636206638828152
0.9418026710026131
0.9120337796195108
0.9814685917932665
0.9733464309818717
0.9659769753127809
0.9301426423268073
0.9482530805727506
0.9486506332987488
0.9947720942183957
0.9577311295022646
0.9877831538233067
1.016326420538758
0.9616330655318746
1.020329312537153
0.96158717665796
0.9754023271966988
0.9706322932153063
0.976291713753104
0.9554373946335185
0.9572837232839183
0.9479288757711044
0.9890670050653739
0.9089849297185795
0.9401070951510038
0.9456578003322831
0.9491088775105622
0.9405449666767929
0.9396955109245875
0.9781875138357115
0.9174444813829941
0.9478980500749217
0.9523624988867947
0.9407407446669577
0.9583722397161383
0.9079756576443707
1.0137400288606377
1.0135795015061302
0.970141539455907
0.965902451687322
0.9632521955062733
0.9659946028328052
0.9501137291255468
0.9184624531940615
0.9517018310447521
0.8917270697599207
0.9585670533194587
0.9660361419551176
0.992862368968453
0.9392762570556998
0.9522718371802371
0.9714519797323261
0.9585791093902556
0.9494882426059634
0.9389045854035489
0.9379454730674184
0.926426385405361
0.9784180633684528
0.9705057969840918
0.9387166386433439
0.967808235096681
0.9595923836051439
0.9659111189076627
0.9673148530486327
0.9494289104460946
0.9421974451699686
0.9672390707743707
0.939937060922649
0.9079061451448941
0.9470947198740838
0.949971797673956
0.9425492697274098
0.9547377341253805
0.9600017194650834
0.9514638847717908
0.9163960272084094
0.9525279037486386
0.9917075767187351
0.9409116195573151
0.9639993325300612
0.8974138754256079
0.9412063219082474
0.9066425058678181
0.9301760019661878
0.9928615741314537
1.0032139860035032
0.9193827754543991
0.9015728522946679
0.9012800707063505
0.9558799999990875
0.9788712103775676
0.9461123703712444
0.9532718512189754
0.9478975523348755
0.9179729784007892
0.8995135290022817
0.9569676487318023
0.9972473224697593
0.9717311224238009
0.9548907605383662
0.9421489224290028
0.9560021143413409
0.9679066257800841
0.9531146333705478
0.9516137648656237
0.9606521825446599
0.9633428766439718
0.9449834032282287
0.8776324432691485
0.9560449684538526
0.98448470999869
0.9832529408141746
0.9549525540859652
0.9367463657061675
0.9388847210797586
0.9498856326412816
0.8922135796566044
0.9635301878761622
0.9147448763224717
0.948599523579303
1.006455317733829
0.9893020622619962
0.9692305544861237
0.9141924099996667
0.9665079633885887
0.9546798972986934
0.8998726649297877
0.9568511741369667
0.9212460478939357
0.9499625312347368
0.8989186999126955
0.900243409615556
0.9602746550207634
0.9805743478556809
0.9634695690107593
0.961299264171166
0.9613847851780626
0.9559695263741492
0.9587786110266643
0.9693655667371945
1.0058372098921615
0.9456069166979189
0.9650797421889611
0.905484863163175
0.9535525827459266
1.0358199257148486
0.9368849998545239
0.9593030563613621
0.9711129346479304
0.9994311487126717
0.9557448845298224
0.8980823971490863
0.8956129262562386
0.9775653463440112
0.9543503712760286
0.9548311889099238
0.9706262760367041
