0.21451053333333334
0.21694551210191082
0.22851487060641174
0.2281055900621118
0.22753333333333334
0.2182080524173028
0.21107421798466014
0.23313115072463766
0.2270212765957447
0.23239802421015263
0.2385342820401519
0.22737825594563987
0.22793637846655793
0.23052712384851587
0.2272120786516854
0.23026315789473684
0.22870370370370371
0.22727272727272727
0.213755325
0.2260783055198973
0.2336382886227545
0.23673719921156372
0.21052453234225305
0.21313212534891268
0.22802724520686177
0.22707956600361665
0.22835195530726257
0.21219004419073204
0.22832203389830508
0.2290109389243391
0.23295832402044292
0.23253963503275418
0.2281186440677966
0.2133258051502146
0.2138823526717557
0.22906809001731102
0.22760900643316656
0.22693661971830986
0.23021878763548775
0.2266013071895425
0.2124996420463629
0.22940677966101697
0.23413310876201243
0.23058296496350364
0.23506018620689653
0.2311813186813187
0.229064039408867
0.2323956442831216
0.23098941098610193
0.22707684319833854
0.23226221079691517
0.22758157045536034
0.22814465408805032
0.23132105502501138
0.21439886080843584
0.23568283696682463
0.23348841395348835
0.2355350026512013
0.2293258168430741
0.2267054772056412
0.23010424155283968
0.2308282208588957
0.22738006693938267
0.21278922053467647
0.2295406172401561
0.23185039575328614
0.23918421290322578
0.2293196544276458
0.2129579149467839
0.20655804649840032
0.22631367292225202
0.22658394931362197
0.22921364985163206
0.2332360570687419
0.22828267477203648
0.2115536071294559
0.23052041403105233
0.23334698278595695
0.2324439022113022
0.2332008368200837
0.2344778830188679
0.2322644721906924
0.22844057193923145
0.22731629392971248
0.2280778894472362
0.2271376281112738
0.2278746465598492
0.22685706246482837
0.21452806359610274
0.2336365334341906
0.2325733022106632
0.22966424082037712
0.22743451463790448
0.22815789473684212
0.22738938053097346
0.22877487989018533
0.22999503804168045
0.23525108917062862
0.2340707018841591
0.22906746031746034
0.23619894370219274
0.22979488545551413
0.2309239610963749
0.22941176470588237
0.23031437125748502
0.22746122724207687
0.2278230616302187
0.21452186072205306
0.23297830982839313
0.2117412243902439
0.23183544303797468
0.22800245098039215
0.22979846449136276
0.2278050108932462
0.22848970251716247
0.22915923945335712
0.22740641711229947
0.2271837088388215
0.23190199443535187
0.2276595744680851
0.22803424360641528
0.21331052899531494
0.23469771627906974
0.2392775438202247
0.2335396866141732
0.23048741123305358
0.23077356788452866
0.22927251732101617
0.2273299161230196
0.21588447848101266
0.2298959249486954
0.2104871901250823
0.22918137387998916
0.2328828426278462
0.2403441760111576
0.22741080038572806
0.2285928143712575
0.2305614406779661
0.22969353948094975
0.2268041237113402
0.22740412135088725
0.2181059634408602
0.21488903412732785
0.22931133155284245
0.2333799533619456
0.22906807804068077
0.23025803310613438
0.23019031141868512
0.2273977866584691
0.232
0.2303299492385787
0.22836581045172719
0.22676659528907925
0.22711193241816263
0.213845629844098
0.2267147026632616
0.231385691265947
0.22906643757159223
0.22929347826086957
0.22706859009254218
0.23015337423312884
0.21314835384615383
0.23163900155189135
0.2389535302325581
0.2290621266427718
0.23051181102362206
0.21142372959664746
0.21352108053467
0.21399989464984776
0.2145161037433155
0.2295933734939759
0.2326949300257258
0.21488255714285714
0.21287986143106458
0.2129915203883495
0.22938670019558535
0.23376103301732593
0.23045500892174356
0.2259219422249539
0.22732843137254902
0.21705006605384108
0.2116030849557522
0.22734329232571765
0.23604807879317882
0.2330798489419007
0.22666112956810633
0.22835244816938685
0.22992170022371367
0.2303294573643411
0.22654639175257732
0.22861629234868672
0.2284621578099839
0.22964522715671262
0.22757410296411856
0.2144212476190476
0.2320268145734163
0.23307897923817494
0.23542662985074625
0.2276770775237033
0.21143937693836978
0.2282306536438768
0.22616915422885572
0.21150900958385876
0.2293639053254438
0.21315436033315982
0.2291478129713424
0.23252559363057324
0.23551291290743154
0.23026315789473684
0.21465838639528656
0.2266455262255742
0.22895927601809957
0.21301162812983
0.22961149715729628
0.2280891438658429
0.22719594594594594
0.21026423848153925
0.21273548987396784
0.23303259999999998
0.23290028292682924
0.23240258191681734
0.22660427807486633
0.22775800711743774
0.2278913963328632
0.22937158469945357
0.22893846153846154
0.2307062675397568
0.22840030911901082
0.23139364868913856
0.21294766104360258
0.23258467644248437
0.2406659868378812
0.21254679234608984
0.2279534510433387
0.2290023717758672
0.2295859305431879
0.2273023023023023
0.21215934285714286
0.21231944137931033
0.23263875976900864
0.23445547390029323
0.22867361356411162
0.23237567274373677
