0.26209828393135726
0.2735461431913116
0.28129026788741945
0.27389892337796085
0.2533832335329341
0.2547733384556281
0.21433333846153846
0.26019141775347077
0.24428987811340752
0.24707623035413154
0.2534859333333333
0.24400191938579655
0.24518943170488536
0.2178529320754717
0.2570441988950276
0.2119778100166945
0.25577389143514084
0.2127201593989574
0.27462099848675914
0.24623534715960327
0.272947571459695
0.2499470712773465
0.2546704552013837
0.2784921297407913
0.2643819619116062
0.24998007474747475
0.2665063974131667
0.27199863287141474
0.32625905160349855
0.2925413117647059
0.25999832528735634
0.2921812516810759
0.3030696249575552
0.2653706042462845
0.2752099973890339
0.25977805454545455
0.21855422122719736
0.2704993984189723
0.2562933025404157
0.24578713543758968
0.28973629633638637
0.2509441181401902
0.2877326
0.2623626373626374
0.24887168141592922
0.25603041298817225
0.2807735849056604
0.27866717248356093
0.27197024906303235
0.2525378294557097
0.20748944705882355
0.24528688524590164
0.2617615351444588
0.2633501535761299
0.25491573033707865
0.21486563689784766
0.2487801771615008
0.2608243753259779
0.25194594594594594
0.2501804040386304
0.2779868591636551
0.22642744438759194
0.26635976763005775
0.23272572648221346
0.26805286768642445
0.2746287039711191
0.2499690568081991
0.24620717781402937
0.26989127533522955
0.2631031776981639
0.27104892653061224
0.27608262862049227
0.26837598235294113
0.26899310420168066
0.29648997409810535
0.3034966443826474
0.2641175599644655
0.2882609857142857
0.31317867131782945
0.25154336388888887
0.2726082214452214
0.2556286857409133
0.26292825473599357
0.26811195556388157
0.2675595238095238
0.2933585666666667
0.2715463712570857
0.26674367215749295
0.24834823646299056
0.2625433363726462
0.2573663579617834
0.2641753662957075
0.26512896825396826
0.24567119649122804
0.2674472118721461
0.2877443370892019
0.2697501438596491
0.2836782608695652
0.25462700464005456
0.21780804668936815
0.2760570824524313
0.27213975181932243
0.27368209272165855
0.2697980997624703
0.22557077279124318
0.24206128133704735
0.22976266719731883
0.24716803369541124
0.26570021523640136
0.2558051371900827
0.2498703502383222
0.2275303218683652
0.28089893570608493
0.24896155622895622
0.28053740487993806
0.287437367063922
0.22411648085106384
0.2526335900990099
0.2886045391131701
0.2521093990788716
0.25581750566037736
0.34902902088752874
0.2959102957219252
0.2538365543209877
0.2765435099822099
0.28915468133704736
0.24827947499999997
0.2526343361948396
0.3026452029876977
0.2539469792990501
0.22518146903137792
0.29161652857142856
0.24889584706657877
0.2955034431821584
0.2520406888183981
0.2925650557620818
0.281978527607362
0.21185066669763122
0.2535101590551181
0.2572973724536479
0.24474035891561666
0.2525262763129689
0.2764405906752412
0.26723079168173597
0.2324973605381166
0.24869098712446353
0.2504275653923541
0.24095782982635341
0.2596362229102167
0.271568437378829
0.25900900900900903
0.24519705098039218
0.24772950417280315
0.2539290189315839
0.21793701739130436
0.25097613448275863
0.2742327674418604
0.2636658833583208
0.2512500418604651
0.28183574800456096
0.2665026228832952
0.2657326
0.2804191671641791
0.2640069190661478
0.26325906720368236
0.2586536526315789
0.31998990507614217
0.297020936231884
0.2793443627254509
0.2913446274611399
0.3053790120257695
0.26723664858299595
0.2980822723970944
0.2670707804623415
0.24064195298372515
0.26950507366892545
0.2563599666092943
0.24243264659271
0.2789561119944212
0.28538451545574633
0.24448626666666667
0.2740195822485207
0.26472665981155263
0.22869937396726425
0.24860467681447165
0.2410286368978476
0.2747723192307692
0.26095535676885206
0.2647153586206896
0.22370426414602348
0.2408946412352407
0.2619565217391304
0.2484660033167496
0.2769837885895404
0.266068605754031
0.26612400658401025
0.2717258601553829
0.23102944703632888
0.21499393740458017
0.26717687050720096
0.2466263238516879
0.24703287884280234
0.2571699382187148
0.26779968407871196
0.28781955883376853
0.2624366965329178
0.258442846174318
0.2653385410054009
0.2909220361445783
0.24188412324959913
0.25704916155744445
0.25481144562275615
0.25694995710540114
0.2641832172839506
0.34990651259925887
0.29459698337314855
0.30074172584053793
0.25446686536796537
0.2807184665598718
0.31448196181665267
0.30593041224018475
0.2710994730650155
0.254247311827957
0.2718542216216216
0.2617406329574391
0.25274607703281027
0.272194570613656
0.2522140241486068
0.2610891531475748
0.32000592736404576
0.27881572998598786
0.28397091775700933
0.2839810737217598
0.23059329863672814
0.2800983485981309
0.2555323601918465
0.2752088015267175
0.27140907058823527
0.2145883867032214
0.27607122770012704
0.2539590201563857
0.27840384741166807
0.2563619179805137
0.24760484145925674
0.24257885699883677
0.22707341148163782
0.24879731400651467
0.27710554272547727
0.22103224820567755
0.27106174572864317
0.24978801237113402
0.26731481481481484
0.2806603773584906
0.21750368647746243
0.2619227449287872
0.23816998468606432
0.26036679536679536
0.25262050497322114
0.26612983151635283
0.2170184165413534
0.2647139713971397
0.2556209242982705
0.20601644505539599
0.26217049853063484
0.25616942909760587
0.22243206962727996
0.26022155027624305
0.23350264513084515
0.24899382082585275
0.27432795
0.24441982272361001
0.27851804949026876
0.27291264722550174
0.2854012217008797
0.2708705357142857
0.20954460747275558
0.2477958911392405
0.2655656184222957
0.25568768803342284
0.3271488357111405
0.28199385631528967
0.25043106350832267
0.27558957838732556
0.3102025617933723
0.2617560375
0.28351881622678393
0.2729194905742145
0.2605719213572854
0.21571941120263594
0.2865225786780384
0.2684583714547118
0.29565914031539253
0.26546107584363515
0.22797085005578283
0.27094594594594595
0.2663903181208054
