0.116279
0.117473743130227
0.12656445556946183
0.12673731758165394
0.12643678160919541
0.11784968062827224
0.11801360537727666
0.14084977929155312
0.12674114915844456
0.12964814915844455
0.14887685583224114
0.12631578947368421
0.1288135593220339
0.125
0.1267615971814445
0.12705902539464653
0.12584745762711863
0.125
0.11967113025780189
0.125
0.1303274702627939
0.1300668272138229
0.116279
0.117879
0.125
0.125
0.1268018018018018
0.12064962937062937
0.125
0.1259009009009009
0.12966138596491228
0.1304700072618539
0.12861713967723984
0.11710887551867219
0.11835153886010362
0.13255429650613787
0.1280266343825666
0.1267605633802817
0.12568306010928962
0.125
0.116279
0.12732342007434944
0.13036038567222766
0.127907
0.1302766682464455
0.125
0.125
0.1292242703533026
0.14104686704024452
0.12698412698412698
0.13441526263627354
0.1261580775911986
0.125
0.13108766233766234
0.1272514612736661
0.13358881818181817
0.13015925225225225
0.12927686301369862
0.12724618149146452
0.125
0.13166666666666665
0.12618110236220473
0.1279359953024075
0.116279
0.1297740292807129
0.127907
0.13285749504950495
0.12825203252032522
0.12229826163723916
0.11424970626097133
0.12519630938358853
0.1259157509157509
0.12757201646090535
0.13908450704225353
0.12701816347124117
0.11697008500345542
0.12691204588910135
0.12872066965012205
0.12894219668737059
0.12569156293222683
0.12999686415882966
0.12947427293064878
0.13140060240963855
0.1252262443438914
0.125
0.12632391879964697
0.1287313432835821
0.125
0.11712075084175083
0.12931346976090013
0.12919632439401751
0.13671676006113093
0.1252596053997923
0.13006072874493926
0.125
0.12683374083129584
0.1382450331125828
0.13308387661777393
0.12968425118483412
0.13416963830871115
0.13457889952904237
0.12703458799593081
0.125
0.125
0.12720264317180616
0.12556179775280898
0.125
0.12001034328358208
0.13009279234972676
0.11842607461084272
0.12977326968973746
0.12702020202020203
0.12555741360089187
0.12686799501867996
0.125
0.12552687038988408
0.125
0.12698412698412698
0.127907
0.12757842715943274
0.1307121096725057
0.12257396402877697
0.127907
0.1559771754385965
0.127907
0.12705128205128205
0.13068181818181818
0.12744072524407252
0.12525866528711846
0.12148733333333332
0.13302644003777148
0.11680922269353128
0.12565331010452963
0.127907
0.14812103091557668
0.1264434180138568
0.125
0.13166666666666665
0.12858565737051794
0.12527457440966502
0.12598135426889107
0.1194335741324921
0.1195351505065123
0.1267433751743375
0.13204493103448275
0.12699600798403193
0.13115942028985508
0.12716684723726976
0.1252606882168926
0.125
0.14462323390894818
0.13033130236100532
0.12672265288544357
0.12702312138728325
0.1178057175572519
0.12528296547821166
0.12808875209014903
0.125
0.12575987841945288
0.12592421441774493
0.125
0.11718644101633394
0.127907
0.1286142135785007
0.12708986415882967
0.1274703557312253
0.11800165288544358
0.11735891360691145
0.11777153731343283
0.1219459572798605
0.12811203319502074
0.13083440046838407
0.11822452529182878
0.1171799009009009
0.11888045681581685
0.13279036827195467
0.1383442265795207
0.13201965503409546
0.125
0.1260351966873706
0.11930319354838709
0.116279
0.12696078431372548
0.12930658012596222
0.12911472946859903
0.125
0.13102409638554216
0.12805944055944055
0.125
0.12538910505836576
0.1277624309392265
0.12567294751009422
0.12748138957816377
0.12574515648286141
0.11937497523219813
0.13083440046838407
0.12917282278481013
0.127907
0.12548262548262548
0.11669601417848206
0.1279359953024075
0.125
0.11730359016393442
0.125
0.11672582752457551
0.13166666666666665
0.1289286591744994
0.12950274468085105
0.12659574468085105
0.1195310325203252
0.1263713658804169
0.12552742616033755
0.11789974554294975
0.12707253886010364
0.13036864710093057
0.12704708290685773
0.11647515535504119
0.1198175704175513
0.13262398113207546
0.1291169213551119
0.127907
0.12652041702867073
0.125
0.12937062937062938
0.12696850393700787
0.12708986415882967
0.125
0.125
0.127907
0.1180711146953405
0.12879879548156956
0.13620575518672198
0.11804828520877565
0.12742849433351322
0.12972813238770686
0.12652671755725192
0.125
0.12064962937062937
0.116279
0.13051116666666665
0.12996461316872426
0.12933776749566223
0.12816674025974026
