0.4629399499569412
0.40825894025490733
0.44217140959634665
0.45086686809107657
0.459519676775367
0.4493442525263999
0.4848035851999277
0.478817116506379
0.4449659430208853
0.4705445125407134
0.43532015392684487
0.4488831500403696
0.444942676233897
0.48208601318677263
0.4281941072132405
0.437549460345455
0.4327097804385965
0.4526987410118496
0.44927650757767934
0.4344139550459787
0.45144668967803797
0.4364821944108214
0.417322366025022
0.4900225294659095
0.4326676496907658
0.42304532741794465
0.4499738763720267
0.43857547892273074
0.4620221124490669
0.40567525028158913
0.4464090567552656
0.5315417098219201
0.4390894237821994
0.4510041801522064
0.4304579042313317
0.43959831147187245
0.4410470799467544
0.5200261015069249
0.4497302525865443
0.4147926170005018
0.41672519903332633
0.4461182120077457
0.48057272601256495
0.5304556264660301
0.4837412610380683
0.45932866018802887
0.4788535922449646
0.46506051388159375
0.46309123529119206
0.4517069671081908
0.4401654087353213
0.44618211931312257
0.3937776072868857
0.46081976115235174
0.44121786153845194
0.4480856805592286
0.4165255873048051
0.44976936715859395
0.5266323337675074
0.44395940847838755
0.4429580078629915
0.4363352662726172
0.4320824214170316
0.4484336553464502
0.3924306332126708
0.45268105981996143
0.4254150684348895
0.454400591972308
0.5224321145866906
0.4194285570634065
0.4437265683454659
0.4463453729998342
0.45488785874237475
0.44005024620418187
0.44853765563708786
0.46219184601755653
0.42847714886203014
0.5228983796417037
0.4502091900100124
0.44021736422058816
0.4593930458037147
0.4778157184557773
0.4562696899381358
0.4466366771862481
0.41032363765477275
0.4807685045336477
0.4329620349305108
0.45615282010111174
0.46236876871822224
0.46536300854687335
0.45877011352757746
0.4442917318960379
0.531048943022263
0.46899210073871356
0.5327787696335321
0.5232362510915001
0.45610080691611044
0.4660600422986986
0.42886716757208015
0.47891679730194425
0.47268439256946904
0.4536927267135776
0.45642946858454286
0.4538243132804369
0.5166845833212823
0.49164783882941376
0.48970057635746067
0.46395527166017536
0.4015099734407145
0.44647999019680973
0.4265074658638635
0.4229265504764696
0.43074121097194223
0.49597955865101917
0.3997803254865174
0.4224328843005324
0.4367592681330216
0.45757890857987893
0.46329115165602663
0.5232093826547967
0.4957233380112976
0.4417957933220531
0.4496542691056291
0.4466163141937863
0.47004482513759965
0.457742873837238
0.4623938759506634
0.4932327730199526
0.43893894630433855
0.4635629717229646
0.45894406182705494
0.43254828429379205
0.5095505140588336
0.44062346901617655
0.4460221566122338
0.4621708326507658
0.440191782303456
0.448287569121083
0.440107671052622
0.4846749336537786
0.4891263402588782
0.4537920747380546
0.4125431791413611
0.45685551027895827
0.44043102109452287
0.47834778886270546
0.44149146920061355
0.42194433879496435
0.4289853650418074
0.4841380469192461
0.4901086493642209
0.44570390895253953
0.45719398204708056
0.5178783354080503
0.45109751391937913
0.47913766918837764
0.4218249059372917
0.4254662415337079
0.4482077980738529
0.44519041636224
0.4675639251797663
0.41426206828047757
0.4801469575532613
0.4466141306917326
0.44127383454068664
0.4450186013472327
0.456310440449725
0.45611334241711565
0.5091488696196459
0.5134803404211282
0.5146973505460192
0.4770787246084661
0.44716667256818443
0.4472710925529369
0.4322447066307043
0.445978434229772
0.41674374835332384
0.478747434695728
0.4464233868909512
0.4472116765876394
0.4569971786102515
0.44560580439755204
0.4410091712473845
0.4600778143483004
0.47864414577297326
0.43306359740968764
0.43311117072658933
0.463440485342542
0.4678806265759762
0.4510815580636386
0.46791465697318924
0.46963157303635084
0.4474286802099553
0.3939626143675837
0.42020860042123576
0.4653917818160893
0.4464645882023983
0.41931387817794596
0.47880871914537804
0.45416575244619367
0.5174796541914315
0.4373823660100415
0.4297223958703233
0.4613718635555726
0.4358321828015298
0.4737426662323549
0.4280725114466883
0.5240917188528694
0.46231540522575165
0.4470265742588354
0.5213913027778716
0.4663729424279242
0.48880851195135677
0.43337974613596664
0.44114588733610927
0.4406787566478294
0.39340143812604456
0.4433180208143791
0.47177382607325585
0.46563396920416544
0.4435765877055581
0.4396766058940299
0.4282276322480866
0.46067958012608023
0.4459664074348464
0.484930712136565
0.4668956937047328
0.4476357171016148
0.4756332909520828
0.5330377253142948
0.4366346193544725
0.45161014080647266
0.4284277155632953
0.5192062883078374
0.5144404188081855
0.48506982762733963
0.5303478451331223
0.4562267177261737
0.43848249781600684
0.4602434929851658
0.42097364128322473
0.4614755717656345
0.4467358664053691
