1.4280726233156393
1.5151696693689853
1.5063732181103124
1.4717194263584745
1.509699272456476
1.4750161446413934
1.3515398577442586
1.471928166528176
1.5640996072773634
1.4931468878957481
1.484150392234433
1.4999788105733407
1.4866230010804282
1.4564779925405011
1.4568104203368348
1.3889862557522523
1.370558101532579
1.5047037439962485
1.4300251710231437
1.4518668773352439
1.4401901645099655
1.5407330182504575
1.44842621830923
1.4217260153073885
1.3902838004773814
1.503973896166821
1.488741056435664
1.3449644372917895
1.3715172816724035
1.3453811304913568
1.5746490429099371
1.3610755763765157
1.5493424533979754
1.4807208999828827
1.4569577552221666
1.469619855780601
1.3807170203894514
1.49681983209719
1.3742668493002577
1.4461014289213814
1.5474343966456496
1.509871774667863
1.5686523907185679
1.4604270838017799
1.4822645108792525
1.4834746536308019
1.5223967293634364
1.4847718018379967
1.472689829665382
1.3198455802693614
1.4890796082011724
1.3737931865471438
1.431616654591904
1.509681735963824
1.5217217169044475
1.4137361935655506
1.4077777789105996
1.2941806787327417
1.4405305885825423
1.5313181269331364
1.4225657106807241
1.367895322432035
1.355329845768343
1.5356155783418515
1.4829063956327575
1.418216788480903
1.3837064982934655
1.4648522829947968
1.4144692767881042
1.4574629859695112
1.4465383469489117
1.3543504909306843
1.4950910908791237
1.5221816093546408
1.5635354895974276
1.4897193949358667
1.4167964939284703
1.45793283052614
1.4200544374268327
1.5069677984080192
1.4284008983964613
1.4116427616455096
1.4838181829483275
1.4052410064088763
1.5372384674045383
1.501190119206241
1.4038274223017984
1.347997160827771
1.4438933556192044
1.4613507096581209
1.4858356559513188
1.3760107423271382
1.3996336589729221
1.4513249965429558
1.4931938968498735
1.4224024193640237
1.3658762203633255
1.500546383021242
1.5014478894745968
1.456152009158671
1.4709939674009642
1.4784518163661662
1.425805626886153
1.5723754984188938
1.3446405435994107
1.4679709513899648
1.458852181112109
1.5425323527155912
1.5427662507417903
1.5040555477785125
1.4017111197567218
1.4910771488791015
1.4381650224519245
1.5124287017915863
1.4055119504047018
1.4698592085566422
1.339623983105682
1.3697117099052742
1.6722650846339766
1.515173428666288
1.4132362381377106
1.5060253079670907
1.4458078365442417
1.3431786027575168
1.4404485372754212
1.370400540374878
1.367938626039736
1.6138812154106756
1.470361472386096
1.4147637398678254
1.428408514877315
1.4423286062166545
1.4822940801654276
1.4578583126975202
1.415148924284472
1.5819803704132398
1.5400531977920202
1.5546530987962899
1.3876720602435904
1.4220633617324316
1.4895543826353828
1.5183556408152257
1.4454783881527138
1.4441250248453972
1.421637660665276
1.3904407348926742
1.4405511298172973
1.2836324272468893
1.4646705599745118
1.5375071051742202
1.473436092866456
1.505184747331544
1.4481395174505667
1.4287392826609664
1.3613105943383221
1.3971017845537057
1.345777723652779
1.473139164668972
1.2648438329513545
1.4212099356276016
1.5758862407817962
1.4749606056817797
1.3414136462632837
1.3454061014212653
1.471350363190356
1.46245094823194
1.3798772235897243
1.4716014335936562
1.3994734560114315
1.3476506886068609
1.5273543509751177
1.4644314159103087
1.3367774011417808
1.4237456635280574
1.4909484574136678
1.5306406791051481
1.4395442319265113
1.4286275773162
1.4777362991676533
1.4461727548996408
1.3833692431383005
1.4207335640343182
1.4658737043823677
1.4567312229059628
1.379266676013172
1.5519301211703385
1.4476654794940351
1.4384915146467072
1.3653109047813696
1.440023871605716
1.4189824459377114
1.3647225917319044
1.399631474215335
1.4295311501256736
1.3130853115654086
1.4118946965272339
1.5790116150295728
1.4967396537186999
1.5275338776097984
1.2918256272070194
1.3694776691789403
1.4809033275702042
1.4729030913070054
1.5696911716226352
1.500882033513543
1.4081685855075186
1.427215425370709
