1.3097779578259678
1.3078298374184842
1.3679854400261502
1.3453097554417521
1.247476123598489
1.2478591806961095
1.0738819875460903
1.2706215393929177
1.184433932794141
1.251831343436167
1.2349389048832702
1.2060311553947816
1.1878352821797493
1.0773801215806191
1.305169062168535
1.103075107372575
1.3224836411804093
1.0788970438325294
1.3890238492512947
1.2580605804287532
1.377103752168915
1.2345973623267061
1.2675737131081555
1.353844949915235
1.304985926438112
1.2702749276853313
1.2692746179048755
1.353113596964777
1.5739182271759447
1.3853070124408522
1.2927019626721707
1.4458103095427655
1.49823896381322
1.3251498536220863
1.3472485528393567
1.3192615712521834
1.1238654091216422
1.3104476780171987
1.28734598043834
1.2437216544288765
1.3880714008635018
1.2168292958548448
1.420661168768785
1.2645176796629345
1.3245920508710962
1.275731028215085
1.3629169293866428
1.379153529458928
1.3795817041784022
1.2499147535295714
1.083213431990268
1.2153210107513424
1.2420805538566102
1.325356678015206
1.2802638938667488
1.094573360548332
1.2171935779697673
1.2630272639800815
1.26561572844463
1.2330917608134713
1.3483694690247907
1.177674779462082
1.262186368066066
1.1762396759662213
1.322594060754746
1.3412837415429157
1.2412784157239973
1.2252139869914347
1.314689767514042
1.2771023937626091
1.3119359092918645
1.3300845923174054
1.3436873487926462
1.3163996122478434
1.4675145291655087
1.4783997339992747
1.281635253437614
1.3981559344939973
1.5143168107481846
1.2824354539411575
1.3696028411571917
1.2742880218006523
1.3237544349528714
1.3197675019964925
1.3043400205074647
1.4656592625359823
1.3091589600633735
1.2882717782060074
1.2659603179352932
1.2733574270324164
1.2810681100039671
1.3264204461452078
1.2863699932543686
1.2170582574758722
1.2694129971764097
1.376699996531737
1.360203769226705
1.3921981873029012
1.2586387727533666
1.088087560640979
1.3369642721319828
1.356055381958832
1.3621479179873124
1.322922372856678
1.1544312929549414
1.2051272352158764
1.1320589342846399
1.1919654673289632
1.2917808719866417
1.2480080957834048
1.2045080794060097
1.1610081255595162
1.3341254114199905
1.211932860360688
1.4223356222913082
1.417085204550964
1.113677095839667
1.2812910804445439
1.4473378879507595
1.3439386393069306
1.2659815985848653
1.6534599647166432
1.4281710535026928
1.2982267226671362
1.3405081782841841
1.4175885057171362
1.24454229601755
1.293174016485129
1.4592466940090674
1.3053299943340277
1.113952635586759
1.4512111897702304
1.2439454553605311
1.4428549983608836
1.2673976872289234
1.5031904835747878
1.407770376271022
1.0617584327708074
1.2567614755166823
1.2653413098630046
1.2784731349100729
1.284021663150245
1.351444637512671
1.3064052753505198
1.179109891869051
1.29412574070326
1.2058601552745374
1.197233898708138
1.316197801085765
1.2943878518902054
1.314285790739199
1.219733991944151
1.2309733038503612
1.278365076038524
1.110611813163649
1.2344057868073552
1.3161392596711685
1.306054935603051
1.2481820744113166
1.3519380491348705
1.3126666529938031
1.2823280079153276
1.3660767577977957
1.2984562485333306
1.3332933301605425
1.2589000942842492
1.5394131663722326
1.4380569594978652
1.3586333304958433
1.4181063919223171
1.4552578398208298
1.3040397441453973
1.4876103717625595
1.3499424775507447
1.2500358759061592
1.339077568197508
1.2556077701699209
1.2228951805080028
1.3913597645313136
1.4287083288820202
1.239754763445215
1.333274376933402
1.3158499602441582
1.1895215862352864
1.2711813404898362
1.173512776473789
1.304906833423326
1.3152205197081381
1.3257139584190292
1.176084458384015
1.1766574154345761
1.2497827813380515
1.246963693171931
1.366644553601018
1.3115761047015002
1.3538803044836425
1.2856938482093165
1.1867929220595472
1.097338318932476
1.3037700373768133
1.2454739388485494
1.2125812645978935
1.2685701998244379
1.3271054246216976
1.394652509667728
1.2669367940429592
1.253106176943803
1.2655708376711035
1.4111105213184645
1.2914691997351597
1.265126481475518
1.2796191370855179
1.2915197330600658
1.2815294004792497
1.7048020718316212
1.436883390226868
1.476996705858033
1.3009597308428649
1.3905968121362349
1.527875870554874
1.4455372738704981
1.3060462664673451
1.2409014004800305
1.324208585039218
1.2773661302450567
1.3277788943972226
1.3254242515531123
1.2703032784103612
1.2738490298380043
1.5399703920489862
1.353858562304051
1.372876219666666
1.3608885395838972
1.1207056811744398
1.3416956707716037
1.2548037237908634
1.3557547358462227
1.3581461353803639
1.1096554314779743
1.3360011582507152
1.2689124799136875
1.3863357230965507
1.2660516405287068
1.2181066767365125
1.2016404838843038
1.179840268953077
1.1953130990885497
1.3727948557114773
1.1381925784077207
1.3214428836611751
1.2015191778800403
1.3416159031144612
1.3689264803298435
1.051372107149769
1.2876958744502638
1.1875198905656381
1.2560272603399611
1.2542423850496798
1.3121815598146809
1.1326738800154708
1.286588845934532
1.2380533774655111
1.0627758466236505
1.3055825783224488
1.2456105021197752
1.1172629700785306
1.2796258060494665
1.15853351259716
1.2258815647362278
1.349697828791256
1.2075046398324714
1.395769305952704
1.3270951371614101
1.3808556378172399
1.3280690303311566
1.1004698001652515
1.310181878972886
1.2946815721610367
1.2637749462758066
1.569712681300543
1.3374442460208047
1.2776093251918277
1.3919256205174864
1.5373665713038973
1.2902708721772733
1.3752718171121228
1.3116852909773744
1.2541748667096346
1.052205420134481
1.3920528960503067
1.328053629930283
1.489911382003611
1.3280530814619864
1.1362796891513245
1.294343828787016
1.2694322675690555
