1.0537228502747606
0.9699362905727418
1.067581516636484
1.065314509237556
1.135235775810872
1.136505693415605
1.12374191514477
0.9632451426323951
1.0749114611898238
1.0485622127367629
1.119395017306496
1.1350010123586847
1.1405173466003993
1.1283593844827107
1.0824628647723287
1.0689687726754746
1.0615827228105772
1.1396080407607867
1.0874001479715327
1.0573349024964005
1.0601175816385302
1.0474364998124936
1.061100200957423
1.1334610520541006
1.1524010757323155
1.0519815983746057
1.0669322859058903
1.1250458153835408
1.1329965253899246
1.0823782333069916
1.05791097724947
1.071049262745914
1.12404461797293
1.0657820617753548
0.9605880035819419
0.9709090964449213
1.0533395775001984
1.1480568516571652
1.1265860113756117
1.0624298859807642
0.990265490428768
1.0550226824176796
1.0597345015201822
1.1240198399624872
1.1310416859398782
1.0574285021075331
1.0606452709345042
1.1246072825210605
1.1385523714815784
0.9558912875314789
1.0624988876031896
1.055544065391971
1.0863708941462054
1.1508199895119753
1.1616633898876176
1.0665692506189182
1.0460616422167694
1.1369018206011894
1.1320823054575142
1.1385403974250055
1.0653429284636737
0.9635489684876993
1.1329049545108225
1.1350818121977089
0.9741821983534014
0.950023647380506
0.9682198054383183
1.0837092410093045
1.1321142349535458
1.150872970136017
1.0825014199213876
1.1336494643558854
1.0538510003135388
1.0633617365442891
1.053391557224661
1.147436023964374
1.133019152829782
1.0582609000971859
1.0876831161726934
1.051341380912745
1.12659830287339
1.0684686825967602
1.079645430908359
1.0617644554367447
1.0735677275724549
1.1330682053200707
1.0550368911226973
1.1317457941261118
1.0592137736751226
1.0798960462755687
1.066953876226479
1.1482361379460273
1.1372887411289094
1.1373986946865113
1.0555937882337845
1.0731114992865436
1.1323826717284324
1.0600176758548316
1.0745993023572584
1.1353193714324812
1.0622869151651626
0.9699249575202266
0.9800702637299582
1.0870749307137242
1.0653710133227314
1.1264932093413291
1.127244573730635
1.1409056201588759
1.0514939585349503
1.1269903689779193
1.0764196449375498
1.0532625253071182
1.126892368465342
1.116427154000341
1.1286672695739681
1.0633785605245847
1.0651661327795365
1.0585780663675282
1.1437355375660994
1.0684996835977443
1.1288990517791875
1.0671251278024136
1.0558648160738393
1.0644545956400937
1.0554348600163852
1.139183317356662
1.0577031057113013
1.0612387833320431
1.0594136455383683
1.1401600104296168
1.149343702149777
1.0517491391142284
1.0489392735332026
1.0640052955949897
1.1255173815816186
1.1336246103196943
0.9598491226512887
1.0041229070881657
1.1384989082057115
1.1226163058216843
1.0648901881468427
1.1213288400085406
1.0581702167395062
1.127457672446376
1.0537611944272534
1.0984648037123141
1.0563980362145955
1.058414270147458
1.1258225444577226
1.1451329885671966
1.0533778076988252
1.1294216774172852
1.0502013864945825
1.066435070024653
1.141382629274043
1.0561180149579472
0.9730376935254852
1.0548618794540157
1.0579538544835057
1.119697144480814
1.1342374445763164
1.081697347829504
1.1538568734640249
1.0566619498406946
1.0587760986024115
1.1318043219662346
1.1536626058275345
1.1433707854799542
1.0581554707717677
1.0525164977163446
1.1382564997378235
1.134223053201868
1.0573582394979153
1.1270708536895029
0.9786628579893808
1.0692084796636232
1.056951051880319
1.1282504347869842
1.1371979886103905
1.1200609635245902
1.0533930079405605
0.9903220459503679
0.9674919248933621
1.05548964957368
1.0544571935008047
1.1076937087912515
0.9737143456738048
1.116854783235624
1.0647803426671196
1.0643975986104384
1.1281827749144093
1.1218463722925662
1.0638694498044918
1.0595504806451583
1.134642865948701
1.053643695816786
1.1334413860229484
0.974336206452034
1.0787134579638495
1.0627223829891084
1.0507945942556014
1.1372782731033326
1.1495699474140664
1.0605200384413402
1.1208218144853845
1.133013054201349
0.96539160780165
1.0771012749790894
1.0383133489192626
0.9735078743962264
1.1341656323797733
1.1535691417113774
1.0627201978677652
0.9657369766536139
0.9633945056530258
1.0624839592735635
1.039724050177367
1.0534697636178971
1.1286989903958782
1.1352922505205885
1.1153147529733427
0.9651530944195893
1.0605978895504886
1.0485918883850471
1.154010630436098
1.135185626212671
1.1336767643536552
1.0592984868159672
1.0564461104598073
1.0684115921896855
1.0537854427607272
1.0873400507360431
0.9559084101398068
1.0568018458398527
1.1333795910649689
1.1328451946913587
1.0451769620916247
1.1340087619787447
1.078192862082882
0.9696309981497173
1.1269904977264713
1.1227343320622456
1.0528035582627024
