0.9446634507075706
0.9145648790432355
0.9192546995604479
0.9634401669061361
0.905956390755147
0.880778026111425
0.9271766564031243
0.9858110759877985
0.9327170515347409
0.9582796607207307
0.9055632177592954
1.0029809540571448
0.8622038951988102
0.8924407399516643
0.8468692070279271
0.8534203995019829
0.9276154082996764
0.9646497892880755
0.8870702039764908
0.8811805089422613
0.865575321753197
0.9967577638167326
0.9137094968144797
0.9690614770227862
0.902845066764258
0.8603915716756327
1.0326699048944468
0.9588304681259181
0.9292185462121
0.8291002467384767
0.936117655972673
0.952255441257824
1.0414579531386343
0.9154565434296917
0.9591825752705969
0.922140318914992
0.939948178714046
0.9704399578172835
0.9001015976680612
0.9492211421317314
1.0070717962363283
0.9395393199747222
0.986302484997592
0.9371081281752711
0.9246766604690575
0.8420162309913033
0.9330462209668162
0.9152721124082681
0.8824638639464781
0.9144217217604907
0.8982285976234937
0.8351731323730673
0.8439740074096649
0.9955828693390469
0.92751964244344
1.0086623094800686
0.9464531939120517
0.780009459355685
0.9089332923409564
1.0586024899169981
0.8603182258659519
0.8681944236399073
0.8764570992355335
0.8978013124450166
0.8946852056577788
0.9350588487566919
0.8364828204301578
1.0468078439930002
0.9257474552699916
0.9150217613636267
0.9729566563349977
0.9763895853348405
0.8492772064433688
0.9988342522580638
0.9820850722081366
0.9282121670571931
0.9086833318170927
0.8371790167653803
1.0355616592566765
1.0050386622917262
0.9171666051671414
0.9396516277757134
1.065597903689358
0.9441463721524799
0.9890812877042903
0.9792885896783183
0.9098933036422268
0.9444897525833658
0.93973831522587
0.9675171831498445
0.9396412226900308
1.0200518446151285
0.9534200020858214
0.8569051826771887
0.8577742023197363
0.8770457463211547
0.9837520336890613
0.8520434605227651
0.9452471859700331
0.8811828246945759
0.8614614510892441
0.9545779251916776
1.0121111456666534
1.0008342751434223
0.9348093521604797
1.0208385980314931
0.9219915139293862
1.0095088559754948
0.9191330986043275
0.941013961896531
0.8787935970366167
0.8915473691193871
1.0183543417703247
1.0487732731120762
0.8975121608075631
0.9100646604279183
0.8441557970233948
0.8473199331669974
1.0425821730900884
1.008671349351903
0.9759208457251984
0.9252274466559225
0.9410216298232164
0.8802837360356401
0.9326997582387566
0.8324925640727708
0.9145108711682703
0.9429487691735143
0.8624904069649172
0.9986896308722254
0.9895991911646743
0.9943286757037512
0.957206604439929
0.9216447671586939
0.934435403761795
0.9364957295777601
1.01346580209883
0.9469600474025724
0.9582245025616163
1.0568163445203012
0.93610625207318
1.030518202410962
0.9262947855476931
0.9805441009868499
0.9560547893975662
1.027986398818707
0.9144811329383697
0.8655196726121488
0.9509907978385821
0.9561041269558326
0.9496196024288048
0.9278755071518346
0.9325440096613129
0.9499503461782595
0.8712594225714785
0.9306705248247087
0.9237765686486519
0.9441774105204113
0.867144970633726
0.9831876243782525
0.9158437326282217
0.9724189211509651
0.8982775262787384
0.8828990324130658
0.9759675458876486
0.9070486142177512
0.786080795546013
0.9639117940958541
0.9658808039536317
0.9703706433915884
1.0448862303062298
0.8533220278285782
0.8126849651902535
0.9533266919488763
0.9692484464541604
0.9909780103810819
0.872388967398346
0.9922494070667396
0.9464834283512842
0.9944978026731909
0.8791392253441292
0.9766687794803862
0.8708423464781545
0.9365616146513885
0.775088495804565
0.9705542418225067
0.9419141524494865
1.0284900083925255
0.9078329205770492
0.9100284541898632
0.951412637603752
0.95232060661009
0.8965143675915241
0.938489448586553
0.9115140163848248
0.9063573929874158
0.9601068706204934
0.8775002189332705
1.0468248489207417
0.8861909250105684
0.9453437431258707
0.9852563409021483
1.062347397595952
1.0407716155146234
0.9659795575294782
0.9089550462224262
1.0139377116157373
