0.6428903228924905
0.6024057513376495
0.6342277729159642
0.652335679986114
0.5961501826508746
0.6527803496668093
0.6122988653010853
0.6728112295316837
0.6777979196627255
0.6503886415849178
0.6881664185083989
0.6096997104243431
0.6354866418633325
0.6225176785746163
0.6081885772811233
0.619399469548311
0.618439461111111
0.6454172005338914
0.6255432887608083
0.6225036707482774
0.6493407760958849
0.6364973327227577
0.5832560007101375
0.6037326218607075
0.6515432301277699
0.6184446502273171
0.7086944267443162
0.630458864271124
0.5895057737086615
0.6298957089812751
0.7285012130239235
0.6338198585212564
0.6536723213111277
0.6003662049870871
0.6160462421114881
0.6262082460326523
0.707199291352747
0.6032805486423498
0.6123209663605018
0.6393856571948588
0.6506974006572765
0.6549590500813377
0.7257222442161921
0.6662805491511302
0.6599648403558576
0.6788973500976565
0.6508162990511788
0.6638696600348499
0.661345259491685
0.6318660034163929
0.6595211140979131
0.6204238613660722
0.5769948317620481
0.649609584686257
0.6059553949252858
0.64490555202851
0.6130127388649503
0.6649126974444011
0.6231155146675689
0.7122392692968447
0.6259564808586403
0.6418911375219611
0.6395270551680862
0.5959204172815135
0.643336676962257
0.5835249542946896
0.6787007765112336
0.6240519529960742
0.6005126198403137
0.6249295233498497
0.7135838034070587
0.6011787125959791
0.6369913704957701
0.6542340852156092
0.6226245660285996
0.6129135249288591
0.6594066390097464
0.6156658332398546
0.7200248068941373
0.655844150600603
0.6345165865564889
0.6638489714891465
0.6737576389728495
0.6462241475173376
0.646149091112929
0.5875380839366766
0.6628680949663843
0.6243200296810842
0.635148241258508
0.6668475164155799
0.6559193509104273
0.6586327465236763
0.5981127114640923
0.6307166874612906
0.6353543639426303
0.7206697889858649
0.640487068796127
0.6714038617934703
0.7343923316567205
0.6529288294764475
0.7317569065633422
0.6491999260383494
0.6711848489115233
0.6692057629012007
0.6760115712187831
0.6485686530566526
0.650452138416743
0.7069694479319436
0.6853354609887821
0.6429847374859394
0.5960369751121342
0.6263033457626055
0.6242254325643106
0.6170648788873548
0.6119425092633626
0.6855788304046374
0.5728568772044906
0.6348775559557358
0.61730802559683
0.6181836169934898
0.6515732614002001
0.633119670312167
0.7260844763259268
0.7028642839111368
0.6446776458409478
0.6543678472093764
0.6476365515899032
0.6606266190605299
0.6385778776359956
0.6412235139830598
0.6289240373460274
0.6147391888944298
0.6462272372389719
0.6397510707710041
0.6560968578811184
0.6164985121827595
0.6365796025041867
0.6650967560748217
0.6436905213757625
0.6399558666552259
0.6157885640526617
0.669082128930536
0.6621286001740829
0.6852794689726938
0.6462048271584554
0.6070928870832841
0.65932630466269
0.6432332101168621
0.6698333045229798
0.6496297060972656
0.6222080746992956
0.6175658380813013
0.675645165103345
0.6193144597544846
0.6303051410692984
0.6356159264318597
0.6151081390181771
0.6147663515968584
0.6380080769464133
0.659660488467456
0.6271608983779373
0.6507712851860499
0.6189537997378205
0.6607405022746797
0.611512605900771
0.6504396099420121
0.6214301028679787
0.6985282411431448
0.6270065384863976
0.6714924852157981
0.7127562807930279
0.7150463218783776
0.6480737651945124
0.622467397434013
0.6213235394709535
0.6398264990202482
0.6639372556685057
0.614949696133771
0.6519339913131814
0.6341529478070059
0.6344166265323732
0.6247326332258024
0.6522188358350163
0.6863472509736245
0.6501560001380984
0.6514758732362007
0.6175356040110713
0.6373957275641133
0.6591659647384627
0.6484973079782089
0.6351460679878138
0.6539935760394002
0.6534596175043805
0.6270962916358646
0.5668796484430592
0.6240488640406234
0.6756675238065052
0.6614657323746179
0.646519720553414
0.7000168467204864
0.6116161739401333
0.6439254941382846
0.610603111393915
0.6552408491251054
0.6474389509791443
0.6264599823018939
0.7223756673147914
0.6731325599868347
0.6621453194985634
0.6388138880229006
0.6747882956493064
0.6395634145068891
0.6184081892104255
0.6406448624874521
0.5770463764586571
0.6389453327397441
0.6302372074176948
0.6205303698612729
0.6274793100415269
0.6687402810772156
0.637019228437432
0.6645771379680003
0.6589795347689364
0.6474820710839824
0.6456992985560607
0.6690388257820814
0.7331430820855391
0.6242122878007836
0.6452842409322294
0.6299524211083372
0.6162747832794313
0.7404029172402911
0.6947570379785987
0.6538388575060308
0.672214010416525
0.7259326447094039
0.6499782575481333
0.6190890800124585
0.6133496456159258
0.6640298938429791
0.6085163730505911
0.6412943099992896
0.6514671883547243
