1.3924627104324332
1.3178847289352509
1.3317040580859567
1.3718763595191548
1.3376409999641887
1.2433530407413547
1.3768046129326164
1.4019416900472472
1.342533934782458
1.3017778097300874
1.3582101052072402
1.3996138552485147
1.2499410459087619
1.2956148192607575
1.3123348936436892
1.3382207026051272
1.357396729751926
1.1569169199096656
1.325848351852879
1.4622027209859971
1.3955059156235028
1.296816889079826
1.3360184555618142
1.236959496932404
1.2804453006748882
1.3001470455281678
1.4010526435189161
1.3588944550438316
