0.47577548708867823
0.4177639481745151
0.38446805685797436
0.43920430196057225
0.4829967477160887
0.4486858209470431
0.47896283954158736
0.31590533812330346
0.3840163487235979
0.4494428217855796
0.4266052807743772
0.39410113851724593
0.489417918309225
0.44711127832706277
0.4990305094501989
0.4148153214313536
0.43285707065860146
0.44825918460225134
0.5140216553788318
0.39370730440085244
0.4167788472463989
0.414532070849568
0.4211104867338029
0.3679880830018386
0.35266446504994764
0.3485437012812175
0.42130908944147555
0.45212024607232537
0.41901058074707154
0.41466895999572706
0.3794722170469442
0.4408808062208365
0.4480419386126103
0.381757982794386
0.42959224198660617
0.4875943962904601
0.39196490083137037
0.42212261332526446
0.3957879001983592
0.41357976879465685
0.3759744554606931
