0.37932369335671423
0.37858641927777936
0.38419301694643715
0.3935535884674959
0.39449170839666003
0.398720694944699
0.3733511002744575
0.3714982560179516
0.4108146263344499
0.36735702162463046
0.3796634748981967
0.3980574956103896
0.3942530840053965
0.3947504498102439
0.4113664310917743
0.3843064510339005
0.3908327368492247
0.4087537106411012
0.43715218267242817
0.3758807127680126
0.37944389431154324
0.3710407410454125
0.3802185703358987
0.3973781301668332
0.4215993323573485
0.3731090865304718
0.4030762168822032
0.38190981258526346
0.4046128124099915
0.42809529283393954
0.37456812499999836
0.4032849198211631
0.3872747715997973
0.38689298806683864
0.3533271226568416
0.37339954956058935
0.375764220335632
0.43462605253891406
0.38278985714612757
0.3980337660647224
0.4147027168052486
0.38392323299258996
0.3926682434073372
0.3726875672489183
0.39827229696118943
0.38269741610606567
0.3835040269984487
0.394484335921648
0.39430051015892387
0.352595510505086
0.3843807000563192
0.3721707651034685
0.43273785519632546
0.43335426473823624
0.4425575490060044
0.3954137211273393
0.3571132500137216
0.39730007341440743
0.40177820903014105
0.3939069511498512
0.37895540822807583
0.36175641912511086
0.4027805930607331
0.4029533537500327
0.36938911139390374
0.33777464481700337
0.3488735921788071
0.43792608728826765
0.3930074172755128
0.4438727855426733
0.388381109023341
0.3893513304584959
0.3682626426135339
0.39591033448880286
0.37766607579790745
0.4198890200943962
0.4051201915156434
0.38531510790249124
0.4268341267763799
0.36059837741352074
0.3901672897858677
0.4033265271486066
0.39436476019007194
0.3841736072266567
0.38326576506322985
0.39525616499019256
0.3843123674802942
0.40063157485637624
0.3855258840159145
0.4322978280728258
0.37819594375730603
0.43377386319364186
0.4045633878251196
0.4138534769243223
0.3754435616527541
0.40374070824028196
0.38981910689772536
0.38003141861357786
0.4102918766246293
0.3954354908324421
0.3841943132055896
0.36439598253896766
0.3893748573764838
0.431038192733352
0.3918410679805081
0.3906137291315458
0.3886708891524774
0.41804977242784336
0.37363766443832197
0.39375974348070064
0.40251376441578235
0.36940946189565904
0.38647092407263195
0.37250077264714637
0.39194067264162236
0.3881275220647661
0.3885776687336765
0.36742693273505644
0.41690681180931466
0.403224952038135
0.3987200893739776
0.39950998068626076
0.3782808703323425
0.3822551626033293
0.3676149386374219
0.3963346026812915
0.3693491808893668
0.3779824751912183
0.3810502649897801
0.39972570561375553
0.43418208305398853
0.37316346098482545
0.3481404828004776
0.39133335969391647
0.39148170959790113
0.40103627448088885
0.36241380365791526
0.4253024870445484
0.4196293953587915
0.3802455315400094
0.37773112263842046
0.37335352737959526
0.38668061888969607
0.392701604434737
0.36828961742593536
0.43338408915085913
0.387560284374846
0.38109366478597095
0.3837822499999748
0.4228552628486787
0.3679386894223887
0.3893639257833533
0.3672784510379457
0.3808833764616223
0.400248821010728
0.3625418481545606
0.390075739583856
0.37816237499998573
0.3799726473022985
0.38403980209995214
0.40153677840344715
0.42908437260046606
0.44932702590300566
0.3697624733591264
0.3900080101247201
0.39544854835301857
0.41490096923082675
0.41075066777602287
0.3782473249999613
0.37665458550040964
0.40804131173513025
0.40468463851382763
0.37806121685252037
0.38859565219050995
0.3829590010851446
0.40130278822898047
0.37888928225796614
0.38320609494293556
0.4119408874004218
0.38356455
0.3813306489787167
0.39073185082329487
0.3693120082954436
0.3761715365699131
0.3754084998850452
0.35803954157791057
0.37710377477386403
0.35822549401653203
0.37926598979150195
0.3780328274465885
0.3919341772797992
0.3718869524215891
0.38428770547408664
0.37752659999999394
0.4140225740026653
0.382606726217394
0.38982963194927867
0.3901920155346855
0.4266117843687639
0.3867815758304334
0.3750655829167975
0.40988325617991717
0.44039899992698817
0.39319388083524953
0.38452799999999376
0.39941351917492407
0.36447026329368715
0.4101646842085226
0.3524397898687758
0.37352944475723665
0.3982335676206771
0.44327435530978954
0.3890323179541698
0.36654447875101503
0.362038471107105
0.37890210652526946
0.34738923980938063
0.38181137697336
0.38870829059368633
0.40225486319934367
0.3715213465538959
0.3657279486059425
0.3917763360335348
0.36764511769334557
0.4392529324264485
0.41124794522648267
0.395119869417552
0.3879304257779948
0.37273738674070944
0.38890603257214207
0.3760664800909437
0.38811622654948574
0.3467566681669375
0.3711540238434484
0.40664298254005415
0.4018972859344414
0.354887795695559
0.40368794360948534
0.4263332169669046
0.37137957725181586
0.3951574660411781
0.3812768112992615
0.3783966888309013
