0.6687003107226921
0.6603658065794735
0.641280841738837
0.7589702672555216
0.7219079420383936
1.0612132619698251
0.6349484378077098
4.068867600983226
0.7918533638110653
0.7066092240033245
0.7268889448579231
0.6977680224710053
0.887151440569399
0.7164292560991955
0.6420247936704317
0.7075407142490514
0.6171211271917326
0.7569058492571236
0.6815294643732608
0.7221863547845742
0.9489599966880627
0.9713829638162585
0.9906772419627475
0.6698603418942721
0.8220073402973138
0.9695967148100584
0.7123322272752669
0.775205995259132
0.7247902538200444
