1.149131863534003
1.1374609271801501
1.2095621318363095
1.232188593059295
1.3252606265795182
1.2629097452243503
1.312416437447419
1.1331614609391572
1.2477348331731308
1.218625373809787
1.224613358896882
1.225088142749186
1.1621989664596
1.2185712225347063
1.2256183474630862
1.2201496660932647
1.2274349665724267
1.1266785200533629
1.140087856285189
1.22334955385417
1.2047233972057303
1.2597803056345132
1.2110074473089303
1.211490872288925
1.2281395421145378
1.2196511639362606
1.238342629477847
1.1063577991736686
1.2075255019760176
1.2872392899270833
1.136033007415868
1.1330720067479885
1.1418811212573265
1.2270919718548468
1.3551687102175354
1.2261333247071835
1.2015285298317264
1.2840674595407235
1.1373193881044248
1.2581451156813892
1.236767048837867
1.2921037665115036
1.324071178141261
1.2422531136472108
1.1634583078601506
1.240457363684219
1.2378058886500125
1.2211125943806453
1.2250651794038736
1.134442161260925
1.1903742620327882
1.1452920832813451
1.2222826287351805
1.3032256497324575
1.205829914642153
1.2413848370873755
1.2311701305324898
1.2900690861160122
1.2249754457233766
1.2262434885713656
1.1332668326480615
1.2845282928993225
1.2961516578124872
1.1023823654406093
1.1495907316604221
1.129685056195421
1.2216137176372384
1.2381566919503113
1.3572427545804862
1.2013990455947723
1.292913930220375
1.1470216250692222
1.134651359521819
1.2346334698432508
1.2382767513121575
1.2799819255986866
1.2924868699079832
1.2329309123920773
1.133947471063672
1.2356989482775478
1.2557500424873682
1.3065783489313492
1.228361882141976
1.1089955434066547
1.252927514375874
1.1273455047992171
1.2316180195184216
1.1473691547202967
1.3188494438883782
1.2371412945662352
1.2065885616604737
1.2199667008484942
1.364203665537962
1.1471177935349337
1.2078952249385897
1.306003584540668
1.292681445892286
1.2304141758627227
1.2116264491730169
1.1569514799033067
1.154462111888791
1.2432320725086345
1.2455083701817051
1.3039059373075175
1.2873478818957733
1.3320571903242993
1.261245858204088
1.3066043374392045
1.1964892616898761
1.2109570282615036
1.208842809611486
1.2807583954975512
1.334439495041735
1.0954239269514332
1.2268210781000075
1.2091019110372316
1.223609212787519
1.2369547583155307
1.1464656099472652
1.2914965615091163
1.2657819729962958
1.2929595601635069
1.231001763780446
1.2280471823291017
1.3184888861247477
1.2318233968396086
1.26789115132058
1.1340178212724885
1.3094698861149114
1.3110437694890633
1.1253854674029533
1.189042113692835
1.1370419891266628
1.2339598292872538
1.2308832262566827
1.1472181859065154
1.1973612423316529
1.2557531116778688
1.2548619133587597
1.2627651567099347
1.233821070532306
1.2021980389896556
1.2992935824023526
1.2245202329890776
1.2511509192695744
1.3031067819756241
1.2254378661692193
1.2771492814007486
1.2091659212463948
1.25523302484705
1.1744867233291183
1.2257803753749095
1.3109212660106115
1.287920003261042
1.2263577029950343
1.2541226197995514
1.2167610450560238
1.215009240107086
1.2294054814954234
1.2203763693107363
1.205357288282431
1.1593377664351205
1.2969303363839646
1.2996729674810121
1.219674194938857
1.209090859993199
1.1373880382082726
1.1397845647595304
1.1874896788071776
1.301020828421314
1.3386707283267545
1.1908429039919046
1.18626503667282
1.1587781171260707
1.2378164774539173
1.2259178654019163
1.2922357252811165
1.2255039345585292
1.2756726871506991
1.160227058692631
1.2239490930651185
1.12915180926578
1.2427651898618088
1.2324595947903094
1.3256957916185346
1.230355798344403
1.1475461333898975
1.2558607800519384
1.2134402343503075
1.2251219537932427
1.3067143295334722
1.1581077785614662
1.2359144294544044
1.1522247924251117
1.2322472854788151
1.1892010342497152
1.2030678048065153
1.2457236034024235
1.2208572588277309
1.2113960025615285
1.2564548855933777
1.1356299262510126
1.3562249704054157
1.2871918729155087
1.1501827102272346
1.1228802078037141
1.140633013348532
1.2482647960737197
1.2917339517346893
1.235549513053779
1.3549233769874665
1.225025747829574
1.3050970902288337
1.1586545398106696
1.1310362223889063
1.2272398686586763
1.2472436046572164
1.3115857046620518
1.2201949098695286
1.136938048331889
1.212585289348321
1.2385021362748183
1.2205812757588723
1.2554496914217972
1.2398072824345818
1.1469780807306456
1.2308191992266355
1.161962226005417
1.2232847131327644
1.3009306635251794
1.2282291253513034
1.2278576298179218
1.2886845090171029
1.280242962124996
1.3113592564740228
1.2567308863914333
1.299900933636005
1.135252752731848
1.126755814756923
1.2926772027668438
1.2757350972356956
1.1461819194198928
1.2973572107141869
