1.2950147569907713
1.262739550229267
1.2309359932793118
1.3343423224497815
1.2890200279448352
1.4052346154944395
1.349584801642892
1.260340480078807
1.43822747976921
1.4092926848469753
1.3845793516761922
1.1972534962152048
1.473986466220996
1.3187286931398061
1.5152872389010226
1.2175097744545322
1.4180560307791734
1.469549699919117
1.3850523081431987
1.4658608833147422
1.3692868056543186
1.4072828558214157
1.4272011124969277
1.3862816800482283
1.3507861545185647
1.3621036026572049
1.5759827698565994
1.2810736275899852
1.513203212747098
1.3469683474443723
1.4951379339143835
1.3323761464871338
1.142433785642173
1.3426358563277685
1.330208610557411
1.1083693760135584
1.2981540633157471
1.4137511870386101
1.1822622960786868
1.383921734897707
1.4583940400102784
