0.19646306666666666
0.20133302420382165
0.2070297412128235
0.20621118012422363
0.20506666666666667
0.2038581048346056
0.1895904359693203
0.21044830144927537
0.20404255319148937
0.2089820484203053
0.22125456408030386
0.20475651189127975
0.20587275693311582
0.21105424769703174
0.2044241573033708
0.2105263157894737
0.20740740740740743
0.20454545454545456
0.19495265
0.20215661103979463
0.211462577245509
0.21766039842312745
0.1884910646845061
0.19370625069782538
0.20605449041372353
0.2041591320072333
0.20670391061452514
0.19182208838146408
0.20664406779661018
0.20802187784867823
0.21010264804088585
0.2092652700655084
0.20623728813559322
0.19409361030042918
0.19520670534351145
0.20813618003462206
0.2052180128663331
0.20387323943661972
0.21043757527097554
0.203202614379085
0.19244128409272582
0.2088135593220339
0.21245221752402488
0.2053519299270073
0.2143063724137931
0.21236263736263739
0.208128078817734
0.21479128856624322
0.21197882197220386
0.20415368639667705
0.21452442159383034
0.2051631409107207
0.20628930817610064
0.21264211005002276
0.1962397216168717
0.2155516739336493
0.21116282790697674
0.21525600530240266
0.2086516336861482
0.2034109544112824
0.21020848310567938
0.2116564417177914
0.20476013387876535
0.19302044106935295
0.20908123448031218
0.2078867915065723
0.22255442580645163
0.20863930885529158
0.19335782989356778
0.18637209299680058
0.20262734584450404
0.20316789862724394
0.2084272997032641
0.2164721141374838
0.20656534954407296
0.19054921425891183
0.21104082806210467
0.21087996557191394
0.20907380442260443
0.21640167364016738
0.21314176603773585
0.2145289443813848
0.20688114387846293
0.20463258785942492
0.20615577889447237
0.2042752562225476
0.20574929311969842
0.20371412492965674
0.1964981271922055
0.21145906686838126
0.2093326044213264
0.20932848164075424
0.20486902927580894
0.20631578947368423
0.20477876106194692
0.20754975978037063
0.2099900760833609
0.21468817834125728
0.2123274037683182
0.20813492063492064
0.21658388740438553
0.20958977091102826
0.21184792219274978
0.2088235294117647
0.21062874251497007
0.20492245448415375
0.20564612326043738
0.19648572144410614
0.21014261965678627
0.1909244487804878
0.2136708860759494
0.20600490196078433
0.20959692898272553
0.20561002178649238
0.20697940503432496
0.2083184789067142
0.20481283422459895
0.204367417677643
0.20798998887070377
0.20531914893617023
0.20606848721283053
0.1940630579906299
0.21358143255813955
0.22274108764044945
0.21126537322834646
0.2109748224661072
0.2115471357690573
0.20854503464203233
0.20465983224603915
0.19921095696202532
0.2097918498973908
0.18841638025016458
0.2083627477599783
0.20995168525569244
0.2248743520223152
0.20482160077145614
0.20718562874251498
0.2111228813559322
0.2093870789618995
0.2036082474226804
0.20480824270177447
0.20365392688172043
0.1972200682546557
0.20862266310568486
0.21094590672389127
0.20813615608136157
0.21051606621226876
0.21038062283737025
0.20479557331693823
0.21400000000000002
0.21065989847715738
0.2067316209034544
0.20353319057815847
0.20422386483632524
0.195133259688196
0.20342940532652318
0.20695738253189402
0.20813287514318443
0.20858695652173914
0.2041371801850844
0.2103067484662577
0.1937387076923077
0.20746400310378274
0.2220930604651163
0.20812425328554363
0.21102362204724412
0.19028945919329493
0.19448416106934002
0.19544178929969552
0.19647420748663103
0.2091867469879518
0.20957586005145168
0.19720711428571427
0.19320172286212914
0.19342504077669903
0.20877340039117073
0.21752206603465185
0.21091001784348715
0.2018438844499078
0.20465686274509806
0.2015421321076822
0.19064816991150443
0.20468658465143527
0.2162821575863577
0.21034569788380147
0.20332225913621263
0.20670489633877373
0.2098434004474273
0.21065891472868217
0.20309278350515464
0.20723258469737343
0.2069243156199678
0.20929045431342522
0.20514820592823715
0.19628449523809524
0.20823962914683267
0.21034395847634996
0.21503925970149254
0.2053541550474066
0.19032075387673955
0.20646130728775358
0.20233830845771145
0.19046001916771754
0.20872781065088758
0.19375072066631963
0.20829562594268478
0.2092371872611465
0.21521182581486312
0.2105263157894737
0.1967587727905731
0.20329105245114845
0.2079185520361991
0.19346525625965996
0.20922299431459257
0.2061782877316858
0.2043918918918919
0.18797047696307853
0.19291297974793567
0.2102512
0.20998656585365855
0.20899116383363472
0.20320855614973263
0.20551601423487545
0.20578279266572638
0.2087431693989071
0.2078769230769231
0.21141253507951357
0.20680061823802165
0.20697329737827716
0.19333732208720514
0.20935535288496876
0.22551797367576246
0.1925355846921797
0.2059069020866774
0.20800474355173437
0.20917186108637578
0.2046046046046046
0.19176068571428573
0.1920808827586207
0.20946351953801734
0.21309694780058652
0.20734722712822326
0.20893734548747359
