0.1878446017982018
0.17055444046692605
0.19355660408163267
0.19008295750190404
0.206494960806271
0.20607267297162768
0.20603318250377076
0.16898090731170973
0.19056617401129944
0.1882559509622238
0.20228163992869877
0.2054861322767449
0.20919540229885059
0.20299207978879438
0.1942039246132208
0.1942218735792622
0.18889727719298247
0.20511559272011806
0.19022612831765937
0.1905113730561971
0.1910119172413793
0.18677216464489374
0.19130955789473683
0.20488599348534203
0.2083007047768207
0.18852762755468494
0.18851118873239436
0.20454545454545456
0.20284505959246446
0.1899793934450109
0.19112755737473536
0.1905175014176663
0.20270361608651571
0.19198188387096773
0.17219512112676055
0.17233756083231333
0.18854283366619115
0.20287191269385413
0.2050955414012739
0.18752060147420146
0.1716899660130719
0.1873446329606924
0.1875142899082569
0.2063380281690141
0.20345276872964171
0.1888539970272502
0.19026072871763997
0.20118255728011827
0.20820105820105822
0.17002966613946802
0.190968368787515
0.19054344142011834
0.19081508327402136
0.20457142857142857
0.2076923076923077
0.1902452950276243
0.18956660860495436
0.20662589194699288
0.20309660047122183
0.2082934609250399
0.1937467121748179
0.17156827946257197
0.20325732899022803
0.2043025676613463
0.17497672132822478
0.17080106248600224
0.17712440467445742
0.18818719868258543
0.20530526315789474
0.2019682886823401
0.1999695327048586
0.20698689956331878
0.19067393950338601
0.18851738464994383
0.1880933596628537
0.20624575695858793
0.20272952853598017
0.1886157730729702
0.1929471263922518
0.19133519610299235
0.20325732899022803
0.18921680951122855
0.1970456254066615
0.19065292591170827
0.19678152252042008
0.20522006141248722
0.18725445369127516
0.20321500334896184
0.18903951583358275
0.18768766611957796
0.19474205217391305
0.20317460317460317
0.20500352360817478
0.2027359781121751
0.1897501037037037
0.19143467258320127
0.20623655913978495
0.19081508327402136
0.1905407820224719
0.20630081300813008
0.19090897928118394
0.17409638312537135
0.17292431752085816
0.19159201717352414
0.19053933966623876
0.20309317238777821
0.20395456457719816
0.20344036697247708
0.18815166315789475
0.20255524861878454
0.1933954813648294
0.1900929971796444
0.20432845321451307
0.20258838383838385
0.2038484666265785
0.19047149974610084
0.19125274920634922
0.1932464
0.205141065830721
0.18925770378933848
0.2022695035460993
0.1894991687296417
0.1891762904538341
0.19247760716921455
0.1916277953488372
0.208008008008008
0.192328357633309
0.19193787286821706
0.19025835652173914
0.20764857881136953
0.2036263303113914
0.1883978043109079
0.193248616066482
0.18998340787401574
0.20238826339133403
0.20405323653962493
0.1695540104111656
0.17596873178294573
0.2018421052631579
0.2037467700258398
0.19382641341381623
0.2048260381593715
0.18822905364732911
0.20305343511450383
0.19062229285714286
0.19670047956844233
0.18712304701358626
0.18974781887723627
0.20446570972886763
0.20435267857142858
0.19051833149381542
0.20486985726280438
0.18909518048780488
0.19381079089692102
0.2081291093843395
0.1932376454403335
0.1692328118667786
0.1887044459770115
0.18979786541617819
0.20133862171541894
0.20423452768729644
0.1893916807646356
0.20209668025626093
0.1917044565805658
0.18770014677002583
0.20454002389486262
0.21060606060606063
0.20649772579597142
0.19033000413589365
0.18790870248306998
0.2046179219351292
0.20344036697247708
0.18997791553582752
0.203886513797124
0.17382457872340426
0.19009264277456647
0.18956730537566802
0.2058236936577583
0.20311377245508982
0.2016393442622951
0.18717794172560112
0.17771096026936026
0.1716508603728202
0.18951604064436184
0.18919057177914111
0.20183696900114811
0.17281412914343638
0.20637101811367897
0.19338777388568432
0.19350469244357213
0.2036078431372549
0.20545144804088586
0.19167689853372433
0.19120769032258064
0.20131578947368423
0.18698426635404455
0.20676328502415459
0.16985299934234563
0.18851788288973384
0.1904798975369458
0.1874450013986014
0.20366832250668707
0.20218522372528616
0.1877756490118577
0.2017789072426938
0.20415314730694356
0.17181113807740325
0.19182356643741402
0.18686082699243747
0.1736044760088041
0.2050244242847174
0.20346598202824134
0.1899161194453402
0.17146526863905326
0.17142053504973667
0.19233055300546448
0.18882881513633834
0.1870961375656086
0.20467242254951754
0.20458240946045825
0.20227703984819737
0.17137746005830903
0.18816896076686065
0.1881987647691872
0.20469208211143697
0.2022808267997149
0.20555841482243953
0.18848073696348494
0.1908528085447263
0.19279338795180723
0.18869020135762773
0.20245506873065017
0.171497938028169
0.19142651695906432
0.20252904989747095
0.20344827586206898
0.18968063212192263
0.20358239508700104
0.1883272267997149
0.17220350476190477
0.20220588235294118
0.2035479632063075
0.18761670692362598
