1.7488684172716025
1.8776399198368188
1.8824175068571016
1.8832575652206311
1.5787055790107902
1.7378711104061633
1.7527569249036314
1.8738060212257441
1.748606339332734
1.749968837215743
1.7484937883658997
1.8726436266460085
1.7475180107749577
1.748138856785548
1.7553246245332228
1.8922934099200106
1.8738017912382579
1.7473673028938526
1.7404949563232184
1.8758516386136512
1.8749927100391142
1.875518573914495
1.7433225563050398
1.7463191919672754
1.8947561723767101
1.897536420343933
1.7454892798314234
1.5814125157319188
1.5774971485750897
1.7483038158960642
1.748900968840021
1.8830887219800894
1.5813311794089013
1.7391446645760187
1.7519315077786988
1.8731926745508782
1.873671016847098
1.7488240012998646
1.7507339778628426
1.8734508090290067
1.750768660731612
1.5845811731873096
1.7621882132666258
1.7473075021269477
1.756381444905411
1.8922071422096198
1.8737957455832719
1.748217159204594
1.8760343839100524
1.8750155539313673
1.7530938052170528
1.7447302632635413
1.5832401570868606
1.8942853247624343
1.8973868561134217
1.7448387161213461
1.5807312701524663
1.576312982657242
1.7485555881859915
1.749531822682938
1.8775129797672934
1.882072070018418
1.883156333198633
1.5799147509618003
1.736278855737386
1.7531266988485223
1.8724547190267196
1.8774921762036065
1.872803761219074
1.748597905643396
1.7494120123388774
1.7489541912161342
1.7504498009660117
1.5840886054138443
1.7611584531395463
1.892120958352021
1.8737522512789095
1.7482052965017791
1.876454626941454
1.7540978343112987
1.5836800362618524
1.8944580229633439
1.8972863189248106
1.745534090128127
1.7426209730446403
1.576760803712654
1.7486944979163748
1.7493105426887732
1.8777132469323434
1.882129159609326
1.8830601416341624
1.5795614364418114
1.7364469710695896
1.7531953870321593
1.8724028223654043
1.8774107606915804
1.8736010481281788
1.7487504254749404
1.7501044331779474
1.7487603846517872
1.8731065200908124
1.7508743448819477
1.7612651823490846
1.7472048694864226
1.755470599869269
1.892189073294533
1.8736538622972192
1.747455112373874
1.7404602488342589
1.8756525462511635
1.8755798174838378
1.7452855768993107
1.746468037886541
1.8973620283067194
1.745630779755614
1.581758937526334
1.576336375491799
1.7490849420254857
1.874507958325082
1.8856006301998751
1.5832282633182797
1.739112276252606
1.7562960161576497
1.880467095066535
1.8749107434002745
1.751165980284482
1.7529294428211404
1.8769067581410348
1.5871744065415645
1.7646684528163434
1.7518056133034856
1.761269209506981
1.8948665363696309
1.8785457455432282
1.7486967384939678
1.7437940757713464
1.8802328400849173
1.878831477285989
1.8795656095014102
1.7483807839721046
1.5854321797339228
1.8976696601371978
1.900491681209878
1.5843318368626398
1.5831897225436486
1.5808520142982128
1.8750133075157018
1.8806245241569362
1.7622817021499202
1.8863945744051231
1.7460675232772738
1.7388300270710586
1.753565143711862
1.8811868314767286
1.877249320349804
1.753116653154961
1.751331047656083
1.751927375515808
1.8764879203357459
1.751551887187828
1.7494358776921128
1.7633341293359661
1.7520267436186763
1.880693760086173
1.894900231466789
1.7540632197440742
1.7503551381918823
1.7443696414665448
1.8801319562446237
1.8780495278462106
1.8776789198209205
1.7482969695067967
1.7505057373179336
1.896573163549393
1.9001076360364575
1.748673521428568
1.5824037157432294
1.5796050342046133
1.7509481104081615
1.7533739337032197
1.8824193325703074
1.885213718399692
1.8875337292783354
1.743272738773125
1.7390745023021148
1.7560172788009791
1.875990052298578
1.8806421090378451
1.8744491034716573
1.7522552658626458
1.7522668604969052
1.7545774188616015
1.8770530644542187
1.7514372559492533
1.7506820119894555
1.765811819782248
1.7532262437495492
1.7621039236631644
1.8946257319749824
1.7557143056276767
1.749056642049032
1.744784841960324
1.8809854295315593
1.8795075149015137
1.7575870877765944
1.7499358074669211
1.89778568727668
1.8995413073755962
1.5805161605925877
1.581829686678542
1.872912021679205
1.8747689921218549
1.8808205257192354
1.7616129885511076
1.8867060890767664
1.7474575238531451
1.7384246694332297
1.7540326611444226
1.7526648105127056
1.8815571461264349
1.8768189905113146
1.7552545478598107
1.7514451280659538
1.7521549971374697
1.8753200405294914
1.7488539677298645
1.5865359395993683
1.761038292347908
1.7514310617332054
1.8785132535453088
1.894670458919911
1.7539412491576727
1.7488709494861072
1.7437609763326225
1.8796307910055172
1.8780602104141944
1.8785058291040246
1.7470337498954616
1.7505213821392909
1.8962285669018328
1.8992824893832587
1.7487198454153532
1.5838718586612983
