0.2814787607804136
0.29308438596031416
0.30561860943903796
0.2687540615173655
0.28497264292867425
0.2818554227535319
0.3001655503672466
0.28266306180583434
0.2636371710931251
0.28232960429090315
0.2944167321188643
0.26497015859488005
0.288279723004363
0.3155151789512709
0.28356370041862444
0.28312925770839875
0.2577628264238262
0.29923444165978547
0.2861641080621713
0.28748689289003587
0.2609441255869961
0.2625537006109289
0.316695532812843
0.32041650051047255
0.264694945156849
0.2596830788444764
0.25634003868848654
0.28050435663800066
0.28195039835144053
0.29915645093744864
0.29352071539184826
0.3057274972425543
0.2602964980701286
0.2534373628611273
0.284687281372517
0.28172022558572957
0.30001519406585014
0.28256668649315503
0.26365687830626827
0.28178312363403935
0.28372390251831076
0.2837314655460578
0.26538949499218595
0.2950375941146246
0.26477639156018973
0.30309824267860874
0.2832903967242342
0.2829252562760175
0.2748262961262501
0.2881125838287553
0.2865922501544299
0.2872074687639545
0.26240682774108803
0.316614610003736
0.3200676498756707
0.26387680194578966
0.258378757682001
0.2561912544607813
0.2804515526645612
0.2820941581607192
0.3000370350539694
0.2934001421206739
0.3058903670464993
0.2589986419044074
0.25324516805916836
0.28457273332408684
0.28165660048003893
0.30030224815301
0.2820976149374571
0.26324136881850074
0.281104034267509
0.28276236236987745
0.2844250186360826
0.2814280597085776
0.26523731827997493
0.29357254324521864
0.2649690979777648
0.28827275619301707
0.3155538374803821
0.2835233034614335
0.28212180369058343
0.27382684149916564
0.3004075954131625
0.2861198621687995
0.2871664158117693
0.2611393052513742
0.2626896482477531
0.31638613939188565
0.3199457363659204
0.2635664267167351
0.2605412813961029
0.2556796964727633
0.280130377304309
0.28196616920135315
0.2995163167252166
0.2934136544436359
0.3054039375665523
0.2609918492331511
0.28520576500288275
0.2820399184984631
0.2814391536065064
0.26361749149089725
0.2819805101057813
0.28432142535127564
0.281294206340276
0.29266084391974556
0.26500881740810944
0.28820368942744334
0.30268362737311194
0.2834083512163967
0.2814141795391415
0.27412716892748296
0.288418169831503
0.2865185851402551
0.2874289669429944
0.26102169332206304
0.26233669799168646
0.32016558924704036
0.26369896122754194
0.25959426915361283
0.25509388285545087
0.28049833975003524
0.3038223455607916
0.2963994232695939
0.30918054612461854
0.26057571487905035
0.2726867402842004
0.28886913049573093
0.285895095897322
0.3027914394231287
0.2850355714147858
0.2667645498808221
0.2854521201898762
0.2862808201017794
0.28802081031488774
0.28496973114615265
0.268385284476491
0.29829573990726543
0.2692156622832755
0.29368026310380335
0.3174087503075408
0.286697230440825
0.28446885750385803
0.2784151858317241
0.29152539761756097
0.2898641980687412
0.2918058404088514
0.2648879703883133
0.32091083458090564
0.32362015505822084
0.2656760489208132
0.26119173862120854
0.259632181973623
0.2834246948488665
0.28608142074005816
0.30276682924559717
0.2956484664413067
0.30916701318760764
0.26412776573411256
0.25563632986608803
0.2871567314936307
0.28484348014137434
0.303517599895402
0.28722309805066243
0.26798615145978527
0.28375085523533383
0.2838545948097251
0.29993024464286194
0.2821251803630092
0.2676810406813012
0.2952048913600849
0.2691141615579181
0.29107454619361134
0.3173719836238467
0.28598765387743597
0.28504020447820816
0.2777672583060489
0.3034434192864236
0.26423831841679
0.2667507631158221
0.3193929830100564
0.2825179747562462
0.2607830461402265
0.2593247700194269
0.2835678579828044
0.2849811621723488
0.30406759713501674
0.296265210735991
0.31039882125203944
0.27666904367759815
0.27362616790103655
0.2890695766340255
0.2873529941943043
0.3037699757852973
0.29582736147454897
0.26740802741176
0.2851157711898967
0.28872792196706276
0.28367822884002325
0.2685195993534535
0.2990868228256347
0.29657484872081263
0.3174803563158697
0.28424496605740535
0.27845359395999403
0.30459302808372646
0.2918370197432741
0.2634113864276461
0.32034803068014905
0.32304546551513924
0.2654885394951109
0.260605286945471
0.2613613180927632
0.283748466823317
0.28611980775499124
0.285382809295808
0.2943870367056715
0.2824121533242672
0.27279371723946166
0.2889517553733012
0.28454171021311125
0.30438573253200957
0.2854745355421458
0.28659306200717205
0.28604623145566654
0.29962455746528244
0.2818151435270779
0.2936789589359743
0.2697170125400936
0.29060886930978586
0.31750635536722494
0.28556164491773245
0.2846519979553944
0.2780577886003968
0.2899072217815426
0.28981968925308677
0.28873083607012034
0.281358291189009
0.2662746043306113
0.31861096201462513
0.3226953743147205
0.28210841878415216
0.26255756104344663
