0.3044916224075209
0.3112041297004866
0.3137061025535359
0.28358324591043454
0.27695475485908994
0.31053479620837704
0.31319163148439744
0.3076385963006817
0.30477851168863845
0.30316071861842186
0.30459685341676557
0.30502899178827925
0.305873585763452
0.3149600934894735
0.28556982556032895
0.31289762211685085
0.33194635116437177
0.3154735291701487
0.28458068976440654
0.30708167393574753
0.307890825184848
0.3070761697211539
0.2855507893903695
0.29015270205054466
0.3346967689762482
0.2837436868136147
0.2885290140563859
0.28268225317978446
0.3063252320113069
0.3051879007626163
0.31087553950496205
0.31489155081064196
0.313441108901949
0.2857320734184852
0.279077610003847
0.30951496690042185
0.3107138779047214
0.31336428347414247
0.30808292911988167
0.3042792849245861
0.30316796876681856
0.3060374882393184
0.30435969594118983
0.30549291672624085
0.29729669714177903
0.31559643024311546
0.28517516731685777
0.31319436958845215
0.33165814893585566
0.3144337280131596
0.29694933095533516
0.27921832231468946
0.305896822846727
0.3083829802767677
0.30573151190342107
0.28542812836717546
0.30328829130164053
0.3310442661899039
0.33338278575865055
0.2962026345838461
0.2897660660632618
0.3055667031520991
0.30530953372521347
0.31074486681560987
0.31447310395315803
0.31345385911991874
0.28478235101614713
0.27783303209453025
0.31281142684157737
0.30959446388459577
0.31243312220424657
0.3076040486642432
0.30603195837403685
0.3026507809035556
0.30344827525022927
0.3051854606312957
0.30502058242356717
0.29700381942406073
0.3188935733941357
0.28545581486013116
0.3152062910190938
0.28668410110296616
0.2924492096962802
0.30576728511189966
0.30772264310983244
0.30591706255567536
0.28364444003003425
0.29001821231504216
0.33084045252186267
0.33460823467606426
0.2965939900925422
0.2871066253299784
0.28316214650039984
0.30617114632055475
0.31117103922861333
0.3144604283955282
0.28582093282748816
0.2769177517737932
0.3120482184527247
0.3109313391863896
0.31265223447586554
0.30799293209569467
0.3045626683827038
0.302595297305325
0.30458851315698454
0.3052779887598136
0.29688059814843565
0.28493846386669486
0.3088479103806656
0.3318064401970475
0.3146795140902634
0.28576484017420656
0.2801461227075762
0.30632162528437135
0.308456984206949
0.30542238935802646
0.285475524419141
0.301721731905303
0.3306928301391814
0.33376085763022956
0.2963207522113023
0.28960275953278725
0.28214018451599926
0.30586606768296476
0.3073752907166108
0.31739962052467496
0.31725864001775583
0.2889500198343037
0.2913511565494792
0.31645274914611504
0.3150442108223924
0.31751193366231456
0.3098770063145668
0.3078217177683771
0.3071414881086607
0.30811679606787146
0.308241369681649
0.3070662983891286
0.29988413281033416
0.31926529574435714
0.2899706288797058
0.3199687902772863
0.3338883396216339
0.31657754409890926
0.2952620032225919
0.311948503072195
0.31062648011830396
0.3100917875016796
0.28970980493881276
0.30320941144906577
0.3352508131843627
0.33750351849647425
0.2985492644383502
0.2889980842995566
0.28387805010672296
0.308902942321785
0.30826675542771675
0.3144944967086889
0.3181051880249043
0.3172560363571085
0.28655316261235086
0.2912580813865778
0.3130652106510216
0.3170670989394401
0.3170166361303467
0.30643604735753954
0.30782304382322645
0.3070026208502695
0.3077549009518368
0.29927775218045
0.30255403365685196
0.3104030223658272
0.33504523226569893
0.3192551668982481
0.29836805527775395
0.2959845041040112
0.31151939754807273
0.3118817889265276
0.3082323738845981
0.3060977661551799
0.3339325257250406
0.33808484005286793
0.299393033850849
0.29999160941309233
0.31025313439812674
0.3082732925158118
0.3148873503931874
0.3169844315103886
0.2856327185591614
0.2820715189515879
0.31227380382858894
0.31141034432097936
0.31168467148058876
0.30943959314056074
0.31190176647761736
0.3058517580357629
0.3092148193769694
0.3073907509466951
0.3006876725388718
0.31991001186754997
0.2906934839266071
0.31921143419082887
0.3343035825183073
0.3176227841039573
0.29900410368615926
0.2960113500463037
0.3103583571817422
0.31046992855665795
0.31035248181175124
0.2888680586507456
0.3006280098225932
0.33459100954077836
0.3362349116934139
0.29743944175257436
0.30426323646918985
0.3089902967610355
0.308127905475615
0.3149971646759702
0.31659609854976883
0.2878314238516208
0.2792135524524707
0.30896465776764603
0.3163865003774937
0.30910464260485826
0.31530770770484096
0.3059327549537626
0.3056168874786358
0.3083421531243201
0.3036206983844981
0.29879011829827506
0.3153863742122783
0.29123017278409213
0.3088188792455378
0.3192695889634294
0.29765392106649613
0.2933128749354506
0.3103617260424666
0.2890455338420229
0.3323781308939012
0.3357370907931133
0.29839930461229847
0.2938529161179491
0.2920997084282209
