1.2687623386416575
1.2362922691142313
1.1902556364682189
1.2901219080320447
1.2468326229289342
1.3641876923955514
1.318331634417762
1.202551686238171
1.374489777448738
1.3720899956671717
1.3375275900539834
1.150588396972164
1.4414641353530344
1.261413895214569
1.4649030027380605
1.2075887792623075
1.365617527072985
1.4207780512690367
1.3572335870550993
1.4444931304003383
1.3390658081598186
1.3917088279407146
1.3866746831009906
1.3361295431433273
1.3095458915493725
1.336274601003638
1.5212202864335158
1.2454242525093058
1.4568034550890379
1.3229656401747847
1.4678637564579315
1.2997704460306774
1.1293295637065193
1.300581774933051
1.2970139066839503
1.082801068422183
1.2634583155876626
1.3988210715821077
1.1501589353377246
1.35474254100244
1.4000269339897289
