0.4842035973502275
0.5103679670077651
0.5302278016526598
0.5324418478973538
0.45167215288968693
0.43000221586067977
0.4959423942035321
0.4900866587637044
0.4811613285508623
0.4862482237480335
0.4810317687547775
0.49112421547590546
0.479917863469738
0.4784516327650886
0.5074022822431756
0.5690870336989934
0.4931321670851155
0.4764347508191645
0.4483058510025286
0.501655718607038
0.49914265586689754
0.49872513531633805
0.4617662525602153
0.4718320591880354
0.5767420348769958
0.5886869371923658
0.4721136096628505
0.4626895181423734
0.44962350051090844
0.47829789742454365
0.4831856298506835
0.5307575686325543
0.45731990687803437
0.43211754834941146
0.4942417147348004
0.48949665005613696
0.49018215829137474
0.48264070586855834
0.4866536250233375
0.49327359098837736
0.4864194298357156
0.48070900146416595
0.5353833338104906
0.4757533833638173
0.5095428753436996
0.5684997413432512
0.49225763342697126
0.4768387322710091
0.5027890623239285
0.4992031133535293
0.4981481100351224
0.46491397767064
0.4719661179970282
0.5768681570988591
0.5887582615818029
0.4693434072426433
0.46027437796875986
0.4474358822577777
0.47876074871710445
0.4861075909749434
0.5090035543891415
0.5310586000705193
0.5308330728059117
0.45490325874997317
0.42781742620701585
0.49642544479654943
0.48728039677520385
0.5104489762773375
0.4884978465310063
0.4834776477899536
0.4825423489270993
0.48179131121475
0.485004062901185
0.4783553297228291
0.532058416170634
0.5705678945515122
0.49500098277745963
0.47904248286583334
0.5030362987226684
0.5012573179560412
0.47172303169851854
0.5762548799108208
0.5873959248117238
0.47115268025624846
0.4598563997710001
0.44628794420789086
0.4785133142590259
0.4848957807697787
0.5090365979538997
0.5300530826001418
0.5308407832874412
0.45405613612401996
0.4274502134397256
0.4972621327683359
0.4869893626971067
0.5096263493006767
0.48926748911934526
0.48482171223126136
0.4851338680862063
0.4814628239619392
0.49212403092012447
0.48545795389466556
0.5322469777435073
0.4756803932151014
0.5084010977805912
0.570226468591047
0.4952309866255544
0.4769943931973716
0.4485274259699388
0.5017245644443199
0.5004889592357601
0.4649832524240397
0.471291166966761
0.5878076960743505
0.47029950951122856
0.4638525849671514
0.44564806020270953
0.48052372400628385
0.49713735301849454
0.5434824419315988
0.46825545397693974
0.4390066961679387
0.509935147556847
0.5224467950387126
0.4961867906073318
0.4929540868102423
0.4964293964873237
0.5069545549568035
0.49073769224070657
0.5465439454793325
0.4947047118913011
0.5314112869789194
0.5792733504370663
0.5096290910319099
0.4819459168398774
0.4625419531453552
0.5189545361641146
0.5141461056460126
0.5151623518188018
0.4793248268686681
0.4817506242066163
0.5902276281991893
0.6015478372469916
0.47816882372527414
0.4697751671149797
0.4643868622540803
0.4989551553612907
0.5223548961982183
0.5406573921161845
0.5461444897382335
0.4716940276063982
0.43607934000691184
0.4973233154816172
0.5240565841708302
0.5031718204494036
0.5009696936684797
0.4909803517924049
0.49387043769789096
0.5035908144092343
0.4903974650980625
0.4892770757123164
0.5386396617780007
0.4934109598296183
0.5193380116307476
0.5799135721933696
0.5029210518718729
0.4869287210981235
0.46296108289275656
0.5160309384938229
0.5110677300831409
0.509307956147306
0.4760949945603286
0.48867983340929205
0.5854777701166478
0.6002243587296374
0.4820009428570655
0.46890078254526224
0.4588808659413347
0.49060883634802505
0.49993304701637736
0.5291325320061678
0.5414317869588183
0.5485555852898218
0.4628621642582442
0.4411900825312139
0.5097281286811344
0.5017871563445893
0.5239637803612223
0.4951847525299027
0.496383228982782
0.4949424715857421
0.5048549640981161
0.5070790994716576
0.4920333586978882
0.494308549624878
0.548042370189758
0.499877666456258
0.5343249702856431
0.5794510873017724
0.5075454883007098
0.48288099887365027
0.4664020892251014
0.5210898163692034
0.5163394001946122
0.5169855966649022
0.48408876625676206
0.5899514534382878
0.5979141163021364
0.46309474380697496
0.468693486747345
0.4899351072291306
0.498818607307295
0.5210511686690698
0.5375737463298883
0.5451294878623854
0.4766385689889234
0.43504096920244917
0.5017807750341008
0.49555957208662244
0.5256585372248216
0.5001396926450498
0.5070868433705107
0.49070847202736884
0.49310269840269466
0.5001574067790764
0.48225404542658973
0.4878731014466457
0.529512273334568
0.4923314738536916
0.5128304793539429
0.5794437312069415
0.5016824855496506
0.4817110783923194
0.46018392742512015
0.5142188880627508
0.5111674788258571
0.5081464202494401
0.47278213428856974
0.48792469258776733
0.5836488770469589
0.5965329983055488
0.48239621583069253
0.4717655794698426
