0.2439485651258816
0.2468600947815593
0.24699252315678633
0.23136054276753193
0.23397660739230544
0.2534970207812905
0.2505098053303448
0.24605993985371633
0.2477619036243149
0.24456361250715275
0.24555758780669062
0.24543326277906546
0.2495779066375251
0.2501387970668275
0.2280646706585407
0.2521267855277121
0.2583135544409394
0.25530169113631107
0.22861412337110565
0.2472104950032994
0.24511909107969826
0.24900217824976484
0.23376146146157062
0.23307575785045692
0.26120205492064164
0.22602166112724248
0.2359566609177719
0.2292295711508969
0.24869899286180314
0.2457482334572641
0.24671086570446188
0.24856731304390442
0.24699545689805324
0.23558721987501824
0.2372066428688777
0.2522501415102345
0.2535079185641493
0.25163773595227246
0.2474528029550746
0.2461265413263622
0.24447400553756926
0.24793418865629793
0.24407822479616095
0.24861315842605386
0.2381069039943009
0.25169142375289233
0.22753043160766595
0.25253074877659076
0.25832480231806326
0.2537787973649544
0.2424505023149624
0.22683255830784554
0.24535117046908222
0.24551953328163822
0.2469149169409996
0.232779469560745
0.2462946214811661
0.25852498605888263
0.25941206755436963
0.23946078166771603
0.23914683632539266
0.24732170085564026
0.2448002197385945
0.24628364752280368
0.2474390276794536
0.24704823290237998
0.23340051124580752
0.23369496636917175
0.25506710715878317
0.25118313242451906
0.24904543211102237
0.24636977488502448
0.24985004348720852
0.2441879384738761
0.243462816243885
0.2454146315293665
0.24704012767896139
0.23812326454377442
0.25439533199380515
0.22793480990542353
0.2543839273396656
0.23312566117816047
0.23973796275285916
0.24412264591063476
0.24472810660964142
0.2469423366737017
0.2303820209928262
0.23319769031360893
0.2582527644795205
0.26105888454444026
0.2392091801850844
0.23379183831502756
0.23075378368668137
0.2486470594704553
0.2473671248071292
0.24794241296380454
0.23494618854864313
0.23248460501101165
0.25413921276722634
0.2543303525780075
0.24999172445025256
0.24727539081543437
0.24720341713991031
0.24351884995973377
0.24559088178267058
0.24518576588112434
0.2384532060586793
0.22729105893149726
0.24870904346138603
0.2590566927021469
0.25413343545693
0.23229818213281425
0.22780535085317732
0.24585475538581855
0.24544802312378894
0.24675628435005598
0.2329126539124089
0.24380469461905102
0.2581526125450414
0.25966012261262783
0.23945667942260446
0.23772305571836994
0.22955308245774433
0.24755099840018874
0.2449287562874729
0.24901451665683344
0.24817912204037898
0.23685767564052113
0.24334842946591817
0.2558879551605738
0.2552971472644641
0.2532644154838295
0.24723528575464337
0.24793106981581758
0.24786506163517869
0.24608359006682187
0.24606216501611272
0.24657876976787735
0.23832606939069745
0.2538777519932474
0.2301585182386831
0.2569598042879754
0.25907167607690545
0.25179292924532215
0.24009979548311933
0.24968065598746433
0.2447366347874932
0.24893818957773248
0.23514007517834315
0.2433790795293662
0.2617453254205906
0.26239321068067045
0.24034161012672997
0.23415439113268005
0.22971461086910858
0.24875229850914887
0.24582241378875852
0.2490720084103888
0.2509223924166856
0.24817499077073488
0.22966269365121325
0.24508776084236128
0.25333250112986544
0.2520418302081734
0.25689177243082073
0.2476357751887151
0.24735071231665007
0.24478387424436765
0.24975432220200944
0.23922798521855426
0.2439914508899803
0.24714334827649623
0.26066680708289947
0.25793358333524286
0.2420609812978035
0.24082695824695416
0.25087187596731453
0.2471486294029604
0.2473157458863085
0.24730111372062108
0.26032388305274723
0.2641941239262024
0.24126378020174966
0.2454889879248775
0.25118456047489895
0.24720141474213903
0.24870027550605603
0.24838932139161776
0.2325125943218702
0.23613271892456178
0.2518800691888698
0.2517578507560684
0.24656054484518763
0.24743685127789855
0.2562701496615112
0.24605829169156437
0.2469013989861708
0.24461667037893198
0.23975723136922278
0.2548424660286178
0.23099770895987193
0.25515762478768766
0.26031363494653753
0.25456357782229605
0.24380005854789946
0.2410011009707376
0.2462834575749131
0.24565418696748512
0.24888590396626864
0.23165655537039734
0.24079559128819222
0.26048585746046904
0.26123515211627485
0.23886874600515468
0.248238694069993
0.24974625600730477
0.24608471196969528
0.251551177737775
0.24861266087689982
0.23118099200661935
0.2345045698167428
0.24866988565442324
0.2615658311495207
0.2465540458182719
0.2587829051034005
0.24742027367447872
0.24514326064242287
0.24752061726502467
0.24420234431033233
0.23903090221021406
0.25243180987742597
0.23513605723755943
0.2469400414343761
0.26037022543975774
0.24101260828351492
0.23859728422055962
0.25113044268566137
0.23778265050656489
0.25918470964321105
0.26132537112121784
0.24070391547459555
0.24397270447196262
0.23623207024468118
