0.38822105867033896
0.3560153964218824
0.3655761897867795
0.3640690115186941
0.36286650758258887
0.351823541240008
0.3742228279845451
0.39342165745512664
0.36288359849909135
0.38602035631282855
0.3609343438122977
0.34486648170974654
0.36409943718307997
0.3523874542324492
0.35412178289820173
0.3054940070569525
0.3981645219592628
0.3211453919867862
0.3536798157133239
0.39194309412226325
0.34867060927834725
0.3587428524719284
0.35959652015977306
0.3505185216522914
0.38284820172287104
0.31453895595213743
0.3540382735520731
0.38198605677837477
