0.2736258372570381
0.2940635836064557
0.2532198194363109
0.24558908388426343
0.286156504812656
0.332623599147164
0.29120065007486734
0.28776990545243986
0.27077278368426305
0.2930509941087698
0.2858972158943434
0.2631748290191155
0.2841809870436288
0.3035318420007186
0.28257293118684645
0.3192685806473029
0.3208069412140594
0.27780557294810165
0.2908095785758678
0.3246895267618075
0.2963136641218607
0.24474937532820853
0.3104581808811603
0.3165942921372863
0.324232276367027
0.3222920688778356
0.31535755672762295
0.3628942420317608
0.3187234897413009
0.31763394352253127
0.3352171919147841
0.30921088650712014
0.3110840244071128
0.35576820561050315
0.339724502375125
0.3028985022995895
0.35111535172547864
0.3018251438139434
0.3118751994009465
0.33391921888738685
0.29004919091265896
