0.223872681719232
0.22990968546887436
0.24159808187478843
0.22059058806395032
0.2284348066687096
0.22649152819400042
0.24013724719168317
0.22570643372800844
0.20708148378156901
0.22646434137287907
0.23161489679527864
0.20876547940434764
0.22827958025669798
0.24746353738486493
0.22571810694177274
0.22763047962692254
0.205061703227269
0.2391456360443038
0.22626902791542655
0.22792516541560423
0.20907124441775013
0.20699330723249026
0.24688344250201816
0.24909510701784918
0.20923595281370228
0.20739875541750027
0.20397426647749733
0.22533209457145703
0.22473680719151556
0.23915178066419515
0.23019409760191462
0.2414024665333948
0.21014902211950356
0.20645362557132196
0.22835760388062298
0.2264679300936192
0.23998867288982367
0.22598824275343848
0.20746226866511133
0.22529521472888844
0.22949388770890017
0.22520854087908473
0.20736693654987517
0.2331250222062099
0.20834558393844216
0.23441793425765756
0.22571879394303995
0.22703579899840645
0.22199622293494264
0.22836976382602184
0.2270482103731796
0.2272637106326912
0.20755339021437683
0.24688643031212432
0.24896457850224363
0.20779794764158055
0.20571320345893368
0.20401648391297758
0.22508286505965955
0.22497343466803504
0.23955895146636375
0.23005858085756276
0.2416610386899351
0.20715992476458295
0.20533793815258045
0.22714148738944018
0.2262588172387547
0.23978837756580257
0.2249616395368983
0.2068632048810007
0.22442641899771534
0.22692366057381608
0.226343170190934
0.22613121595313032
0.20712767543681093
0.23063028491596893
0.20878847961915853
0.22828878161330485
0.24721710073259573
0.2260558970928178
0.22506044965150396
0.22059111687311206
0.2403366455053743
0.22656104492248072
0.22717853026058812
0.20962571944526143
0.20753179256609008
0.24682844430999273
0.24881687355848336
0.20750229093347486
0.20898904068544738
0.20325978811962975
0.2244263421664522
0.2245378761671123
0.23921797772826608
0.23012206649755929
0.24130858844614522
0.21139275028989074
0.22923636675229297
0.2262989019822843
0.22353443369168824
0.20720036041595835
0.22518042983251196
0.22560039563425377
0.22627628156415627
0.22920989739901748
0.2088619149210202
0.2287126571422448
0.23426067913440213
0.22631407816507093
0.22479635942020068
0.22080246862275815
0.22851566168742182
0.2273507740536946
0.2280131527765079
0.20861022523359374
0.20667715829360378
0.24911761791526638
0.2078609099550884
0.20667647719113041
0.20252907054824523
0.22548839556575262
0.241687603610108
0.23151190126785176
0.24270780417890006
0.20647229131882627
0.22181695642905197
0.2298409099927236
0.22791912805439285
0.23977206059172906
0.22710570195482746
0.20879347842153262
0.2276491130461
0.22725127123214633
0.2268882754449114
0.22783037618363738
0.20871798320902551
0.2335980974189817
0.2106815072523427
0.2307806404619741
0.24773025110185815
0.2267261961993481
0.22724624779072566
0.22263564542730388
0.22853895762295576
0.2278980131888059
0.23043876666791813
0.20743557208950011
0.2504353529211693
0.25071786971031695
0.20873150409163876
0.2076678268451544
0.20571139052287382
0.2260280577880901
0.22734170363983647
0.24170296485946288
0.23179703897809475
0.24347225481854878
0.20916653671363802
0.2063031074363722
0.22797224082333536
0.22778494523661885
0.24022473274064643
0.22976971521233291
0.2089630911171467
0.22540917182645104
0.22523417696730766
0.23960498241217232
0.22511949949200696
0.20881425605372933
0.2311625628256697
0.21119985553939025
0.2288765753469593
0.24702902071280047
0.2263449026211598
0.2283036140822563
0.22323811645975272
0.24254776834278405
0.2109456424025437
0.21002136246640418
0.24902302694177536
0.22544664951249094
0.20735986039102683
0.20542467337142395
0.2271216616586325
0.2257056424397258
0.2418685163513952
0.23114923591498454
0.24398601349599913
0.222213745857032
0.22261752145265695
0.22942292593936034
0.22907415166777925
0.24041476695494368
0.23763634776339956
0.2094229936367923
0.22711432973130205
0.2278988203295637
0.2258845084714834
0.20861419005074086
0.23470934686670888
0.23405132376884297
0.2472455209567953
0.2273308544407404
0.22178506921459612
0.2413008709772127
0.22929997368809607
0.20645460372819793
0.24869302200856191
0.2500709443335769
0.20874301649022806
0.20775297709897877
0.2066351476115565
0.22649100599498276
0.22689054252963506
0.22346541818373336
0.2300333520938547
0.227638985920743
0.22493571589660763
0.23187382119857902
0.22750410406396412
0.24049793147760867
0.2277564119665896
0.22743685649140802
0.22990794690856806
0.23923182100945764
0.2262577824779302
0.23087564265272498
0.2121294430071027
0.23033227744282064
0.24696546122123592
0.22722491708358966
0.22812453586772896
0.2236226114872029
0.2291469143682127
0.22832599131252532
0.2282787787379399
0.2287072219615249
0.20904230417659214
0.2482976657929623
0.24987613709657525
0.22570906881829628
0.21176225006834193
