0.36522402898575224
0.4409768515571892
0.4308556926355612
0.3858890906697886
0.313898847811788
0.3163528499466706
0.28400781406611564
0.3386791920413037
0.26152416465793665
0.3650258946283107
0.2870057962632955
0.27402176425414343
0.2650042600356661
0.2917380442691262
0.35437215553316515
0.2977548404502563
0.343193371004471
0.28443576133784937
0.4132728671295916
0.30881290371261716
0.3350706856368608
0.3006737314397781
0.30848191618710735
0.329986697534407
0.36600269492143706
0.3025980362071584
0.328439966603992
0.3875309307731297
0.3724132588711644
0.3322725462880407
0.3223159380630727
0.39730098841538064
0.4168770182200203
0.36014783896730707
0.31100992752606843
0.34766679002403733
0.32075127943650117
0.3595326042806749
0.3424768723276691
0.3580975293574694
0.32944315465631924
0.2720731265372111
0.453233821261271
0.33849082757798055
0.35294992078814447
0.31555223771012675
0.4269878934810424
0.4333595936490543
0.40336638100789324
0.2944743392468784
0.27865645448827847
0.281651622844248
0.3240667885451003
0.3765742525309313
0.33602350485937504
0.23866919536555548
0.3469695502402617
0.3156003189096135
0.3224829505802916
0.4368889829498914
0.39426561607672267
0.36563405869739646
0.32395240904773215
0.31624512795127424
0.3629059847511268
0.3065009712795401
0.285182500327517
0.28905987669730776
0.36110486104479267
0.32769148057462777
0.3613047880240984
0.3802479211832309
0.3760789410402936
0.36069369407139523
0.33907731605627395
0.4447267914118006
0.35156924800571315
0.3722034578392557
0.39386060055743793
0.31239561458691684
0.3202596590066694
0.3140436702658528
0.37493786854931255
0.36130459010010607
0.3706992503997169
0.3817915041882559
0.3604345300493612
0.35975294237559313
0.3169333691019608
0.4222239544156837
0.320891998741234
0.35899781376025675
0.3560283451589703
0.26377382887148826
0.3300282973012796
0.4268758972617652
0.38818745171146163
0.4492041297730451
0.3030514310761073
0.29809069108757646
0.4038698952030797
0.3895217920862151
0.39564505914704107
0.38543038333395935
0.29171217223895396
0.27037439126880153
0.3436009080864941
0.2706481343100359
0.34065382757022733
0.396233236974175
0.26296236802492134
0.29879355032509397
0.3122383439817302
0.2659631661827429
0.3743535411826857
0.45061587003285375
0.3235379068655022
0.31345335242514216
0.4706349553515279
0.35020318211035295
0.309361928207523
0.4565702522500319
0.36338134525669585
0.315771960513862
0.30909932294204645
0.29738523356955754
0.28443749761053005
0.32058430780282093
0.3732675411857567
0.3299781234788968
0.26680209180226006
0.4777781195764239
0.30460062852284475
0.37154074810798343
0.30416867444679113
0.5300183793642036
0.4558278699343924
0.2727614063786944
0.3001380997981984
0.31134554184363955
0.3186684552110304
0.31491999999089726
0.32526404758798844
0.3518773919010895
0.3762069919824171
0.3343810238210977
0.28420019779248895
0.2443378269470482
0.36513663730780566
0.3711422109402498
0.36298588885793387
0.362295836735118
0.2949511889867017
0.41144563591364847
0.31181159572427647
0.28267024725682705
0.29078078370967797
0.34596333473514407
0.29137427162353424
0.32442482628822
0.35446914840955435
0.3350339247491967
0.408781682141364
0.34194977962583495
0.3616554656222174
0.30965086078107584
0.34167958794516695
0.3222523136697336
0.32445577865822745
0.38910755909121414
0.34594576313372916
0.35046744422003195
0.3829850588928868
0.37774369527019336
0.29504865031765587
0.30674697878878565
0.3040055686768235
0.2816293428531377
0.31416787790986206
0.4543051820584062
0.3731710447337958
0.3788609177576743
0.35353759184497924
0.3177721100887945
0.3204762871970564
0.23021844492082952
0.32397469082322644
0.3471258426550462
0.359437908844521
0.36032277766404663
0.2514258752371308
0.32900010358543963
0.305723821209958
0.4036257539038755
0.37265543202734963
0.3785915532246019
0.36617768517420246
0.3198630284938545
0.29913857120681375
0.3502099752376096
0.38002664147183024
0.2632663249072199
0.41075418104460626
0.36520770929895774
0.33032503993466633
0.34006079087844393
0.3058372200451908
0.3243491282113035
0.37446637062240395
0.3023610770404544
0.3108195073772221
0.31593475524772063
0.3264967312046814
0.33207574794187084
0.43017438325778695
0.3176698475331585
0.5078497448596807
0.3184202630944636
0.3458324337775358
0.40408130123956876
0.37029822390659445
0.357851876784432
0.31133653921274945
0.36995686561812535
0.3452046908789365
0.3610610598908299
0.3712308239137169
0.3061893656839877
0.32251702293892226
0.34203955901186484
0.29144254536001124
0.4185441602112147
0.33322764170515407
0.25997780652342894
0.2861970002199714
0.3021989705814724
0.3161117239504818
0.3896071541693948
0.30587995761193876
0.3837796192706324
0.38628704019842963
0.3102698297165993
0.3102750130860461
0.2870317523767183
0.40585574152872106
0.28982673974246675
0.3338686818635533
0.4075107417876501
0.2551722641737165
0.36702948336253416
0.26103728652183866
0.3926732455723805
0.4304124919714911
0.2755744426538014
0.35169391655621784
0.2535839098370858
0.3302032287908492
0.31673823898696163
0.373116666314973
0.3235790744754479
0.3554956617961428
0.31182550535653947
0.26403710006282394
0.34328730464248514
0.3172373878280345
0.3229943734507663
0.32459492407166884
0.3654696197676482
0.27438401216310104
0.32083573727475356
0.2755745002572588
0.4235554227560526
0.373382277857649
0.4256202974117515
0.39023427534155114
0.2922985320555599
0.32304751320651653
0.3421788927722953
0.3078302286189606
0.37131358591815045
0.2866789577169462
0.30772025672841297
0.33842349773021285
0.4029286816517341
0.3334371433063641
0.341117996230128
0.3641473195051678
0.30988495419743745
0.2732195900049062
0.4341328235150455
0.3863655722857086
0.4000236937067946
0.3815695702270081
0.26512629358004713
0.3701198107857231
0.3283488295347219
