0.4324366383613729
0.3884101117636999
0.38713692175342806
0.4399218093230987
0.3875476475670598
0.38149708803776533
0.39858944168551486
0.43628050484708303
0.4537361679466101
0.37752624528363277
0.4405728759701987
0.3875952714774236
0.38652593323889045
0.35836489503528024
0.3856617476024726
0.37570679018305897
0.4027642632389066
0.2894038905095673
0.44003787407432055
0.4146404552307321
0.3956661636218133
0.43440403268891536
0.4372937045631672
0.4249235135494913
0.39085863859875475
0.40125829266151825
0.4149632712162927
0.418772520639091
