0.36739922544840686
0.31243651092242375
0.33312247337278106
0.32061456712844194
0.3336709293350717
0.36588975287485903
0.3500800353188802
0.3787161024954032
0.3222386064824886
0.3890190331030954
0.3270911236574746
0.28962213339048437
0.32531124939467315
0.3080285231690465
0.328284282144125
0.24466877755630856
0.38177911597010794
0.2973568281938326
0.3389802427480916
0.3425843072808321
0.3544171499571551
0.32572369411764707
0.34323210137149673
0.30138695412844035
0.3723200487804878
0.27905230977443607
0.33095783175965665
0.34593872835883466
0.3205404231213873
0.30441821403719255
0.3918909713501373
0.36075583201002925
0.3177501497917906
0.33216428677666743
0.31881548575328444
0.3675396147078135
0.35147133250581847
0.34553598062541
0.32243080097519616
0.3702565192780968
0.30619748507243333
0.33760913970356354
0.31936558149386846
0.32988681212558646
0.23785406421031668
0.3861171795690343
0.29234800838574426
0.340817112758511
0.3369644622754491
0.34794527764855154
0.3465317919075145
0.35081074809474766
0.3294938799183911
0.3018281034346625
0.3807673659994024
0.2638101718345174
0.3246151605633803
0.33122424976010967
0.3463633338898163
0.28030074824835244
0.2987819969312482
0.38268717861635226
0.35252298891730605
0.31071457521215706
0.336650770257388
0.32044371526586624
0.3335453800569801
0.3574337717754173
0.3465022264737178
0.37266489633342126
0.3228225774278215
0.377054861761427
0.3369695882504842
0.28873269967426707
0.3311276368563686
0.3154032825555052
0.32774582574257427
0.23803023266932272
0.3844920676589986
0.29605263157894735
0.33652427349357916
0.34408507921356746
0.354388287181682
0.3392857142857143
0.34867395667001
0.35068741732423614
0.3055428206330598
0.3304098293845363
0.34658612526183497
0.3189030522870956
0.3061261491207503
0.3898432746987952
0.3696159130434782
0.3242050231139647
0.3417857764606266
0.3373716267218668
0.3721678389326035
0.36201370356111645
0.38410045243962543
0.34575019460825607
0.36817650575275396
0.3088871827242525
0.3366016410116943
0.3448467772756617
0.3546094491392801
0.25039794207083244
0.3926563217347453
0.29549777011972933
0.35038585432473446
0.3467386701354024
0.3530505057907727
0.3563301442430181
0.35567248736349455
0.31553148723025143
0.37229285029272374
0.27912620844834796
0.33060639334527775
0.3540441397784492
0.2826693405169729
0.39008677543094045
0.3528528216432866
0.315150836589966
0.3557873001091465
0.32997292965712266
0.37090494571843247
0.36273280297846644
0.3907935829671686
0.33846304323389537
0.376814787554019
0.3405619080546862
0.3074173614541258
0.34861847058823525
0.32128815384615383
0.3590571202749141
0.24269956238189408
0.3878523671706264
0.3114621335834897
0.3621474930509596
0.3455390262948207
0.3558940884520885
0.3515044604629192
0.3856360812246736
0.3415160740740741
0.3099790148059224
0.38691414076246333
0.29298419831932776
0.3333460902025178
0.3295360958677686
0.36259433817034703
0.29613800221376685
0.32710497487542617
0.3195751030977931
0.3386431577424023
0.3871209553560742
0.3564599762273902
0.3509040455829723
0.3837672143838754
0.354948973720493
0.3395052588031223
0.3087867782546495
0.33570183628201744
0.3312194329416981
0.3385015832110361
0.25176738550724637
0.38364311731843576
0.34946383282956756
0.3533526221487028
0.3490100769890424
0.3419827181818182
0.3326850044182621
0.3143945959367946
0.3638522564102564
0.2793416757944292
0.32863303134435656
0.2891503718309859
0.31813382651593014
0.3807815786878396
0.37138562564494554
0.31390329849873266
0.35061715099223467
0.32824184530948625
0.36031971897004733
0.3730458589578872
0.3540535702479339
0.3771079748443338
0.3456476360051436
0.37635358319327733
0.3368060673532778
0.345317
0.31687929903536977
0.3473448994652406
0.24323528974688974
0.3812673924538694
0.31369423190394513
0.3578034457831325
0.35216678181818184
0.3680001425709516
0.37348840000000005
0.3460214813979707
0.3132333813934756
0.381778917562724
0.28298372710280373
0.35618852140201807
0.3403795119390347
0.361600663820883
0.3052036103559871
0.3292475222250574
