0.14408887969639467
0.15598415957758874
0.15436530729465825
0.15690553745928337
0.13689731316113157
0.16738106540971717
0.15421754777136862
0.162989921612542
0.1490721665480427
0.15027985828687276
0.14749267009947337
0.15428159736517086
0.1416880940271725
0.15031134516640252
0.1491476170894526
0.15307861462341946
0.1568807339449541
0.1465752172099087
0.15006111578947368
0.15842865743527995
0.1547028086218158
0.15886699507389163
0.1506260343470483
0.1467874606227828
0.155176132278936
0.15456165359942978
0.1436287193257074
0.13998563213296397
0.13407793202614376
0.14958364856943474
0.1467504862745098
0.15651465798045602
0.1470514450408401
0.1723521374613003
0.15278658389398572
0.16625821876867902
0.16260162601626016
0.14925995856236784
0.153917290880667
0.15790912915439628
0.15692610434782608
0.12768067513121717
0.1506975906976744
0.14740652011661806
0.1525302515919428
0.15358242373355724
0.1575029308323564
0.15108913287482806
0.15809319435928879
0.1554719562243502
0.14663072641261496
0.15445138488714424
0.13335422759424795
0.1545390070921986
0.1544191019244476
0.14309261448538754
0.1380727139171758
0.13044987392696986
0.14972588280254776
0.1458231435582822
0.15598623166716552
0.1536739380022962
0.15690553745928337
0.14198331640211637
0.1607469212121212
0.154831957622739
0.16397379912663754
0.15482279868469126
0.16076023391812866
0.1490721665480427
0.1499749228249744
0.14932672166462668
0.155550816016016
0.12703272928978743
0.1484770028353326
0.15263157894736842
0.1568807339449541
0.14852067933247753
0.1584185207456404
0.1499474984126984
0.1345126194577352
0.155316091954023
0.15456165359942978
0.14372816051252182
0.14795871304347824
0.13345521574803149
0.1518605520176082
0.14687144501337407
0.15625978090766823
0.15328253223915592
0.15651465798045602
0.14027936272965877
0.16153325081332298
0.15612172185007972
0.16330956625074272
0.1567189249720045
0.1624731182795699
0.14954184721634953
0.1523972143384291
0.14762728554913293
0.15561519405450042
0.15792560459770114
0.1486148477897252
0.14740078689002184
0.1487478518234165
0.15372460496613996
0.15726846424384525
0.14813993532269257
0.14904184225352113
0.15545905707196028
0.15609756097560976
0.1558857471585244
0.14930678697068403
0.1545632798573975
0.14587561902245705
0.14096581538461536
0.13262301075133603
0.15210310601092894
0.15528760271525544
0.15393657736468014
0.14110998179384202
0.15613620955364133
0.15221085633802817
0.1549928673323823
0.15870535714285713
0.1464313517241379
0.15065162964487905
0.15494296577946767
0.12794631456023647
0.14622536152927118
0.14846474611239413
0.14819170642902607
0.1543047295383744
0.16214534594325536
0.14595740757867692
0.14596480669792364
0.1557438253877082
0.15477652678266804
0.15984393757503002
0.1523007574468085
0.12980602082233117
0.1550580997949419
0.15421052631578946
0.1299516474505723
0.13910777004830915
0.133444231071655
0.15839779005524862
0.15517676767676766
0.1423320027972028
0.1549624551093699
0.14862570909090908
0.16007352053872054
0.15509482682763245
0.15511049723756906
0.16507024265644954
0.14838499949220166
0.1494658344827586
0.14827387615480647
0.15618634477555637
0.15493542434963578
0.14221204343083788
0.14918687631874297
0.15131774573643408
0.15916481892091647
0.1516288539848749
0.14647408128872366
0.15140576774193548
0.1504376960817717
0.1627420362273579
0.15368421052631578
0.1574935400516796
0.15890040934891486
0.14778815892514394
0.15494196929988768
0.15314061384725194
0.1486865857142857
0.1357435147494707
0.1317744009424436
0.1481020082717873
0.14760791500380807
0.15634920634920635
0.1533074935400517
0.15569011918492887
0.14576048093385213
0.15160116500754148
0.1497659854402361
0.15740283775447253
0.15293577981651377
0.15934484509903504
0.15050706455348978
0.14878987900677199
0.14509963027267667
0.1551387461459404
0.14867765714285713
0.14281348852459014
0.1505002350417163
0.14985738064516127
0.14758213727810648
0.15241610738255032
0.14847866298763082
0.14784109461388706
0.14723173325315694
0.15716479017400203
0.15610687022900763
0.14800385537459282
0.15302877590361444
0.15441176470588236
0.15226308345120226
0.13251316405648264
0.1318087449101796
0.1589887640449438
0.15540723217303143
0.15810647307924985
0.14248320294840294
0.15773943889068043
0.1478942566353187
0.16084295913688468
0.14877064387025837
0.15209871526661795
0.15424512153372133
0.16631504922644164
0.15118218731551653
0.15014532631578947
0.15011239220598468
0.15492957746478872
0.1490586095238095
0.1290396980237154
0.15079579706744867
0.14927451452560872
0.1574074074074074
0.1518757327080891
0.1485288828402367
0.14857434802259886
0.14891896422287387
0.16380145278450362
0.15359640359640359
0.1644
0.1545552081632653
0.14764747605633802
0.1557017543859649
0.1525964659213848
0.149816931661442
0.14263546356589146
