0.35524841106222504
0.3177512861509073
0.328502536475505
0.3183430540632438
0.3617038882154882
0.3598284576368876
0.3540233219429058
0.3752720025974027
0.32229432067510544
0.36280576801998754
0.33380625706907685
0.31004309985474166
0.33215464367816094
0.3102348578959225
0.33011177662337665
0.24183371560369032
0.38508748136229554
0.29118884797475014
0.3295075054224464
0.3386648009309542
0.34302396731334506
0.3553614489073882
0.3316325889316366
0.3055222517702596
0.3759494309412861
0.27713919365079365
0.30994086946362187
0.33099188929737156
