0.9951965370173722
0.9474441316977169
0.8829539234383406
0.9355413258512408
0.9313904897943516
1.0246714552367608
1.0255596754026381
0.8096755454064533
0.9280430553477491
1.0481399443943524
0.9684718637587423
0.8217559846293115
1.1395431914584944
0.903235223095386
1.0939375854487619
1.030911328851247
0.9698916799128812
1.0502562528192783
1.0802780165474106
1.1699489448429372
1.034876529993418
1.1388596341303023
1.042346587200692
0.9333319162741839
0.9385648559350915
1.0259084197096737
1.0865671251015505
0.9484151137046702
1.0049974196435643
1.0364359510953651
1.1327046008938604
0.9853817457600609
0.9482258606170575
0.9336188450527774
1.0041914516867596
0.8617291371292951
0.9351665498831673
1.1571312630874138
0.8532507674234653
1.047234607620037
0.966366023772703
