0.7630158287337838
0.700495826220223
0.7813691664815071
0.7732883696225861
0.830607809517978
0.8303981926510579
0.8239373225799267
0.6940031859396171
0.7790532786175107
0.761258208292829
0.8142607885106454
0.8284727707328321
0.8386494778979009
0.8201638518189441
0.7901044816126059
0.7833933334962617
0.7690511157912535
0.8300352058206294
0.784617530621085
0.7701553973605944
0.7725478253020237
0.7577277791960342
0.7736344162681852
0.8265025129977344
0.8428019474197991
0.7635112542966727
0.7709537204177339
0.8216138167826795
0.8221883818798912
0.7816131035435177
0.7716758033742056
0.7770248342082896
0.8174295411594965
0.7773199986296128
0.6991030440444921
0.7045484698870873
0.7642206560824814
0.8297722512162908
0.8234840884903536
0.7667213459387849
0.7129314772405277
0.7626658071302246
0.7653610305766049
0.8246859763192718
0.8224263804292224
0.7668874451082669
0.771309292902532
0.8146687558207668
0.8356783021429056
0.6924237760446755
0.7736513813766248
0.769324115536222
0.7852808136211453
0.8345528518988448
0.8462163103284243
0.7742404153647077
0.7626292383182933
0.8317026941945804
0.8222343536712007
0.8358571205625824
0.7806300885814725
0.6993298431689936
0.8229671352358673
0.8261460414215471
0.7114633418331502
0.6910327486622575
0.712777512068074
0.7786942178698232
0.8266676437925624
0.8293730624326886
0.801654975370411
0.8307985313045803
0.7687385791635415
0.7691808375720322
0.7633476979380379
0.8362095258993628
0.8219686334868513
0.7668271961945333
0.7902010108708504
0.7688062826623572
0.819813809417151
0.7731331603208371
0.7943791662675024
0.7726532795417889
0.7908121088270677
0.8269742254850098
0.762492552943899
0.8223029037609795
0.7681511185047268
0.7757885553769402
0.7834262424610655
0.83046727532222
0.8286514177808042
0.8241713035676059
0.7677623015242996
0.7798902948096742
0.8286644541437862
0.7721042044754585
0.778846415223573
0.8302613117325008
0.7734266161449491
0.7075740450108561
0.7103025669066955
0.7871866997039104
0.7742293859938433
0.8194329494462211
0.8215314160197138
0.8273335440243921
0.7625155055832646
0.8186056817265288
0.7854659851984337
0.7672824570128479
0.8221030906616972
0.8133903446769382
0.8220305680401411
0.7730974797544939
0.7755537648024667
0.776247033183764
0.8321499004444917
0.773230449377549
0.8189885329817923
0.7730261013604902
0.7667501889445879
0.777647712158476
0.771438220705867
0.8356076746943469
0.7739734681222686
0.7749603374024556
0.7706887358126623
0.8353771628375475
0.8319245116976713
0.76313537817893
0.7714320688995654
0.7724346635455263
0.8175352175734774
0.824918778239097
0.6934513821479756
0.7284177171099743
0.8229336646291716
0.8188016929625217
0.7805631209010537
0.8203164963230134
0.7660084156644114
0.8198357064521957
0.7685903829279123
0.8030985609930417
0.7629103121344702
0.7691679728282015
0.8218426916865965
0.8312718514264554
0.7681907668370433
0.8244505532342514
0.763756254222901
0.7813043168061685
0.8369495334057006
0.7749994983596407
0.6994032704962999
0.7653050316810309
0.7690378580741092
0.8125258156712449
0.825587777662751
0.7800972354440233
0.8311217972445343
0.7722050880814789
0.7652535428412575
0.8249822087728425
0.8480434241258885
0.8346808443319199
0.7702029436576712
0.7625408538243124
0.8283640937391701
0.8239922605458881
0.7691001508206126
0.8213084544389995
0.7113993864414989
0.7752547253809445
0.7680753366914955
0.8257726047090088
0.824826539215375
0.8133091702868853
0.7615175874214826
0.7250017435139046
0.7014664831923215
0.7672421060755638
0.7660749403086845
0.8075207923979221
0.7069042311237752
0.8211694278451699
0.7796309191049283
0.7796733841923634
0.8213070737317145
0.8218260822280549
0.7757537219696946
0.7726558209677403
0.819953011921719
0.761255580616482
0.8302472630597835
0.7012929019107084
0.7768576947613924
0.7727861865684457
0.7607524999250035
0.8259757815650405
0.8291554211576055
0.7662765172443854
0.8139687217280798
0.8248128217145616
0.7007368800556315
0.7826629703643726
0.7533435284445062
0.7083816892157215
0.8271316647593214
0.8337165349121713
0.771657537824563
0.7002178256049135
0.6989571229259863
0.7763682856477108
0.7579848553613601
0.7613923569401657
0.8236943402969742
0.8268109441812107
0.812211456183066
0.6997502673264128
0.7671020663089657
0.761158673730898
0.8363894794409229
0.8221544667057654
0.8279552118217066
0.7670759173349535
0.7703938723193562
0.7802577719984571
0.764738324095619
0.8090453628293218
0.6953688811262414
0.771719156838055
0.8217478953274264
0.8233191490698173
0.7624149452896576
0.8241691711633744
0.7762160846408708
0.7036413085986681
0.817907013569118
0.8184630924437378
0.7621003929786032
