1.1136245466995947
1.111438634216518
1.2346401533513889
1.2268937062632852
1.3220577119080825
1.2339385991207426
1.3229078466011757
1.110804217649499
1.2366644538749823
1.2238481214022736
1.2252960478004566
1.2268049691229894
1.1213735779073046
1.2291677331775372
1.232633936159284
1.2239692518730871
1.2303274456147273
1.1160851798992413
1.113197082368149
1.2260910095399131
1.2196950005165181
1.2351677462332855
1.2241854919962625
1.2287090934401725
1.2250745315408684
1.2251808750407733
1.2332400034034892
1.10326416145074
1.1272450439211728
1.3152541675965685
1.111320264005805
1.1109177006784567
1.1177272460193546
1.22709279021872
1.3311162892133184
1.2262113363700082
1.218310367913248
1.30998771625182
1.1148269570206122
1.2305268181476157
1.2295795362183588
1.2372384273763746
1.3164694080420454
1.234723393660865
1.1142316062874773
1.2294467232222808
1.2310304414468167
1.2255079515454517
1.2238779951040757
1.1206361325437302
1.2248735791981784
1.1105044390338914
1.2286395899407505
1.317763992995587
1.2216906774557936
1.2308478474820432
1.230877834006706
1.240972708208368
1.2328617476870887
1.232348248771003
1.110766014317223
1.3184630786113276
1.316019956922728
1.105204447556207
1.116632779369052
1.1072465645811551
1.227155364298961
1.235948542450976
1.3340537289096248
1.2208158242886151
1.31935890544706
1.1173524500997551
1.1134040171159452
1.2278973749045918
1.2325552518584688
1.3129172729968006
1.2418108218377515
1.2305719349447832
1.1111096217546892
1.2289332235425527
1.234454033464273
1.3247840242166495
1.2246563956881396
1.1067836763460017
1.234395218577654
1.1204966383037709
1.2285944766309569
1.1107268365013894
1.3183516521537118
1.2287414791664115
1.2243910079093492
1.2248114322690216
1.3320657564502627
1.1135603581597913
1.1249699608793204
1.3166814861389027
1.2437016487486385
1.229302035482382
1.2223029323877947
1.114617899960761
1.117339463154457
1.2332412541711484
1.2306763212093086
1.319391801653513
1.2431516564756564
1.3284516235362664
1.2420647716408175
1.3174498997459052
1.2218806958367932
1.2239720426893377
1.222696501237142
1.312102462097273
1.3199289126795708
1.099661121898223
1.2404210686320496
1.2255880117823077
1.2272522445879606
1.2303737090360927
1.1108747495026805
1.2381541888183845
1.2350554496586146
1.3145473068488556
1.2296925866358706
1.2308923623085168
1.3160098745764168
1.2255798240833689
1.2344483074279615
1.1153541850904305
1.321117278193856
1.3211763055202315
1.1119805450269824
1.1291177190971105
1.1140973940312948
1.2291735480532964
1.226917530626294
1.1176781295314064
1.1959796318266414
1.2314002549828413
1.2305768664688062
1.2331198437027486
1.2397176043162514
1.2265135649407883
1.314706833126886
1.2258006520622964
1.2329945029276503
1.327831996222587
1.231445341481788
1.3122818472643722
1.2263099668383124
1.2360402049694101
1.1231569767141987
1.2283358077496467
1.3183285318090874
1.2433438043559122
1.2283916482025727
1.2309440262364233
1.222473431388827
1.2259064208065937
1.225619652162893
1.2238855097855965
1.2225728148693331
1.1178817080040053
1.314482633800398
1.3168504813466697
1.2250860611915826
1.2219403400847417
1.1093513767691714
1.1195586462852394
1.1255013288458062
1.3132996713022402
1.3323495302807356
1.1238253476887614
1.1214931506916606
1.1177454519966428
1.2289393802523467
1.229474668762594
1.3149452863201638
1.2248015853552856
1.3109096134179816
1.1168377588642564
1.2231329976711662
1.107257545217526
1.2375960310944116
1.229706107193356
1.3215573295525944
1.2273765843987725
1.1139394211787033
1.2320687614748687
1.2273726425676643
1.2321903714498168
1.3175317909881277
1.1160625197168785
1.2304407716051666
1.1153703251927904
1.2274061452515228
1.2160286737700952
1.2253472660942655
1.2298045006873553
1.2241702366167635
1.2255319558578461
1.232983614491269
1.110987963231854
1.3267126199803638
1.3118747116863487
1.1146288669394506
1.1124344771479315
1.11134234236957
1.2364870842600064
1.2368290234610355
1.2308853308861072
1.3295300021719136
1.2306230010629209
1.3199756470019957
1.1216131952700452
1.1138669488256072
1.2312918973563307
1.2304764246518491
1.31479906302245
1.2254933257755587
1.1107567372330713
1.2227152033242097
1.2302901811011175
1.2224855236009724
1.2310198736880862
1.2322075244039943
1.1118312626180689
1.2310882794578137
1.1167299108993338
1.227798785671941
1.3160834665689436
1.223342147133298
1.237239597262678
1.240285193565559
1.2383509987444843
1.3179455093111574
1.2324772051166446
1.243544863739361
1.1098730669020227
1.1076589072136798
1.3176463296642578
1.307569973751071
1.1137240651161522
1.3143823747310315
