1.4127129727201158
1.385199901660109
1.2457955311642988
1.3885872897186515
1.3281865740703425
1.4577135897655544
1.4423523051561646
1.2161225529036588
1.41335350912618
1.4732687216364349
1.4214855479264987
1.198775099243041
1.5516913407689517
1.2662803841865875
1.5295459512348053
1.3320116606033987
1.4420147639130474
1.4868478625406765
1.4924743066736847
1.5705528518666738
1.462039179312682
1.5497746248956263
1.4776672339936383
1.4227762998413378
1.4214176293630292
1.479651163644708
1.6050211107074013
1.34226833523617
1.5620551113720573
1.4728217165166155
1.6246967163165553
1.4334187372938327
1.2593681185722412
1.4120486225232014
1.3909872798652172
1.1915115059719426
1.3885918516241884
1.5475139569199172
1.2711546043858586
1.4872239984130773
1.4568558642768243
