1.7084823271059932
1.6171089702763832
1.6076302585145084
1.6868371587639694
1.618520286916768
1.5399397654134837
1.5477511311177539
1.6702320432586464
1.5537742336361695
1.5223686083763075
1.6800627861612194
1.736397995095857
1.5206260387541897
1.4893105345853965
1.6209687610927535
1.6238687740112452
1.6256694602397466
1.4560765544681205
1.573557223738974
1.7653415756784192
1.6158240032728064
1.6475577144722355
1.7073590569678294
1.5750311429651593
1.5302984413024292
1.664188177307842
1.699891159869063
1.6616344635691536
