0.6962815130367763
0.6214655311721188
0.6590373550216513
0.6463112137191589
0.6332134404957663
0.6031067120816835
0.5765761715633271
0.660626880249181
0.6772250197722572
0.6807263162694046
0.6064170439360276
0.616041406374978
0.6628222924974831
0.6583007768710347
0.7091849262465559
0.6761212692487888
0.6128779245619036
0.6246495948334483
0.572981239842224
0.6872605659375092
0.6166567576014383
0.6891893443921847
0.6141303753798999
0.6465854429451702
0.6168439704650172
0.6681574264099792
0.7379542587378862
0.6112938624999975
0.6602093153155247
0.5464787692518481
0.5869277928807547
0.6230282211141166
0.7947093512585266
0.7489213985633226
0.6363309338395149
0.6779984632273128
0.6361427740226726
0.7427460771808794
0.6244896077298336
0.6431031914851749
0.6420227676495589
0.6076563592521365
0.619150273759982
0.6715497690523985
0.7037881907615271
0.6283340502090566
0.7218508401799855
0.7027618558808821
0.6606561949630767
0.5472762835482314
0.6121991918744631
0.6544779758166634
0.6707757363924245
0.5857690383843327
0.7669870503859032
0.6458645220720753
0.6402222477315352
0.6243710099857285
0.5739212963834656
0.7421898299212382
0.5946043412484284
0.6971868575262068
0.6502352401989197
0.5871692548599545
0.5541947653473545
0.6497744486448984
0.6348455319061939
0.6803088048609496
0.7097653313415113
0.6589084124539877
0.6838691971727148
0.6698611471555813
0.6952294608726658
0.6225790986820424
0.6451272324155237
0.6629148239828584
0.6179799862892124
0.7334281812744328
0.579718027699
0.7233486779657956
0.5638107242169603
0.6945077271022386
0.5642671915261063
0.6765724418650202
0.718739672890307
0.5678309371379853
0.6947875240482527
0.6003331836582192
0.6241623223760082
0.5766122791028978
0.6766987533429158
0.6492321058199357
0.7197213371635933
0.5582281104759883
0.6679461812562407
0.6479044580920712
0.6215546846806104
0.556424567674968
0.633923319143462
0.7443316816784148
0.7037366328609994
0.6749699009257409
0.6632513419513564
0.6780702180289588
0.6213567834359817
0.6149851747487413
0.6421600809510054
0.649221216035196
0.6844037078076042
0.7388699727279844
0.5363659714597817
0.6560910774065349
0.6986584242041474
0.6514707534194517
0.7613544310957625
0.7268518814894996
0.6537460338240886
0.604777397046898
0.608151129368929
0.6080963233368065
0.6955920867002772
0.6451113749997667
0.6594314479419711
0.6405943530552503
0.6174270249999161
0.7060189329710258
0.5599796451735533
0.7224918820259734
0.5906610606365493
0.6350008669153044
0.6751568431200657
0.6028322617886767
0.6598202524910675
0.5766744013436436
0.7738429028433857
0.6801316582630159
0.7421886281718246
0.6404911810626175
0.6702158424552382
0.6930315491337766
0.6296071374999411
0.7628300609006312
0.6114244827680007
0.6214708550887261
0.6278179870378454
0.6247035603937799
0.5769624664168091
0.622353812499999
0.6510684884608866
0.66174258684049
0.5612159838625259
0.7582573900219238
0.5663352859055919
0.5274840812309811
0.6216538722428031
0.5515061534896639
0.5823013577035511
0.6290587880502756
0.574031383350512
0.5968537758148433
0.6314332263153013
0.6128844624998847
0.6552514430780154
0.5783818666230943
0.6548265649447899
0.6933015124123562
0.7199532092307119
0.5513301544395055
0.6244562289038599
0.6568632591792822
0.6165104499997651
0.5919228029858682
0.5474126945792905
0.7141992148616292
0.6174742737523006
0.7125064132190584
0.7086575817291224
0.5469749652734279
0.5685699900167506
0.5465007273495248
0.7218483812308824
0.6518241658101338
0.6523657131471038
0.6376520083878866
0.6474910354085657
0.6592844139311833
0.5471921621368847
0.6768001187828894
0.644199635459647
0.5735324297406444
0.6294606534507567
0.6219944469514384
0.7152039762136306
0.6011022027105047
0.553988745724858
0.6448701082732908
0.6633555801588588
0.6497557636386443
0.6287596475451138
0.5426833940177529
0.6140726833727624
0.682393665338294
0.6550612297271047
0.681520139082401
0.6175507647235258
0.6147616585243484
0.6208294142129476
