0.6215784083451543
0.6057068051457654
0.5593480661030023
0.6627864819541048
0.5757070749495896
0.47647901965725803
0.58070330320634
0.6246400633425492
0.7253176921650374
0.6224055453751003
0.5945781530016112
0.5024236894733255
0.7005203358210197
0.5439933650315606
0.6086916722525423
0.48511545005880036
0.6235675935985832
0.6739075852719125
0.5611542370247075
0.5810311131393292
0.7528998528108336
0.6326830652206974
0.5771811454275299
0.468456004831233
0.5542381004028644
0.6840666086375733
0.5737000068083755
0.838531313115297
0.6188070110384413
0.5426521036269918
0.668729305840575
0.7053451090846528
0.7733733195885617
0.5084422284294217
0.5796430133436272
0.5150367732897967
0.6098957251883919
0.6301843213162304
0.8370043175558226
0.5741559291505746
0.5050920789117368
0.6886938747421611
0.7136615641563144
0.5660326384436359
0.480710228840201
0.7028266667239392
0.5722048067345946
0.6737388311522025
0.6935185965834914
0.6907708338712798
0.7007621407444686
0.8337317895830804
0.7212143933487228
0.6266588491287409
0.6012489219827082
0.670576979565259
0.5067243796016807
0.6030572688382022
0.5886361857735232
0.7205756016765577
0.6495695499387566
0.6597931063002055
0.9984049303793261
0.8951632595439076
0.8347684447046887
0.7746182496819292
0.7138087608383069
0.9023256456151696
0.623362112692624
0.7679955626641981
0.720251954339381
0.4783130961817639
0.5919250074192802
0.5017749091825926
0.5044565260878581
0.8412872792789688
0.60911948801427
0.5622862835987645
0.6850904357029806
0.5774337052877856
0.5641364868640406
0.6881028616257951
0.48294181136787845
0.5950161280460813
0.8335890187803635
0.46388445342093654
0.5748454702261058
0.5865200841061703
0.5818711691349088
0.5572659318529154
0.7631879043341732
0.5913385788050913
0.4767305657965335
0.7963895089101986
0.6791200179319099
0.610635533907816
0.5742482126983067
0.647466939199203
0.6742465218096587
0.7382321953776706
0.6123493605750064
0.4945630905214413
0.6230208842189093
0.5938079989196573
0.6031076855858465
0.5000863878985117
0.6954677642878737
0.5393630900705029
0.5564368572949205
0.5853542011585352
0.9971541215619092
0.8964422607972649
0.6558581049167775
0.6964086795549536
0.5876538722436692
0.561131643777024
0.5966280205802018
0.6424169008208922
0.5406169366254056
0.4699119558077037
0.5936534601715299
0.7331338204169638
0.47298192713540155
0.5948738697350435
0.4857566805535588
0.5790573730670636
0.6533850177489318
0.5720942699744651
0.6370462342714974
0.7569757358950934
0.6940197961249899
0.8901606456327245
0.7875986518280442
0.5573554016164797
0.49202035462408467
0.7000548986015797
0.7349532832314832
0.6290696159513905
0.7282790605924345
0.6686122239956012
0.6934817705416993
0.6920278440770378
0.5480770267218716
0.5335624689566073
0.5281569529811214
0.7663622858844608
0.7446303849383263
0.6257330597989552
0.5885765740131108
0.7628941161386024
0.6847180401544879
0.5596960019574627
0.5114243542307474
0.6359526932170203
0.7787339416518304
0.5409072200897986
0.6453391588900144
1.0207216228029288
0.770131596147094
0.6556021376013597
0.5832111496974952
0.6226065872062948
0.5017523799452285
0.7374749172275543
0.5086114199362038
0.7519227694299154
0.5113254379666584
0.6047334113791338
0.5903182105135047
0.8038410047849933
0.6873058091868292
0.7095220983725815
0.7048308251023723
0.5384797549196213
0.5611872163086421
0.5771991759175917
0.6150220423396913
0.9018899790221937
0.6125254844753043
0.7883771389511812
0.5819672766069266
0.6920815530858313
0.6573833148214715
0.6670939651039429
0.7862549934760733
0.5650626954392612
0.5114110157621276
0.48326513571273677
0.6584735806217463
0.6445908244378794
0.4969261877387376
0.7861608526335314
0.7858601952429303
0.7622666540813099
0.5415186752458744
0.7522879175731345
0.6975719965526485
0.6523340447733513
0.6840465813567569
0.8939244995391527
0.6805225967243496
0.5086421604784175
0.6265049381361939
0.5923618978743145
0.6550030127625657
0.7327032148509577
0.8344856323339855
0.4824695928244886
0.6415010061729758
0.6231567375903493
0.48252983933461946
0.891369800577845
0.6025273218469933
0.6349072936552081
0.5632667897980715
0.8701114281871785
0.5662750988677583
0.7580404674828546
0.71315338532974
0.6625080103460035
0.6375856526815139
0.6731227680970674
0.623724782789109
0.49941714560251477
0.801171223344931
0.7792433004562465
0.5056375686131314
0.9040786203613196
0.6756549290966557
0.7635530968137618
0.7760668299532623
0.6755781863451367
0.7132304972708936
0.7817644892710257
0.5999261004544392
0.7964662880159411
0.7044487449002983
0.7961377250549724
0.6309281883987867
0.5410368036154765
0.7018608495545233
0.4794552528462681
0.7145058215887365
0.6491503466388524
0.4937012542947129
0.5632905612728968
0.5759834380853781
0.46738384184384635
0.6433638110538757
0.5028190004865654
0.4912467397406085
0.6411701301731996
0.6211660391327125
0.7353168227180681
0.5005969391150856
0.7020779390305175
0.6232266529541445
0.5403279206793152
0.46381148350069323
0.559818747510565
0.7139990464202148
0.572489221952571
0.984702997306346
0.5790890264577596
0.5810789272801709
0.9982142142609085
0.6627807925950469
0.5189428501534251
0.45434983603153933
0.5869702693231814
0.8003232206858802
0.602857279193854
0.8604944718817101
0.7963646815121964
0.6481825230213765
0.4793528738908458
0.5409476016264071
0.5701325598712513
0.5482007348996454
1.0413696838238897
0.5719340357782479
0.7818416786088171
0.461592313207786
0.7156955516032162
0.9027812003783021
0.5694581484290667
0.6795931642184101
0.6986562490534415
0.6117785993323785
0.5372194840144595
1.0119214759622241
0.7248399383498914
0.627524394897084
0.8966349001562185
0.5830762573743162
