0.4767388350757675
0.5812382348759825
0.6206333430913935
0.5539646801278217
0.677269732145464
0.6738716845351614
0.6916871740257117
0.6142087928686782
0.6013499664910366
0.6713610150325625
0.9949800540233398
0.7218102404531974
0.7679900139251363
0.6154779675085263
0.7194661161188296
0.8218335576260687
0.6714501658632971
0.5731574029099603
0.5835082631311469
0.7946230881310437
0.6467344926421901
0.5814236876132215
0.5402550818417392
0.5335047283648916
0.6866573616074122
0.7517300488458885
0.597859044212796
0.5317351836625733
0.5726152449037669
0.787790805824028
0.5148099599898108
0.48315231818630267
0.5295998327313114
0.6115309825694231
0.7538908692281399
0.45601393703062937
0.500707072976471
0.6232533378840744
0.4473980905864197
0.8614974973069883
0.6794238182449599
