0.6632772583883073
0.6578931807566887
0.6354997391896087
0.7376356021355981
0.7128292849638882
1.0583914712155846
0.6307046512954482
4.062214277254412
0.7891915141000826
0.699909453644258
0.7180633103097822
0.6977168507195182
0.8869517346952731
0.7108557937987051
0.6307130120310271
0.7062253764628679
0.6027977980136504
0.7459171113623868
0.6785696931967903
0.7154042296803327
0.9465930513154265
0.9713155193116351
0.9857208920705642
0.6631611587985491
0.8147321804653811
0.9653024135589084
0.705869453723865
0.7713675874678454
0.720860766518457
