0.7232106074404169
0.672404221682219
0.7468681062141931
0.6493769496310237
0.65895651427775
0.7464962224174434
0.9831297292164509
0.7296712365666378
0.6990627634089666
1.0838606942096547
0.6404418272946311
0.6914345917256262
0.6528457357172346
0.9714505437497789
0.73745428183896
0.7158529778237854
1.0581387928691817
0.6690799500103044
0.634209456514935
0.6479798890293156
0.7899674759400714
0.9581423546770385
4.314138222304892
0.7414036717793999
0.6836080636646749
0.7871364345094758
0.620168326092448
0.8346454960188281
1.0572932069792196
0.7415208782295772
0.6435313950749606
0.7620835326043637
4.110642303834619
0.7521128679404445
0.7177488566087398
0.7970978710968795
0.7697152895659308
0.7056786649790809
0.9719552128626308
0.7445140102840997
0.7183295377659558
0.7383352353685286
0.7175752250367582
0.7371401226815408
0.9688200874989066
0.6075077103884138
0.6909630211302737
0.9629354499996046
0.6658291521424335
0.7299757678028651
0.6525056515541453
0.7926893129319521
0.651023366301768
0.9569620737327382
0.6968786971292296
0.7304924790155847
0.6293749766964247
0.9568307499996084
0.8283069923007034
4.053345164396419
0.8938848170625249
0.7191605981499234
0.6838276715420684
0.7107384877100984
0.8364759609976935
0.7493349575946877
0.9795838065457011
0.9710624661419562
0.6794808614367919
0.7645609310464012
1.0633099986566483
0.740076524369288
0.699725864886062
0.7115989454434731
0.6481880531388835
1.0850070884324412
0.7985528154087596
0.7063229332747734
0.7345093158128153
0.8302480305196869
0.7282208561641554
0.7976313423402457
0.7602437565503859
0.9427155501722699
0.7422296032381377
0.7310913500214453
0.7521912052349762
0.9936161999067453
0.76460891130897
0.6169904062130629
4.188200099894691
0.9525676363575533
0.6506087031713672
0.9856422264860255
0.5981182044817004
0.7516615680956216
0.6543760628130944
0.7707614942088246
0.7907276826571561
0.8286384398446485
0.7537560840594273
0.784696172966778
1.0772072600145932
0.7518478516300242
0.6751535327141864
0.7219771330624342
0.9771182999996082
0.6838216384418224
0.6621925332874521
0.8244583405684809
0.7132518463763842
0.7233166092468524
0.6849955411823341
0.9638075499996073
0.7699218079494361
0.9879417634972021
0.993707543635683
0.6658490687049059
4.184290809385087
0.7410961549387723
0.7092778565322249
0.7499259848928624
0.6578678767735933
0.7069777253241448
0.9465277415617745
0.9471879277353132
0.7779057836216281
0.7781488048889271
0.698663087159235
0.950807503035942
0.9935190668949709
0.701031497636164
0.7277186088938752
0.7069803985981228
0.8246200665133615
0.6611862926574761
0.9187303695704239
0.7670329079234581
0.6548864565678361
1.1023944542180173
0.6301560545973126
0.7204116130741947
0.8150021973826094
0.7119538314484736
1.0066006001306982
0.771576128347103
0.8348319885409683
0.7034010395302899
0.7335898752763665
0.7309108398189472
0.6992844916310144
0.7438254984989243
0.6756695394565077
0.7136449579985497
0.7173490457934242
0.6948637828161877
0.744768084613993
0.986677085230528
0.7448957535262842
0.7197116594371473
0.9951124563360867
0.6761373838925053
0.6580053250258544
0.7179044884913345
0.7584004279250405
0.9289780703096131
0.6087984818687628
4.052965569984661
0.7201642329397784
0.9722265234195515
0.9772820533360229
1.0897905098081426
0.8406383711249104
0.6544332942206301
0.623986338267953
0.7563433806471718
4.31992246775486
0.7605206471322172
0.7411703917033301
0.6622616054026677
0.7889951318153192
0.706948804538275
0.7400296849814577
0.7677688220038834
0.701820985794332
0.7673338147909283
0.6445727521360639
0.7216460025873817
0.62018149013143
0.7333149854634247
0.7166802695928574
1.0856316343508408
0.7055690635550511
0.9500594593270022
0.7268166370574989
0.7710526690324684
0.7054206087042898
0.7351821830217302
0.7223033677524998
0.842667038142598
0.722345411934226
0.7362215603781265
0.6430567564378864
0.8220064173436226
0.7234101825804364
0.9632865391198077
0.759784597783399
1.0800719610258525
1.077627532601877
0.7624020076031792
0.6901627404143664
0.683671874676769
1.0938352328158982
