1.2276586231140614
1.127717048015718
1.2196414569660197
1.2232458015806933
1.1416244407327492
1.1314612440952487
1.011898661172918
1.1450225064545276
1.0567658070780923
1.1994801157573654
1.110622595541509
1.1130625334005817
1.0580727518102904
0.9924872473477744
1.2565690642611165
1.103725688297882
1.311180771469897
1.0373417343896643
1.3267544352341643
1.2252686737950573
1.3144114087447272
1.1369168355979933
1.182733441159319
1.2119079368617576
1.1974091208024307
1.2270095212335306
1.0922981654568553
1.2579577294406241
1.389839355111873
1.1804952369844832
1.2035125043815769
1.3328897604083063
1.3785986098726088
1.24107260008494
1.2222554029861206
1.2710922917668224
1.1030901529865274
1.163286807691218
1.2180185307725244
1.189518652571474
1.2098463314676637
1.08568309451559
1.3009549219219627
1.1123931002562377
1.370506675850307
1.1922470666323346
1.211103644221324
1.2685464437788325
1.324355067941747
1.1556470481782508
1.0899784035050821
1.1260074449111426
1.0611091034858553
1.2565904664289755
1.2113338919702423
1.0628571061880494
1.099254127632412
1.12213595734238
1.1984717535440077
1.1231465697246352
1.1981915992527359
1.1746277935544702
1.0757505791247028
1.1241421780578458
1.2132250103954694
1.2119937220883368
1.1546063848444006
1.1433775449663517
1.1787570161032688
1.1390933628212119
1.1626111609847636
1.1677132518295754
1.2633733131580862
1.1902169970061636
1.3573317301289294
1.3232587799370077
1.1411476538783107
1.2445345505207082
1.340827856327826
1.244904523741783
1.298955331331208
1.1918533685743244
1.2559600494942302
1.2056859104801785
1.1703738607924712
1.374837823006622
1.1516892301017483
1.1367300682550745
1.2281149031343086
1.1283956765998715
1.1949022113156509
1.2538109849973602
1.1448932371041753
1.128438871759856
1.0851175979638552
1.1909580946157279
1.2936710721895697
1.2610693813007314
1.16074369476298
1.0196149280875026
1.1839540207105064
1.2641832403425002
1.2670758531950121
1.1989211340419326
1.1268608500574084
1.1263278373433119
1.0339063981330494
1.0525693987591185
1.1550132580753938
1.1189279419378504
1.0634701966084465
1.127626538951869
1.1439360429012966
1.0893025010700708
1.3667724166887663
1.2943768748660345
1.0331212927906566
1.2333217803192806
1.360671206971538
1.3941342056363535
1.1695767511791444
1.4065339446913787
1.260703467981331
1.2666185720999397
1.1947363658527814
1.291199013596462
1.1762827400438753
1.2630231516541057
1.2856761111210866
1.2829119514426686
1.0287786367158744
1.3462585458541474
1.168696861868698
1.3006681504449418
1.2033315075251243
1.4674557628403155
1.3135977198186595
1.001451148345969
1.164985216350761
1.156137095028328
1.2882599659502492
1.2410067473718613
1.2223194683797483
1.179329654922412
1.1296562453676946
1.2957864547624423
1.0612298650475103
1.1165849081595172
1.2634047194326785
1.113422130694882
1.2636424047759258
1.13310737201724
1.1455972262434777
1.2098293386436383
1.0748937937786882
1.1293681911563196
1.1523000096430378
1.2069730721410612
1.1616176511445708
1.1809731388006885
1.200808449418147
1.1311220197883194
1.2230013571810563
1.1852480688041438
1.2783235877718973
1.1291838146579916
1.3537298753214444
1.2794401088895906
1.2176424244360013
1.269741560116674
1.2555777033459188
1.173368971699526
1.3930887502296436
1.2894527501781299
1.2499540658955974
1.2468859311423668
1.1393024925504478
1.1677767785283273
1.3043087153729145
1.3398574985590792
1.1888455752797047
1.192192084345339
1.2229744221179746
1.189557773850102
1.2391159367088176
1.056715646001691
1.1175769297121616
1.2515712451195287
1.247724827082056
1.1924374327918503
1.064486408704515
1.0788047794320854
1.179681206395831
1.251903875286222
1.2003914157215025
1.3068715085370242
1.0904277392802277
1.164095528858237
1.0652546980945485
1.1731729293844253
1.1860230563078704
1.106352930752315
1.1594147938113761
1.2265288889245483
1.2416330034991718
1.1178484128440553
1.1163854729649638
1.0923815661345513
1.2562140141395346
1.344762813341106
1.1575857112292396
1.211719077731746
1.2243624758069558
1.1415205629265195
1.5313576787849825
1.2958978085819812
1.3377207579207797
1.2684086041634395
1.2865582978616126
1.3642991818539645
1.2251208867547672
1.1474826816482393
1.1182750065764202
1.1868504896250718
1.149490261953129
1.3474786197305741
1.1871668639735324
1.2092088028370487
1.147072149414412
1.3549947612100999
1.211678765872225
1.2115860071105908
1.1861867591856647
1.0035294138422746
1.1710105881439619
1.1439132279423863
1.2435304274018169
1.2752555737450275
1.0992918850691646
1.1825958740257716
1.1871206385331323
1.2961667284480325
1.1653965574776575
1.1144279601672273
1.1053307537200654
1.1795249805295902
1.044415835669257
1.2663055974748751
1.1237350603738814
1.186276043323792
1.056656645731029
1.265521239267635
1.2270331819566849
0.9302611760547232
1.1738577266953618
1.1134398489255806
1.1071337879155396
1.1646419228384304
1.2014152474058795
1.13739776770785
1.1487603436592124
1.100166049277614
1.0506684561159587
1.2177552575610433
1.1146708225185908
1.0555612681780873
1.1684549129137216
1.070173020446139
1.123916145233747
1.2348535719781402
1.1134030177922984
1.3124416689596106
1.1855994650995116
1.2200921209360613
1.203208290113606
1.1166780406310843
1.3442503683182916
1.1633417830242267
1.165098661422134
1.3722072175622335
1.1452179645296943
1.2417376049129882
1.3309114241951112
1.422261133912765
1.1827916804431837
1.2258430129660352
1.1470201028497198
1.1020245959158033
0.9466186607151157
1.23911441070146
1.2224671031880128
1.4170635324858871
1.246444096905885
1.0634440224320485
1.1182920043999725
1.0936209239561958
