1.0256689104661196
1.0480025807051017
1.0759841501548157
1.088147194945172
1.072362775215229
1.037533092230978
0.9924544053851707
1.1029419966030356
1.082598958452466
1.1230363240082528
1.0841774433249056
1.0494765948345144
1.0824178748742717
1.0891649360808235
1.0776561155550226
1.1141779462206174
1.081785518247237
1.0804457667993996
1.0399745148515422
1.137344402314218
1.070748872381183
1.1347363217336364
1.0144933421802862
1.010962330170749
1.074945590848683
1.0824554963974222
1.1081578879720664
1.0075377045689125
1.0981094443228594
1.0946570210061994
1.1568600476767497
1.072371882565501
1.0991598005694472
1.004252803616381
1.022128820501685
1.0485425299630426
1.071613094078857
1.084700893001766
1.065352498267035
1.064845995511614
1.0450110339817091
1.1418697947575969
1.0974938744726541
1.0989516827844432
1.068611127995167
1.0881673295009113
1.067737092251035
1.0856359827341284
1.061399432911748
1.0582829874675532
1.0934872700548548
1.0536902724244368
1.1380366194506766
1.07846896784008
1.0825129523586932
1.1569515326331732
1.155327622057749
1.1148800779890453
1.0363037041359289
1.0707568001133476
1.0984907959989565
1.081228917070336
1.0701923021567261
1.0302986267883205
1.094321113835107
1.0937177488076308
1.0558774404815634
1.0499776863234587
1.0925278767494515
1.0038565189403759
1.1356460354567623
1.0774717314632403
1.0889604430258584
1.0787239278719998
1.053215123704387
1.0309419583743327
1.1139234195012795
1.102721319371906
1.1014582946224545
1.1418405155463653
1.0658779763706037
1.0811682702494945
1.087023521477899
1.076663305404781
1.0840071365442865
1.067401953540998
1.0870534884634417
1.082120569355437
1.0894230981538178
1.085783839845447
1.1506219967794216
1.0620406816103496
1.0829902890792682
1.0583151283438403
1.1009202012326857
1.0729427311487392
1.0620746435893273
1.1313736040925626
1.0957276649496759
1.0752954283135383
1.0842079549242842
1.1026978778074281
1.143233872472483
1.0704164738555093
1.0923975095119502
1.0627976209001146
1.098781969059691
1.0168139374862288
1.0848198079649554
1.0476464042041358
1.0601975243519668
1.0619487064239284
1.0834799249165072
1.088155706154065
1.084900317541388
1.059796810446743
1.0983600543829797
1.0826296667118962
1.110567425611885
1.0711584566947283
1.0796148755430677
1.0077308286133277
1.090938967154714
1.100588728655445
1.0976843284036648
1.0971389512105327
1.1402663033133167
1.0674671706816525
1.0219723617663163
1.0427414564100164
1.0803204591713556
1.0286595365225892
1.0741697253206222
1.161902440375113
1.1405063388687102
1.0551569789740616
1.0757598686961019
1.074982019060702
1.0518105913253681
1.0716788401640418
1.071503438672607
1.009794740016652
1.0926907849242216
1.076741951940622
1.0776165192238913
1.1040132618414238
1.0849190171764924
1.0606164353373626
1.050134604393824
1.075830929808345
1.0610211379622165
1.056739140682187
1.074280775076192
1.0785309636373945
0.9980768311945669
1.0973789492150297
1.0742035887818768
1.0724264559850794
1.0691263289878103
1.0909252888897565
1.1453618475750222
1.0942517916822032
1.0730848200161702
1.1082177883711526
1.1014980820968556
1.1014935291856718
1.0266107551288695
1.0133894485692156
1.0237094097276762
1.0412690359218064
1.0748804047231049
1.0734441942226491
1.041551455668195
1.0191854304371524
1.040536618971466
1.099480178211174
1.067692441034652
1.0851538164909504
1.0926902482073506
1.0644810347460438
0.9983980074104393
1.0181391552731514
1.056393219272755
1.0454868655156266
1.099819975339037
1.019783915990434
1.0704168195093478
1.0753928760515363
1.045092091957264
1.03805714852765
1.0818642160177894
1.0622605968699197
1.0531299122187325
1.0636111746907502
1.013826230394207
1.1166142718630372
1.0992577754888704
1.0736044415628805
1.0734242215041307
1.0442582869962214
1.1349150689869547
1.077786381575495
1.0024476191677174
1.0809081169468848
1.0203364241235273
1.1099036680714414
1.0449881309345417
1.1038609934614405
1.08877883581862
1.0898849446049743
1.0747380816598762
1.075984548397314
1.0027639322346849
1.0269693402801685
1.0744256879040501
1.0704530969217494
1.025167357563179
1.0211855029818948
1.0904121178461372
1.0996243985524723
1.0673966601777387
1.0916450831925721
1.0793705287323556
1.069895111131869
1.0860394635672024
1.067843509944633
1.083143877621003
1.0592771662209903
1.095924720303693
0.9958215910336577
1.0769409151332057
1.1235384713997858
1.0302555718104303
1.0884836284811426
1.0347008987656876
1.0946897755377734
1.129400102820581
1.0300597704499026
1.0331673546113918
1.090988628528
1.0709962274826494
1.0845570327390621
1.087535301656715
