0.3613940104265391
0.5025478160038706
0.4757066018437699
0.39552224869294506
0.31440953796292714
0.3119494817368161
0.2782386556094397
0.3626192487614467
0.23676231189708324
0.3610683014414662
0.27494894122603697
0.23995312846399566
0.2674829609937426
0.2942529059505625
0.3296629199493727
0.24904961782089297
0.28673306228265216
0.2715868034538894
0.41252606659878044
0.2562921162381804
0.28817495665279613
0.3025940877964579
0.28799134240930824
0.321696732811854
0.35569785042048097
0.2644775698836257
0.3533338844108205
0.3862809133873284
0.3595681054533746
0.34212990437170887
0.31060458258624324
0.4042909429666357
0.43176946545498407
0.3449971912981519
0.2807197385002869
0.3168227855193223
0.30171557590842857
0.39249676248611487
0.3360904369786124
0.33572704662507635
0.34361489001925594
0.258982878815704
0.47858372066078925
0.370040527791641
0.2771134824705723
0.30375400597320157
0.4816903848885541
0.47335583799114733
0.38461460990175067
0.2747436957212691
0.23780940533641867
0.2676752879189603
0.34748936240567196
0.3675653405375475
0.3132975464990257
0.20794203479605444
0.3621346130090317
0.3364290448161098
0.2963039105309118
0.5021394534813294
0.4400485604223623
0.34537059446884977
0.37048858579190874
0.31681523907120823
0.36221791439946555
0.28186710395751857
0.2670471038321249
0.2666966880931053
0.3920715020231982
0.3382202396102604
0.37853829871672406
0.4257933984252381
0.35156593527408675
0.36782004495383014
0.28863723215923387
0.470075413693118
0.37230400334387315
0.3754269560429169
0.4076892922314419
0.26491176339776124
0.26678574121040766
0.28487132456641723
0.3719034487706624
0.35985980109583793
0.3778645168889733
0.3518836053599661
0.3673320229552651
0.3832823318262254
0.2700990112277093
0.478197129347137
0.29644685797313075
0.3378097170591322
0.3966685375505943
0.21312940367291472
0.36153037425731865
0.49286773958710295
0.3760441581727372
0.48507270039151074
0.29298064884699493
0.2956548328600799
0.4446818487383451
0.3764929925394862
0.40161221726771545
0.4034571840441533
0.2582148986198575
0.2531046129157667
0.363190368197976
0.2612149628526097
0.3497728918231895
0.45453266520854446
0.29315291105399066
0.27568359528876485
0.33457649296219893
0.24774036047655035
0.3294828313446597
0.4818220775408376
0.3483558558864557
0.2561505743604383
0.47343820382686963
0.2638761432610199
0.2984030513595961
0.4947641679122706
0.3891957064907881
0.27749948406303965
0.33338739443956883
0.2550509064090594
0.23930944439545143
0.2591717197229656
0.39322771886767044
0.2958638366739444
0.2603201044394087
0.5215092924321103
0.28738222883846565
0.3785675123443418
0.2813892746308643
0.5331298662351659
0.47066236231066916
0.25533729824936435
0.27363613698996814
0.3038932753796849
0.2542570801068954
0.2954267558170299
0.3319368177121253
0.3438823667821683
0.3988443430415003
0.3010676062634484
0.28345816616287334
0.1930667527876826
0.34939887500274186
0.4392204864019156
0.33416786255677494
0.3804383060752289
0.29108349798875266
0.42564505269647857
0.3059928700077577
0.26177619071107505
0.29199721646765536
0.36925927525138147
0.2749504296989965
0.31741989118601094
0.3450581284214171
0.34626070792725683
0.4256764217541532
0.3404607357087497
0.33176875312297727
0.3122591297386343
0.3299415290580286
0.31579596240269053
0.32535644150129717
0.39172571379198584
0.34765607914941266
0.3560671881566596
0.35591204265423776
0.37413189702966854
0.23150153391312417
0.26808584042436684
0.3068052334178536
0.2471533005037146
0.2775143645157813
0.4666637702287284
0.36587342726133526
0.3904834246111769
0.33087393629069434
0.2817640209505261
0.2846991031061462
0.19163483954260982
0.35306396642815385
0.3205715225500414
0.36781859137469236
0.33203382916491087
0.2233297671327641
0.3532457673305466
0.2895804596208792
0.4259730491802869
0.39473092872422033
0.368850084815128
0.4276112612865941
0.2797477418908264
0.28630311146093057
0.35950137621462186
0.38522366913566464
0.2444019192925252
0.44314467823542675
0.37117176103808197
0.3164451480024977
0.3467524834768745
0.31051466769410324
0.35212161849495005
0.36941729160751735
0.20848643417366583
0.2885213709893795
0.31626777002002093
0.2930382733079038
0.33721214437154556
0.43215710725732437
0.30036636388853993
0.5667304099929195
0.2699454182949188
0.33141395284640784
0.41061625408416524
0.4189427473309225
0.38620076006292575
0.3116164603089958
0.37659043532587644
0.33894958598604963
0.3177737485408769
0.3996637984121888
0.2854855151853225
0.3438934025479094
0.33212125131773934
0.28178450580183423
0.46034445638966803
0.3419587189740221
0.26133873800815244
0.2863662494573712
0.2900801267549317
0.2919061284606915
0.39019720449677386
0.27216078166032315
0.426380029362477
0.38150691594124553
0.2765252020032579
0.29992078091152985
0.2607694322689111
0.4459558833304976
0.23461334847551976
0.3519359306589732
0.42492964192959387
0.18899917191758805
0.3697036988535317
0.26098281683142444
0.3932064275272059
0.46687887547594265
0.2855159390820696
0.3677371638364285
0.21598836688557205
0.3418444770164716
0.2856575112363562
0.3793144563528553
0.30875660434148333
0.371541360260889
0.3346946925609223
0.22491106322662247
0.32709364206399577
0.34040506183802477
0.32075864301466656
0.32424418752772366
0.3866693188712032
0.23243507492036888
0.2957474778932735
0.25570791890647865
0.4270947174467225
0.3771024924148384
0.5017308972559894
0.41164654150765334
0.24745162513976407
0.2504603454269077
0.33422831242173495
0.28498659261041887
0.3607029228798222
0.2794109099334479
0.2776585519161508
0.2875895787187629
0.3806958796617005
0.30860546381434084
0.3520410074056266
0.4313791789953992
0.3156601248831384
0.2971518421514847
0.4888539465483608
0.3979562289939035
0.35835638545429915
0.396567546548553
0.2566073216283384
0.42695266062798637
0.35346531653023877
