0.45612683176017865
0.44899192392372245
0.4465205378638082
0.4775200026632257
0.438146735556153
0.44798320611903586
0.4619950524646187
0.5837999410927647
0.4766409848023409
0.47218481567141624
0.4662513414609858
0.6402594975184236
0.4320748545548419
0.4528076250252684
0.439259601021672
0.5758045187499052
0.4592412065024115
0.46626270478162235
0.44418222143298763
0.41536718136354356
0.4401642952982781
0.5143052611171736
0.5671109520044451
0.4639238593340286
0.4391543129991463
0.42525499689676344
0.5201638411509264
0.5993050887053799
0.4639740906698189
0.4159984836035545
0.5587857822769298
0.47278665683044163
0.7090922523792398
0.4723163341928412
0.4806813862601905
0.46504032426088854
0.49942080189866267
0.4897203098139704
0.4619022849910348
0.559741605512556
0.48153606155032846
0.4734287876139811
0.4849511865865124
0.4886749097206604
0.5730160374995314
0.4181678758807488
0.4555955804844031
0.5704940499998306
0.440218860405469
0.4723153290583708
0.42582470780891946
0.43216415140396713
0.42518944270075776
0.5695951744568878
0.47142001305538417
0.5696313020076719
0.4562575767209649
0.4159115614413249
0.5562497499998322
0.5174473395574444
0.5425620644553678
0.4676802563499671
0.4392484306608865
0.5262501125411329
0.5681131788719254
0.48334003759004224
0.41354310573092445
0.49868901185615444
0.6078542675405805
0.5654189124987999
0.5802453599481576
0.5786282569179813
0.4104752549014823
0.47272712759131486
0.4766442247296948
0.47251564209402663
0.48370880519005993
0.4372634513452358
0.6205679236139034
0.4987154351751827
0.46217839997490284
0.4746320353483494
0.5152891559370086
0.4552840240703524
0.5013105752886767
0.4649383242358797
0.5827587786452586
0.495432364873736
0.4612877728163448
0.46025180715204805
0.47884617367213267
0.5204255795262517
0.4901481619895586
0.410603888377027
0.4277101792284749
0.43626597278772883
0.5909814256368682
0.40214204477787163
0.46570380061240924
0.6914869694204243
0.4448988840627548
0.5029594832323534
0.5013419211387812
0.49142664564770655
0.5000028455571905
0.60484962572054
0.48815659988390037
0.5672839161725324
0.5752434999998322
0.4739815176768349
0.4718042450464954
0.45954457140890803
0.6232621743737993
0.5116865888150632
0.46215787701845046
0.45222704682007964
0.45303808907814314
0.5562497499998317
0.4894350605497584
0.5692092843559439
0.5853432329867213
0.48038021515924545
0.4861759664023311
0.4471655956566678
0.47488543638265535
0.44029067576011144
0.44916988228177634
0.5651233178121892
0.5491270547437057
0.48160252155212635
0.5092401163809688
0.5858530013011181
0.5659932000978447
0.44064138470121317
0.6005004323830894
0.4654502279706241
0.4897044856485835
0.5532101583873246
0.4719177605386249
0.6452124803791504
0.4643127198889406
0.521919784592547
0.451302499192203
0.5686096429131564
0.5215804835773299
0.5233584093747008
0.4612999169415528
0.47182933226129997
0.47271607420812023
0.4621519821275776
0.4619717279281105
0.4656901677136642
0.44950340534003896
0.47939404643407146
0.4615032497783662
0.4892031505488542
0.5802952793845121
0.47908336579697897
0.4688715826159203
0.5696661384297516
0.4414708535825091
0.4654851825494981
0.47087949506771487
0.5326897191849747
0.48283618339644596
0.5708911729898343
0.4203822065151841
0.4507514426884765
0.5598578814655221
0.5783037371440098
0.519742159053533
0.42665084038027007
0.4298813449719799
0.4643464774202165
0.4721168487709503
0.4963822821585701
0.44823700231542907
0.4802088707779939
0.4461674305164036
0.5173740094302358
0.46635369391185666
0.4883259206246836
0.42242489377259884
0.46970058682316357
0.4256343957706129
0.4737464223414677
0.45033805839693886
0.6065912861503604
0.46019417009502195
0.567010668283001
0.48796277919891284
0.5000942152996294
0.4601305465875528
0.475501807009313
0.45573801475107134
0.4727827479718112
0.47333095444776857
0.41579506704480845
0.49547783600440976
0.46838023539161566
0.5556942310513462
0.4860456990500282
0.6390095118682226
0.6213089425436616
0.489326931829934
0.43303481732044274
0.6119758997782422
