0.4487136821664175
0.4397616488957238
0.43016445965268946
0.47559811520097073
0.46330569355595214
0.5997757733781078
0.4214648505551921
0.46204606584753916
0.44686099013276387
0.4412557217369364
0.5425808005836885
0.4833903116280165
0.4134949480132974
0.44585738991265766
0.4181842420058502
0.48213739058388005
0.45123931137005296
0.4731950463389476
0.44680112700585684
0.5860458654192722
0.5802592394588133
0.4762381966279497
0.509594663056592
0.5761596629538179
0.44607860873879934
0.47265420891479093
0.4600861197986093
0.4745135999364817
