0.5150212735216131
0.4893158902021172
0.4708396721995086
0.5553626248281258
0.5135010707106338
0.5488849886936318
0.4672992041317988
0.5325966537910916
0.5406507970033242
0.49342621646693996
0.5175738572697273
0.5065286384208356
0.46760196830785244
0.48823914355504694
0.4544981315430478
0.5200548311297037
0.503527047436573
0.49021104927416265
0.5378331408138421
0.5697351104169932
0.5234617122178783
0.5255296062713307
0.6029429122603281
0.5692959068823655
0.5126100576542626
0.5590498051215563
0.5270106592612872
0.5438703389788233
