0.023255799999999993
0.020930199999999993
0.023255799999999993
0.023255799999999993
0.024999999999999994
0.024999999999999994
0.024999999999999994
0.020930199999999993
0.028907291365777073
0.023817948657089312
0.025562148657089313
0.02554978619425778
0.024999999999999994
0.025455927051671726
0.023255799999999993
0.023255799999999993
0.023255799999999993
0.024999999999999994
0.023255799999999993
0.023255799999999993
0.023255799999999993
0.023255799999999993
0.023255799999999993
0.024999999999999994
0.024999999999999994
0.023255799999999993
0.023255799999999993
0.024999999999999994
0.024999999999999994
0.023255799999999993
0.024567753352769672
0.023255799999999993
0.024999999999999994
0.023255799999999993
0.020930199999999993
0.020930199999999993
0.023255799999999993
0.024999999999999994
0.024999999999999994
0.023255799999999993
0.020930199999999993
0.023255799999999993
0.023255799999999993
0.024999999999999994
0.024999999999999994
0.023255799999999993
0.023255799999999993
0.024999999999999994
0.024999999999999994
0.020930199999999993
0.023255799999999993
0.023255799999999993
0.023255799999999993
0.024999999999999994
0.024999999999999994
0.023255799999999993
0.023255799999999993
0.024999999999999994
0.025551132884262088
0.024999999999999994
0.023255799999999993
0.020930199999999993
0.024999999999999994
0.027985074626865666
0.020930199999999993
0.020930199999999993
0.020930199999999993
0.023255799999999993
0.024999999999999994
0.024999999999999994
0.023255799999999993
0.024999999999999994
0.023255799999999993
0.023255799999999993
0.023255799999999993
0.027439024390243896
0.024999999999999994
0.023255799999999993
0.023255799999999993
0.023255799999999993
0.024999999999999994
0.023255799999999993
0.023255799999999993
0.023255799999999993
0.023255799999999993
0.024999999999999994
0.023255799999999993
0.024999999999999994
0.023713582299084428
0.023255799999999993
0.023255799999999993
0.024999999999999994
0.024999999999999994
0.024999999999999994
0.023255799999999993
0.023255799999999993
0.024999999999999994
0.023255799999999993
0.023255799999999993
0.024999999999999994
0.023255799999999993
0.025315096467722283
0.020930199999999993
0.023255799999999993
0.023255799999999993
0.024999999999999994
0.024999999999999994
0.024999999999999994
0.023255799999999993
0.024999999999999994
0.023255799999999993
0.023255799999999993
0.024999999999999994
0.024999999999999994
0.024999999999999994
0.023255799999999993
0.023255799999999993
0.023255799999999993
0.024999999999999994
0.023255799999999993
0.024999999999999994
0.023255799999999993
0.023705799999999992
0.023255799999999993
0.023255799999999993
0.024999999999999994
0.023255799999999993
0.023255799999999993
0.02570477959183673
0.024999999999999994
0.024999999999999994
0.023255799999999993
0.025721553424657526
0.023255799999999993
0.024999999999999994
0.024999999999999994
0.020930199999999993
0.022384157996768975
0.024999999999999994
0.024999999999999994
0.024502337396121877
0.024999999999999994
0.023255799999999993
0.024999999999999994
0.023255799999999993
0.023255799999999993
0.023255799999999993
0.023255799999999993
0.024999999999999994
0.024999999999999994
0.023255799999999993
0.024999999999999994
0.023255799999999993
0.023255799999999993
0.029384896467722285
0.023255799999999993
0.020930199999999993
0.023255799999999993
0.023255799999999993
0.024999999999999994
0.024999999999999994
0.023255799999999993
0.024999999999999994
0.023255799999999993
0.023255799999999993
0.024999999999999994
0.024999999999999994
0.024999999999999994
0.023255799999999993
0.023255799999999993
0.024999999999999994
0.024999999999999994
0.023255799999999993
0.024999999999999994
0.020930199999999993
0.023255799999999993
0.023255799999999993
0.024999999999999994
0.024999999999999994
0.024999999999999994
0.02375719275766016
0.020930199999999993
0.020930199999999993
0.023255799999999993
0.023255799999999993
0.024999999999999994
0.020930199999999993
0.024999999999999994
0.023255799999999993
0.023255799999999993
0.024999999999999994
0.024999999999999994
0.02426026428571428
0.023255799999999993
0.024999999999999994
0.023255799999999993
0.02610837438423645
0.020930199999999993
0.023255799999999993
0.023255799999999993
0.023255799999999993
0.024999999999999994
0.024999999999999994
0.023255799999999993
0.024999999999999994
0.024999999999999994
0.020930199999999993
0.026240874626865664
0.023255799999999993
0.020930199999999993
0.024999999999999994
0.024999999999999994
0.023255799999999993
0.020930199999999993
0.020930199999999993
0.023255799999999993
0.023255799999999993
0.023255799999999993
0.024999999999999994
0.024999999999999994
0.024999999999999994
0.020930199999999993
0.023255799999999993
0.023255799999999993
0.024999999999999994
0.026128526645768018
0.024999999999999994
0.023255799999999993
0.023255799999999993
0.023255799999999993
0.023255799999999993
0.023255799999999993
0.020930199999999993
0.023255799999999993
0.024999999999999994
0.024999999999999994
0.023255799999999993
0.024999999999999994
0.024384326645768017
0.020930199999999993
0.024999999999999994
0.024999999999999994
0.02452340563380281
