0.023255799999999993
0.025406337634408596
0.027816020025031283
0.02812717164697706
0.027586206896551717
0.026083025130890045
0.026378089679097997
0.048878402724795635
0.028134068485200225
0.028715468485200225
0.06332714049803406
0.027368421052631573
0.031864406779661014
0.024999999999999994
0.02817087492660011
0.028706245710363756
0.026525423728813554
0.024999999999999994
0.029361634464043412
0.024999999999999994
0.02993824647302904
0.029469088984881202
0.023255799999999993
0.026135799999999994
0.024999999999999994
0.024999999999999994
0.02824324324324324
0.03112293286713286
0.024999999999999994
0.026621621621621617
0.0287392947368421
0.030194813071337027
0.03151085141903171
0.024749575933609953
0.026986369948186522
0.03859773371104815
0.03044794188861985
0.028169014084507036
0.026229508196721305
0.024999999999999994
0.023255799999999993
0.02918215613382899
0.029997494210009808
0.025581399999999994
0.02984680284360189
0.024999999999999994
0.024999999999999994
0.03260368663594469
0.05388436067244014
0.028571428571428567
0.04194747274529236
0.027084539664157494
0.024999999999999994
0.0359577922077922
0.043006230292598965
0.03580867272727272
0.029635454054054048
0.02804715342465753
0.029043126684636114
0.024999999999999994
0.03699999999999999
0.027125984251968497
0.030284791544333525
0.023255799999999993
0.03359325270528325
0.025581399999999994
0.03449229108910891
0.03085365853658536
0.03409047094703049
0.024254271269748384
0.02535335689045936
0.026648351648351644
0.029629629629629624
0.05035211267605633
0.0286326942482341
0.02449975300621976
0.028441682600382403
0.027046005370219686
0.027444754037267073
0.026244813278008292
0.02934315548589341
0.03305369127516778
0.036521084337349394
0.02540723981900452
0.024999999999999994
0.027383053839364513
0.031716417910447756
0.024999999999999994
0.024770951515151508
0.028113045569620247
0.027902183909231555
0.046090168110035655
0.02546728971962616
0.034109311740890685
0.024999999999999994
0.02830073349633251
0.048841059602649006
0.03489977791199309
0.028780452132701417
0.041505348955680074
0.037590819152276286
0.02866225839267548
0.024999999999999994
0.024999999999999994
0.028964757709251096
0.026011235955056174
0.024999999999999994
0.029972217910447754
0.029515826229508192
0.027120534299516903
0.03359188544152744
0.02863636363636363
0.026003344481605347
0.028362391033623906
0.024999999999999994
0.025948366701791355
0.024999999999999994
0.028571428571428567
0.025581399999999994
0.029641168886978937
0.035281797410510275
0.034586735251798555
0.025581399999999994
0.07610771578947367
0.025581399999999994
0.028692307692307687
0.03522727272727272
0.02939330543933054
0.025465597516813238
0.032630799999999995
0.03944759206798867
0.024210200848356303
0.026175958188153305
0.025581399999999994
0.06196665564803805
0.02759815242494226
0.024999999999999994
0.03699999999999999
0.031454183266932265
0.02549423393739703
0.02676643768400392
0.028934033438485798
0.029116870911722135
0.028138075313807527
0.03302967586206896
0.02859281437125748
0.03608695652173913
0.028900325027085585
0.02546923879040667
0.024999999999999994
0.06032182103610675
0.03459634424980959
0.028100775193798444
0.02864161849710982
0.026003891603053428
0.025509337860780978
0.02590855376226826
0.024999999999999994
0.02636778115501519
0.026663585951940846
0.024999999999999994
0.024889193829401083
0.025581399999999994
0.02685438444130127
0.028761755485893412
0.02944664031620553
0.026356575193798443
0.0251996444924406
0.0259423671641791
0.0334563231037489
0.03060165975103734
0.03085072084309133
0.026757745525291823
0.024877421621621616
0.027938422268470337
0.03902266288951841
0.04901960784313725
0.037635379061371835
0.024999999999999994
0.026863354037267074
0.028699348387096767
0.023255799999999993
0.028529411764705876
0.028100644226731974
0.027755313043478256
0.024999999999999994
0.0358433734939759
0.030506993006993
0.024999999999999994
0.025700389105058362
0.02997237569060773
0.026211305518169577
0.029466501240694783
0.026341281669150517
0.02882855541795665
0.03085072084309133
0.02785988101265822
0.025581399999999994
0.025868725868725864
0.024006425521267718
0.030284791544333525
0.024999999999999994
0.02510006229508196
0.024999999999999994
0.024060089544235917
0.03699999999999999
0.02742038651409889
0.02845374042553191
0.02787234042553191
0.029109458536585357
0.027468458584750405
0.02594936708860759
0.026173141977309557
0.028730569948186523
0.03466356478167501
0.028684749232343904
0.02360887963907414
0.02962522675159235
0.034071966037735844
0.027759258439201445
0.025581399999999994
0.027736750651607293
0.024999999999999994
0.03286713286713286
0.028543307086614168
0.028761755485893412
0.024999999999999994
0.024999999999999994
0.025581399999999994
0.026481606451612898
0.0271866318668252
0.04051915933609958
0.02644051337579617
0.029371289800323795
0.03351063829787233
0.02774809160305343
0.024999999999999994
0.03112293286713286
0.023255799999999993
0.030268899999999994
0.0292851037037037
0.032807981492192016
0.02604893246753246
