0.4651526630359212
0.5011928931034483
0.47307095701295127
0.4428146860121049
0.47710912765957453
0.3705600274379911
0.37423537242284965
0.38063859144893114
0.4073064536926846
0.3989017643979058
0.3561221630880344
0.27580717212713934
0.4436835198129461
0.3179130569351908
0.34081957805530777
0.3500181805121799
0.6024996911654915
0.4698747840661733
0.5370792156010231
0.5440321042253521
0.4991825102040817
0.31189926666666673
0.6512923006681515
0.4909660153846153
0.4456891199281867
0.46827012849162014
0.3803413257443083
0.34813197516858385
0.36002948231992515
0.4029735200750469
0.5365614183092012
0.9168082586151027
0.36863695344015085
0.4502827921011412
0.5506022354102058
0.3673646345669874
0.4100735514249525
0.3286105901136569
0.39821950000000006
0.42984148968609864
0.34269573239436624
0.5046236945945946
0.4027029005440327
0.43719216454121307
0.39882737266435986
0.42485349676549866
0.9069049016977173
0.4390801045215803
0.4935213344709898
0.3757235938864629
0.5923073786476868
0.5481858339670469
0.4374919199516324
0.36880974546300604
0.27161041629116117
0.33096822448979596
0.5801659808383234
0.4660238778761062
0.4703651150127226
0.32542218498067366
0.6098582195121952
0.48168146411929175
0.6990430768621807
0.35433651396843946
0.3482299533303926
0.5362743367889599
0.5584891701959058
0.47389740831600835
0.4252772903765691
0.5236798868065967
0.3291452164635497
0.37468917821782177
0.5004221643312102
0.35306231603053434
0.40986264516129034
0.5637254946638207
0.4004020915254237
0.43200976073619635
0.3544612627991153
0.3189830630864444
0.3068760721649485
0.4485759536878216
0.3824292713362802
0.446403854308094
0.4885557636266951
0.49620418848167536
0.28731091325301206
0.40453614402810306
0.3949239605536332
0.3610684775347912
0.33380295375722546
0.4372925503038488
0.4058110111291444
0.3839147333333333
0.37547259170252
0.4313857013303769
0.3743322453362256
0.5068382908489526
0.40206690150530816
0.4514486960582171
0.34302354845640004
0.5513044728353141
0.3733823961634695
0.3356283223873975
0.4759777417657046
0.3907011604790419
0.7086139145029874
0.42567084543828265
0.31591419568259044
0.7052680705882353
0.3365874657718121
0.634395652905464
0.3326388611987382
0.44777680781153134
0.47638395912522785
0.504396440770791
0.5987015597709379
0.32314932287467135
0.5464950829015545
0.34813849181295636
0.4855341186440678
0.46783230446851726
0.4415046900046275
0.48915625198759516
0.3361030375391033
0.32493474108322323
0.36685516719740296
0.34205334146341465
0.4237777927855711
0.6392183282398451
0.33976201176470583
0.5119004395496128
0.49751373944954125
0.6060430652926628
0.43201341377331415
0.42040029758713143
0.45392283113456466
0.5709537397576457
0.4987242571428571
0.47067507787610624
0.39934882279635253
0.5550989932447904
0.38406687388474364
0.43733949352517987
0.9189240927423535
0.6192333946477836
0.3460381329170384
0.30211022712550606
0.45036575465673234
0.37374539611178614
0.9122305920384827
0.9065883048538803
0.3152668425749817
0.41647902663056274
0.44975244878331405
0.3082250690834473
0.41121351342621915
0.4242988564805483
0.46652143999164225
0.598691551187905
0.32684340593840017
0.3701651780149413
0.4281976976744186
0.26813819577735126
0.5869611507964999
0.4721118781580585
0.4383403193100547
0.3246730245231608
0.3671376403697997
0.6949904077513842
0.34623884656556647
0.34895889831574217
0.4759524393585032
0.498134183109405
0.5615784674486803
0.34998788364849837
0.5439989039900249
0.37951398426966293
0.4234696833787466
0.4034733634890372
0.5399957859791424
0.5393322607184241
0.6748236859229506
0.46435500333988206
0.4398811100323625
0.3686635789473684
0.5402298834234658
0.4137198984573191
0.5886078314043754
0.3457822886836028
0.4718702854789362
0.46900485146443516
0.3070899842105263
0.3774609443172527
0.38231867888185195
0.329288331100879
0.9188192535977052
0.400757044028103
0.38956938347728126
0.33013334508348796
0.5167908082408875
0.28960856305609284
0.49623906725949884
0.46134506104129264
0.47514797608069165
0.34495017247987736
0.39984988732044685
0.4344377505855763
0.40694491016247214
0.38696987888185197
0.3564742026239067
0.4763448882931795
0.3165419969933855
