0.32616238112011275
0.5270489034482759
0.5165411355735805
0.3559184786516854
0.3191558441558442
0.20955809334657396
0.20988188126589433
0.32227272727272727
0.15837285121517486
0.3047972507772021
0.2176874131091479
0.29190180586907455
0.1313590320765335
0.24370247722772276
0.21981961147086032
0.18190842206354874
0.20401788208469054
0.20865858002436052
0.531524395755003
0.16241935483870967
0.20125477045191192
0.1879254163649529
0.20799536761133605
0.2695201730751283
0.3167381489841986
0.13284587219069238
0.3371465503469545
0.36261282748958723
0.27097915263157896
0.23175972593144561
0.22309635127830532
0.3581591008403362
0.3913851908637045
0.24942458766066838
0.23312537776517298
0.21087551764705884
0.20825281116367075
0.33619178220193946
0.24943109987357778
0.3345486108608454
0.23467722332439678
0.1499745088488645
0.5068058897959183
0.40507968127490046
0.20260715104286042
0.21899932228390168
0.4459409594095941
0.4621077762619372
0.32835917777777773
0.185049838538206
0.1717839279453614
0.2902210175145955
0.3531767955801105
0.2860150585610708
0.42656950672645744
0.24749653438735178
0.5289655118463181
0.2638942295254833
0.2025475447062163
0.5380695341553638
0.45740454410480347
0.31763699886685554
0.5422480666666667
0.2695587412278685
0.29418922529572333
0.24175420327421554
0.17596568693424425
0.18409677419354836
0.3284250018957346
0.2829180834170854
0.3500595783681214
0.4467871112638816
0.34929681501976284
0.4485814000000001
0.22259509643773154
0.5104834328671329
0.3484422364432469
0.38637320607734804
0.3556434723135272
0.16601618260869566
0.1595073249390739
0.1716821957559682
0.3117994441871237
0.3229819513981883
0.4687403400309119
0.2619510128329298
0.3327731808219178
0.3302173913043479
0.19501569858712717
0.5179969198038477
0.4095814
0.29832070304367003
0.34358407079646014
0.12461905690376568
0.5358141837051407
0.5640483978708303
0.3746845390134529
0.5312278281434765
0.32061640954805853
0.20085145984251968
0.4158955223880597
0.5673356959733266
0.4083651051406401
0.45157534246575337
0.15386332508143322
0.2836841371619738
0.385783947714808
0.18687643020594966
0.3249946029339853
0.458443901054111
0.13638053606911446
0.20020187252747254
0.2540099411764706
0.1717215952085182
0.2722841321678322
0.5021976310866575
0.2446066705882353
0.17477926096256685
0.48919546377759604
0.20714746851549756
0.18879383523316062
0.5701377178343949
0.32381456099290784
0.16365230776380535
0.2099903333333333
0.2889167371619738
0.17624570469441986
0.2433702198757764
0.31768385329341314
0.19234059500346984
0.16722885544554453
0.5466340315789474
0.18823060573857597
0.3357905370959721
0.1928941753303965
0.6096867749419954
0.4759127789046653
0.22931729677419352
0.2120083435300076
0.23277041453957997
0.15676426982950334
0.1724992082191781
0.21042253608017816
0.3134907198992443
0.4020925246492986
0.19458855098389982
0.24273818745158793
0.25135215098814234
0.27653403643336527
0.3761058823529412
0.27718508997429303
0.3367683597315437
0.16057531962201224
0.42897109156883667
0.3163798208017335
0.15895425121517487
0.17353514070351758
0.32530284846796653
0.3126781741935484
0.33386494392523364
0.30550564242424244
0.30393583037974686
0.4429868054054054
0.5356250681222707
0.2721723090909091
0.21761110297029707
0.21964781553610502
0.15779165511811025
0.23881710297801279
0.36657733896103895
0.2652116794979079
0.3548563658002736
0.30374583750558787
0.5317163693251534
0.12172131147540984
0.20464704231442135
0.2029406386994449
0.14454314720812184
0.1650830912520503
0.44209123746792134
0.4287290875
0.5398671142857142
0.29693615174118176
0.17136321118881118
0.19903428571428572
0.2504035343873518
0.31094415536710557
0.30027433163383543
0.5758886625698324
0.3125968666666667
0.12764598540145988
0.29704968944099375
0.16968452895419187
0.45008503196125904
0.35019407198306285
0.3236224447761194
0.31300000000000006
0.22700386145723334
0.2231453898734177
0.4036393399141631
0.3553208906632324
0.2842655371619738
0.5078399629139073
0.34444932452830185
0.22611034018838305
0.30282939189189195
0.23511169271613344
0.30661152186709584
0.32929911136890955
0.10318498342665174
0.24987243408765397
0.3546088314214464
0.2029590800439802
0.31531402032085565
0.5306506146067416
0.1989205823594267
0.6109472536585365
0.19137607537830212
0.211209752293578
0.3349431004906771
0.5507700744680851
0.5677973528084124
0.22895885286783044
0.40243922151340344
0.3238253719655443
0.1829591836734694
0.3234086980501392
0.18302462960470983
0.36161273159268925
0.20649824962593516
0.18987189321714557
0.5090920382978724
0.2782230556257902
0.15472491519198664
0.3006909804091267
0.21330978002436055
0.22672911538461538
0.2799493342240493
0.18269262236024844
0.4296630326530612
0.38599691675126907
0.18036048338904603
0.147849020020429
0.3050612557427259
0.49886614306049826
0.1463748150478796
0.5294457679829243
0.5318314
0.10149472316320807
0.5415993640718563
0.18301494118805384
0.33068047337278106
0.4438118811881189
0.26180272475247524
0.333827717133365
0.12404306220095693
0.30386178861788615
0.21156716417910448
0.34358407079646014
0.20675109552238805
0.3283566433566434
0.2475465041693393
0.14335421779095628
0.2794202324873096
0.29990150637311697
0.3106776967348716
0.27257932960662523
0.3957385801737353
0.15274639544211485
0.22403323811074918
0.17566430469441985
0.29052222840236686
0.5427719697445972
0.5060009804195804
0.37458677685950414
0.15263751707317072
0.13759522886776146
0.3018647675564682
0.21119951505507956
0.5784473617449665
0.19979116434316355
0.18641334675540766
0.24849309832889319
0.3403514194710617
0.27926468187031317
0.3507423948620361
0.4292113765807963
0.2638942295254833
0.2426436831460674
0.4726273518599562
0.26281818181818184
0.523651621246459
0.3612711864406779
0.15797650098576121
0.2887462235649547
0.570936437889419
