0.43868489273404404
0.42240801332820505
0.39779234330099195
0.4243023408730873
0.45831459788171636
0.46769118018814215
0.4417723004734146
0.4164836981407853
0.4488719189646382
0.40517364823488755
0.4136622292013529
0.4149222800901878
0.45914119919728624
0.407342233094103
0.41807421978165393
0.40723029827980606
0.4194933541699203
0.4101770758172633
0.4266048982144693
0.41233404856176614
0.38513289127765277
0.4640910321436376
0.3952921115101769
0.39783287130234274
0.4182086739573892
0.40708453151224766
0.43507188232495225
0.378040961628823
0.5212535737247276
0.405421873102612
0.4204793314443758
0.41641377758565096
0.4308718947151579
0.41768008516425953
0.5014814773234173
0.4160475688757713
0.3803461152157445
0.3990309588701396
0.4236484399355535
0.459985391432403
0.4314575005628184
0.5074937674630835
0.4543965640983099
0.44084184160353634
0.4577910814107149
0.4362572567307222
0.4334353025170971
0.40914518273051304
0.4136596550489182
0.42230858378278796
0.36843290444237536
0.43231882075288214
0.4120032862055536
0.42751332564611216
0.3874291203000092
0.43806756352845966
0.42463978607188924
0.5063888851877502
0.41732421708321693
0.41877648444485055
0.41660625951259583
0.4032058921775622
0.4174711105628425
0.37362709034025715
0.4405552908664722
0.4104115221860405
0.41049820291171824
0.43596766517713625
0.5054472997783765
0.3812306702199068
0.4146168157413607
0.43747790671203135
0.41953874341963365
0.42794188133252675
0.4346968840879836
0.39488875389166156
0.509923069600084
0.4268278047031684
0.41764651319101675
0.4297799734357431
0.4584875436788626
0.43488057457983836
0.4183251694239218
0.38299357873338863
0.45474892673779377
0.4129121434952945
0.42426770005306286
0.435145450527291
0.44831838497048165
0.4315970630256409
0.3895643213045597
0.4073441568086595
0.5137693521079554
0.4360077738764039
0.5207821216052267
0.4307127106646271
0.5109752282787504
0.42298161475932244
0.39531393096988304
0.44939211564572384
0.4472625527608123
0.44150588663605533
0.4434210433798472
0.42909383399558104
0.5037258052210308
0.4699496182314531
0.4689234014857232
0.4318267175761763
0.37521879520743406
0.39513589726591014
0.3918169605360152
0.395567346537735
0.46949571986736555
0.362137218366927
0.42293555271350464
0.39337536158890796
0.41316464612587706
0.43203887527247403
0.4340188549843722
0.5070803972776308
0.47194068011454265
0.4126509188883428
0.4239191993472692
0.42053676087872005
0.44685795524894867
0.4232686059819561
0.4744602759177996
0.419526263817666
0.4371413357065068
0.43923708849412824
0.40674742343629944
0.497721820794619
0.42297625686404877
0.4275928482425115
0.4225947842856537
0.4378736675744281
0.4083004269949711
0.4572057806215501
0.455686461353655
0.4671561930194924
0.43184987357040333
0.38468102601408916
0.42105232763546874
0.41375216006449017
0.45182152658739816
0.43159607995638416
0.4173362834781467
0.3908940427965101
0.3937635666245456
0.4584751189963964
0.4760602051021868
0.41647767612473224
0.4378768370914732
0.5045595008617552
0.41726082949981286
0.4548683002568511
0.4021417672374322
0.4012822299542053
0.42010390814151194
0.40749333216069383
0.3871786697902864
0.45390620131105575
0.4178483936843316
0.4224541072525611
0.4070749138423204
0.3918249589741006
0.42143326154527305
0.4288843836457988
0.4941564526813627
0.4227325305763563
0.4802928658113024
0.4978629148056688
0.4908574274923044
0.4531124496907847
0.43256878833509
0.4171381044815083
0.4118660748731171
0.4146258445687115
0.3883733729532279
0.45463676516999096
0.4118774372630153
0.40971450491498435
0.44272515764739556
0.4258430909107676
0.45867649615179573
0.42209408598948694
0.43673098443037156
0.45762892595249527
0.39983510522626314
0.41723430612787377
0.4320059245390435
0.45152182219850956
0.43069825837902337
0.4434896006405322
0.4245953315253981
0.36316501296861287
0.3853343815219479
0.4433371626610228
0.4082459665067042
0.3963703005737357
0.458795845040242
0.41980904537527075
0.5010171168409632
0.4039365534936056
0.4404904574313932
0.40364215854085816
0.42654126698262435
0.4494945566275284
0.5068347884766062
0.4304052880754386
0.5004907601085247
0.41644777390751153
0.4309069700914109
0.4545783714435316
0.41497690264881654
0.4196427313325028
0.445620079665537
0.43726500635425775
0.40793154489172034
0.42143290032430497
0.3967491505421951
0.43403972924628414
0.407173478041031
0.4566463828973482
0.43656432926823685
0.43509590101108886
0.42426664296465233
0.45687447038579454
0.41296779545761253
0.4237860168779491
0.41759712162362966
0.4229598696604985
0.5042775933658972
0.4923558970042514
0.43829186770209644
0.45894577898521
0.5204085395165796
0.4188433343953883
0.406730875085922
0.413584247709745
0.3870493274158397
0.4348452898119231
0.41836785608962734
