0.32258970358814354
0.4784868591478697
0.43774160732451683
0.3643235402677652
0.27029940119760476
0.2786400307337687
0.23949003076923076
0.3111485065208246
0.21573926868044513
0.3196673821247892
0.2418456
0.21401151631477927
0.22113659022931206
0.26060759245283016
0.2922651933701657
0.22535686010016692
0.255573348610845
0.22981095639374427
0.3686559909205549
0.22741208295761947
0.2568704287581699
0.24968242766407905
0.2489527312083024
0.2901377784447476
0.33629177146963707
0.2208104484848485
0.31996838447900017
0.35292179722848854
0.32964930962099126
0.3162928705882353
0.2663849517241379
0.3577375100864553
0.37946274974533106
0.31315362547770703
0.25590998433420364
0.27959832727272727
0.264815327363184
0.343926390513834
0.2877598152424942
0.311932812625538
0.2994627780183181
0.22659470884114125
0.4473256
0.3241758241758242
0.2432300884955752
0.2571124779290337
0.4346415094339623
0.4220030349013657
0.3527514943781942
0.23615697673425828
0.19842668235294114
0.22172131147540985
0.32056921086675294
0.3301009214567793
0.2794943820224719
0.15547382138708576
0.3298910629690049
0.2858762519558676
0.2616756756756757
0.45457242423178224
0.3888511549819308
0.3120546663255516
0.3190886057803468
0.26263435889328063
0.32924720611854685
0.2524222238267148
0.22074434084919473
0.2272430668841762
0.3402776520113775
0.2995490661889834
0.3472235591836735
0.37742577172295366
0.3311858941176471
0.334888625210084
0.2673098445886322
0.4401648662958843
0.33470535978679306
0.3487509142857143
0.3674420279069767
0.23019018333333335
0.24029932867132867
0.25470211444547997
0.3275695284159613
0.3296017333832896
0.3553571428571428
0.32119640000000005
0.3502082275425142
0.3504620329449578
0.24008941877794338
0.44154001823587713
0.26512814777070065
0.30598219777424485
0.34077380952380953
0.19495717894736841
0.3256132712328767
0.44739602253521127
0.3394308631578947
0.4520695652173913
0.2486920278403275
0.26033828013620885
0.4063424947145877
0.3537685109159348
0.36302255632995145
0.3687885985748218
0.219704636747459
0.2023676880222841
0.3320660031839129
0.2330082021724673
0.3151312914184082
0.40111082314049584
0.22015210142993324
0.2314619312101911
0.29004361423650976
0.21469933737373736
0.30240942927962816
0.44555420238353194
0.298188885106383
0.23673154059405943
0.45255723467902054
0.2335863944732297
0.25583503396226415
0.4662691253251722
0.33650677433155085
0.22941432592592592
0.2639110598932596
0.2232980880222841
0.21060685
0.23673601716903786
0.3478462179261863
0.24461187579430066
0.21736881418826742
0.4706291714285714
0.24337508239947264
0.33406565909295016
0.23317413291038858
0.5053903345724907
0.4418711656441717
0.2245940001857873
0.24199095433070866
0.2647142347218878
0.2184421534936999
0.2360876578778135
0.2778285440514469
0.3243147500904159
0.3484741632286995
0.24214592274678112
0.25256539235412473
0.16667697895812053
0.3078173374613003
0.379410624272974
0.30405405405405406
0.33746230588235293
0.23637702503681884
0.3898541135895033
0.26111210434782606
0.22678680689655173
0.2500466046511628
0.302925300149925
0.2284302511627907
0.295664488027366
0.31994573729977116
0.3153256
0.40344500298507463
0.3049715143968872
0.30048440322209435
0.27285191578947365
0.2920344304568528
0.27049561739130434
0.2807161763527054
0.3672527647668393
0.320644072154617
0.3243498914979757
0.32046863438256656
0.3233546827740492
0.19385171790235084
0.23621544201355277
0.25908979965576595
0.2045958795562599
0.2347816719665272
0.43323709273447814
0.3331976
0.36504749349112425
0.3092899588693159
0.23847624380358534
0.24162806088682992
0.16710182138708574
0.3114239153846154
0.2866621406131125
0.3092221517241379
0.2957155848761408
0.19536784741144414
0.3217391304347826
0.2407960199004975
0.38283273153724245
0.3464116345241859
0.31767403950406153
0.3803551609322974
0.25245668221797324
0.24345362442748092
0.32399122304320604
0.34603794311012726
0.20312727305681422
0.4092996293122885
0.3277281044722719
0.28796235300261097
0.3246201791975068
0.2715870770459082
0.31296124603240544
0.35018221686746986
0.17223473949759488
0.2632249693446668
0.24979867373653686
0.2626297426324069
0.3060293037037037
0.38432407559555315
0.2559519002388915
0.5253803550432277
0.2331961922077922
0.2889607993592311
0.37526177089991586
0.3675574734411085
0.34752683839009285
0.27548387096774196
0.35205532972972975
0.3204437977446344
0.2664764621968616
0.35409742368193603
0.23421414489164083
0.28746491888544895
0.2921305641842743
0.23393937991592714
0.42475550654205607
0.3085364423305589
0.22076979182036888
0.24163509158878504
0.2541241611510791
0.2559028091603054
0.34938442352941174
0.2410203202193283
0.3773573662007624
0.3609641209383144
0.23146808447000822
0.25910150788308234
0.23562904875554042
0.4089631419930206
0.19965046888982693
0.3299938840390879
0.3835632563528637
0.16340348923406534
0.3473004743718593
0.2196580742268041
0.3538888888888889
0.4339622641509434
0.2585121188647746
0.3215364695727233
0.1790199081163859
0.3122007722007722
0.2657230298393267
0.3467789890981169
0.25560049924812034
0.33828382838283827
0.2837255457896229
0.18958867033237586
0.29395299118380924
0.28701657458563534
0.2880824177636796
0.2822593016574586
0.3545058707850708
0.2148929249551167
0.2651527
0.21651893634165995
0.3920382969416126
0.35840588335301066
0.4333373302052786
0.37522321428571426
0.21075764483653348
0.20770534683544303
0.3143237105337742
0.25505612820053714
0.33498801426684277
0.2530081378917379
0.22351638104993599
0.2581874703239536
0.3495853707602339
0.29146622499999997
0.30576289736070383
0.3584469434452871
0.28436152814371257
0.24780646721581545
0.44006547206823027
0.3607502287282708
0.33499984189235515
0.3427664550618109
0.2050351003346969
0.3756756756756757
0.31927190872483224
