0.7547986251068115
0.812896552734375
0.5784409241027832
1.0041965718688965
0.694410523300171
0.5735858292694092
0.835324254989624
0.8815529405517578
0.8428219430236816
0.8005443121948242
0.8435399411773682
0.8146962851104737
0.5511429980010987
0.8281791800384521
1.032964015472412
0.9560023407592774
0.6761028015289307
1.0060883701782226
0.831758850906372
0.9412838593444824
0.7997240232696533
0.9510506716156006
0.576545341873169
0.6988529427337646
0.817241397857666
0.8508290784454345
0.7978680711975098
0.6671023531951904
0.68535596194458
1.02900411088562
0.7228840191345215
0.8070877244415283
0.5688912056884765
1.0231690873260497
0.7974683259277344
0.5806840092468262
0.5826496641998291
0.8312537845306397
0.8317429842987061
0.8458652535705566
0.8227243247070313
0.8348756766204835
0.8756233550567627
0.8937478136596679
0.8026184112396241
0.8683491682891846
0.8906205821838379
0.8673992407684327
0.8114889925231934
0.8504031214752197
0.8243010838012695
0.8118597334136963
0.9776926766662598
1.1879223921813964
1.0010349494171142
0.8419622643280029
0.8506700001373291
0.8554369016723633
1.0342128391723633
0.7842491670684815
0.8368921610565185
0.8528962533874511
0.8391362928466797
0.8254966399536133
0.9433402487182617
0.8126484696044922
0.8425662261199951
0.8469563120727539
0.8383796262054444
0.8272045983734131
0.9569503054046631
0.809272560760498
0.7962716718597412
0.6886482038269043
0.8167674940032958
0.8469381199798584
0.8228267700042725
0.7916843295288086
0.7991445135650634
0.819820839263916
0.6030904119720459
0.9782699739074707
0.5815201667480469
0.7023904857940674
0.8282165123138427
0.8511438700408935
0.8107802723236084
0.5791733459777832
1.0352760909729004
0.5946353726959228
0.8167916793060302
0.8365228698425293
0.8382007344055176
0.8415999483642578
0.9785778921051025
0.8753446010284424
0.809231274810791
0.5870123555603027
0.8165576529083252
0.834300273147583
0.8115909294433594
0.8019372605285644
0.8038922480773926
0.8244166173706055
0.6964268348083497
0.6991013489379883
0.7969489360351563
0.8107801617126464
0.8859198424072265
0.6883646518554688
0.8286967608184814
0.940809903137207
0.5564744272003174
0.8372312521820069
0.8475863628997803
0.9326029617767334
0.96892767527771
0.5882659888153077
0.6861145691223145
0.8588674998168946
0.6089495541381836
0.8169091270141602
0.8401050355072022
0.5756722290496826
0.6015342267456054
0.5755000704650879
0.9389759954223633
0.9062297211608886
0.945698268371582
0.9965282076721191
0.8220021128845215
0.5718410876922607
0.8335484183502198
0.8228337236785889
0.8238814139862061
0.850713126739502
0.8382995503082276
0.8493187011260986
0.8424841629180908
0.7948659384002685
1.0101203785858155
0.682508071182251
0.5647022931060791
0.8195752637481689
0.8096314801635742
0.8346593031616211
1.0069672725067138
0.8067941001892089
0.6937920279388428
0.8128731253967285
0.9778406092071533
0.8514607283325195
0.8104798062133789
0.5553108043518067
0.8376173704681397
0.7998604561920166
0.8489550213470459
0.6878402427978516
0.8162413708953857
0.567390919052124
0.8260837191467285
0.8008336888275146
0.8245331181945801
0.5808420827331543
0.9938423093566895
1.020626240158081
0.8030013374328613
0.5970150940246582
0.8240634583435058
1.0108745352020263
0.8100787861633301
0.9926527272491456
0.9933869174957275
0.8110335271759033
0.5996728669433594
1.002639983291626
0.8415531380462646
0.8687818516845703
0.9581211475067138
0.9675118111572265
0.6801293023223877
0.5772086582794189
0.6966866679077148
0.6866574154815673
0.9686579108428955
1.0006972752227783
0.8288223079681396
0.9826487683258056
0.6787040156860351
0.7019876745910645
1.0061520798492432
0.8072941430206299
0.813887092453003
0.8496540849914551
0.5982273215179443
0.5871262745208741
0.8294405217590332
0.684359113494873
0.9986285148010254
0.9940280849609375
0.9393878832855225
0.9956864838562012
0.8670382614593506
0.5868265540008545
0.9446067656555176
0.9220957024383545
0.8335061539764405
0.8400360275115967
0.8214947297821045
0.8158952989349365
0.679351144821167
0.8157886659240723
0.8218809814605713
1.0050488831329345
1.0003557179870606
0.8307195966949463
0.6004113487243652
0.8391680257415771
0.80260887449646
0.5835997993621826
0.798976501953125
0.8163457914428711
0.9205693015747071
0.6791376144256592
0.7982812190551758
0.6866225137176514
0.8784426256256104
0.6003457576599122
0.5547519196624756
0.8004392450561524
0.7987231081237793
0.9234473628540039
0.5781524635772705
0.7265039927062988
0.7913473977508545
0.6824179217987061
0.9826826249694824
0.8146642455749512
0.7276140584411621
0.5857300354156494
0.8823587897644043
0.8321863953247071
0.802525791809082
0.6953715139007568
0.8501596318206787
0.8201425406188965
0.6943277185668946
0.8111716753540039
0.9204146513671875
0.5682102941589355
0.576178299041748
0.8329149549713135
0.6989419667205811
0.8404781154632568
0.5968084202728271
0.8397942982330322
0.8203630450592041
0.8026310338439941
0.7186521759796143
0.6958335159912109
0.6744637424621582
0.5807320012512207
1.0096420146484375
0.812509185623169
0.8229796031036377
0.9939743221740722
0.6657738553009033
0.6733694610900879
1.0064641426086425
0.8053974768981934
0.6046530660400391
0.5558319953613281
0.5633726642303467
0.8308389980773926
0.7917112097167969
0.6979628143615723
0.8303576649169921
0.8059639322814941
0.6858466928710938
0.8253948555908203
0.5955234831085205
0.855978632598877
0.6772574387207031
0.582576139831543
0.5972258936157226
0.9381453295440674
0.8374071475982666
0.8078872721557617
0.5794018268737793
0.578689117843628
0.7983376791381835
0.8071458750305176
0.9956115425567627
0.8037964262695313
0.7016453091278076
0.8346757768249512
0.8462664213562012
0.5630437540283203
0.8166100506744385
0.680259586303711
0.5506352578735352
0.7223675358276367
0.8157126195983887
0.5990445325775147
0.8080978396759033
0.8255987837524414
0.6701759764099121
0.8028292763214111
0.9970297025909424
0.7938611183166504
0.8361879991760254
0.9743326400146485
0.5967203443756104
0.8037338327941894
0.6962977824554444
0.5733238863220215
0.5888537437286377
0.6817308729400635
0.575739401977539
0.9837093072814942
0.7217248946990967
0.9540901594696045
0.810601613357544
0.8179221587982177
0.6860754653015136
0.5793057985076905
0.5783931625213623
0.7911983094787598
0.5823783314819336
0.7237035983886718
0.8070800635070801
0.8127986948852539
0.8093224988861084
0.8191178898468018
0.8301753210296631
0.8281965394744873
0.7966121907653808
0.6958753806304931
0.5901639915924072
0.5829300520019531
0.9965033997650147
0.5999570563049317
0.7976726618194581
0.7269699712524414
0.7922833352355957
0.8561329485626221
0.8410831483306884
0.8071473283233642
0.7996702301483154
1.0179956030426025
0.9866666142120362
0.8310391974029541
0.8513244986724854
0.8236402973480225
0.5643511284942627
0.5549098985290527
0.8595224887695313
0.8294694087371827
0.9624156955108643
1.0060547667388915
0.8323189332733154
0.8096395005340576
0.8232950568389893
1.0257339412841797
0.8027911696472168
0.8407501091156006
0.9040750466003418
0.8444529453582764
0.8870669772491455
0.8688407978057862
0.9002848705291748
0.8889971869049073
0.8899793053131103
1.2508013343658446
0.8719240911560059
0.8897007261810302
1.0591826410369873
0.8648007869873047
1.0202167580566406
0.9082105119171142
1.0826028458862305
0.8794301657867432
0.8730317678833008
0.8962103273468017
0.8246918326873779
0.9168238315582276
1.0152449678955078
1.0171055321655273
0.9045280758514405
0.8464120747375489
0.8437685913848877
0.8424252608337403
0.9104424508514404
0.8652056161499023
0.9308402066192627
0.8891616438140869
0.8700975121002197
0.8676147532043457
0.9041520953369141
0.8877296642608643
0.926257037979126
1.0581449267425538
0.8634212415618896
0.8151056306457519
0.9057390601043701
0.8587661311798096
1.2549867169952393
0.8726079974212646
0.8393828273010254
0.8864195881195068
0.8696621665649414
0.8764753073272705
0.9032810775756835
0.8742035272979737
0.8985520802154541
0.8434049567260742
0.8882618385162353
1.0312207439422607
0.8647532218780517
0.9159683745269775
0.8404649425354004
0.9770500743103028
1.0780655913848878
1.043816018875122
0.8585452937011718
1.0324098016815186
0.883799204208374
0.8718604501495362
0.913611306137085
1.0394200954437256
0.842051424118042
0.8773884912261963
0.8393103153076172
0.8795582528533935
0.9014632693023682
0.8561758139648438
0.886209540145874
0.8377394994812012
0.892490682434082
0.8989730180206299
0.8670156073150634
0.8806817466888428
0.9016124865875245
1.0058862227630616
0.8419107763214111
1.2496144774780273
0.850771082824707
0.986164494720459
0.9085236852874756
1.0349420621643066
0.8781419458465576
0.8438039619903565
0.8666154255065918
0.8630852702484131
0.8850951062164306
0.8893034788818359
0.8624275704193115
0.9202769109191895
0.8744137462310791
0.8785166811523437
0.8321109228668213
1.2318109906311034
0.8540364537200927
0.9008413247070313
0.8983044911193848
0.8791435662841797
0.8818895640411377
0.8787138205718994
0.8649669591522217
1.0168737398071288
0.8665422821502685
0.8876288583221436
1.0055599599151612
0.8741472505493164
0.8664481519317627
0.886253178741455
0.8575342767028808
0.9799348508453369
0.8802216192016602
0.878663066986084
0.8756118862152099
1.0419983459625244
1.0689752704162598
0.9749067815246582
0.8404758547058105
0.8819511922302246
0.9832465292663575
0.8778159318237305
0.8873918059692383
0.9000198448944092
0.9071105524139405
0.8990962508544922
0.8622489374084472
1.052419705947876
0.8503114253845215
0.8821007677459717
1.0422877342071533
0.811944072479248
0.8639679545288086
0.8279495242462158
0.8815481530151367
0.8815430184173584
0.8389073879089356
0.8788872491149903
0.8674993494110107
0.8881419678497314
0.8851213853759765
0.8730331736450195
0.8641307121734619
1.0371365618286132
0.8306136733551025
0.8407308731079102
1.0603123425140382
0.8894933990478515
0.8458171425170898
1.0065345867004394
0.9249779742126465
0.8967447883148193
0.8744151268005371
0.8810816808776856
0.8824092530212402
0.9355895362548828
0.8616127180328369
1.034028955368042
1.0416152979888915
0.8648574990692138
0.8417944484252929
1.0125104741363526
0.9000136088867188
1.0159010303344727
0.8684721699371338
0.8637595531463623
0.8520852891845703
0.8719343771057129
1.0399707129058837
0.8706467506408692
1.043035453201294
0.8411339486846924
0.8510954858551025
0.8943000713653565
0.8587675165710449
0.8641170735778808
1.011125669921875
0.9793099174194336
0.8776609178009033
0.8375280006256104
0.8640581378631592
0.8339945846099853
0.8796968587036132
1.068144392074585
0.8407479917144776
0.8699049198303223
1.0063029369354248
0.892808603805542
0.8872245491485595
0.8852495020141602
0.8717229832763672
0.8791954161376954
0.8613172259674072
0.8909939005584717
1.033453152923584
0.8736063442840576
0.8463820667419434
0.8417688593292236
0.9007415379333497
1.224913932876587
0.8895977676849365
0.9194259159393311
0.8885347179412841
0.9031964314270019
0.8550068983764648
0.8812353522186279
0.7967104915008545
0.9916460992584228
0.8167771338043213
0.7785845441284179
0.8177694375152588
0.7890722914733886
0.8710002067871093
0.7963491731262207
0.8354450469055176
0.839792437210083
1.1806773012390137
0.8518992400054932
0.7763785009307861
0.9969830707855225
0.8289858902740479
0.808403751083374
0.7807246771240235
0.9879984271850586
0.8252276518859863
1.0275046397094727
0.8729926492767334
0.7927837578735352
0.8323956805114746
0.8247124417114258
0.7983316483612061
0.9590226996002197
0.8314321248016358
0.8265577360229492
0.7999070824127197
0.7836832484283447
0.7864596192016602
0.8347834154205322
0.824164033859253
0.8659575723571777
0.7966865489959717
1.4227136314849853
0.8392906599578858
0.8222275246734619
0.803489189376831
0.8400566409149169
0.811062513595581
0.7977158886260987
0.8684315560913086
1.0067780416412353
0.7783760372772217
0.7696175047302246
0.8040192729492187
0.8159836212463379
1.141029206878662
0.8311597649230957
0.9489877882080078
0.8226825539245606
0.7956097005462647
0.8062419067687988
1.426954542098999
0.7999581435241699
0.8281821620788574
0.8094552832489014
0.8322828158721923
0.8391708064880371
0.7952735563049317
0.7699442895355224
0.8192557692718506
0.8183480837860108
0.8229769477539063
0.8274069243011475
0.7923494259185792
0.9102076289215087
0.8085263118133544
0.8330347417449951
1.0292174276123047
0.9750071309967041
0.7989200418701172
0.952045222946167
0.8610073516845703
0.7960853432006836
0.8597098254241944
0.7780826434478759
0.9910147724456787
0.7864600361328125
0.8268005196228028
0.7701180120239258
0.815729804901123
0.8475920298614502
0.7914622352294922
0.8274465808563233
0.787979338760376
0.8169678526763916
0.8031810599212647
0.8155937605438233
0.8197973580474853
1.143964040145874
0.8299966776123047
0.8209642959747314
0.951309734375
0.7727933983459473
1.1404525514068604
0.8045242107543945
0.7719132847595215
1.1381282753753663
0.9114395513000488
0.8215072960968017
0.973029932510376
0.9634447508392334
0.8015838463287354
0.8279872938232422
0.8087396037902832
0.8233559270629883
0.8444444321594238
0.8266616996612549
0.771769888961792
0.8592238101959229
0.822424154510498
0.8361168509979248
0.7923423196868896
0.8022356308135986
0.9685327954101562
0.8380008549804687
0.8411528919525146
0.8274695684814453
0.8204584588165283
0.8246733973541259
0.8081414906463623
0.9090758842926026
0.9568486081085205
0.9438024836425781
0.7987776923980713
0.8440924756317139
0.831610440322876
0.9447837014923096
1.435608407684326
0.8249984525604248
0.8337396324615478
0.8489852158508301
0.9426826507415772
0.8295354191436768
0.7934058981781006
1.4439299640960694
0.9258706029663086
0.8300635762023926
0.9775108108215332
0.7894641960906983
0.919314807296753
0.841315693069458
0.7756330642700195
0.819974979888916
0.9205746462249755
0.9601561834716796
0.8320272052001954
0.7775158162536621
0.9150453419799804
0.8158352569885254
0.8442269776611329
0.8411694670257568
0.8244501417388916
0.8569479794616699
1.0270419136047364
0.8026436045379639
0.8243495834197998
0.9846323657836914
0.7853129580230713
0.7804693104553223
0.830313067062378
0.8240097770385743
0.8170980823364258
0.79989995022583
0.8563422696685791
0.828283310256958
0.8209531693725586
1.4249647333831787
0.8746042853851318
0.8231259309997558
0.9772002113189697
0.7895188458557129
0.8093455898895263
1.4277961109466553
1.1714497554321288
1.4224936490020752
1.0016128556823731
0.8729869643554687
0.7911138198242188
0.9610813860931396
0.8895144206237793
0.8229345160369873
0.8127146900634765
0.8280277922363282
0.8499306054229736
0.8606777138519287
0.975813337234497
0.9953111746826172
0.8154767748870849
0.7795685606842041
0.833336831665039
0.9777375229034424
0.9496247647857666
0.8233956842651368
0.833277259765625
0.802965920501709
0.8185880119476319
0.9722347781829834
0.8476365282745362
1.0219937152709961
0.9838767653961181
0.8252081682586669
0.7856513802185059
0.8021358464508057
0.8414561028900146
0.8187120031890869
0.795038118560791
0.9215599647216797
0.858956993850708
0.8300747399291992
0.7868756132965088
0.8038446714782714
0.8116836551055908
0.8197379430847168
1.0305826327667236
0.7766258256530761
0.8385655160369873
0.8103975270538331
0.9516629588928223
0.8665246379699707
0.774617944656372
0.8334873201141357
0.8108133290557862
0.8397762191619873
0.8010969779510498
0.8020102393951416
0.8484134621429443
0.9645377166900635
0.8125666852416992
0.7815812643737793
0.7970815047607421
0.835648716720581
1.1495738947143554
0.8429474111022949
0.8588098939666748
0.8337329703216553
0.8027395785827637
0.8610099766998291
0.7894961849212646
0.8281200929718018
0.8236244858245849
0.8818766486968994
0.7891678393859863
1.0051849762268066
0.8309808243865967
0.7885772993469238
0.8250393191680908
0.817978800567627
0.8626130612792968
0.8085753261566162
0.8772974752349854
0.8456675027160645
1.1607566933288573
0.8089751681365966
0.8631271800079345
0.771338862121582
0.9743019080047608
0.8638085791015625
0.8011968083190918
0.7719270519256591
0.9666905610046387
0.8484336949768067
1.0379045439910888
0.7924943448791504
0.879337351852417
0.7896572101135254
0.8452452634124756
0.8201477395019531
0.7974227707824707
0.8352245484924317
0.9626772462768555
0.9725706987915039
0.8292318320159913
0.8278688868560791
0.800245557723999
0.8143262007751465
0.7814683929443359
0.8298752366943359
0.8931539864654541
0.7963039890289306
0.8189341561889648
1.4663825094146727
0.8440712687530517
0.8218558172912598
0.8008902347717285
0.8640410847473144
0.8255708955688477
0.8712248489990234
1.0625975283050537
0.7717340007781982
0.8456484755554199
0.8111268426971435
0.842768756515503
1.1555048595733644
0.8249067281036377
0.9845863793640137
0.8411921395721436
0.8063951987457275
0.8135224454193115
1.4872765204772949
0.8043495753326416
0.8168055427398682
0.8696740547485352
0.852872227432251
0.8094769002685547
0.807583795639038
0.8305240075988769
0.9768659089355469
0.830540258392334
0.8501720443725586
0.834304320678711
0.8075394046630859
0.9408668073120117
0.8173512217559814
0.8483192252502442
0.9952372772979736
0.9864858601837159
0.8748678645172119
0.8096328779296875
0.8936267772979737
0.78217913230896
0.855077359664917
0.9807310558776855
0.8206120738677979
0.8377264555664062
0.7793481125335693
0.8514873860931397
0.8450284155273438
0.8013455723114014
0.8431012114562988
0.8514740729827881
0.8116058911132813
0.8316033013458252
1.1829884790344238
0.8448460025329589
0.8218903421020508
0.9664154519195557
0.7997655284729004
1.15045566847229
0.8072067168884277
0.8031421181793212
1.1644177384185792
0.926348857055664
0.855908620223999
0.9863366496887207
0.8081907111053467
0.8234340165405274
0.8464298127746582
0.8220670677642822
0.8606079011230469
0.8418335258483887
0.7829314479522705
0.8726436575927734
0.8364472991485595
0.8401650662841796
0.8023456016845704
1.1551313551330566
0.8055553383636475
0.8027716285247802
0.9767361425323486
0.807742913482666
0.8550359155731201
0.8500099129486084
0.8424477352600097
0.8252693887176513
0.8320658358001709
0.8141515789337158
0.9149471135253906
0.9718603108673096
0.9581191067657471
0.8034962956085205
0.8637221980895996
0.845952140548706
0.9541766522979737
1.4336707539367677
0.8439003374176025
0.8417394899291992
0.8708760673675537
0.9546349990386963
0.8455039012451172
0.8054442353057861
0.9139138716888427
0.8355829595184326
0.8352212649536133
0.8369461295166015
0.9897974993896484
0.79828881690979
1.0398458918609619
0.9166365939025879
0.8680736298980712
0.7854446385650635
0.8240188041992188
0.9683403193359374
0.8352562729492188
0.7770932718353272
0.9228807289581299
0.8213512844848633
0.8645211603240966
0.8436688688964844
0.8285409548797608
1.0330189938964844
0.8171292880096436
0.8285723007354736
0.9853375899810791
0.779136272644043
0.8345521166534424
0.8319930230712891
0.7991480039825439
0.8309036638336181
0.8086254544067383
0.8608310237884521
0.7999465017547608
0.8265406174163819
1.43188771282959
0.858024929763794
0.9781346268463135
0.7861173211975098
1.4950392261505128
1.1444923293914795
1.4373597978210448
1.0290955561828614
0.8459541744995117
0.7954510842895508
0.8781192090148926
0.8259575709686279
0.8274136000213623
0.837540720703125
0.8357888401489257
0.8729721564483642
0.8052603003540039
0.9873184761199951
0.8281621596679688
0.797196336654663
0.8304340786743164
0.9674452756195069
0.8666070912628174
0.8608371356048584
0.9612433857727051
0.8347671158905029
0.8156019797973633
0.8033728906097413
0.8222520162963867
0.8377215346374511
0.983867739440918
1.0385158800048828
0.9933089478302002
0.8055848423614502
0.7826612190551758
0.8067506628875732
0.8544919697723389
0.8074687401123047
0.8070302951354981
0.9503491527099609
0.8485428307800293
0.8386699705352784
0.7849760534057617
0.808609570602417
0.7860821766357422
1.0456788950500489
0.7818619010009765
0.8215200496826172
0.8249779936828613
0.9665739998321533
0.8321319827728272
0.8542126630096436
0.7838656250610352
0.8468304622192383
0.8197829534912109
1.454128955001831
0.8284787356262207
0.9668481421051025
0.8348222257385254
0.7914689968109131
0.820093195968628
0.7725071990203858
0.8437729651641845
1.1635811603698731
0.8175121295471192
0.8729310705871582
0.9396933981323242
0.8244574116973877
0.8450931851043701
0.803155343460083
0.9167873806762695
0.8924601420745849
0.808139861251831
1.000398901763916
0.8472986564025878
0.7964722594299316
0.8435543716888427
0.8173344194335938
0.8922340928955078
0.826844110244751
0.8804757270812988
0.8808748737335205
1.1897738785858154
0.8300574767608643
0.7885513444671631
1.004688569580078
0.8666219263305664
0.8224465331115722
0.7916431757659912
0.986077687576294
0.8363555778656006
1.076266991958618
0.8134060248718261
0.8785546835632324
0.8144047602996826
0.8733126033935547
0.8459242579498291
0.7956138790588378
0.8544627177734375
0.9882643892974854
0.965989054473877
0.8469279358825683
0.8568563668212891
0.8202709240417481
0.8107583402252198
0.8040261123962402
0.8482343770446777
0.8503030084533691
0.8964349615631103
0.8262940642395019
0.8509895404968262
1.4726944312438965
0.8611598493347168
0.8537350766448975
0.821370820022583
0.868879743484497
0.8402696338043213
0.825633865234375
0.8958737797546387
1.0702440142822265
0.8159057306518555
0.7948766233215332
0.8585607848815918
0.8336949160003662
0.8328141853942871
1.187308829360962
0.8390787849121094
0.9776780404815674
0.841345833694458
0.8270580691833496
0.8229407408752442
1.4644637845916748
0.8185922120361329
0.8455851093292236
0.8314521395874024
0.8639038323059082
0.8707645146331787
0.8258320170288086
0.8008994144897461
0.9932701522979737
0.8566216375427246
0.8176920800476074
0.9345366686401367
0.8344788426361084
0.8602163726959229
1.0065842672424317
0.8280197459106445
0.9760707366485596
0.8944488106079101
0.848471283630371
0.8257845457763672
0.8911726490020752
0.7993133398742676
0.8645025704650879
1.0042499708404542
0.8395451971435547
0.7939762640838623
0.8346368287353516
0.8677937851867675
0.8061443316955567
0.8542428031921386
0.8043297526397705
0.8498919149169922
0.8369039226379394
0.8436046576385499
1.1836879448242188
0.8593433233947754
0.8436149571685791
0.9859145561523438
0.7949352810821533
1.185347663619995
0.8287522851867676
0.7906322562408448
1.1823731805877686
0.936097913772583
0.8447121323089599
1.0065631585998536
1.0092087178497315
0.8488121494750976
0.8270084873199463
0.8489855537109375
0.8467803208312988
0.8319354332122803
0.874413869216919
0.8444467069396973
0.7942561587371826
0.8922621811676026
0.8466306674499512
0.8560937244873047
0.809702536895752
1.1743891390228272
0.8210891322479248
0.8188775854949951
0.9926395363616943
0.829083688217163
0.8649602414855957
0.8814055515441894
0.8524924130554199
0.8475982491149903
0.8249334773101806
0.9313523580932617
0.9866033394317627
0.9780656436004639
0.8227759608917237
0.8828506948242187
0.860471872756958
0.9757025764160157
1.4719700928192139
0.8592694655456543
0.8495695322570801
0.8927695095062256
0.9754007341156006
0.9245343686828613
0.8476137271575928
0.8493151476287841
1.0021076081848144
0.8082140637512207
0.9377904947967529
0.8851773686218262
0.79381021534729
0.9344616674346924
0.9860888141784668
0.8618968957824708
0.7948170174713135
0.9349244786376953
0.8436963505554199
0.9439361573944092
0.9170621710662842
0.9198415010986328
0.9386185021514892
1.0878794863433838
0.8345876478118897
0.8746178165435791
1.0629569572906494
0.8447736646728515
0.8081609267425537
0.865882636642456
0.8612804428100586
0.817726710647583
0.8152834457855225
0.9083617934875489
0.8580225851135254
0.9228935300750732
1.49913291947937
0.8828670438537598
0.8959896419830322
0.8660183962554932
0.8165104799804688
3.025314643280029
2.4503685029449462
2.420137385345459
1.1340171702575683
0.8911763642578125
0.8486232637023926
1.0488797707061768
0.9210666359405517
0.9463320720214844
0.9246476175079346
0.8687282087097168
0.9176229575195313
1.0485864164123535
1.1266614195861817
0.9151434450378418
1.0372743158569335
0.9170679154510498
1.0916883213806152
0.9479009193878174
1.0834059267272949
1.0481727769317628
0.9112580085296631
0.9467718740234375
0.8920232054748535
0.8698834721221924
1.0305004135131837
0.8643665520629883
1.0761888573608398
0.9218775438537598
0.9342864569396973
0.9074144706115722
1.0439955344848633
1.2246811664733888
0.8965506964263916
0.9969494865112305
1.0016140996856688
0.9244605906677246
0.8743401775054932
0.9220842335968018
1.0182715731506347
1.3393118248901368
1.0970308128967285
0.9860425473937988
0.9010283634796142
1.0190983161315919
0.854326918624878
0.8804706332244873
0.7995687596588135
0.995500010192871
0.8334738588256836
1.5614729869384765
0.8343800778808593
0.8388043651275635
0.9132932433776856
0.8148962404327392
0.8565018903045655
0.7899273507385254
0.8657061322021484
1.183578995529175
0.8353103148956299
0.8869130163421631
0.8698404697113037
0.821274083190918
0.8585417353820801
0.8143351137084961
0.8526603264312744
