0.833402227883445
0.7585234784782956
0.7605562182326628
0.8421174744003586
0.7627354648544058
0.7383893311627767
0.7939703149164157
0.8453516948043626
0.8666949385042296
0.7475343553131595
0.8392781322886091
0.767334130718809
0.7470435760281493
0.721098643937407
0.7518878995425597
0.7453727236873878
0.7888733216217616
0.5892342106702279
0.8407163969703133
0.821283617401725
0.7895875091997916
0.7831503597793826
0.830657030466632
0.7806413812763255
0.7612711528187259
0.7845255205915708
0.8195286726182853
0.804028724974351
