0.5036899093141136
0.5310715596640828
0.5513960469574124
0.5528511077880626
0.46680943117231244
0.44223154256736485
0.5116474387859996
0.5104816436935702
0.4989041324199046
0.5034483551478174
0.4996385508889941
0.512363308560156
0.5000888725794521
0.4961048182673909
0.5257206853158016
0.5918646787124778
0.5150466144943152
0.4958206986679797
0.4657168884507691
0.5220850613781451
0.5214437336900946
0.5204240493525609
0.47660359945987424
0.49146907240201476
0.6001425902976382
0.6117244411761604
0.49051847983141406
0.47532093882795284
0.4640902452807513
0.49731042715718177
0.5018239106542021
0.5524688944350152
0.4696962338549762
0.44359745520810034
0.5094189931943061
0.5055770341270028
0.5102328478761969
0.4996339362776831
0.5037808432908707
0.5128713892502296
0.5016629646655792
0.4972242864008259
0.5520125600432481
0.49495801842032733
0.527410990927687
0.5911417510383111
0.5145557842088195
0.4958346871622557
0.5230676398707432
0.5209582485572062
0.5186850760587505
0.4793654143888074
0.487605057651757
0.5987370437305884
0.6112330980103506
0.4883183036213443
0.47403064517198346
0.46207462518374104
0.49821084064205545
0.505042833063041
0.530562245318799
0.5505328265719496
0.5524461797000697
0.46783161654561484
0.44083813204045375
0.5126657271770353
0.5043385267618998
0.5313516058009072
0.5081448694376994
0.4988703976625523
0.5014497572367798
0.5001046236160676
0.5014189918520353
0.49573997468803777
0.5495589604316865
0.5915101491975584
0.5148484546569223
0.4977135765077588
0.5245046172065851
0.520213613435672
0.48849578045410824
0.598845022887858
0.6107240354996705
0.49062314012811775
0.4757977573959525
0.46161190303959254
0.49716547765229363
0.503371486995063
0.5311581520486219
0.5510547392579366
0.5523545730513074
0.4676963237200017
0.44092084616836663
0.511973156741077
0.5046291147735604
0.5296038490373188
0.5100493538030374
0.4991282164874994
0.5024027219579674
0.5006039744452995
0.5132146848223745
0.5013360760795151
0.5498824935540452
0.49455178777817455
0.526604410609514
0.5909628394535261
0.5141641010059926
0.4949983980034766
0.4663425136468956
0.523515892200683
0.5227460992036441
0.4805108972283506
0.49017496131815164
0.611025653333829
0.48939930475561433
0.4759714885668748
0.46053834390369447
0.4985453385937458
0.5190661312638866
0.5644500877759899
0.4817406669277379
0.45562984784519295
0.5273088223770778
0.5431237297668533
0.5181139557439544
0.5111233073448247
0.5150119490509026
0.528919808229538
0.507397990246082
0.5652876901184215
0.5121567936296478
0.5502159582061545
0.6012375983247426
0.530073972715471
0.5016017982918644
0.48198559806194274
0.541623491298888
0.5367435140569553
0.535879484824368
0.49558046780331233
0.4990343033189437
0.6118850657025843
0.6238088301026692
0.4945237118626308
0.4830881626383633
0.4779849838891106
0.518754887521371
0.5436155208701683
0.5586607065017783
0.5668564562884657
0.48908371129091377
0.45154786788019424
0.5142223547267246
0.5459144529787379
0.5226945994068785
0.5174607630006932
0.5095077147622634
0.5127869949471275
0.5263119227613159
0.5062888804890855
0.5073673781953234
0.5577292601048074
0.5109015651723802
0.5409014261540055
0.6033792853785004
0.5226802180097543
0.5041491269610777
0.48093319380485045
0.5359712978079759
0.5344349534901047
0.5300955242449221
0.4902954710155009
0.5074647300778772
0.607586177222656
0.6230750837603908
0.49946204642855774
0.48246732691081545
0.47424943611162107
0.5089988354288054
0.5190726985600235
0.5499154255193243
0.5633742534437289
0.5708673277246445
0.4800534943921111
0.45888003545280365
0.5280275261237403
0.5234080808784567
0.5453666012889955
0.515787780062353
0.5124236650354664
0.5137579327325416
0.5257678527418989
0.5293581982074198
0.5105236809398707
0.5119008315643798
0.5666550028477062
0.5167948395143258
0.5540119916940781
0.601690847363017
0.5277811252699838
0.5016286472357138
0.4849984679014294
0.5435681254957356
0.5384499069342984
0.535628359575434
0.5012545479399741
0.612833925577308
0.6214679169139828
0.47733986932798966
0.48312228803153295
0.5099065136831112
0.5200205443576458
0.542202248067504
0.5558724519931287
0.566019777139055
0.4951923029360923
0.44934935838025564
0.5208355616749966
0.5128681056008592
0.5480447433554488
0.5200396751254275
0.5239144509526056
0.5094544175269726
0.5123185943953913
0.5225829790193738
0.4999048137766011
0.504024084879687
0.5473392215910455
0.5100512610386152
0.5334974586256802
0.602275036148577
0.5206512345005136
0.500335936927481
0.4796375821633344
0.5331720744336909
0.5345435389594748
0.5282233164160983
0.48850149345939775
0.5076328215149104
0.6056379518178575
0.6201826080919964
0.4987995829153321
0.48317093697077534
