2.235679442573973
2.136762751620648
2.142029697541928
2.177450196253031
2.144346852688838
1.9892719457431236
2.0925046596379153
2.1888594543845663
1.9978958479810982
2.028519776786831
2.1722070449647406
2.3203957844981433
1.9921030412169587
2.0081496673868426
2.1513625809306567
2.1607982936305636
2.152844328724546
1.9506436037440507
2.024471315151926
2.3461145044281544
2.167165031242138
2.129888431729076
2.1635259637717903
1.9886348689028317
2.0041349524538634
2.1311945387643787
2.2383226026786893
2.1709949508487014
