1.584595761218413
1.5907054733979455
1.7528775715428178
1.7543374045063271
1.875353971013578
1.7398326660842682
1.873233316740065
1.588029878598698
1.7650645376424567
1.7408654553725111
1.7437283862538013
1.7519227648639322
1.5870813072215213
1.750719609163863
1.7648385554778403
1.748914240495081
1.754279718439367
1.5968380078665187
1.6142912254602066
1.7467389440201448
1.7628468275218059
1.7464360317634884
1.7431872700067894
1.7483139507576522
1.7511771175894884
1.763395737834173
1.7462468964473392
1.5957722371066267
1.580349422119254
1.8941607569395702
1.583305225663847
1.596937429372204
1.5862130802958019
1.7429702661795212
1.870607982260861
1.7507975607364858
1.7456387608921775
1.8908346940232534
1.5815190980906935
1.7549506731630249
1.7715402272350287
1.7491319035289397
1.859590224168324
1.7520420308830242
1.585021273943045
1.750497266526311
1.7504017397127336
1.74941870541759
1.7399522300227834
1.58856800554157
1.7455599330954479
1.6103854341646098
1.769564840906805
1.896097296064313
1.7554252905718992
1.7381201175415772
1.7532267167842017
1.7526250025896433
1.7538484708826232
1.7506887289053492
1.5823109934608528
1.8771337216081325
1.8720197501647489
1.5727771305190668
1.5776023188867063
1.6133627360052039
1.749821834625322
1.7757872510816461
1.8770365391187687
1.7542115212419294
1.880846402784507
1.584037517503147
1.6002236594265933
1.7564837081150686
1.7496478662999817
1.8931603602219311
1.7385574079601314
1.7477646291483393
1.5967548743930735
1.7559714975004708
1.7496199077271712
1.8735981417251
1.7488096018565706
1.5888510429368579
1.7529789897594241
1.590077093054638
1.7737749644207828
1.583142352376546
1.8907606699090367
1.7468515453730507
1.7557900541742015
1.7588638094267863
1.8699421594447934
1.596821783272885
1.584075414297041
1.8716445234695684
1.7635728390861083
1.750715721318487
1.7491883778881196
1.58532874026273
1.5974243147493519
1.773568610706091
1.7539189776608255
1.8707146318777519
1.7624761620959066
1.8836700893880531
1.7463750963640903
1.8727423916241746
1.7578445184100533
1.7429430395864547
1.7384709248053876
1.8696968182226865
1.8721753608710847
1.5879577516292844
1.745242089338007
1.7613950738063917
1.7601492940032037
1.7518933551269489
1.5939920632165148
1.746068712343493
1.7488965203985336
1.8635813552283984
1.7522037689560108
1.743295027843924
1.8682613602719012
1.7466398185682925
1.7512985995171293
1.6072910525751256
1.8672553475095446
1.8568199758549202
1.5912457694119473
1.5870569636401881
1.5829727087001224
1.7776243519235155
1.761761282136343
1.5809802505119266
1.7062829267920518
1.745590698280735
1.739144456303166
1.7523294968782084
1.7462096243280967
1.775259791389035
1.8746248858919639
1.7469474711748632
1.75978781209649
1.8730198197447234
1.7471944817757739
1.886697075549945
1.7428053651835995
1.7468108749681766
1.5873605851182229
1.7417259116966455
1.8703172675983888
1.7541865057600168
1.7601785660500444
1.747527507835905
1.7433299562424136
1.7717552099331757
1.7416501869498058
1.7534205302808354
1.749672028042068
1.5976293895106435
1.8802033656107295
1.871215240045446
1.7480404005799473
1.7446113999703787
1.5940076814966522
1.5945043187729866
1.5857693184544597
1.870562597171393
1.8814910228909212
1.5961324137693194
1.5831984953534866
1.590774704185533
1.7447249513281013
1.7598970402662757
1.8681815121747183
1.7471415758967705
1.8826581651051062
1.5881814067858449
1.7392883732838287
1.5818226407920426
1.7488210348468225
1.73386547892352
1.8699861086195202
1.7460789742342597
1.5854766050511233
1.7394654097476845
1.7408291615367264
1.7505945435108905
1.8703134769949383
1.5789964715233085
1.7594868719525807
1.5857538305596475
1.7591790844250823
1.7695503527434209
1.7478774519315265
1.7498339942111414
1.7556010232345234
1.7728503528300832
1.755015296501003
1.5829924428899051
1.8753561702169934
1.867983881649006
1.573204349716377
1.5893494756640523
1.5889513951613028
1.7749332460792233
1.752190340019219
1.7482842809271928
1.8702200467814152
1.7501638608778247
1.8565313837110267
1.5869310183959766
1.5853143805313563
1.7552016480476595
1.7521933561351613
1.8609452332083558
1.7467350248611961
1.591014610932408
1.7412609003010053
1.7718544714334046
1.7574210546451572
1.7491135107970233
1.7517877996290625
1.5887493045077237
1.7546036028529854
1.5813158996294034
1.753354360479923
1.8692436673941053
1.7509385433449207
1.7409275493597463
1.7428723135374673
1.7572159167338124
1.8758991656546042
1.7544587809076042
1.7375776078798433
1.6072560535792388
1.5882249640309443
1.872264477662313
1.8714899787935533
1.581883562423735
1.8736638378016504
