1.7486995475774578
1.5931730298723525
1.7539902105140348
1.7569336729846998
1.8754933346014655
1.8773966839581635
1.8646921413891142
1.5888421816648304
1.7658058001728745
1.742921886293427
1.8659725574134478
1.8767718139435674
1.8767242431521236
1.8738712647995193
1.7679005778524974
1.7543795623065812
1.7549804070211035
1.8819346516806095
1.7788045554950436
1.7483114429121047
1.7503433057764612
1.744021852845153
1.7508794641153176
1.8761320618260875
1.8899500185670846
1.7459337570425781
1.7609091028072987
1.868227633565359
1.878728936001228
1.7741527431394752
1.7479632411873667
1.7620166106194146
1.8699891938431565
1.754552835968903
1.5813637218918009
1.591471155196451
1.7472689270009116
1.893748982616384
1.8689426992737008
1.7578925837694617
1.61179894140916
1.750749332976641
1.7552066666577968
1.8645127977089662
1.8758625328454155
1.7508911065666577
1.7519977778580442
1.8728334466008831
1.8762507841799911
1.5799151883222768
1.752789934421917
1.7464725032617934
1.7768918692351732
1.8939628466548324
1.9001249283491561
1.7579449080774816
1.7384553293093377
1.8769629826807002
1.8774374047506814
1.8761002060374457
1.7514664602014467
1.5852649492938413
1.8780189610254805
1.8786279607056895
1.590785516361064
1.5728904536515025
1.581601598426632
1.7781720429854264
1.8741563402167039
1.8979205371125067
1.7592907208640998
1.8731691150109073
1.74458369105846
1.7573292595693732
1.7479951177303805
1.8880673885264923
1.878924860025812
1.7520808404877306
1.775006026584316
1.7410821867582564
1.871712309388048
1.7613870683299173
1.7608205927983664
1.7525286665691824
1.7551390437918248
1.8752381132013398
1.7508988105857846
1.876923289102669
1.7523980999247486
1.7751081470962018
1.7515843979656094
1.8934742331841226
1.8797834557166473
1.8832947275182488
1.7477122326782286
1.7627030904117416
1.8730278330187553
1.7505386509437995
1.7655317293235506
1.8758681519202862
1.7526670462433867
1.5878487828321695
1.5997521874486709
1.776430504953438
1.7563056038233735
1.871853450759662
1.8713127268648377
1.8857450697001603
1.7460100637981082
1.8731574960497426
1.7630700228903058
1.7448666295376516
1.8703996886435725
1.8625445782427652
1.8728945696341004
1.7544149109054332
1.7550306089700127
1.7454520663675281
1.8860239388200177
1.7613567279137365
1.8754947964600384
1.759619974707951
1.7488439803930882
1.752481784886272
1.7447367669931293
1.8771713053446497
1.7459541692613378
1.7500755740297176
1.7507697107557596
1.8786871422125626
1.8939042066826899
1.7458960326478665
1.7358099494334798
1.755773783783966
1.8719349864946175
1.877544755510257
1.5845865070345402
1.619238209413747
1.8857357503109748
1.8669961507829247
1.7508941680261183
1.8640897827694836
1.7525702362685125
1.8728775197746206
1.744571355141539
1.7801576843596505
1.752457065694216
1.7505361418316037
1.8691239798644212
1.8886039707100537
1.744343910458102
1.872116891523079
1.743302215762875
1.7524624836792715
1.879188965197534
1.743005146797447
1.5982568757253173
1.7485488104884985
1.7500006563592383
1.8676892119076856
1.8778856530453718
1.7743534266825507
1.9007118530796334
1.745848864969846
1.753969478447373
1.8749942861239406
1.8877535149184437
1.883624196785997
1.7494040645679274
1.74739704399174
1.8813296168351297
1.8790625027431525
1.7491349661941737
1.871241082993817
1.5969943899042744
1.7608131155017732
1.749343693816817
1.869514894300347
1.882527329927756
1.8676019471311476
1.749369695352159
1.6028240055463274
1.5890840343341317
1.7479591886071375
1.747414935832093
1.8549382552895295
1.5935615519586501
1.8572982560651057
1.751442281838593
1.7508841599450802
1.872771010208527
1.8636692002312376
1.7530977020039056
1.7494825451612872
1.8826691817381749
1.749910896285719
1.8732964584867169
1.5986251074385156
1.7726802336292489
1.7537461366836895
1.7463706921576994
1.881775789343302
1.896292111826137
1.7556001649235535
1.8681534536213438
1.8767833332409338
1.586743300685545
1.7661095253229684
1.7347657084306065
1.5921695603830202
1.8766289959526972
1.8983701686690153
1.754589618699755
1.5876074736950339
1.5853321030784207
1.750731729765367
1.7332244274728594
1.7495691572694843
1.8716903565716019
1.878418636329901
1.8618991932010467
1.5871553043321258
1.7550880484001976
1.743037341231266
1.8969725072689427
1.8817643860130988
1.8753391421199959
1.7533209813707398
1.7469104976427179
1.7559651102619744
1.7474937407242856
1.7604010476400678
1.5777299030975531
1.7464056704012563
1.8795860162187625
1.8776727808982552
1.7373996139087406
1.8786351693482433
1.7724456218833096
1.5903941410068603
1.8736816741970597
1.8674123872527844
1.7481220978772636
