1.948483106031896
1.8127720078445493
1.9491146363638918
1.9817527853078694
1.9123264229996866
1.908539165329225
1.6239033721614746
1.9150472861325052
1.8765642984539184
1.8361832523737724
1.93262090488327
1.899025397237392
1.8772669870650933
1.616842725354204
1.959036465483452
1.6601630773224918
2.013301766874987
1.633757965635657
2.0233006537910176
1.9443545389499435
2.13239013778983
1.9097561484946666
1.9617021475040044
2.092497660692861
1.9368400407032935
1.9784745034429072
1.9278952256653754
1.9952574983505325
2.450952772365449
2.148091777146735
1.987416686810102
2.1599655544995375
2.229438788940555
1.9871778408832328
2.1123175606722553
1.99806720761582
1.6612241454400503
1.9570892827602817
1.943466072817093
1.8319408481161075
2.159271211854343
1.922136741434274
2.015603168768785
1.9024297675750228
2.0029770066233086
1.965779589250568
1.945596174669662
1.9681520120082452
2.0218107569893053
1.9504410651624422
1.6537664908137972
1.9044603550136374
1.8817959484232338
1.9603062172868162
1.9405167028555128
1.7424172498547894
1.7964336464852648
1.9386939380021475
1.9347778906067923
1.67557194869758
1.9725486915338253
1.6914138462993062
1.9212468651758927
1.7705032965195808
1.9765752576954727
2.1080966296295585
1.9495110452994
1.9115924535493465
1.9631557415083534
1.9459326606681175
1.9569289297000279
1.9599765064559287
1.9966992017338225
1.9675600996428018
2.3013028068711927
2.1420389008513325
1.9142825735442175
2.1075020773511404
2.298038996794696
1.985945162274491
2.1424771768215276
1.9655417645779123
1.9599696707448908
1.9735714353048477
1.9266614490788934
2.225992262535982
1.9526596462921164
1.9130407617335285
1.9459156085463216
1.7781682179144778
1.967108836118617
1.9920341472580856
1.9159830884924638
1.938184468002188
1.9252111615599712
1.9716067852641315
2.0090931376477577
1.9661634046942056
1.952897558833203
1.6276848205728744
1.9337930247746888
1.9977759265008643
1.9992414398223366
1.9385280735692674
1.770159774581212
1.9039433912047343
1.6357923326926835
1.8754613662427297
1.9528200262774376
1.7730334842131568
1.913036828691043
1.7708579599544205
2.0821276043017356
1.9231879916738195
2.154852507651494
2.012912903359198
1.6343490532864753
1.9815301101475142
2.0396640706112494
2.0457502420703157
1.9566688816037332
2.4621846020540574
2.180848866336918
2.0114267597041735
2.1015766483375544
2.2733826617059942
1.95784367101755
1.9934108079006103
2.2248595850459743
2.0016288564368776
1.7308490284926252
2.034501404055945
1.9222579141607952
2.1967533688144085
1.9694154207737293
2.0504953162885426
1.9868347934489363
1.6192278326779137
1.954370798351328
1.9515889925020606
1.9692520581632231
1.9845826342113382
2.0962519654869474
1.9628527003053118
1.674639210254701
1.9730527793298696
1.879577459097475
1.9325002092290775
1.9622891323551146
1.9046825397537188
1.9622587637121722
1.7765836390029743
1.9127847913319516
1.8090188192437722
1.649822160989736
1.9396171833590796
2.084139957345587
1.9731970855280885
1.9525717488299215
2.0971298051211877
1.971298584343918
1.9432700079153278
1.9829590563052581
1.964575291334887
2.0016559285494955
1.9410789363895122
2.435255151143806
2.270252350802213
2.1112992423194905
2.1182016095388976
2.262379003743521
1.9604695983964096
2.2669120545712764
2.00686993616372
1.953110016954984
2.104691447190732
1.944667670342038
1.9205972407298728
2.1949001285480505
2.030694582514781
1.7987367634452154
1.9693554301878398
1.9798097808095003
1.7958642643334937
1.9503673100464214
1.908566665780246
2.0050092757310187
1.9904942494015818
1.9897076825569604
1.6979930659459448
1.8789734917288543
1.8889132161206603
1.9265656832216824
1.9938329878323968
1.9383702874394073
2.013648084731612
1.8955162677431676
1.7861453809505605
1.6453779067187353
1.9603792258552102
1.798035767293486
1.9296224280694865
1.7895011851682934
1.9818461723855616
2.1716025331664226
1.9046267044442058
1.9359174384208493
1.9276950146549006
2.1290434128847293
2.0239566299863623
1.9521187968031848
1.9733246002172498
1.9788096617438624
1.9471195486273978
2.610313634033845
2.276350640107422
2.0329113283364193
2.012268834738969
2.1391404124566193
2.3076881851049165
2.201294537149944
1.950887647272299
1.9031594649961596
1.966785720174353
1.9171442313727396
1.9945406632987916
1.9669803397121441
1.9718010059645408
1.9487213703952797
2.435764309956849
2.157820072346088
1.9791032663956383
2.0996443184186178
1.7545063852642553
2.141809324977211
1.9463464432153237
2.1208273312660704
2.002058723615658
1.65891167136831
1.965927275150334
1.83261601944453
2.191532880861547
1.9551056865871659
1.9002921523587424
1.6669253128877932
1.8242006345081636
1.7745017570690056
1.9996180275350455
1.800676433790688
1.9663974464752454
1.9102949407666385
1.9646714586700171
1.951945348254372
1.5918824477173816
1.9269276396639023
1.898009936507445
1.899926874239575
1.9213808701300166
1.9387920652656223
1.6746400303914106
1.9174469317431129
1.8961906045706998
1.6377479114574625
1.9772108827305444
1.9021022148269575
1.6429881611966908
1.9571009552207372
1.6510469772046246
1.9370399022586693
2.100843078791256
1.8992451716616414
2.0183549574818977
1.966496995484905
1.9827917727146005
1.9404574231882996
1.6648573777469846
2.024934005555165
1.95612451689415
1.954851682175538
2.4440778741671214
2.131871377074936
1.9844559346668598
2.1558558853555096
2.3300170859237808
1.9631425596772734
2.1154143684317708
1.9510666192547308
1.9305989026377781
1.5980685865265734
1.9906249600161918
1.9476785155661476
2.2433426610574334
1.9566698539310812
1.777947738983976
1.9065059909491782
1.9284011132066392
