1.7339233183032963
1.667886709861717
1.6842459591927583
1.695253271282946
1.5940239343336275
1.5721576264859292
1.6953816503504124
1.7717800964300232
1.690811414397883
1.7607815957281534
1.674054637044022
1.6471235135819144
1.6914279538055923
1.6628262591289902
1.5847170143367382
1.5417549937514314
1.7463717887505816
1.506851319621827
1.595004130957437
1.8330967527513025
1.570745220212211
1.5873091717392005
1.6825923892272108
1.671167693375443
1.7069568241667346
1.518703258608321
1.5897677050614107
1.8149607494642626
