1.2832963425985953
1.295269578310041
1.381919422447168
1.2744251033084102
1.2904575064503419
1.2865686274673365
1.3776037002417536
1.2863496126438232
1.1658248258194934
1.2868507434213379
1.2979896191505644
1.168376969284268
1.2916466193440408
1.3932012449837274
1.2866950914700785
1.2889828990465109
1.1611656817429752
1.3766248799067975
1.2882673424700437
1.2909121641245307
1.1672796653087891
1.1655196596613742
1.3929469130115917
1.3971887354957038
1.168986335470553
1.1645059379761098
1.159224178925742
1.2850012970455902
1.2847774636170117
1.3763885937945912
1.2957749068236408
1.3819070516331178
1.1686946440406167
1.161290947755387
1.2901371819286906
1.2864649959560999
1.3773501083307171
1.2866983178981137
1.1661981347130934
1.285138580267495
1.2914492500401766
1.2859331493959762
1.1666943697764174
1.3000276366598522
1.167851914637113
1.3048744333504576
1.2865324139795902
1.2882354589314187
1.278798062274782
1.291808841499735
1.2894762655390453
1.2900591220440456
1.166048284883945
1.3928315033466134
1.3968463060021528
1.1667827308373706
1.1618351723431353
1.1589630469335446
1.2848165734012595
1.2849155552663631
1.3774420983451086
1.2955853344704007
1.3821911800546294
1.1642894138999973
1.1598402592872386
1.2885829734324878
1.2863295399989392
1.377363395525047
1.2850227024740282
1.1652300185697444
1.2840125251766
1.2880683661434624
1.287528278564455
1.2862818286406166
1.1662920872670128
1.2962273445729193
1.1683732707331826
1.29149796264463
1.392771252299203
1.2869902649826863
1.2851944897425929
1.2761460426590663
1.3787855802704718
1.288703963531007
1.28987921321143
1.1680179052513744
1.1662945592920808
1.3926375195906342
1.3966506543987072
1.1662474301502113
1.1669824584269153
1.1578796561360847
1.283830739554494
1.2844885049811696
1.376688146811451
1.2955575239695951
1.3815831055979968
1.1706290034500186
1.291288017651021
1.286571220704784
1.2831406812660808
1.1658910998548986
1.2853999844552235
1.286748009817295
1.2864859140325837
1.2941367539868596
1.168518756105988
1.2919220976919061
1.304312240856258
1.2869977917491122
1.2846183273136222
1.2767217246368254
1.292229229024328
1.2899054233900786
1.2910709395098698
1.1666869599887297
1.1650934045887793
1.3970759976791878
1.1668113336826318
1.163750873311617
1.156648903088914
1.2852873837629804
1.381586412688136
1.2983948312536258
1.384681978789375
1.1638081457248215
1.2777742029065096
1.2938838836175324
1.2902366011604798
1.378455156237288
1.289105067514277
1.1690723224273265
1.2897572252490797
1.2896116388266503
1.289733465499739
1.2898244065896634
1.16950038933086
1.3019508002846238
1.1724306365522812
1.2967253483829912
1.394085768941081
1.2891245515333896
1.2889626395263298
1.2808260402401643
1.2931954420089689
1.2917088784094082
1.2957207478792274
1.1668987874202932
1.3988969703789857
1.400220688569391
1.1685523467625398
1.1653956571122412
1.1623527521615686
1.2869639178577161
1.2893520265217242
1.381050596284011
1.298252622953198
1.3855896569339028
1.1687726170540702
1.1621082946671668
1.290796072467561
1.2897535944270886
1.3793112506890528
1.293313868609038
1.16962226541587
1.286212096692744
1.2860368051780742
1.377581316767618
1.2851033037672646
1.1692936595883798
1.2977559317003036
1.1732364728981244
1.2933374870181868
1.3932870536838982
1.2883880142615898
1.2904515106718342
1.2811952297346203
1.3826228907062146
1.1708712226239095
1.1707736962931736
1.3966177624500258
1.2856861742687387
1.164890230146096
1.161978237276064
1.2882698859219468
1.2869344504099416
1.3817351757943874
1.2980428044655183
1.3869378747341479
1.2792358377725916
1.2791121779598216
1.2933304778446792
1.2924124827458539
1.3796411191609779
1.3733067003175243
1.170061227713419
1.2890127213012552
1.2913851292760328
1.2867446183476907
1.1693600830682653
1.3037906860343198
1.3022657683565553
1.3936301487144644
1.2888707005769782
1.2797757452827454
1.3815688787972282
1.2943405024868777
1.1649862789875454
1.3966232697874816
1.399286930443755
1.168744468485339
1.1652745456281057
1.1643725218431475
1.2876313619689481
1.288874417928075
1.261887737610047
1.2955202235537442
1.2885594880024611
1.2818513487275995
1.2966434630656087
1.2892608742249108
1.3802413475052715
1.2900580874740384
1.2896319756849834
1.293134239050603
1.3769966849671356
1.2866097483222827
1.2967609729926943
1.1745531030918699
1.2950407743467234
1.393266811640989
1.2893078149435724
1.2901113386082135
1.2820058559251748
1.2933594770272265
1.2923084439861363
1.291864654394412
1.2897703896017072
1.1693283052580525
1.3952929192011694
1.3987869922484437
1.285659731352458
1.171087629574915
