1.1177724278793673
1.007572798309156
1.0437419565110921
1.062951139412388
0.9453795798526299
0.8640687137817349
1.0172121165904635
1.0637943999007526
1.038650585461085
1.0513323704276747
0.9867182364893433
0.9472871792226906
1.0114010836715361
1.0067358667498838
0.9938922008479509
0.9154183729417811
1.0854236205654937
0.8897049559889761
0.9857910303724167
1.1550856494870272
0.9018620968017332
0.936174486372721
0.9773354527845471
1.0026252290798572
1.0039921977531447
0.8758767714266229
1.0688650279280023
1.1042027693618541
