0.7536516752636764
0.6669445256482434
0.6926321945000369
0.6741415926135597
0.751933939905821
0.7380778276953393
0.7395600108989038
0.7836550613512304
0.6788830795117495
0.7575544083428097
0.6959459294159128
0.6442333314918588
0.6948894027003213
0.6520419410763328
0.6958010478332667
0.509523580462488
0.808353744002706
0.6079286639489114
0.6927084738469933
0.7185446955186945
0.7097181602483648
0.7382966258330106
0.6896034035572279
0.6413598993076808
0.7810745481348002
0.5767593464283278
0.6654611777475058
0.6970782907244321
