0.47330116193236277
0.5593897928303027
0.435252214960035
0.4562306867495929
0.5337512569992449
0.695742411028352
0.6034550967069916
0.5078339435091199
0.4275574081410593
0.5318036593539723
0.4935047281425741
0.5296642401155487
0.4859009870436287
0.5880690074220912
0.47890177085945107
0.6175478195952604
0.7142943397074679
0.44431906532197724
0.4963127232299558
0.7465022455045316
0.5072463749974881
0.4207802256893062
0.5872023808811603
0.6855416085551966
0.6406811523309317
0.6154738870596538
0.5854207222448642
0.7769948517878583
0.5904143932549211
0.6172029090397726
0.6459644831048922
0.5320467307119718
0.5371487679722606
0.6795992636967153
0.5693643122826546
0.499181670466439
0.644538946114848
0.4876787931681241
0.6003572560696618
0.6333661215900895
0.5457069436538404
