0.44593278074001763
0.4416321549047632
0.43758256236656323
0.46628315028353495
0.4264581482683658
0.4375014478254005
0.450926002992881
0.48397633557698083
0.46331220050989136
0.46476603693313534
0.4564755922837388
0.514841498860442
0.41693660875642996
0.4427942198820236
0.42624431166847
0.4508210124999954
0.4485512566453591
0.45660768999962564
0.43456726783484456
0.4041408462126028
0.43026394388554123
0.5055905681134679
0.4509267134637661
0.4542997631392687
0.4292647045112381
0.4101907530765059
0.5107668386260852
0.47355840289103757
0.45490955689333923
0.4004351455914606
0.4497693110052045
0.4656960071269832
0.6291806254523922
0.46220725904168025
0.47033199615692534
0.4503814714431848
0.4902990034638128
0.47722130151980546
0.44997143131266315
0.45805953415599454
0.4726873453322403
0.46019393939342956
0.47546963019933086
0.47751252879351797
0.45013161250000006
0.40182282666023306
0.4434141919946176
0.4472678124999956
0.43202077021910534
0.46788780372276373
0.4125834447206151
0.4214333682084376
0.41432682528192144
0.4886034134811311
0.46456945868079014
0.4921226474119622
0.4474308108309929
0.4048264514012804
0.43135693749995807
0.5082961760987277
0.43148801408375786
0.4454943230987164
0.43335236247950315
0.4150460712018083
0.45936495013502454
0.4692458347786197
0.40080026484330356
0.48993701648107
0.5996568152571456
0.4443435624999952
0.4648300477082463
0.5012555019628614
0.39623222675109615
0.46630550995629694
0.46907913155697345
0.4582389134255038
0.47296537897152163
0.4240087195946917
0.516301119055651
0.4882904914885804
0.4538748062120177
0.4644827441585705
0.5073660321798195
0.4459584639060389
0.4916401776867316
0.45378186727906705
0.4676857089639706
0.4884448389385462
0.4517785395527344
0.4531777103409891
0.4576850845311353
0.5123854071623793
0.48192904607351406
0.3964263314444846
0.40839231249819574
0.4214299731605774
0.5002449197933598
0.3869400075877878
0.4487051493249754
0.5651921691225881
0.43320921687688535
0.48587501907424413
0.4914943804949389
0.4792566029182458
0.4837122201599586
0.48215243908810246
0.478499099166528
0.4760625477238003
0.45030116874994286
0.4649790471223214
0.4563827750420104
0.44421303840584747
0.4973140904912091
0.49912521756162476
0.4540679028889887
0.44193026219140585
0.4386466590750777
0.430964349999883
0.47718707097841906
0.46622777934319437
0.4821553443984924
0.4691908047152731
0.47689595720026395
0.43861728611565765
0.463825555766085
0.4278079460171843
0.43927600646592835
0.4403019140610004
0.4222973839172412
0.4721661713500912
0.4958669078933523
0.5072270432442147
0.4505696537193127
0.4315589164857324
0.5876275181296438
0.443743183166792
0.4795450303988855
0.4455470092855047
0.46460530899636654
0.5340892552522107
0.45546807473581413
0.5111427435123502
0.439963157562579
0.47175812306249176
0.5140881703290352
0.5135440188738232
0.44961970108979954
0.46451185265099076
0.46518599998645993
0.45339122239264495
0.45230736437229724
0.4518341470793288
0.43936069652489296
0.46080240224514
0.44572312243921886
0.4802736123909228
0.4653292576674777
0.4587593670156256
0.460515920878919
0.47568890830563115
0.4296151793103499
0.4550588912573008
0.45941057617538983
0.4275339615014451
0.4766566573655395
0.4673497905734425
0.4027900900806989
0.4405916287552442
0.45828798458551157
0.4991337208656317
0.5104705397874164
0.411373683321157
0.4106870439893702
0.45412672400912024
0.45677293591599244
0.4861439521784928
0.4316048444428716
0.4712033326989733
0.4355109507398659
0.5101652591679209
0.45391534414906226
0.4742468239535905
0.40970634823907726
0.460289049784444
0.41172112382341375
0.4607143772137744
0.4389236416815907
0.5018528010516087
0.4577697754279669
0.44716232896036856
0.47982898325657886
0.48879588727451073
0.44811582799171523
0.4668842683349621
0.4488777095709914
0.4618854488301565
0.45267547719401424
0.4040413097769533
0.4832522762998357
0.457891776554871
0.4541908310424281
0.47825758077953445
0.5362995932737371
0.5006631357841236
0.4780220117876011
0.42157351086143724
0.4947158480704712
