1.8846878364270843
1.8926709718852517
1.7527268351132295
1.588665728345866
1.8858548504777266
1.920943274476117
1.7630317267119038
1.936143507779704
1.9339863803404571
1.9034796898300397
1.905301546608744
1.5954594122975063
1.9047784776535788
1.8014268998879384
1.9033907409950404
1.9266928632930458
1.6471761227049087
1.909129286495113
1.9161409622526386
1.6408560380284407
1.9578655351760728
1.6044653543010117
1.9528616675568882
1.6517103178890669
1.9607230358762364
1.9351241492280788
1.9658115950845776
1.9553485596349427
1.9722686287473905
1.9228055313764854
1.9856076958293065
1.9774561527771903
1.9800864726044674
2.1538154343208498
2.219225910005917
1.9779428887243689
2.1599288501581224
1.9816566910820959
1.6823410731331336
1.9888993828134365
1.788759401867296
