0.27907385144843566
0.3115023214559387
0.3006256618903279
0.294679854001345
0.3010743475177305
0.29698755860422127
0.2689719302692055
0.2903553990498812
0.31399049485474273
0.2923846404886562
0.300551351454226
0.29937946356968215
0.2973603910903273
0.28338589521502117
0.2859310642283675
0.28695313116801996
0.29433463235172125
0.3002705315629081
0.3051536906223359
0.28783823380281687
0.3035269455782313
0.3033896962962963
0.32042803340757237
0.2819420017094017
0.2769112355475763
0.30009223649906885
0.29032236952714535
0.2660715527965093
0.26739349803554724
0.2721650577861163
0.32835215758991126
0.3292578065127892
0.4543961059377945
0.3058456435667935
0.30924024837891173
0.2862965149518875
0.29104195015832807
0.2845745100126285
0.2923088333333333
0.27515038774289985
0.2861395258215962
0.31188352162162164
0.305726988949337
0.3173111293934681
0.28979237474048447
0.29268416630727767
0.34882943352196855
0.29426490050239784
0.3028979260523322
0.28980928820960694
0.2932021531830763
0.30897175932967186
0.2760004355501814
0.28904108282922286
0.2989131573656846
0.2848364693877551
0.2918531089820359
0.2791706530973451
0.2796530127791914
0.28422024277563035
0.3158242466124661
0.3015823849021435
0.30506167520690897
0.26676094599649325
0.3074264392589325
0.32832025964321776
0.28944457446621175
0.2800454898128898
0.4606894767085077
0.2933288763118441
0.28204991294039444
0.2896943531353135
0.28299268492569
0.2666193684478371
0.2936025161290322
0.3236183882959801
0.3132233435028248
0.29606330674846626
0.28486280697767946
0.28350478478738267
0.2821595635738831
0.2979039948542024
0.29055436348180885
0.2769906504786771
0.30234619595852164
0.2773560209424084
0.3006576570281124
0.30593068266978923
0.27127066228373703
0.2675089419483101
0.28515143930635833
0.29665028336709426
0.2931523345699049
0.2700474148148148
0.2716933990780578
0.29340996681448633
0.2974066939262473
0.2837055878721058
0.27206432238947864
0.45842941067313525
0.2939279498284889
0.32223827475947936
0.28954915512927437
0.28535425804304415
0.3087006379739672
0.2708014622754491
0.34746910161144307
0.27468698282647586
0.2831637995202878
0.33417734117647063
0.3061328295302013
0.3392226281006071
0.28502209568874864
0.2978152008679479
0.3009937732361364
0.28601827119675455
0.3145846177523264
0.26329570254163015
0.3087838981001727
0.26607227686810625
0.30201045762711864
0.34138670049650194
0.3048702988894031
0.2817409168875106
0.28540700417101145
0.28416608234258034
0.26815190746637807
0.2860681490514905
0.2744766436428412
0.3009984809155384
0.3064855568627451
0.32561204883884587
0.2826695266055046
0.2947283405880736
0.4562699348637016
0.2947733663985701
0.29849809234828495
0.3115015266397384
0.28280402857142856
0.32103145309734515
0.2898503136440392
0.32265988813831004
0.27006431932052705
0.27598349928057553
0.391508010304706
0.32461793273864264
0.2865109036574487
0.27904602523616734
0.2981028616285258
0.2895894884568651
0.32874917689316474
0.3487942560948756
0.2624198713972202
0.2917536696256181
0.3057867165314794
0.29522945212038304
0.29116861260291327
0.29520653960894977
0.29731393777684917
0.293911505687545
0.28437815621537776
0.2685196864461046
0.2956397441860465
0.25201535508637235
0.31069612786627776
0.3211910975731176
0.2967667021455616
0.25829700272479567
0.26818329337442215
0.32528337863904266
0.2865332051739518
0.26616343314619356
0.3009458265953892
0.28273846478993386
0.28978782971652
0.3076217648498331
0.32142654488778055
0.2695584426966292
0.2744424092643052
0.3290677070543375
0.3158137539976825
0.30798802896871375
0.30237063176921675
0.29707322259332025
0.2969379011147069
0.28902484210526314
0.2874157648248295
0.27335909982859097
0.31087909237826394
0.28648247652040026
0.300492253942104
0.31309387238493724
0.2795993315789474
0.2874183271463614
0.26987007543131686
0.2846498145667643
0.347569250399745
0.2719187826697892
0.2706757092752535
0.2847437050092764
0.2796434231378764
0.277656951450677
0.3238718963621665
0.2993227845601436
0.3086084417867435
0.2605500191644308
0.27181798748004965
0.2937490833983974
0.29327832335138576
0.3117308754313169
0.30059046695821184
0.2803174320325755
0.28323355522148724
