0.2093022
0.2095411486260454
0.22531289111389238
0.22534746351633078
0.22528735632183908
0.20961633612565445
0.20964912107545533
0.23282115585831062
0.22534822983168892
0.2305808298316889
0.23442657116644822
0.22526315789473686
0.22576271186440677
0.225
0.22535231943628892
0.2254118050789293
0.22516949152542373
0.225
0.20998062605156037
0.225
0.23071669405255876
0.23066456544276456
0.2093022
0.20962219999999998
0.225
0.225
0.22536036036036036
0.21017632587412588
0.225
0.22518018018018018
0.23058347719298244
0.23074520145237076
0.22572342793544797
0.20946817510373444
0.20971670777202073
0.22651085930122758
0.22560532687651333
0.22535211267605634
0.22513661202185792
0.225
0.2093022
0.22546468401486988
0.23072327713444551
0.23023259999999998
0.2307065336492891
0.225
0.225
0.22584485407066052
0.22820937340804892
0.2253968253968254
0.2268830525272547
0.22523161551823973
0.225
0.22621753246753248
0.21149669225473322
0.2313689636363636
0.23068305045045043
0.2305065726027397
0.22544923629829292
0.225
0.22633333333333333
0.22523622047244096
0.2255871990604815
0.2093022
0.22595480585614258
0.23023259999999998
0.23122269900990097
0.22565040650406504
0.21050605232744782
0.20424514125219428
0.22503926187671772
0.2251831501831502
0.2255144032921811
0.2278169014084507
0.22540363269424823
0.20944041700069108
0.22538240917782026
0.2303953339300244
0.2304396393374741
0.22513831258644537
0.2306505728317659
0.22589485458612976
0.22628012048192772
0.22504524886877827
0.225
0.2252647837599294
0.22574626865671643
0.225
0.20947055016835017
0.23051389395218
0.23049046487880348
0.2273433520122262
0.22505192107995847
0.22601214574898787
0.225
0.22536674816625918
0.22764900662251655
0.23126797532355478
0.2305880502369668
0.22683392766174224
0.23156697990580846
0.22540691759918616
0.225
0.225
0.22544052863436123
0.2251123595505618
0.225
0.21004846865671642
0.23066975846994534
0.20973161492216855
0.2259546539379475
0.2254040404040404
0.2251114827201784
0.225373599003736
0.225
0.22510537407797682
0.225
0.2253968253968254
0.23023259999999998
0.22551568543188655
0.22614242193450115
0.2105611928057554
0.23023259999999998
0.23584663508771928
0.23023259999999998
0.22541025641025642
0.22613636363636364
0.2254881450488145
0.2250517330574237
0.21034386666666666
0.2266052880075543
0.20940824453870624
0.22513066202090593
0.23023259999999998
0.23427540618311532
0.22528868360277138
0.225
0.22633333333333333
0.2257171314741036
0.22505491488193302
0.22519627085377822
0.20993311482649843
0.20995343010130246
0.2253486750348675
0.23106018620689653
0.2253992015968064
0.226231884057971
0.22543336944745396
0.22505213764337853
0.225
0.22892464678178964
0.22606626047220107
0.22534453057708873
0.22540462427745667
0.2096075435114504
0.22505659309564233
0.23026895041802978
0.225
0.2251519756838906
0.22518484288354898
0.225
0.2094836882032668
0.23023259999999998
0.2303740427157001
0.22541797283176593
0.22549407114624506
0.2096467305770887
0.20951818272138228
0.20960070746268655
0.2104355914559721
0.22562240663900415
0.2308180800936768
0.20969130505836575
0.20948238018018017
0.20982249136316336
0.22655807365439093
0.22766884531590414
0.2264039310068191
0.225
0.22520703933747413
0.20990703870967742
0.2093022
0.2253921568627451
0.23051251602519243
0.23047414589371978
0.225
0.22620481927710845
0.22561188811188812
0.225
0.22507782101167315
0.22555248618784532
0.22513458950201884
0.22549627791563276
0.2251490312965723
0.2099213950464396
0.2308180800936768
0.23048576455696201
0.23023259999999998
0.2250965250965251
0.2093856028356964
0.2255871990604815
0.225
0.20950711803278688
0.225
0.20939156550491508
0.22633333333333333
0.23043693183489986
0.2305517489361702
0.22531914893617022
0.20995260650406503
0.2252742731760834
0.22510548523206753
0.20962634910858993
0.22541450777202074
0.2260737294201861
0.22540941658137156
0.20934143107100822
0.21000991408351025
0.23117599622641508
0.23047458427102235
0.23023259999999998
0.22530408340573416
0.225
0.2258741258741259
0.2253937007874016
0.22541797283176593
0.225
0.225
0.23023259999999998
0.2096606229390681
0.2304109590963139
0.23189235103734437
0.20965605704175513
0.22548569886670264
0.22594562647754138
0.2253053435114504
0.225
0.21017632587412588
0.2093022
0.2307534333333333
0.23064412263374484
0.22586755349913246
0.23028454805194803
