0.30586784111461623
0.2844050860759494
0.2954333418307611
0.35018555039974497
0.30642519024835135
0.26521996918080115
0.278680955040872
0.30124774576271185
0.2588728323699422
0.28105356786355473
0.3084887818271361
0.30249657250495704
0.2564796862470862
0.27439220766830136
0.316775938798015
0.28345445928727847
0.3239074305936073
0.29244312631578945
0.2656799039215686
0.3249330836808052
0.28405281790878756
0.3258058150154117
0.29268416630727767
0.3014006103190767
0.2800645327731092
0.27012833750383314
0.29770557850467294
0.30058569263762247
0.29216829100529096
