0.2570512820512821
0.2396341463414634
0.22164320424214276
0.2434717760440569
0.24798330236220473
0.25181598062953997
0.24261076836791926
0.20575860465717982
0.2561082307193778
0.24805728871242202
0.23961282264779352
0.23783416559139786
0.2582431866784296
0.22911374598112594
0.2766827510574018
0.2054807779785432
0.2722026214132762
0.253742681906886
0.2839010782608695
0.25616063919259885
0.27015086206896555
0.28761977339667455
0.23855777979981801
0.24535211083935518
0.26150415667969645
0.29075965354639755
0.2737436451612903
0.2202894611464968
0.2824436343173432
0.26330833415765065
0.2717872350061199
0.2864225679829242
0.2047314966413868
0.2648019097547062
0.2252918283491789
0.20337727645125958
0.24359030837004406
0.27790628706998816
0.22039006610878661
0.2593282072351421
0.2552858481363152
