0.47789839431550085
0.5097679593568287
0.5181089941851967
0.521694283535725
0.4449722428924293
0.4733729198696143
0.4932719106357895
0.5073544836608948
0.48111170357650035
0.48474246814664057
0.47970197930640457
0.4984984513158952
0.4733969920702952
0.4811061224458983
0.49460486188353503
0.5368957808075858
0.502764132935231
0.47676091869513715
0.4656306494885424
0.5080247703037626
0.5035125265445901
0.5076873941344086
0.47170953837036644
0.47482387940163806
0.5433944439626222
0.5484940808874388
0.47079499915712786
0.45270235556356087
0.4404408461697874
0.480890268219205
0.47995970238592456
0.5210634374455206
0.4578390425984332
0.47964833224801295
0.490547853477887
0.5085790131782653
0.5067932532063911
0.4816878715215054
0.48900082388618576
0.5028334649238106
0.491326799724094
0.4498109527230323
0.5094945195565077
0.477264794341359
0.49925547850477914
0.5371011022194074
0.5032186892908107
0.4818460680653094
0.5081386635895715
0.5041350750309971
0.4882555552435671
0.477393965192441
0.45138408486940745
0.5419749048440177
0.548088038670179
0.4690917931067331
0.4499051757428145
0.4353514707597116
0.48150048847389393
0.480525903034588
0.5095156332849606
0.5168995935385581
0.5214918194917286
0.4512050892251883
0.4652128023838632
0.49447226591409904
0.5053897873984172
0.5086014514207313
0.5036776978767444
0.4810948361978242
0.4834001167964861
0.4819983236807388
0.4896576139440357
0.4483398577950297
0.5057695584055925
0.5362156009145687
0.5026650530165346
0.47989600250291664
0.509223144442138
0.4927511924321217
0.45313263711700624
0.5429031148922049
0.5479938780491938
0.4709592006406459
0.4683058808718893
0.4385011192363317
0.483379309845956
0.4808695691375773
0.5101213295454377
0.5167202183980186
0.5210062767536667
0.44922049493086696
0.46613878024917166
0.49557696545187824
0.5047878194188657
0.5098607151121644
0.5065569349660348
0.4817521363621429
0.48660167710971647
0.48033613346542425
0.5004244357225003
0.4922877932121714
0.5060864005404635
0.4770552291403618
0.4945969886061006
0.5371716003136705
0.5027590727773222
0.4781100762397674
0.46479677935865904
0.5053993853062968
0.5057328056993831
0.47958036416751526
0.47701106600109533
0.5481465165064867
0.4727631737780713
0.45413033659112967
0.4370281090471003
0.48434211355916795
0.5029816186866056
0.5241536934232601
0.4571771129819412
0.467421609670443
0.49884507456882055
0.5146788406323568
0.5063505046576915
0.4842503743620675
0.49094250787594024
0.5075207406166702
0.4551966490033071
0.5111008267796409
0.48705468619126735
0.5057770988357316
0.5429616198930425
0.5162005005438978
0.4789564326719437
0.4691566565661355
0.5147735492106158
0.5112453496589793
0.5165141721840927
0.4830820360293157
0.4531069750845944
0.5491328951206018
0.5541412571565978
0.4510155093132092
0.4555983726235294
0.44667530190016724
0.5063249575728402
0.5151316240714479
0.5034073063977422
0.526510990142274
0.4756992283727296
0.46981009454615774
0.4955463075444488
0.5162065358816341
0.515801322691945
0.4896169559290735
0.4868563711742352
0.48715505814772103
0.5076155992531589
0.491400242637883
0.4776256879573543
0.5106533159109895
0.48963669653967845
0.5182611343630338
0.5410221034222344
0.4900769004546912
0.4863595021902163
0.4736624549944184
0.5198204396597657
0.5088622135871577
0.5109779946806006
0.48786414602527967
0.4839474938297255
0.5468528040737016
0.5525707324583539
0.48095688214285026
0.45150316754856223
0.4429289691160596
0.4850676270201634
0.4895487036592958
0.5196005699025192
0.5229080569544227
0.5293350479453672
0.4679607382466392
0.463944778359886
0.49645394668213577
0.50753223291301
0.5134860529380758
0.505906840767591
0.4894857301404092
0.48822103024888924
0.4900744604277107
0.5079601885178928
0.48647765475564964
0.4805690403723538
0.516593715845784
0.49094042298296936
0.5069893502849089
0.5410635444868777
0.49488250849607657
0.48108900505847985
0.47208838386051627
0.5173444516936201
0.5135951824747829
0.4982719670841339
0.48673809686155334
0.5488801980827716
0.5507799273395939
0.44530529422753784
0.44740403203971857
0.5025656163921175
0.5035934083734832
0.517720906247908
0.5021832793135177
0.5292167573215429
0.47793064018277964
0.4695764582191231
0.49173820519153894
0.4914985574753748
0.5162981334031609
0.5158742679424606
0.49599063620625894
0.48759415086874947
0.4889891884294284
0.5043372641575742
0.48159679260258625
0.45473975271652334
0.5072683324964025
0.48691290936061743
0.5125820626461735
0.5407477173708888
0.49137406044552306
0.4812675599891642
0.4713060758324003
0.519612671599412
0.5088177235256914
0.5178116582080492
0.4820788059133723
0.48387327132083546
0.5467334495931393
0.5505123282075561
0.4818972895767883
0.45960841499701555
