0.6663166728027949
0.552961222972851
0.5970073966750599
0.5916636216912345
0.5710475015418572
0.5682433678772909
0.6107016613858894
0.6458447772192213
0.5714597935096054
0.649070500239348
0.5628850520367985
0.5104788971719728
0.5713068765642182
0.553874623960809
0.5887773276295132
0.44874024072372953
0.6716124896005271
0.5092907635257612
0.5837159285186654
0.6392108087841737
0.628882280380129
0.5363256626556321
0.5720415054811413
0.5403251785184565
0.6147581503017666
0.4781769070091165
0.5989565352567985
0.637560031733627
0.5730013789017282
0.538547112769479
0.7334489229285397
0.6652474865618195
0.5574173745620252
0.5964967353608045
0.5893782985815097
0.6063653435654885
0.5510717011792505
0.6000854378373361
0.5793594228493468
0.6264898374889782
0.5169169400497703
0.5875575332506923
0.5674684431225434
0.5910379523423014
0.4485599616031685
0.6789474908273072
0.5043808347600971
0.5831309664802217
0.630270312910759
0.6205093812463809
0.5706267529203308
0.5803798661429224
0.5568112832873362
0.5393798089981543
0.6336071241385905
0.45060100677897363
0.6321413212256088
0.599686688369448
0.6369714246888556
0.5204796853103846
0.5338022815787273
0.7241900143020898
0.6502641207881408
0.5458411535825348
0.6014392264327301
0.5911454562903256
0.5662149853633656
0.55710123482687
0.6031604660732328
0.6410866900769633
0.5779500294381337
0.6396980431126309
0.5728982795354945
0.5069916803399671
0.579568574770318
0.5626059632778202
0.5874594787017444
0.44589371910573117
0.6750493199334889
0.5085746580087247
0.5767280592134958
0.6386294057657923
0.6293762015015548
0.5567609369790903
0.5744429719637681
0.5845458849075869
0.5432895210489045
0.5980756805027172
0.6374443101596026
0.5682091153587134
0.5412862785643887
0.7306172781089723
0.6854236252408707
0.5845953211038831
0.6287140263667091
0.6301425278098416
0.5874268637636393
0.6308655088793842
0.6705938308209858
0.6191345697477062
0.6280254846873388
0.5276915615607333
0.5991392179132312
0.6150971252707713
0.6159884830977591
0.4803156733025469
0.6975068639685533
0.5121004684855087
0.6213470423525341
0.6530318628343506
0.6398422732778452
0.5869939958617327
0.6070761903529511
0.5810043140475487
0.6353376923623332
0.4867831581078714
0.6495990123365426
0.6605328966978214
0.52768692564621
0.7304923929582898
0.664716821541617
0.5703991954500496
0.647636634334423
0.621321759488059
0.5838077529167152
0.6282895982283084
0.6716986765969506
0.6094640059604308
0.6408400676304208
0.5920116046603768
0.5264366422641167
0.6102291401100126
0.5856919060956778
0.6228078321171846
0.46741101982406696
0.6819634295209441
0.5305639646314652
0.6337638036375408
0.6526747843334961
0.6427787549072157
0.5830467369348948
0.64569296137354
0.5845271940456587
0.5720992714120601
0.650696747915108
0.5013929404896551
0.6546879112337365
0.6049195967666752
0.6727537322860264
0.5438296277671324
0.5783532238747742
0.5835745816092205
0.640296740235816
0.6512153002100769
0.5691045788768838
0.6188315605133696
0.6652104615264557
0.6278883291457716
0.5946570695454166
0.526300112438676
0.603205304095153
0.6024132516201097
0.5955519819654943
0.489392252648648
0.6901082207993352
0.6604799440868481
0.6329542557838972
0.5813350225304564
0.5978514530415826
0.5809325444316153
0.5833069012930827
0.6292476860681913
0.4926365058379125
0.646732824631249
0.5407176147887259
0.5727981950968734
0.7097742207870944
0.6812641180066638
0.5689523641448625
0.6417123861762678
0.6192284869352581
0.621375560286946
0.589578126032154
0.6189861439179078
0.6581228439877427
0.6185285916148254
0.6378888127029766
0.590825906879098
0.6101789235991077
0.5814461891397059
0.6208339651710758
0.4744769608522056
0.6741736844251399
0.5359518077543948
0.6325028021048161
0.6512960368225665
0.6518640687455368
0.6351841897116517
0.5931115478532352
0.5789039757919794
0.6479102485205914
0.4905007088760991
0.684152516131354
0.6195511452419006
0.6760460479442174
0.5576487629449839
0.5860505873996765
