0.27115384615384613
0.21890243902439022
0.2223355758241758
0.2110914534567229
0.21143924864864863
0.29104330708661413
0.25544794188861986
0.1993437051037577
0.22716041397153944
0.2683246921581335
0.244171866137266
0.1903498679433805
0.32745689677419354
0.2305431600352889
0.30129563794337777
0.28586185317220547
0.23039673393562957
0.3009100642398287
0.278717273560517
0.3360054347826087
0.26848191757779644
0.31452238620689654
0.3471615201900238
0.219743139399454
0.22442833251806557
0.2728844700390894
0.3769301606391926
0.23053253548387093
0.23441548343949045
0.24936500295202949
0.294576202472952
0.24094250501835981
0.31508130394877265
0.22814888992416033
0.26649852926411866
0.19448028504753673
0.23077092511013214
0.3337188612099644
0.1960541983263598
0.26635662170542634
0.2542295444089457
