0.14651139999999999
0.14651139999999999
0.16279059999999998
0.16279059999999998
0.175
0.16279059999999998
0.175
0.14651139999999999
0.16279059999999998
0.16279059999999998
0.16279059999999998
0.16279059999999998
0.14651139999999999
0.16279059999999998
0.16279059999999998
0.16279059999999998
0.16279059999999998
0.14651139999999999
0.14651139999999999
0.16279059999999998
0.16279059999999998
0.16279059999999998
0.16279059999999998
0.16279059999999998
0.16279059999999998
0.16279059999999998
0.16279059999999998
0.14651139999999999
0.14651139999999999
0.175
0.14651139999999999
0.14651139999999999
0.14651139999999999
0.16279059999999998
0.175
0.16279059999999998
0.16279059999999998
0.175
0.14651139999999999
0.16279059999999998
0.16279059999999998
0.16279059999999998
0.175
0.16279059999999998
0.14651139999999999
0.16279059999999998
0.16279059999999998
0.16279059999999998
0.16279059999999998
0.14651139999999999
0.1637136769230769
0.14651139999999999
0.16279059999999998
0.175
0.16279059999999998
0.16279059999999998
0.16279059999999998
0.16279059999999998
0.16279059999999998
0.16279059999999998
0.14651139999999999
0.175
0.175
0.14651139999999999
0.14651139999999999
0.14651139999999999
0.16279059999999998
0.16279059999999998
0.175
0.16279059999999998
0.175
0.14697364961479198
0.14651139999999999
0.16279059999999998
0.16279059999999998
0.175
0.16279059999999998
0.16279059999999998
0.14651139999999999
0.16279059999999998
0.16279059999999998
0.175
0.16279059999999998
0.14651139999999999
0.16279059999999998
0.14651139999999999
0.16279059999999998
0.14651139999999999
0.175
0.16279059999999998
0.16279059999999998
0.16279059999999998
0.175
0.14651139999999999
0.14651139999999999
0.175
0.16279059999999998
0.16279059999999998
0.16279059999999998
0.14651139999999999
0.14651139999999999
0.16279059999999998
0.16279059999999998
0.175
0.16279059999999998
0.175
0.16279059999999998
0.175
0.16279059999999998
0.16279059999999998
0.16279059999999998
0.175
0.175
0.14651139999999999
0.16279059999999998
0.16279059999999998
0.16279059999999998
0.16279059999999998
0.14651139999999999
0.16279059999999998
0.16279059999999998
0.175
0.16279059999999998
0.16279059999999998
0.175
0.16279059999999998
0.16279059999999998
0.14651139999999999
0.175
0.175
0.14651139999999999
0.14651139999999999
0.14651139999999999
0.16279059999999998
0.16279059999999998
0.14651139999999999
0.1587208
0.16279059999999998
0.16279059999999998
0.16279059999999998
0.16279059999999998
0.16279059999999998
0.175
0.16279059999999998
0.16279059999999998
0.175
0.16279059999999998
0.175
0.16279059999999998
0.16325788971962615
0.14651139999999999
0.16279059999999998
0.175
0.16279059999999998
0.16279059999999998
0.16279059999999998
0.16279059999999998
0.16279059999999998
0.16279059999999998
0.16279059999999998
0.16279059999999998
0.14651139999999999
0.175
0.175
0.16279059999999998
0.16279059999999998
0.14651139999999999
0.14651139999999999
0.14651139999999999
0.175
0.175
0.14651139999999999
0.14651139999999999
0.14651139999999999
0.16279059999999998
0.16279059999999998
0.175
0.16279059999999998
0.175
0.14651139999999999
0.16279059999999998
0.14651139999999999
0.16279059999999998
0.16279059999999998
0.175
0.16279059999999998
0.14651139999999999
0.16279059999999998
0.16279059999999998
0.16279059999999998
0.175
0.14651139999999999
0.16279059999999998
0.14651139999999999
0.16279059999999998
0.16279059999999998
0.16279059999999998
0.16279059999999998
0.16279059999999998
0.16279059999999998
0.16279059999999998
0.14651139999999999
0.175
0.175
0.14651139999999999
0.14651139999999999
0.14691033617021276
0.16279059999999998
0.16279059999999998
0.16279059999999998
0.175
0.16279059999999998
0.17546224961479198
0.14651139999999999
0.14651139999999999
0.16279059999999998
0.16279059999999998
0.175
0.16279059999999998
0.14651139999999999
0.16279059999999998
0.16279059999999998
0.16279059999999998
0.16279059999999998
0.16279059999999998
0.14707530977443609
0.16279059999999998
0.14651139999999999
0.16279059999999998
0.175
0.16279059999999998
0.16279059999999998
0.16279059999999998
0.16279059999999998
0.175
0.16279059999999998
0.16279059999999998
0.14651139999999999
0.14707530977443609
0.175
0.175
0.14651139999999999
0.175
