1.0124558458693798
1.0255490993980376
1.0299635566794327
0.9461868999044832
0.9376599650530925
1.038369951148729
1.0408903711927495
1.018711809104306
1.0160724242888572
1.0114922091816765
1.0136832105776123
1.0142979484428793
1.0197802888513163
1.034276118499868
0.9468233799792953
1.0399776344185405
1.0755569278404564
1.0462712609349787
0.9452448230441708
1.0193394362031352
1.018826783703695
1.0200385637453278
0.9519376403644078
0.9574520447967467
1.0815140380182502
0.9426784979408599
0.9574268512660241
0.9430894345170322
1.018480181973528
1.0149114720856227
1.0253082876540764
1.0332895224458878
1.0294544415640068
0.9525381185466107
0.9431712372861044
1.027395290915881
1.0385447280637035
1.0415604755897057
1.0206207023995026
1.014168863718147
1.0110669698916408
1.017598823590709
1.0121975910335501
1.0183233157237015
0.9976174235695072
1.0367240500349943
0.9457834168465769
1.0409751618925038
1.0756290328268567
1.0435608402393273
0.9990629444031376
0.9359535260760591
1.016392426974368
1.0199055599370304
1.0165452982625318
0.9509821914212744
1.0122116184547847
1.074344200041423
1.078704687238755
0.99680907875157
0.961918659957861
1.016386040063782
1.014964634244874
1.0244464495348455
1.0314504628772827
1.0298459594327602
0.9492070515766364
0.9376868143138961
1.0425633892124893
1.0342970575598471
1.0383734555770077
1.0192561378096483
1.0194531190183242
1.009548894199347
1.0102226448733254
1.0146569805224117
1.0158349293204965
0.9971015305756109
1.0519843514389078
0.9467464148429328
1.0452100361094234
0.9524423884252164
0.9897210817806672
1.0147741220139506
1.0181970627198815
1.0169731494280212
0.9459808604418927
0.9577457034902234
1.0736141958272687
1.0811126238920465
0.9964937702776266
0.9542418970948421
0.9450471100032483
1.0181866733446632
1.026170626888091
1.032484339531076
0.9521191390046988
0.935445835943628
1.040468466234782
1.038652491801066
1.0392293631040967
1.0202271638108107
1.0154924644577554
1.0089041818068585
1.0139169251889344
1.0147558532926826
0.997244459623457
0.9452780057079055
1.0236097587512043
1.07678192282535
1.0447668891117805
0.9501831207670584
0.9376783087910134
1.0170056476830915
1.01980315920281
1.0159568881420635
0.9505265964070562
1.0081903353624313
1.0733890341884729
1.0789761693997477
0.9967702066339066
0.9610927688889037
0.9427904288530503
1.0171465078142734
1.0179546429374695
1.0379690878609027
1.0369112447158229
0.9589423025620842
0.9908707218058538
1.048620682464856
1.0460612235271844
1.0486272415963347
1.0232043762088452
1.0217124203839343
1.0196023230434468
1.0199611274680411
1.020016763873576
1.019295411900556
1.0015524527452713
1.0440436166686418
0.9557820365910958
1.0550096946950875
1.07942811393329
1.0456678503146217
0.9950097346962963
1.0286045981987844
1.023021588524561
1.0254325612665947
0.9591701149990866
1.0102651049782334
1.0833768464656688
1.087007093580716
1.0006805558150709
0.9575339264354819
0.9381377247598565
1.0229752957315106
1.0203818028782323
1.032262979175324
1.0403041820482257
1.0365883013716741
0.9500261485705439
0.9916117131002395
1.0410251071147127
1.0471349988814738
1.0495887854288042
1.0182774757548603
1.020142047600801
1.016829360767086
1.022505275552031
1.001146484544482
1.0094303704890548
1.0245733931059846
1.0823650601787314
1.053819739375077
1.0016337556996886
0.995997043937897
1.0288790027506898
1.026540515683201
1.0212989116889464
1.0175753706671138
1.0800160997189874
1.0895712278842513
1.0030345140525623
1.0064726476573307
1.0271791867814852
1.0212313059364972
1.033097590970908
1.036525277807014
0.9505203106208138
0.9465132136117329
1.0312044872817947
1.029097232387634
1.026559080789201
1.0225809557417547
1.0335721884452846
1.0159545920323378
1.0221598766154685
1.017209645868448
1.0044192143521213
1.0453954368369005
0.9576319210188946
1.0519969190602527
1.0808358701375875
1.04907672108578
1.0033807075643788
0.9965558912971378
1.0236223187881408
1.0235961293132392
1.0252114280071132
0.9549105162635763
1.0046088518364606
1.0810754309968327
1.0844612516023542
0.997743025257732
1.0156797316712538
1.0238925781760755
1.0198996269251208
1.035297841551154
1.036223012379728
0.9527170495079585
0.94051106206267
1.0235851399443427
1.0522014054969588
1.021534290940298
1.0413264553269723
1.0169780084971343
1.0150011286399063
1.020932842315535
1.0117231703447773
1.0002778376965775
1.0365011037261405
0.9611042718568119
1.0219706920532936
1.0556654803434227
0.999557679510871
0.9905991012950497
1.0269197005873836
0.9594256415167052
1.0768412453144172
1.0834192523190385
1.0007835763368846
0.9718445378320621
0.9636326775888939
