0.36412382591638914
0.3825665587874009
0.32731183220623006
0.3273878013676276
0.3690116699785371
0.44132411984313824
0.35131364772282947
0.4066038171399271
0.3708358741587713
0.40683576328569704
0.399072689371943
0.38444968383149575
0.4072220432691691
0.44395932000722754
0.4004307683295113
0.47752774032973055
0.4162810858911212
0.4203295819538162
0.5002940926385846
0.4234743007381878
0.3638985957011274
0.42402304475842983
0.4872006035199788
0.45448530120762354
0.41563700815870097
0.4796975920351002
0.45510258545663923
0.537804554420539
0.47701302193261375
0.44606385307708174
0.47732892329715604
0.5123235863425535
0.475413124776617
0.6503433197862951
0.5512402787712469
0.48084852793123967
0.5291420671381314
0.5213758628620915
0.4760813722038512
0.5119473276974211
0.4794932691311965
0.5905214943457345
0.5095201583357964
0.43402287269266976
0.4743729168342735
0.36969053734492097
0.3853278971247193
0.3384228152357185
0.3365575175011508
0.4372697585725409
0.3646081875297402
0.39163739650771345
0.3750354489586069
0.43628041703745846
0.4192782172231373
0.36529776503303013
0.3932878014842272
0.40707714644892334
0.40816147560207267
0.46833188053262453
0.4854563395409591
0.41014221538756757
0.4299680736827668
0.4694346158306556
0.43134959536706563
0.3629479800214424
0.43001122548967896
0.4826818740419036
0.45488986824257127
0.41496235046731966
0.4823776211746776
0.4674119831388219
0.5341422948563275
0.4724986595436127
0.4549702563704758
0.4734361952875897
0.5078304824537806
0.47321586267655746
0.6315633226069254
0.5556151947654857
0.4789054647576544
0.5314870684448025
0.5150441491329776
0.4700198675920399
0.5341735671828647
0.4817679350601325
0.53283115026361
0.5110602684914538
0.4462193322188025
0.47419155382742406
0.355813114393716
0.3286652743535972
0.37008082723396873
0.40435738711355684
0.35755164313033916
0.4025896808595705
0.37076128584701706
0.41055260784478576
0.4039570965958249
0.41055894673294424
0.39230670588750804
0.4084357154791924
0.43672607262996316
0.40205870598488286
0.47790099348149107
0.4942577150921521
0.42721876293020805
0.5054573380664722
0.41974587812941516
0.3646546451847175
0.4162448125328786
0.41587498836568915
0.48544169393828895
0.45503612674816296
0.5408313177531834
0.4563237392591999
0.4783575298765841
0.5062810731617235
0.4706271113041297
0.6398411210713486
0.5487940832700693
0.47771784936308415
0.5368580874418984
0.5132339213196836
0.47638485802865227
0.5137713741764134
0.47770809657981345
0.5912044252039736
0.5107607428637557
0.43096766903756134
0.4745883333851689
0.41181611217152814
0.42789126142235034
0.3634381625828145
0.3754729764194006
0.45176335644284293
0.4104149443341585
0.4028858443339018
0.4323670125158769
0.4048150369705662
0.4160791103508459
0.4359809135496243
0.44247319234928617
0.4937068204397154
0.4832767672734387
0.437264448319728
0.46954149796947187
0.49081059126796195
0.4536204055046358
0.39088203077772493
0.43934674830717924
0.5231077611042443
0.46856553446318727
0.4464516819611447
0.5022206682436003
0.4990781993567003
0.5029466419449651
0.49756897271391026
0.5010786104736635
0.5345043058309011
0.5091994231942751
0.5863360680709755
0.5079982851894074
0.5338472055685632
0.5457307120296083
0.4979305623753555
0.5484737679632106
0.5019570076636356
0.5806030665939357
0.5390197047720409
0.4559486910104372
0.5100117689929365
0.38810633449306237
0.4072580870876129
0.3733986109058843
0.3639726205870338
0.4258963952002097
0.4847532496208872
0.40344451314747687
0.4274302424161398
0.40988496215814724
0.4466402677507699
0.41376965425979484
0.40454182660089755
0.41885601052390165
0.47651070459810874
0.4380428479147706
0.4985689119256455
0.5020852653083189
0.4867432010131793
0.5005807484964298
0.4507427954027116
0.3859522038118667
0.45926413196056526
0.5191856122994931
0.4353301215281421
0.5091258019941285
0.5688622154128291
0.505175290708554
0.48191251103885124
0.4938921739859117
0.5333983337430539
0.5045406157639831
0.662287796123963
0.5849126830345006
0.5072361529894843
0.5485152377892416
0.5491691442164245
0.49087116926759267
0.5499729114906615
0.5044742797122405
0.5779660998866905
0.5332113382835176
0.4668942024687558
0.5082641571971499
0.4253643320381256
0.36798292173091124
0.3777914743567793
0.38777947565319676
0.4342443887986013
0.39422497098242787
0.4021957830617036
0.4113500306603718
0.42314481543491617
0.4114290957698059
0.41208717781709664
0.43927670806591207
0.47331012836349584
0.4440792915387388
0.49695011271722583
0.49904709483956333
0.46974526929865107
0.4015725168071742
0.47434546824294754
0.45211272569807726
0.4952012284077711
0.4934204672163631
0.5682556929839511
0.509314849011985
0.4864661326735815
0.5003760225451974
0.5455033600090283
0.5084072304934271
0.6750373317318761
0.591602193292652
0.4997705320015251
0.5362118691165175
0.5454512415769752
0.4962734098256241
0.5554129514864281
0.5066303538804088
0.5923801337861684
0.5372787956901353
0.4531216149923256
0.5178290244444856
0.37863496594202156
0.37290304650460093
0.4156333962533041
0.4802935131095125
0.39805843461611246
0.42910125418653083
0.40616007018007316
0.44732093076206414
0.4038081300547892
0.3997523794587723
0.4245898202891134
0.41596719003240334
0.4815744674262127
0.45246254876266495
0.49916654760022816
0.49449660209519786
0.4986506261912767
0.4556172844143652
0.3985450917181499
0.4532127095487502
0.5226527213152667
0.47376081414543486
0.4457521120513722
0.5001465751586713
0.5105260247783383
0.5729608730286011
0.5160920307716865
0.48107358968448843
0.497270874929799
0.5364822759458898
0.5087710928867066
0.6782420505993967
0.5919447561875204
0.5168384005836677
0.5563990524305588
0.5523357476684918
0.5489615721502082
0.5126561123424227
0.5838272535630655
0.538904538711253
0.47033960989260754
