0.9420528385233109
1.0081760632926768
1.017296554473659
1.0196736926783185
0.8594001330254092
0.9265982406351982
0.9529865709874502
1.0015382901881231
0.9430233475494523
0.9461706410174531
0.9421688194271254
0.9977029064205382
0.9387095787484552
0.9422880889657455
0.956181549666314
1.0360828241612063
1.0000064505150348
0.9394115840145365
0.9270900833960011
1.005042188021159
1.0019227322443567
1.0037960651951148
0.9341027434536316
0.937216359905409
1.0409590835779658
1.0466242953958977
0.9357777644942789
0.8664529751376686
0.856966116268526
0.9418473729969891
0.9428746580625965
1.0186361133065052
0.8673010759594372
0.9301414429053558
0.9514207493143929
1.0028774344124078
1.0013918921538174
0.9438569322154629
0.9481920579520021
1.0005913600713867
0.9495793670917707
0.8693102382976915
0.9709470622540823
0.9394865517402176
0.9589431634678212
1.036041082538404
0.9998802821296637
0.9418705325729184
1.0054411283416087
1.0023375347889398
0.9502960182238686
0.937589281278892
0.8677755727956381
1.0407035820955288
1.0465886817531251
0.9341246108640153
0.8642889459429678
0.8540582780923738
0.942149915759826
0.9438719672666127
1.0074948930281535
1.0173662690364078
1.0188693051325974
0.8635586875760447
0.9221887737095684
0.9535353012096441
1.0006270979509206
1.0076358874810143
0.9996290402245674
0.944181507168998
0.9441652358760366
0.9434656164396882
0.9481840394586003
0.8678094295063082
0.9681743095029832
1.0365997367494404
1.0009408583612067
0.9416881810991553
1.0057274097341544
0.9535090081843697
0.8682332255781269
1.040785485932422
1.0459787892055767
0.935347020384385
0.9318141564072391
0.8549869799779611
0.9430935331383169
0.9437902128915763
1.0076481894307838
1.016667807419649
1.0186777206339486
0.8622831494268393
0.9223983321265241
0.9545985273092077
1.0001494644739246
1.0081726371363406
1.0008703036994575
0.9450883797238052
0.9466721412123176
0.9424516547555359
0.9988696124873124
0.9495983792461833
0.9683375127666161
0.9394471900525615
0.9564810748020036
1.0369755367785936
1.0012497254347
0.9404737642600318
0.9266912341117298
1.00359181075814
1.0032932601056848
0.938341099791282
0.9382055769687224
1.0461854879658739
0.9359941642668427
0.8675246001758833
0.8542509354770227
0.9442200150086063
1.001212477866875
1.0237095096481394
0.8697981178853909
0.9254780528607899
0.9589796019474375
1.0137198311855475
1.0024460738750944
0.9475993192671899
0.9514471130661013
1.0059487603681356
0.8744574034004715
0.9742912535043018
0.9494913290018474
0.9677080967039726
1.0417890399877203
1.0108872184875826
0.941858262209277
0.9321599799216393
1.0123491807759113
1.0094613162143402
1.012503144696916
0.9437193921577383
0.8708937225144737
1.0476428639970656
1.0528791817813905
0.8691756355879232
0.8695568685816444
0.8640309466628675
1.0036764727082697
1.013765831937493
0.9694012974566935
1.0255534724238018
0.9380664683486535
0.925983030272816
0.9541156711546247
1.0145835407041996
1.0091210315529264
0.9525839465803405
0.9481296931375817
0.9489787569263486
1.0048885795923954
0.950573044723849
0.943651159571577
0.9718198690483717
0.9502709527830261
1.014251415275832
1.0407712130891222
0.9526041665802981
0.9470738444200294
0.934605989487264
1.0143864873605903
1.0073759703047283
1.0084007480994928
0.9454043019546216
0.9461405961672178
1.0452098697082677
1.0516824862884446
0.9432503642856755
0.8674375486473664
0.8604430334418891
0.947262022309906
0.9516770810100926
1.017740869177687
1.022369640249435
1.0271228522373752
0.9322179225960481
0.9243022237693775
0.9576536570606852
1.004594997049531
1.013449780088868
1.0022647988144688
0.9513517467681358
0.9497727752962568
0.9528838971853962
1.006108922808799
0.9482621079203726
0.9464676190747339
0.977177902615737
0.9527741235507095
0.9688601537818746
1.0409335973421614
0.9559186756441702
0.9432676467437685
0.9347235112391291
1.0141273032716027
1.01122313521181
0.9604013260197475
0.9464653710801881
1.047181609072085
1.0500885998766694
0.8629193539317288
0.8653665158287622
0.9994619356370371
1.0021129197401633
1.0145788208741597
0.9679350746391454
1.0264344633765328
0.940173012812121
0.9258485641696669
0.9531823094521794
0.9517357436766201
1.0149518293792714
1.0082273709357457
0.9570411153430134
0.9483334991715789
0.9495141453043396
1.0025434921219325
0.9435629274751995
0.8735717997351805
0.9680606352010082
0.9487095941896501
1.0101189433806752
1.0406597319575153
0.9530122841949435
0.943049313207459
0.9324580458239969
1.014010170423627
1.0073819412111304
1.01127321012472
0.9415752712259174
0.9456926843220526
1.0446753157164617
1.049564732113467
0.9440131737460672
0.8723159215178671
