0.3656072451320483
0.3926491600726165
0.3379301148088064
0.33589216648261233
0.37579705909513306
0.4653953866876655
0.3813350614393657
0.3921114234291925
0.376855781023055
0.4107434220640768
0.40808260337051433
0.35969530682943407
0.4061239481745151
0.4537575634850636
0.4041843583535482
0.4660082901325801
0.48439209944506345
0.40996104814751005
0.4294856937583976
0.47631800809495994
0.43389589742441986
0.36137562601191914
0.4356310568579744
0.4879915715342196
0.45764020883152046
0.4823500936931604
0.46079608897945706
0.5439931266636284
0.4729033727038532
0.45839496949242353
0.5063311916673795
0.475565509191104
0.4803673113241612
0.5253061073701688
0.5200017512442249
0.4724432023926497
0.5320342449107733
0.4768410341272893
0.5361695837131895
0.5105562899639617
0.4238931363663177
