0.38049807875101505
0.40368794360948534
0.4140225740026653
0.41449453958385607
0.3485882481545606
0.34757434157791056
0.38383531015892386
0.39179584897871667
0.37773112263842046
0.3799726473022985
0.37806121685252037
0.39449170839666003
0.37895540822807583
0.3760664800909437
0.3908327368492247
0.43377386319364186
0.3948459000563192
0.37599207110710503
0.36105614655389584
0.398720694944699
0.3983956257779948
0.39714581888969613
0.36764511769334557
0.37363766443832197
0.43707698436876385
0.4432030551963254
0.37456812499999836
0.3533248510379457
0.34826876724891825
0.3761715365699131
0.37932369335671423
0.41375011982116316
0.3488735921788071
0.34738923980938063
0.38334271139390375
0.39068377033589874
0.39194067264162236
0.37842386329368716
0.37926598979150195
0.39465951320558956
0.3783966888309013
0.36541083194927865
0.4044357692308267
0.3754435616527541
0.39105737477386404
0.43335426473823624
0.3942530840053965
0.3750655829167975
0.399371232572142
0.3982335676206771
0.3868348734144074
0.3682626426135339
0.35962100209995207
0.43729932677637984
0.44327435530978954
0.3733170499999747
0.352595510505086
0.34808197264714635
0.37636740365791527
0.3810165095979011
0.4030052192777793
0.4146108155346856
0.413690152038135
0.34893230027445743
0.3481404828004776
0.38392323299258996
0.39014674860594256
0.40401878846749595
0.391558864785971
0.37888928225796614
0.37819594375730603
0.3779824751912183
0.3780328274465885
0.36439598253896766
0.4033284573764838
0.43462605253891406
0.3957803079024913
0.3768095715997973
0.39941351917492407
0.387560284374846
0.35920986098482544
0.4367984169669047
0.4425575490060044
0.37406279999999376
0.36735702162463046
0.3467566681669375
0.3757100191251109
0.38014852913154584
0.4029533537500327
0.4142059082402819
0.41379172714860657
0.3489347273795953
0.3477602940165321
0.38401913592164805
0.3901672897858677
0.40313344340733726
0.3915154649897802
0.37944389431154324
0.37888613045849584
0.3782430905936863
0.3946582169464371
0.37766607579790745
0.40338827692432233
0.3754084998850452
0.39143208593444145
0.43418208305398853
0.3957983772518159
0.3758807127680126
0.3614217524215891
0.3994975179541699
0.3987200893739776
0.3679386894223887
0.37273738674070944
0.44276302807282586
0.37309935
0.3536613386374219
0.34664477741352073
0.37665458550040964
0.39724677583043344
0.42075707662462936
0.3558267315400093
0.354887795695559
0.39133335969391647
0.4099751806862607
0.3959170560179516
0.38428770547408664
0.38497029083244205
0.40224153603353485
0.37035876748029417
0.4111341323573484
0.384654669417552
0.4030762168822032
0.4385604928339395
0.40177820903014105
0.37890210652526946
0.3691982748981967
0.40804131173513025
0.40587892112733925
0.4051201915156434
0.3760057240726319
0.3654003068977253
0.4438492891508592
0.4497212870445484
0.36357299999999393
0.3570871410454125
0.35580887335912637
0.3973781301668332
0.40988325617991717
0.40916419535879156
0.42183163109177424
0.3731090865304718
0.3524397898687758
0.3843064510339005
0.41075066777602287
0.39781834956058937
0.3878070969611894
0.38254221727551274
0.3842852498102438
0.400248821010728
0.3808833764616223
0.3835040269984487
0.4064416118093146
0.3832945434807006
0.40737780108514465
0.439549572600466
0.3892605056137555
0.38003141861357786
0.36828961742593536
0.404829960190072
0.4046128124099915
0.4027805930607331
0.3727408949429356
0.38181137697336
0.44150339273335193
0.44932702590300566
0.3782473249999613
0.3574910125852634
0.35347333273505643
0.38269741610606567
0.38748304475723666
0.4129789644157823
0.4198890200943962
0.4228552628486787
0.36940946189565904
0.3571132500137216
0.3918410679805081
0.3990428687336765
0.41124794522648267
0.39525616499019256
0.3849833483530185
0.384692266041178
0.3905710744808889
0.40225486319934367
0.38326576506322985
0.38586940268129144
0.4108146263344499
0.38689298806683864
0.4046854508232949
0.4391215168052486
0.3910715784034472
0.3788987257833534
0.37081161129926143
0.4087537106411012
0.40664298254005415
0.39591033448880286
0.37820568915247743
0.4438727855426733
0.4483912872882676
0.3553955808893668
0.3583710571461276
0.3927203626033293
0.3980574956103896
0.40849896606472236
0.4075845724278434
0.42062988420852254
0.375764220335632
0.3517282448170034
0.38811622654948574
0.3841736072266567
0.4117679882289804
0.3959910840159145
0.3901663748563762
0.38223640443473705
0.38344175114985113
0.398846309023341
0.3782808703323425
0.368653126217394
0.40147568740042183
0.3832656082954436
0.4045633878251196
0.4392529324264485
0.3881275220647661
0.37813045219051
0.3672807226568416
0.4036590808352495
0.40468463851382763
0.40047321012472004
0.3721707651034685
0.3814689772797991
0.44039899992698817
0.44761738267242823
0.37816237499998573
0.3572004238434484
