0.4188454041729732
0.39459565157410037
0.4001233832343827
0.41479694380766186
0.4024981599856754
0.3745504962965419
0.42374504517304645
0.4268230760188989
0.41701357391298327
0.3965250438920349
0.40933044208289604
0.4147290620994058
0.37718569836350474
0.395455207704303
0.3909803574574756
0.40133468104205083
0.4104004519007704
0.33997604796386627
0.40754862074115156
0.4397646083943989
0.42564412624940107
0.4217494756319304
0.39836074222472573
0.3887373987729616
0.3893874002699552
0.3728492982112671
0.4139092174075664
0.4158833020175326
