0.2986397241864479
0.30757319228204066
0.3103936600619263
0.3152588779780688
0.30894511008609155
0.3033853968923912
0.28535392215406835
0.31838607864121427
0.3130395833809864
0.3264238096033011
0.3108802573299622
0.2997906379338057
0.31296714994970865
0.31566597443232935
0.31106244622200907
0.3256711784882469
0.31271420729889476
0.31217830671975977
0.30436196594061693
0.33493776092568717
0.3055088289524732
0.33110380869345446
0.29416949687211447
0.2927570920682997
0.30997823633947313
0.3129821985589689
0.32326315518882653
0.29138724182756504
0.31924377772914375
0.3178628084024797
0.3399532990706998
0.30615803302620037
0.3196639202277789
0.2900732814465524
0.297223688200674
0.2994170119852171
0.30864523763154283
0.31388035720070645
0.306140999306814
0.3059383982046456
0.30637657359268367
0.3367479179030387
0.31620682978906167
0.3167899531137773
0.3046537311980668
0.3152669318003646
0.307094836900414
0.31425439309365133
0.30455977316469923
0.30331319498702136
0.3173949080219419
0.30147610896977467
0.33521464778027066
0.31138758713603204
0.3213773409434773
0.3399898930532692
0.3393403288230996
0.3231613111956182
0.29452148165437153
0.308302720045339
0.3193963183995826
0.3124915668281343
0.3080769208626904
0.30049161071532815
0.3177284455340427
0.31469637952305235
0.29956025619262533
0.2999910745293834
0.32538331069978066
0.29270548757615034
0.33425841418270485
0.31098869258529604
0.3155841772103433
0.31148957114879994
0.3012860494817548
0.300748943349733
0.3255693678005118
0.3182978077487624
0.31779259784898184
0.33673620621854616
0.3035604705482414
0.3124673080997978
0.3148094085911596
0.31066532216191234
0.3136028546177146
0.30696078141639926
0.3148213953853767
0.3128482277421748
0.32414139926152713
0.31152281593817877
0.3374580787117686
0.3048162726441398
0.31319611563170724
0.3033260513375361
0.3203680804930743
0.30917709245949565
0.30482985743573093
0.329758721637025
0.3155003459798703
0.3101181713254153
0.3108924619697137
0.3210791511229713
0.3372935489889932
0.3081665895422038
0.31695900380478015
0.3051190483600458
0.3195127876238764
0.2950977349944916
0.31113720318598215
0.3074307216816543
0.3040790097407867
0.3047794825695714
0.3133919699666029
0.3152622824616259
0.3139601270165552
0.30391872417869725
0.3193440217531919
0.3130518666847585
0.321436250244754
0.3084633826778912
0.31184595021722705
0.2914644914453311
0.3135848668618857
0.317444771462178
0.31628301136146597
0.3188555804842131
0.3361065213253267
0.306986868272661
0.2887889447065265
0.3054687425640065
0.3121281836685422
0.29983597460903577
0.3096678901282488
0.3419702561500452
0.333411815547484
0.30206279158962457
0.3103039474784407
0.30999280762428083
0.30072423653014724
0.3086715360656167
0.30860137546904276
0.2922900560066608
0.3254484739696887
0.31069678077624885
0.3082558876895565
0.32160530473656956
0.3139676068705969
0.30424657413494494
0.3000538417575296
0.310332371923338
0.30440845518488663
0.30269565627287487
0.30971231003047683
0.3114123854549578
0.2876028924778268
0.31895157968601184
0.3068907155127507
0.30897058239403175
0.3076505315951241
0.3163701155559026
0.33814473903000886
0.3260728766728813
0.30644320800646807
0.32049639534846097
0.32059923283874225
0.3205974116742687
0.29901646205154786
0.2937279394276863
0.2978559238910705
0.3048797743687226
0.3099521618892419
0.3065869576890597
0.30499274226727807
0.2960463321748609
0.3045868075885865
0.3197920712844696
0.3070769764138607
0.3140615265963802
0.3170760992829402
0.30579241389841755
0.2877313629641757
0.29562782210926053
0.302557287709102
0.2954040262062506
0.31713727013561477
0.28791356639617355
0.3081667278037391
0.31015715042061454
0.2980368367829056
0.29522285941105997
0.31274568640711575
0.3049042387479679
0.301251964887493
0.30544446987630003
0.29390265215768274
0.3238549887452149
0.3169123901955482
0.3066510566251522
0.30936968860165226
0.3060754747984885
0.3339660275947819
0.31111455263019794
0.289351207667087
0.31236324677875393
0.2965067296494109
0.32396146722857655
0.29520453237381666
0.31875367738457616
0.31551153432744794
0.3243261378419897
0.30989523266395047
0.3103938193589256
0.2894777328938739
0.29078773611206743
0.30977027516162003
0.30818123876869974
0.2984391030252716
0.296846361192758
0.3133741271384549
0.3170590394209889
0.3041679440710955
0.3166580332770288
0.3117482114929422
0.30795804445274766
0.314415785426881
0.30713740397785316
0.31325755104840114
0.3037108664883962
0.3155791681214772
0.28670079641346313
0.3079856460532822
0.3266246685599143
0.3004743887241721
0.315393451392457
0.29388035950627506
0.31787591021510936
0.3317600411282323
0.3003960681799611
0.3016391018445567
0.3136047314112
0.3056077709930598
0.3138228130956249
0.312223400662686
