0.3710634492456245
0.3394589792062872
0.36785658278640787
0.3665076006322773
0.33664977629309967
0.33258449763809944
0.30429450446916717
0.338009002581811
0.30270632283123694
0.36816420630294616
0.32145831821660353
0.3252250133602327
0.30322910072411613
0.2965299389391097
0.38262762570444653
0.3410253153191528
0.40168158858795877
0.31447173375586573
0.4079110540936657
0.37010746951802287
0.39320632349789086
0.3347667342391973
0.3503026564637276
0.352204934744703
0.35896364832097216
0.36801308849341224
0.3141285461827421
0.3803923717762496
0.39965686204474926
0.3340584147937933
0.3572189217526307
0.3992023041633225
0.41329976394904355
0.37363832003397596
0.35494856119444823
0.38564619670672895
0.34077110119461096
0.34252400307648717
0.3672074123090098
0.3641796210285897
0.3457988525870655
0.311482517806236
0.39759124876878504
0.3249572401024951
0.4282026703401228
0.3541081066529338
0.36444145768852965
0.38741857751153297
0.40695130717669886
0.3394680992713003
0.3355264014020328
0.33040297796445706
0.3044436413943421
0.38263618657159015
0.36453355678809696
0.3163057224752198
0.32807381105296474
0.32606366293695194
0.35938870141760304
0.34879366788985416
0.35648591970109433
0.36938615742178804
0.3075095116498811
0.34081975122313823
0.36249928415818766
0.3508438888353347
0.33905183393776017
0.33735101798654066
0.34871208644130747
0.33284662512848473
0.34225374439390543
0.34429458073183017
0.3825586052632345
0.35329607880246544
0.39781621205157175
0.3967452719748031
0.3364590615513243
0.36525558020828325
0.3912146625311304
0.37517108949671324
0.3856285325324832
0.3539506274297297
0.3823840197976921
0.35948364419207135
0.34814954431698847
0.41179544920264877
0.3378849720406993
0.3346920273020298
0.37124596125372344
0.3425211506399486
0.3551701645262604
0.3787336739989441
0.33795729484167014
0.32858482870394234
0.3112563191855421
0.3535925178462911
0.39467770887582787
0.3844277525202925
0.3415067579051919
0.30738101123500106
0.3535816082842026
0.38288257613700005
0.38403962127800484
0.35956845361677303
0.34190722002296337
0.33053113493732467
0.3130975992532197
0.30102775950364746
0.3392145832301575
0.3387340567751401
0.3025973586433786
0.34221349558074765
0.3236208171605186
0.3129302804280283
0.4141507266755064
0.3949600299464139
0.31278355711626266
0.3705379921277122
0.42147776278861526
0.43486296225454135
0.3450399804716578
0.4063346978765514
0.36614170719253236
0.38246134883997585
0.3439409463411125
0.3713631254385848
0.34772237601755007
0.38241854066164227
0.3733400444484346
0.39037406057706736
0.3026743346863498
0.4157126983416589
0.34747874474747914
0.3821275801779767
0.35854188301004974
0.46698230513612626
0.40543908792746375
0.30011549933838755
0.3432033665403044
0.3396641180113311
0.39530398638009967
0.3736119789487445
0.3563695473518993
0.34894114196896475
0.3513975381470778
0.39831458190497687
0.3044919460190041
0.32384324326380687
0.38536188777307134
0.3253688522779528
0.38545696191037027
0.34440582880689596
0.33823889049739103
0.37509461545745537
0.32949255751147527
0.32895655646252786
0.3269664038572151
0.35999850885642437
0.34185634045782837
0.3384356555202754
0.3575326597672588
0.3296580879153278
0.3664098228724225
0.35130850752165743
0.3885387151087589
0.3288828058631966
0.3852130701285778
0.36665956355583623
0.3531033697744005
0.3753383840466695
0.3571146013383675
0.3465568686798104
0.4163051000918574
0.39299038007125187
0.37998162635823896
0.3661961324569467
0.33293027702017913
0.3471107114113309
0.38358380614916576
0.41315227942363164
0.3667011101118819
0.3540861137381356
0.3663990488471898
0.3669859895400408
0.37564637468352696
0.2998955384006764
0.3186586118848646
0.3778377780478114
0.37629921083282236
0.3765100131167401
0.30579456348180595
0.31152191177283417
0.35187248255833237
0.3779708301144888
0.36015656628860104
0.39995788341480965
0.316171095712091
0.3568010915432948
0.32563691923781946
0.3464784517537701
0.3655721025231482
0.319750452300926
0.35492879752455053
0.3678208355698192
0.35851352139966874
0.3271393651376221
0.3237634691859856
0.31416190645382047
0.3685320056558138
0.41511440533644234
0.34024356449169585
0.3618969110926984
0.36695427032278227
0.3338175051706078
0.4478920315139929
0.3732426434327925
0.4122975831683119
0.3831773616653758
0.3806697191446449
0.40060319274158585
0.3491179547019068
0.33620235265929577
0.3273100026305681
0.35194947585002867
0.33979610478125166
0.41899144789222964
0.3520760255894129
0.3608928011348195
0.3360381397657648
0.38571902448403994
0.34653182634888996
0.3618436828442363
0.3405211036742658
0.28978392553690985
0.3302645552575848
0.3347745711769544
0.3634585709607267
0.38731150949801096
0.33925179402766587
0.3502476296103086
0.363220415413253
0.380327011379213
0.343367902991063
0.3257711840668909
0.3416673414880262
0.360182152211836
0.3061384942677028
0.38373151898995006
0.3378661841495526
0.3517196973295168
0.2998719382924116
0.38620849570705396
0.37081327278267395
0.2716395104218893
0.3495430906781447
0.32537593957023225
0.32285351516621585
0.34585676913537217
0.3605660989623517
0.35449414708314003
0.3395041374636849
0.3200664197110456
0.31980242244638346
0.3643113830244173
0.3258683290074363
0.3217595472712349
0.34459124516548856
0.32760424817845557
0.32677573809349875
0.36138318879125597
0.3253612071169194
0.4021859475838443
0.3514490660398046
0.3652461283744245
0.3612833160454424
0.34620625625243373
0.4149094273273166
0.34254599320969065
0.34324874456885357
0.39260400702489345
0.3199475058118777
0.3739043219651953
0.39841096967804446
0.423787973565106
0.35032595217727347
0.35638360518641404
0.33601732113988786
0.31801911836632124
0.2781825042860463
0.372855044280584
0.3689868412752051
0.42868573299435486
0.37857763876235406
0.3137497689728194
0.32731680175998895
0.3146576495824783
