1.0198020311667442
0.98159551210821
0.9719943145277671
1.0147748686744908
0.9967290517239211
1.106474102629997
1.0692982947788385
0.9578256442101397
1.0806752364894074
1.1221005129786945
1.0653625856926323
0.9157412977291229
1.2011476064652709
1.0272882145416018
1.198723109589467
1.0434819171523175
1.0794662754081683
1.1596216453970756
1.1107179830841174
1.232962397276389
1.0952084470289547
1.1713469194629986
1.1335764146245935
1.048874238825714
1.0327131018589482
1.089582031748299
1.2183695284672957
1.0059826694597247
1.1259527681737769
1.0770987347546024
1.2019340867735004
1.0356993529416962
0.9468741210981831
1.0208986017640302
1.0702617180088412
0.8718174005069205
0.999541788638799
1.190407724418288
0.9007498233257416
1.1055443080107354
1.1097295796204338
