0.7723667306107139
0.7677831552947663
0.7400944131411444
0.8757659006428865
0.8406172996926915
1.2886399170524034
0.7367391471696635
5.145330416760516
0.9441335156513861
0.828196554328973
0.8464318485810052
0.8107027224613049
1.0673433703757742
0.8427255556508795
0.7349530379196937
0.8287082156667009
0.7008964690769114
0.8896094843832191
0.8003436245023158
0.8356872893856511
1.1389334763392842
1.1558335777593578
1.1901038350071675
0.7751345509157567
0.9768481424470866
1.169444822611837
0.8307969840668652
0.9108117960081349
0.8483965289099741
