0.5422264875882578
0.674841145188981
0.7393907043988631
0.6401589091973194
0.8058727572803884
0.7951594781795901
0.8171445862984213
0.729542108439733
0.7023464942746992
0.7915556053416799
1.206792780294788
0.871094382856108
0.9145689365715897
0.7335094185376465
0.8540250244013782
0.9964604518885141
0.7918422182512811
0.6658623576463518
0.6799439032804186
0.9508457486591733
0.7621022910325697
0.6776356042709523
0.6220408832050751
0.611798747553082
0.8103244805917852
0.8969149138707821
0.6884089927897241
0.6159875251093869
0.6534588640222918
0.9405336123323725
0.581435957773226
0.5511669801806817
0.6206564488901105
0.7140631971361574
0.9021165004139549
0.5259105895416495
0.5716966960924671
0.7326877774150946
0.5075641802219898
1.0349013458324992
0.8004023797000086
