1.531950853273008
1.4596782087345028
1.4429774317039838
1.5365271162502852
1.4782404891080057
1.436436471144269
1.3967767424341753
1.5144711033209124
1.4216203678433441
1.395966444863097
1.5061532288006612
1.5659330773443838
1.369680087857146
1.375763318041904
1.4411182269851117
1.4911557555506512
1.4729047236493538
1.3672720532960578
1.4382328227320738
1.6220210055162707
1.4849020851452506
1.4811477190451687
1.5792410012855949
1.455295273051322
1.4063378756314255
1.5322071070335197
1.5418539424066842
1.5177307933048634
