0.10995466268685711
0.11112963045539839
0.10660036629404115
0.12274598816630486
0.1481514848116602
0.13214573915300978
0.11179538548469972
0.11469348022638705
0.12773213187439753
0.1146783015234738
0.11781415658567046
0.11635538598712428
0.13381551187606572
0.11967368078775768
0.10286615384438134
0.12226915475848128
0.11545726234890014
0.1331312554686294
0.10794724789940746
0.12061354757537396
0.10909858781781559
0.1301663573542424
0.1297704280398199
0.11917606177655389
0.1250620329178207
0.09599055700897421
0.1359155318038478
0.11410331125476295
0.1302779402302241
0.11744598754938432
0.11055307590098701
0.11174298871958001
0.10722832013190031
0.13963925301917254
0.16027216389616494
0.14017647166030264
0.13199921399562128
0.11753325781553309
0.12048141426002915
0.12053130323112404
0.11466886824793232
0.12689970589767718
0.11101659457747301
0.12996834000267027
0.09387913488353641
0.1257413977247819
0.10101552310857007
0.12341510863322151
0.11543597405253857
0.12755097642954227
0.11733738014301665
0.10876372689423293
0.11336587635143511
0.11012662110906496
0.12225216034275906
0.12522141374679147
0.12385486244502146
0.11813883909181147
0.11805132712883767
0.10270163917086853
0.14902837873784397
0.12480261688617453
0.11188371338999878
0.10910941619044633
0.1074058050880914
0.10706459951449118
0.13095362333371954
0.14648574776452053
0.13622011446595497
0.12361265899039373
0.10632231955152029
0.11583732896156348
0.13578650940381998
0.11483137010926477
0.10981716036654253
0.11581648624343135
0.12383082535337991
0.09459309766315817
0.12101866383738054
0.10220531963993673
0.12908169523875207
0.1254770887230706
0.11281488582978216
0.10818239986494049
0.10758654307206211
0.12189777339384425
0.11731780922812025
0.11953087963066342
0.11743595898849618
0.1247133416872973
0.10162072074033748
0.127181505713349
0.12059453337885369
0.13032893691504452
0.11332457161563977
0.10908478775277464
0.13642404677649117
0.1421548259315137
0.1333522345681742
0.13664001479116397
0.11078372608654852
0.11992467015654616
0.1251888620621729
0.11172431159822524
0.1177268041127676
0.11437041815930171
0.09633524359219131
0.10023365495319701
0.1241807415745935
0.11829747028203152
0.12816061871605733
0.12338883144985227
0.11233618439921188
0.11555080401803731
0.10983474307460349
0.12203818345984818
0.12654059700350406
0.11423882635557789
0.11712527173507249
0.11916426787354359
0.10272449269041765
0.14176152049986088
0.11633848363125641
0.1252199813439663
0.10904121494237912
0.10872129117655024
0.10514541417521035
0.13932287564052107
0.13237602473530047
0.13371228097350024
0.13335694590127029
0.11848787989060912
0.11611940592631713
0.12194530047102059
0.12409456983189993
0.11333146942591697
0.11314044044516247
0.11700237037302097
0.09042825917171927
0.12963862155846473
0.10426008187504669
0.13226219123615193
0.11520894452610322
0.11350452924532207
0.10856713216653634
0.12382228688875183
0.10184657553798686
0.12332242603093437
0.12908741803548596
0.10928053529644335
0.12597763168062265
0.12537906965102918
0.1031646717569486
0.1253338768469657
0.12495163332900154
0.12519297647525052
0.11131183652092053
0.11590207376986583
0.11698485755890528
0.10550898482425314
0.10829136489238372
0.14157495716540786
0.12800533801556388
0.11318757654963672
0.1383726975841949
0.12435452518871502
0.12046367431560884
0.1095512376968288
0.13156873810921732
0.09614653281423624
0.11383397057501962
0.11394334827649615
0.12093636886633886
0.1393380560943158
0.11199318468763395
0.1115999051068575
0.13040207730959635
0.11161343171732868
0.11887263211385336
0.12325601477906556
0.12176616204314888
0.13274740531087204
0.105688508307073
0.12606895277549257
0.13425542661663115
0.1182906383806094
0.11274448877003515
0.10682773070296589
0.12422779432187012
0.1500330334283785
0.13345901655729075
0.13527885552003538
0.10818026315504672
0.11803659052170551
0.15608024190242265
0.11799258137226769
0.11543626218122811
0.10812511315566736
0.09528888471894614
0.1336117787617024
0.10690752674458323
0.1254248808962849
0.12072299852481222
0.12548364606638066
0.11998349050056212
0.11193931607371235
0.11009727138872685
0.10647892923552628
0.12328452939582182
0.11399452163201271
0.10108380726776166
0.12143441607452092
0.12171734035156889
0.09814709652061854
0.1309687476004543
0.12985719103107646
0.1134117771140874
0.12663942101770975
0.10848581823034503
0.1138684142288415
0.14779235046190406
0.1239831688624432
0.16234709407086895
0.11417231661761931
0.161349103207356
0.12466397711541514
0.11382955735816458
0.12050016935850075
0.11230579258619432
0.09604582758334833
0.13030317281770154
0.12674312574967012
0.11588740985542864
0.15125569113848725
0.10840391263134094
0.1051453269251859
0.13425292687197526
0.1441077231180298
0.11896878155332334
0.12349100972021704
0.10514241814839226
0.16510736053890812
0.13006591431247772
