0.23822002122526972
0.31562984724402
0.20104606718356474
0.24879241389580234
0.2915134136778404
0.42513757757983217
0.33099199641346605
0.31573427420979383
0.18357786209928662
0.3138827339351967
0.264624965664805
0.23028609760949476
0.2635333662951477
0.37296816356345075
0.2509532290419315
0.4215503024293714
0.23765413223227394
0.2511840118106586
0.620152727434739
0.2553532370439906
0.23937639084447376
0.3292901561334276
0.49088531282029324
0.40635625184913715
0.23450761673326853
0.383549398008775
0.3419613674774998
0.540673645936513
0.37173366112703254
0.3626297764988424
0.2987972710897757
0.4326675250791963
0.3086718925850415
0.4352411368690989
0.3624247341955742
0.30348264419407384
0.4393460539650943
0.31463143402363347
0.27916773220267566
0.3577035684985329
0.26804540697352075
0.5589073000210167
0.4012887585679063
0.3643196681731674
0.20405927171796362
0.25692662826961643
0.31816750815029576
0.2264385047963623
0.2572091433287761
0.3880741492137971
0.3531263619411052
0.2744332231733629
0.19563660121361803
0.3614620795680066
0.27269870757480896
0.35570592742847024
0.2399196632754822
0.2623797517285099
0.27307927415334093
0.39719469020060977
0.5301343707342964
0.22071537840829536
0.26724487259816965
0.5394662039576639
0.2735980739191658
0.23834323423319662
0.3376081666923372
0.48738380576445905
0.4063331514815237
0.23244668422714704
0.38980207119755955
0.37226167911803876
0.5329320869556484
0.35306493676090306
0.381914529410538
0.28547264311362874
0.4252872591509945
0.30924870391145504
0.4084216599995574
0.3632029393121081
0.30046244725990967
0.44160527386795745
0.2987317746958318
0.26449193563260326
0.3950382140848727
0.2798983842425229
0.4062862987431098
0.4005300060642966
0.37994828943053954
0.2035005796979183
0.226043122348429
0.2032164175438943
0.2942290978218765
0.3297167698114565
0.3346437480092822
0.3071460812707457
0.18412852095291654
0.3232359780481529
0.27732950769460374
0.4780361344633629
0.24744427861009766
0.264242431606311
0.3533071564691791
0.2589251703233812
0.4235934654246364
0.5519935373435212
0.263445315732552
0.6427880468605182
0.24993476070882437
0.24276959115659813
0.30717629835614957
0.23456711178501558
0.39902647334822633
0.34011446152736
0.5404990012124894
0.39013687088785937
0.29711863937406546
0.4239006381317007
0.3005777334684734
0.4310848365132956
0.35215021281356473
0.2944841540074377
0.4562000940924993
0.3056296091205346
0.282221813424912
0.36139795450174605
0.2722612345802926
0.569993750197707
0.4087108635540805
0.3609689011651587
0.20411312585568747
0.3503114771682464
0.41596612106257225
0.2756754019083692
0.32287011754365114
0.428816145773766
0.4414151200121111
0.23595809432534964
0.3464197135085199
0.4451987953691676
0.2911360443484736
0.31747593578290445
0.33272500189062537
0.427850724717772
0.5015704364464588
0.26586996859631096
0.3296880060713153
0.5760475770970608
0.31350129039031727
0.2836776953755906
0.35081170472097856
0.5495398654294353
0.41954804014846003
0.2824747710698975
0.42020352910909287
0.40920351326611676
0.40036890017882704
0.47061642793818786
0.32849833595174915
0.4594399324000003
0.3457382165512569
0.39946601689667843
0.33012324658629955
0.42829444782071224
0.32834067710196946
0.30805244080387095
0.41178509272450997
0.305129493148605
0.4838134741470529
0.43889766790973483
0.3873139811045855
0.2870741707366062
0.2903359961232656
0.36447378818116966
0.3007587112143455
0.31548430904393915
0.4113988605647583
0.5171864661435396
0.41739610238013347
0.3545735977908639
0.26336962873398123
0.394594938996516
0.2791124779216303
0.4394761147583325
0.3003874105483592
0.41304842232994166
0.3247615885235142
0.4474730724716277
0.5459244775405141
0.3826863310388575
0.5961463252611167
0.3073022026968318
0.2561129178600902
0.4142322163234746
0.539823493640911
0.25357319592906047
0.43320164211240336
0.574537020157555
0.40688611340371594
0.42909634150105225
0.3138770908674998
0.46350687956956016
0.35453220510345673
0.4308516844949006
0.4035048793923818
0.34448324020897375
0.4640158733486557
0.34312061727321647
0.2810613514166077
0.4050460506067398
0.29913310321391007
0.48910624224584054
0.43304098443723416
0.41925838033855123
0.2871375666357361
0.4200535061802631
0.28373629647046367
0.3149024140437403
0.29885100571532963
0.3858355680787712
0.3927325353748699
0.28385061384821453
0.23612827046224033
0.31670583862253465
0.4581593327469
0.2804153670753092
0.3303463095755489
0.3995573789268272
0.3306826113826037
0.4278698528671067
0.538532719125669
0.3137565709230178
0.2954992845605181
0.4344120594456247
0.2968643650649151
0.39915821560428283
0.38086308290316195
0.5571451154297788
0.41001548525494547
0.44982777219739917
0.3185234998005484
0.48039236099876736
0.3378120373828758
0.4451782101596896
0.4023956531209425
0.30625144406908356
0.42745923526158547
0.3141427439520701
0.29922600560601226
0.41271449266893345
0.3049821883882155
0.5005634123830418
0.42431735866490866
0.38522289603467724
0.31484866187610344
0.2642050709408326
0.3312148036151005
0.3782384816720217
0.5114461803630601
0.41196561606143556
0.36023597886194797
0.24401100020495092
0.39663067935132446
0.25092514991210924
0.42024383791135367
0.3080244034616098
0.2726489757259226
0.4292852399983772
0.3625992224847838
0.4395778848247942
0.5183797510296163
0.5749286886906764
0.3156577792116994
0.2894264945511591
0.4007121828493724
0.5361831673829778
0.44229117483813385
0.26571272104562993
0.4073354155997093
0.4382511431435906
0.5741515569588351
0.4209375815520664
0.42526088876574886
0.3158874316372208
0.46771454618509967
0.3604645666396904
0.44269977572049724
0.40258460346995695
0.3672273894930198
0.4784065639335609
0.34006215820859537
0.3997182967502151
0.3063190347379662
0.4769930366686762
0.4439252229955702
0.4276617531632398
