0.5024886752636764
0.4183978256482433
0.44408549450003687
0.42297859261355975
0.521701339905821
0.5078452276953392
0.49101331089890377
0.5246431613512305
0.4277200795117495
0.4985425083428097
0.4473992294159129
0.3956866314918589
0.4437264027003213
0.40349524107633283
0.46556844783326656
0.2714420804624879
0.5571907440027061
0.38292866394891134
0.45985957384699344
0.4464512955186945
0.47948556024836475
0.5080640258330105
0.4384404035572279
0.3901968993076808
0.5325278481348001
0.34652674642832787
0.43522857774750584
0.424984890724432
