0.59148374345353
0.497499580798358
0.47378889539685165
0.5286186467350881
0.6054002880606196
0.5535011723654466
0.5941706515641969
0.36787923453212296
0.4479792449482688
0.5516075249661205
0.5141308366465347
0.4839737568349863
0.6157722637003966
0.568848072161966
0.6267029825677486
0.5277799625699912
0.5179896371793193
0.5541767854686874
0.6461792528763166
0.47702834790562654
0.502632526546638
0.5017188911019382
0.5196205994593741
0.41926567642268514
0.3969049419106636
0.3971846145937048
0.5054766555807724
0.5616313071730042
0.477503635579206
0.49323657372052776
0.4317408192334766
0.5314313433337026
0.5815158151120853
0.44104129284813365
0.5326347668817918
0.6247643657753617
0.4603834745950731
0.5193464348158919
0.47253567674105335
0.49386833608604214
0.43584342244556573
