0.4543549462796719
0.479443046512233
0.46246186900366587
0.4677951492652398
0.4555776651291374
0.47922154694164026
0.4179319295574712
0.47102704144008234
0.45926150273105415
0.4795646306136844
0.48570333978767266
0.44110158543977995
0.4635453415640409
0.48002915612137026
0.45721164686110355
0.49376992562710725
0.4668490887261199
0.45917655098873067
0.45931330891092537
0.48758250788403795
0.4541454288179315
0.5074126692556877
0.42851680055098645
0.4389146397772305
0.45949813150214613
0.4594552146558133
0.48098411825810017
0.4323378748568613
0.47481142930558007
0.47604671944054733
0.5025483039041759
0.44984569769652083
0.47446537186709203
0.43581858689085873
0.44921562512543856
0.4486523500609186
0.45549108732651367
0.460116310448947
0.4642616796105623
0.44659387181677235
0.4563079422115675
0.5062744192274395
0.4725675667412523
0.4564015614954835
0.45968789059020376
0.48257072737087653
0.46014964451318263
0.48688068219946073
0.46558883248033806
0.44493863983255694
0.49095097385810565
0.4446057016403917
0.4979163112930476
0.4774224448241027
0.4879253432957081
0.5156808570206622
0.5041732802113936
0.4897283795191937
0.442546143328313
0.45064037065508633
0.48359483705300443
0.47671281036490093
0.4535397026030724
0.44887047463943947
0.4783876310538134
0.4593448689003521
0.47184300622442193
0.45072095304677495
0.48701775779423373
0.4328632545565469
0.48769325130086705
0.45408599558332957
0.4736017851033488
0.48676743065316097
0.44768591312840733
0.443325529245988
0.49485203904981895
0.4719306289957371
0.4668380273877234
0.5244683260642209
0.4552529443129283
0.4835704286650202
0.4687288581950504
0.4571161941054884
0.4651781512733056
0.45070178705871305
0.4660303965653412
0.45818624144443837
0.49269160415358393
0.4631579843913831
0.49695736867883633
0.4596127649040199
0.46147984370950235
0.45014697174314633
0.47202114728828404
0.461885062162133
0.4612209687536627
0.4982617104745551
0.47120828801376935
0.46470106651193255
0.47451202272509585
0.48463417687092475
0.5143753367460893
0.46342635490154094
0.48094748774309837
0.44949246330203774
0.4728198772608644
0.4490963339575922
0.45942009195526023
0.45424875959565225
0.46892864119345856
0.4515809885602394
0.47312058450844563
0.46635747598002064
0.4676907626072127
0.45584243564415994
0.4705668347688253
0.460059602453481
0.46970234865682015
0.45546103146364547
0.46233329463663386
0.43783207634550836
0.47134473843236346
0.4991177675303457
0.4698334127902305
0.4846229446449769
0.5118729078337275
0.4609883855498692
0.4243670144502838
0.47119341055487063
0.4716927152565513
0.4368372745139487
0.4645724298163212
0.5052114288387297
0.5281881681747826
0.44466602923593157
0.462701430199697
0.4716841266906585
0.4536153443037797
0.4516670979128581
0.454441845687823
0.46208850852612027
0.4963848747657067
0.466739562618017
0.4570260076716738
0.48193473170012213
0.4761899692153404
0.461283356012106
0.4415901385969461
0.4790985578850071
0.46219643912250763
0.45019937457760284
0.4530481224332956
0.4572558537896173
0.43460816196841057
0.46665794231267343
0.4454057913456717
0.46297477393469033
0.4620844930448602
0.4644844057780565
0.5119533048640318
0.48896621347086044
0.4459504194587808
0.5021399381389706
0.48039705714341807
0.4873528104247889
0.44010339514122965
0.4422378957079456
0.450728180155875
0.4637417595209984
0.4669764356049472
0.4512345006570736
0.4656701876866314
0.44263763313140136
0.45598430924695743
0.4807442678655142
0.4826684231039555
0.47727633271893943
0.4600394716041891
0.4498650914358616
0.4501821615047009
0.43588134095150155
0.4450837347270977
0.4505552175166344
0.4689075801245457
0.4198437715211707
0.45834184291866564
0.4688598867047473
0.4526366505231957
0.43025696952896114
0.46647673288436986
0.45397471560987457
0.45417503768346
0.4505223990422192
0.44682076680795274
0.4739295930702208
0.4685660856365621
0.46444280822131045
0.45690450501625424
0.4507670215019078
0.4964561788827815
0.45228376924380437
0.4260148575031526
0.4694916157302611
0.4446458240732835
0.48585170310530823
0.4333480479874766
0.4830108980325357
0.47853045938590877
0.4935942614603601
0.45274137487868193
0.46459525392526635
0.43341721436399483
0.4383167905231233
0.459483303298476
0.45281239869359025
0.43367179924929594
0.4431446931841826
0.4630360707076824
0.4679283171802639
0.4462027093073666
0.46268758467490156
0.46086075140311444
0.4558157690768648
0.4726072846976985
0.45961072135139525
0.47727641076343436
0.45188778350384623
0.45847666589008096
0.4289447676294871
0.45280331600384843
0.5195521396617013
0.44768098634748954
0.46726674209671126
0.4400319237835751
0.47882633192996593
0.4886911127433996
0.4457037479842274
0.4483367713875248
0.4614915440080416
0.45821633121099736
0.46836756475117314
0.4581567301639657
