0.6580842805617112
0.5813261057849745
0.5937933518673278
0.580143476831527
0.6380054636523961
0.6740143657102824
0.6900410951734319
0.4862336144681051
0.5450512297095481
0.6978613552871421
0.6067745041459309
0.5374119538879345
0.7958799506131069
0.6453962622589173
0.7550806401738613
0.756924389566924
0.5979480152421819
0.6993858451204039
0.7489166442368265
0.7918025970433634
0.6682659536166173
0.7577534695550865
0.6779018305675936
0.5289537577751032
0.5265248884600655
0.6118080703502824
0.6553606698222881
0.639591836740833
0.5525834100171001
0.6553982310932286
0.6805797094173325
0.6174499488704791
0.6908522299233627
0.5361256364499702
0.6841041726800627
0.6241317352745253
0.5561490002988524
0.7931925697500459
0.516261317522645
0.6656522920173653
0.5659810515030494
