0.7146669367389518
0.7989547561277266
0.8019781600392252
0.7388946331626282
0.6212141853977334
0.6217887710441641
0.5643129813191353
0.6559323090893763
0.5266508991912116
0.7149570151542506
0.5733383573249053
0.5590467330921725
0.5317529232696239
0.5695601823709286
0.7077535932528025
0.6081026610588629
0.7046554617706142
0.571835565748794
0.8044657738769425
0.63709087064313
0.6848406282533723
0.6018960434900592
0.6222905696622334
0.6499524248728525
0.707478889657168
0.6263423915279972
0.6248419268573133
0.7506003954471653
0.7329723407639169
0.6390055186612782
0.6454479440082564
0.7733654643141481
0.8084034457198301
0.7086547804331296
0.6255228292590354
0.6998223568782753
0.6392881136824636
0.686601517025798
0.68101897065751
0.702792481643315
0.6431521012952528
0.546173943782267
0.8519217531531776
0.646776519494402
0.7368880763066445
0.6345265423226277
0.7943753940799644
0.818730294188392
0.7903025562676037
0.5958021302943571
0.5783101479854023
0.5729815161270134
0.6131208307849155
0.7380350170228087
0.670395840800123
0.5081400408224983
0.6630003669546511
0.6154708959701221
0.6484235926669452
0.803127641220207
0.7434842035371861
0.7200021691931235
0.6142095520990991
0.6306395139493319
0.7048210911321191
0.616575612314374
0.5828476235859962
0.587820980487152
0.6929646512710632
0.6365835906439139
0.6888338639377971
0.7160568884761083
0.7364610231889694
0.6955294183717654
0.6896417937482635
0.8367846009989122
0.6724528801564209
0.7164189017409963
0.7598452161222771
0.6445831809117366
0.6590542617357878
0.6323620327009787
0.7356316524293072
0.7005812529947387
0.7065100307611971
0.7595338938039733
0.6846684400950602
0.682407667309011
0.6489404769029399
0.7763161405486247
0.6425321650059511
0.710560669217812
0.6795549898815529
0.5465173862138084
0.6250494957646145
0.7859799947976057
0.7612356538400576
0.8382972809543519
0.6088881591300499
0.5856213409614687
0.755446408197974
0.755013072938248
0.7641518769809685
0.7343835592850171
0.5979269394324124
0.5576908528238144
0.6515784014269599
0.537948200993445
0.6586013079799627
0.738292143675107
0.5276921191090146
0.6077921883392743
0.6058381171299858
0.5388292905410323
0.7526884334369622
0.8465578068264463
0.6240056437595003
0.6428666206668159
0.8919368319261394
0.736837958960396
0.6199023978772981
0.852284947074965
0.7033015802540392
0.6537350840007046
0.6154122674262765
0.6147527585757045
0.5877434440263252
0.6606910247276938
0.720845041013601
0.6789249915010417
0.5372089533801386
0.8977467846553455
0.6159181830407969
0.7253274975413253
0.6220265308433856
1.0047857253621821
0.8616555644065331
0.5461276491562113
0.6060722132750236
0.618941964794507
0.6677097023651095
0.6469624947253676
0.6463519562690064
0.6805379130257798
0.7221548378035764
0.6911886110548903
0.5587902329118059
0.5167808480622067
0.7242967016286472
0.6915817778353084
0.7214286861087987
0.6958809879162264
0.5964599557755417
0.7838276140577858
0.6194077197454737
0.5725386802110332
0.5788588895067529
0.6800124034045767
0.5932031116169751
0.632557073702306
0.6899299794907051
0.6444220118729918
0.7700451366966934
0.668614372799996
0.720869995240814
0.6092801414263739
0.6812147495583489
0.6454554392467979
0.6425999957437651
0.7463445878834758
0.6712567597312449
0.6769896162180962
0.7633905576438395
0.7458437163261173
0.6250538138592392
0.6278013522962623
0.6043416552548815
0.5843427707620044
0.6480846467969705
0.8639924933230301
0.7259121451678229
0.7208415654001028
0.6947049403662375
0.6505623793529296
0.6567720107347544
0.48119916471068325
0.6201502501349894
0.6937607795622072
0.7095009376285439
0.7176166875760228
0.5149861231518643
0.6246741720070774
0.6204455397578966
0.7708968304015272
0.7173641570522503
0.7517504567254638
0.6785407723139745
0.6464693830893209
0.5994974783987139
0.67658505606522
0.7344909082728242
0.5398018968968404
0.7691352997366565
0.7115881369325465
0.6530237645015919
0.6504051910644386
0.600589265415705
0.6192862565066553
0.7213157819776966
0.6581337996027395
0.6186197222132773
0.6403587056282771
0.658209599590099
0.6432241007188747
0.842088107747432
0.6436950853403021
0.93642505878705
0.6578345962642975
0.6905452182043523
0.7801838058323114
0.7002809108057471
0.6799993997010181
0.6113521007200458
0.707242877558827
0.6660491953675851
0.7416683415958338
0.7090663773296682
0.6263849176155419
0.6317035447570064
0.6820505880734793
0.5918328434560768
0.7802443294999993
0.645982809375846
0.5182685217616598
0.5735885061574052
0.603135585686295
0.6382821037693345
0.7581492030705459
0.6179731472169615
0.7249317373760729
0.740578719870531
0.6405485846448261
0.6200074607930605
0.5771600151047687
0.7559507258264557
0.6069704034296157
0.6301796486328246
0.7801222835672161
0.5444988676115812
0.7030943254917627
0.5232087668200607
0.762423854671692
0.8033897204947658
0.5305481607246536
0.6815438116753958
0.5312798358484572
0.6340408905099415
0.6313635775745197
0.7182723397220212
0.6525008200232063
0.6798832689017981
0.6070800661982667
0.547653769935476
0.6793038674836733
0.6184157531796628
0.6293844551177961
0.6403687090741998
0.6912902688957401
0.5597523471043415
0.6437317431868841
0.5612569597487072
0.8145839589290566
0.7115727057421155
0.7922134567258597
0.7421035454967351
0.6041947002478774
0.6862028184593294
0.6629523582415554
0.61659241941371
0.7266640219508144
0.567211369031207
0.6373439877877418
0.6925384307762297
0.7944198569558462
0.6563363082659103
0.6675577256681843
0.6884579364660616
0.602192300064452
0.5317981302017218
0.8090093440754603
0.7420804448954244
0.7959120730054163
0.7420796221929798
0.5416295337269867
0.6915157431805241
0.6250784013535833
