0.29171327446699136
0.2870292920530613
0.29609591305198407
0.3064382595761994
0.32936682046420945
0.31863191387122725
0.32386925296721053
0.28528577116917153
0.3119555451386885
0.3010480182986183
0.3034168618723233
0.30345793703934254
0.2963995250453785
0.300465258627504
0.3030676056519011
0.30167707499999696
0.3040752863868399
0.2820002210857063
0.28795026766027443
0.30280105325018597
0.2956317250848845
0.3171848711899755
0.2978049576041536
0.2975323363911082
0.3049248880965561
0.3013396400741336
0.3083614015271473
0.2747937089730458
0.31486633305083134
0.3140739991696594
0.28644052270080705
0.2852361606645787
0.28822846726420537
0.3042713576000702
0.3410061633322971
0.3039605013114448
0.2944322685698587
0.31329285493800785
0.2866130310944302
0.3169848889029412
0.30808331148769574
0.33057678301785676
0.3294542425813683
0.30985177483452403
0.2976815605424342
0.3096511085804837
0.3083679908582351
0.30192055010285573
0.30375637079067563
0.28479007499999687
0.2890448704139973
0.29042495727278833
0.302083549999997
0.320540905887815
0.2958875559066124
0.30989413693341666
0.3055900513813951
0.3293269932900717
0.3027729300217281
0.3033608953173115
0.28533415960789715
0.3125947466301013
0.3177459657186549
0.2729156014953926
0.29158982602869854
0.2841965116000557
0.30195813749999917
0.30799800266844934
0.34157024099077055
0.2941140166411025
0.316031243729941
0.2904323421239088
0.2856394337864559
0.30736203204930646
0.30840574246212216
0.31126425572609956
0.3302567850309665
0.30636363311826587
0.28558457499999995
0.3077016178492251
0.31556304594581047
0.32121361805355236
0.30506251925050143
0.27553386287164394
0.314380804097457
0.28181669272558924
0.3060189896255504
0.29127610340839966
0.3270574866736633
0.3083291051682663
0.2959227409192153
0.30151138643420583
0.34471041112648265
0.29087200168209937
0.31526148830263556
0.321824510739344
0.33013967734952687
0.3054376282072115
0.2982637541372918
0.294901181016049
0.2935665457263902
0.3104199827224621
0.31164841679131705
0.32065599448174276
0.3279518601165723
0.33155548818536107
0.3170759432816352
0.3219965736853591
0.29193464746554854
0.29780619687965015
0.2970502670746107
0.31167695998872963
0.33345569131445996
0.27056924062184307
0.30275432039662953
0.29685499288069667
0.3027881480591701
0.30807874991852946
0.29088009371435575
0.33022472181242957
0.3197237097185861
0.31655694040054433
0.30564392299851717
0.3042735965271463
0.3271521757813235
0.3064227961342174
0.3206756945109851
0.28516739999994983
0.3228170806595567
0.32347355499326547
0.28188784469314004
0.30688673007097156
0.28657302762898484
0.3069440599048125
0.30588612362109857
0.29048082253627944
0.2971090249999968
0.3158857886030141
0.3155972196806561
0.31865721927757784
0.3057757345066287
0.29385067273871934
0.31920710489289733
0.30332453472568566
0.31378020780533133
0.319431066492622
0.3031167287573778
0.3101384503514339
0.2968059492786596
0.31517838888618843
0.3013855912212921
0.3035882624999991
0.32372174023509037
0.32817252723034274
0.30382546987132264
0.31524728978545075
0.30040774198265974
0.29930877259176314
0.3054005340861895
0.3017813439428788
0.2955956987642516
0.29556237449857653
0.31823565386689057
0.3191411987976188
0.3013593177435627
0.2972343052513741
0.2872183132698862
0.2871529276581981
0.30661374593504254
0.3200824886718963
0.3339298297922403
0.30820204929251127
0.3065200206315388
0.29534107542185684
0.30859256100666554
0.30352627293106005
0.3162102752425581
0.3038438897767191
0.3096611721247173
0.2960467027269756
0.303364860483085
0.28397083072058876
0.30976500298450776
0.30625632336504016
0.32960271967595195
0.3056157272609304
0.29101245393483016
0.31586075355083
0.2984937994561647
0.3029052888129635
0.32203426601534324
0.2952359783714722
0.3076336574960475
0.2928317941587006
0.30640903122776186
0.28948192244513327
0.2943396582243996
0.31183081188656203
0.3019538524941221
0.29782682677771233
0.31601460293497285
0.2863057833444417
0.3419144485938209
0.3144097663132301
0.29205001831257765
0.280785216217571
0.288375043265743
0.3121973578984075
0.3304641666818654
0.30743321277147456
0.34106984271346863
0.3030297673953027
0.3210960751487725
0.2948819119971193
0.2840685411294755
0.3038916186608815
0.31240008357652804
0.3243730269079744
0.3015356961792164
0.2868809111678404
0.2986240793756921
0.3087390698945427
0.30201498730889653
0.3157980728420108
0.30908677950887714
0.2909951852952119
0.30542013867881346
0.29678865190761416
0.3025939859851702
0.31975149342439724
0.30514496360757
0.30352565494831674
0.3288163834213529
0.3254656473426842
0.3239464754299931
0.3161841200472725
0.3331959653478589
0.2862643309500388
0.28291974229621186
0.3161118401476965
0.31003899107281163
0.2904607171119389
0.31842594401323315
