0.05378432727272726
0.05525476939890709
0.055203252032520314
0.06919816716417909
0.0684534540866703
0.06536681885521885
0.059752599498027956
0.0612602033519553
0.05061661890547262
0.06459855652173911
0.06080554812680114
0.05549324275755227
0.05998158535871155
0.06074426412982652
0.05903956420581654
0.0699285653524492
0.05547742127659573
0.0595617529880478
0.054926937631489633
0.060215084937979904
0.06720815888717155
0.0537298362017804
0.05500552079499447
0.05708893994092549
0.059031561254815616
0.06115743652653341
0.053402560949022106
0.06450176163035838
0.057822261062285045
0.058928571428571414
0.05553076572717022
0.05471821756225425
0.07545858388195231
0.07328033957703926
0.0683136022246941
0.06549308148148147
0.05933965705946734
0.0630405256198347
0.05203102562730009
0.05993582653382275
0.07741539008746354
0.05532073539967372
0.04708549913692557
0.06647417018091079
0.054168092307692296
0.05361876268739588
0.05948206902142442
0.0677548106216053
0.062401064594127795
0.061299030683918655
0.058050061538461525
0.057920613120365075
0.05643182857142856
0.05486757337151037
0.05711462450592884
0.053489715566323426
0.05569165864453664
0.05295316989105314
0.06397408294679399
0.05779958842257596
0.05962025316455695
0.05525476939890709
0.055203252032520314
0.06302908798235941
0.06824636491228069
0.06255496043360433
0.06520575807560136
0.05824458948814839
0.058214350146284365
0.04982059900497511
0.058147963636363625
0.0677380150943396
0.05892703971348984
0.06592907572815533
0.04608507594815169
0.05713320531080264
0.05548269102167182
0.0594148258064516
0.058869659275283925
0.06038184608501117
0.058804744208037815
0.05579080463960231
0.06351193942923702
0.05685040544882988
0.057365189598643285
0.06938039999999998
0.05628564417731028
0.05500552079499447
0.05681967213114753
0.052590013733905566
0.06763070812324928
0.05066583865328584
0.06131544900074018
0.05660334311926604
0.05868732034493771
0.05508947810383746
0.05471667212577791
0.08041461686746987
0.07084301059255374
0.06463920882528323
0.05332011063829786
0.05096043345600534
0.060191897397769506
0.05622033786407766
0.06728083076923076
0.05241764026845636
0.05590575479151425
0.06138763305785123
0.053028453932584256
0.060871762130862754
0.05933059109792284
0.05689222283737023
0.061758236771300434
0.06006135299929427
0.06108189026750141
0.06452706666666666
0.052892826388371214
0.05764163372859024
0.05431548982035927
0.05849241663201662
0.048086080933852124
0.06567017605177992
0.06105626850937808
0.054495631936127734
0.05200573065902578
0.05479572338308456
0.06686385048923678
0.06657301248720572
0.06388002105263156
0.05265486725663716
0.06279198439796493
0.051097090186016665
0.06373442023681376
0.05983727489948304
0.05336462073940486
0.06593270177404294
0.046326419417475714
0.061134241509433945
0.05472589707602338
0.05869434111675126
0.056708074534161476
0.056223284370257955
0.06448912808988763
0.05615741763376035
0.053194177565632446
0.053892721362668546
0.062173629881504364
0.0499092681279195
0.06194454319232136
0.05640213404468155
0.05337119136690646
0.05868167396413109
0.05274828075178223
0.060670892035398216
0.05959642312666412
0.06313506815365551
0.0569306260475651
0.055690574985180784
0.06044540527983103
0.06775385920431556
0.0610713638957206
0.06615445714285713
0.053174603174603166
0.07087708223350253
0.0484104558243394
0.05635896582964056
0.05524284147339699
0.06060428849902533
0.05842649361702126
0.04831647562831449
0.05671816136087483
0.05835524536082473
0.05556576329830233
0.05366028024020588
0.05611544153661463
0.0681592247745039
0.0602258857142857
0.06671788567916409
0.06839761682847895
0.0579577327094057
0.058899117759877245
0.05918679804996951
0.05829473602347761
0.05247986902654866
0.06532211175656984
0.05432715295037122
0.06067031463748289
0.05362437491810949
0.05615621392843401
0.05678117637997431
0.06845804023514042
0.063557604842615
0.0667519542061986
0.05348457350272231
0.059917355371900814
0.052478801206636484
0.062101800445434285
0.057142829235880384
0.05877955803066988
0.04522793485924755
0.06532945283474063
0.06927767854297096
0.05459916959437878
0.0650169380782918
0.05180260529100528
0.05790340285400657
0.056527930974414796
0.04816557023959646
0.05510095642933049
0.05496585971446306
0.054889715960912036
0.0605430347305389
0.05391081500153703
0.062045580582524254
0.05753244069233485
0.051371713256955796
0.05104674739229024
0.07110333871277616
0.0827445259525521
0.07728083076923076
0.06539065604719763
0.05342245989304812
0.06484820772757038
0.05866965471124619
0.07486603037974682
0.059488510007412884
0.06569241918081917
0.05884205622688038
0.06121036220710505
0.06424162014775016
0.053041825095057026
0.061498680103359155
0.06835136261127595
0.06230626929911154
0.06032302098273571
0.05646901893219783
0.05904927329716696
0.08016239365079364
0.054080803709765396
0.05672782874617736
0.05436647173489278
0.06071925027322403
0.07598627412587411
