0.21623376623376625
0.30376827896512937
0.19619826069829902
0.238995070487106
0.28012633624878525
0.43415841584158416
0.3698276621761658
0.24225591740890687
0.15788336594239513
0.2683368869936034
0.22681001633097442
0.31345881479524434
0.21896
0.33287128722849696
0.21177178623013965
0.34770565193061
0.4827894646578782
0.1720179898318342
0.22400419287211742
0.5205565583236321
0.2300808145008366
0.19284740048146365
0.3178294666666667
0.45006935522388053
0.37076903461853983
0.34090909090909094
0.30892142068965517
0.5021341463414635
0.3110917380181603
0.34942528735632183
0.3631669215868109
0.24595165893980234
0.2502568580868639
0.37596074411494956
0.24862821321003964
0.21054809088913282
0.3354174591858258
0.19664206580557442
0.3427823422249539
0.34809973693693697
0.2943654036549086
