0.7696927652095723
0.6770779530341386
0.72236524752526
0.7080025826723519
0.6922373472450607
0.655659330761964
0.6300365334905483
0.7242196936240444
0.7397081897343001
0.7476690356476388
0.6585523845920321
0.6683273074374743
0.7267810079137302
0.7215059063495406
0.7808707472876486
0.7422964807902537
0.6723885786555542
0.6822461939723563
0.6224509464825947
0.759168326927094
0.6729212172016781
0.7536665684575488
0.6699737712765499
0.7117140167693652
0.6770156322091867
0.7330053308116424
0.8144349685275338
0.6705405062499972
0.7276085345347789
0.5949228974604895
0.6343614250275471
0.6842305912998027
0.849641576468281
0.825776464990543
0.6958744228127673
0.7449710404318649
0.6961394030264513
0.8200254233776927
0.6820595423514726
0.7076513900660374
0.7025148955911522
0.6609672524608259
0.6734078193866456
0.7330870638944649
0.7750590558884481
0.6870292252438993
0.7956476468766498
0.7738616651943625
0.7242538941235894
0.5919773308062699
0.6715967238535403
0.7170459717861075
0.7399360257911619
0.6368855447817214
0.8444305587835537
0.7069969424174212
0.7042902890201245
0.6857971783166833
0.6269391791140432
0.8193764682414444
0.6471933981231666
0.7668730004472413
0.7159721135654062
0.6423951306699469
0.596172892905247
0.7076825234190482
0.6980174538905596
0.7510579390044412
0.7505402198984298
0.7246373145296523
0.7518202300348339
0.734993005014845
0.7684653710181101
0.6837066151290495
0.7061367711514444
0.7244664613133348
0.6705889840040811
0.8091545448201716
0.6303105323155
0.7973951242934283
0.6112675115864536
0.7637473482859449
0.6118000567804573
0.7466988488425236
0.7920179517053583
0.620802759994316
0.760197778056295
0.6514545476012557
0.6855537094386763
0.6300786589533809
0.7429702122334019
0.7109257901232584
0.793163226690859
0.6086304622219865
0.7361503781322807
0.7098613677740829
0.6771819654607121
0.6065263289541293
0.6969415390007057
0.7918366286248172
0.7730609050044992
0.7385307177466978
0.7272815656099159
0.7445702543671187
0.6769510806753118
0.6748470372068648
0.6987990944428395
0.7147890853743953
0.7519593257755381
0.8140498015159818
0.5753726333697454
0.7150519236409574
0.7685898282381718
0.7135375456560269
0.8417351696117228
0.8048736950710828
0.7161920394614367
0.6629379632213811
0.6629979842637503
0.666810043892941
0.7650124344836566
0.6983664374997277
0.7213715225989663
0.7047244118977919
0.6738198624999021
0.7771770884661968
0.6106739193691455
0.7963955290303022
0.6464689040759742
0.6977141780678551
0.73729531697341
0.6529166387534562
0.7271546279062453
0.6301511349009176
0.8262663866506166
0.7469752679735187
0.819375066200462
0.7007280445730537
0.7392828161977779
0.7581491406560728
0.6885144937499312
0.841034237717403
0.6706928965626674
0.6824136642701805
0.6781908182108196
0.6808556537927433
0.6266112108196107
0.6800522812499988
0.713068236537701
0.7255213513139049
0.6121163145062802
0.8381219550255776
0.618088833556524
0.5693709281028113
0.6772976842832703
0.5944896790712746
0.6333244173208096
0.6873902527253215
0.6236761139089305
0.6536937384506506
0.6901604307011848
0.6723962062498655
0.7179483502576847
0.6331121777269433
0.7179371591022548
0.7584640978144155
0.7934337441024972
0.6015518468460898
0.6858966003878365
0.7198288023758292
0.6727505249997259
0.6479409368168463
0.5921364770091722
0.7905967506719007
0.6777509860443507
0.7808698154222349
0.7778330120173094
0.5955017928189993
0.6206959883528756
0.584289681907779
0.7941912781026961
0.7139498601118228
0.7184576653382878
0.6979001764525343
0.7088945413099934
0.722653482919714
0.5957551891596988
0.746964471913371
0.7055390747029214
0.6226095013640851
0.6878590956925494
0.6767260214433447
0.7883774722492356
0.6552587364955889
0.6036845366790011
0.7058367929855058
0.7278876768520018
0.7154127242450851
0.6909172554692994
0.5866189596873783
0.6747514639348895
0.7500987762280096
0.7138504346816221
0.7485951622628011
0.6725107255107801
0.6755552682784064
0.6816653165817721
