0.5143769413192343
0.5388261391017921
0.5215361725187893
0.5397104207493276
0.5192145519679872
0.5206337423549214
0.47749831718219077
0.5383282532152645
0.5349789673653673
0.5685130658231266
0.49692911094244246
0.4876081161205284
0.532163165117618
0.5343549637373084
0.5275247415523127
0.570112282603601
0.5291293551757612
0.531260437155523
0.5365193707921592
0.6142629077841928
0.4918378931899438
0.5727433726347124
0.5098919484940923
0.49764727126209346
0.521447540608943
0.5346149101462645
0.5670355683005576
0.4954906226624279
0.5530515271367489
0.5462892004205295
0.6142974394902094
0.49718633749998964
0.5550915174073956
0.4877116306423326
0.5111797212214432
0.481568889899789
0.5179531136975335
0.5381587149912049
0.5018808921944833
0.5113007335855406
0.5470864098445768
0.6112787296097879
0.5278953997280811
0.5398767340004103
0.4848637378139236
0.5311265689935837
0.5084526188066214
0.5241825718350392
0.49418885531536194
0.5007810214992268
0.5355479878454341
0.4929379841192024
0.6094462357844064
0.5171576009060803
0.5942712830385503
0.6067968821793335
0.6106677918110813
0.5483107817612999
0.463712898629693
0.5192841839828912
0.5485952380505881
0.5224014654935621
0.5166050355891448
0.5256782200065545
0.5443358310967126
0.5290004202214821
0.45548930054515646
0.48287372845543375
0.6123268255982374
0.5141298763210053
0.6112261654571615
0.5290253659703947
0.5377464006516318
0.5121525392283224
0.4903096838244396
0.5300386017615891
0.5690356280148448
0.5374149753199889
0.5381753662797902
0.6006143786686771
0.48266777446601494
0.5182950562153534
0.5371993286392104
0.5258430045634983
0.5339919007097397
0.5133773762458307
0.5388258734812404
0.5347690221960923
0.6035837193462573
0.512891762167892
0.6066422293013333
0.4987970799574335
0.5343697637248428
0.49779907441821847
0.5595980162390343
0.5165501599157158
0.4979183945083531
0.5721966760518277
0.5255974456539009
0.5190247107500647
0.5035107745278583
0.55535134965496
0.6089403303916264
0.5112301222212425
0.5394762737957723
0.506025232982345
0.555390184118955
0.5019482624589721
0.5133851436314367
0.5528994975931071
0.4901372935864244
0.5033213262484018
0.5284361943072943
0.5405639581146015
0.5340892775098882
0.49706966415604037
0.555966108221733
0.5345671486479547
0.5524454914376539
0.5171750308619811
0.5279649436623319
0.492623638871777
0.5171376284352045
0.5178237774209938
0.5298236172454459
0.5456297802421958
0.6052068345619631
0.5074909904554683
0.44923754132838806
0.5344314592271875
0.5237400529835508
0.5298291787813948
0.5171297685849012
0.6215681371671891
0.570721861584953
0.4954695294836475
0.5210039359350215
0.5144027927866778
0.4843929173088561
0.5202988298379058
0.5183732743591655
0.4820858983889043
0.6071477633373924
0.5203670043689123
0.5021759375
0.5592279480640873
0.5291641313499129
0.49533013749998905
0.48847464350764
0.5115633017316831
0.495505735279083
0.49501052769022585
0.5240466182972471
0.5290299383214969
0.4776097601089194
0.5565293614439091
0.5029817687499759
0.5150110131786529
0.5097551214524998
0.5465033521865411
0.6140771387522703
0.6142070775858538
0.5007062236773425
0.5294116990684509
0.5557233603358368
0.5516578699937987
0.5243385743098046
0.49995616249982605
0.513063428599173
0.5362015198092457
0.5169711208292141
0.4982527478396766
0.5355708379354732
0.5098659506050325
0.539444969472674
0.5519894889480047
0.495238525
0.5289413181064486
0.5521849092604199
0.5087538408013241
0.46908698542385996
0.5119761395063058
0.49738928846984765
0.4497236711009765
0.5341010684373297
0.4480463195959098
0.5141966924388037
0.5167692658457526
0.4732064481200146
0.47395011103149337
0.5294842838485821
0.5024707937499326
0.4863752410674302
0.5068481562675181
0.49804718921855634
0.5605615798026865
0.5333164238175286
0.4908283346059432
0.5202980930394137
0.5490013063672745
0.6048352663788816
0.5306273023648967
0.49027139999999997
0.5260524288143962
0.5107087448400907
0.5672512589802591
0.45888840114275325
0.5329459147052084
0.5345535280408047
0.6038654005401618
0.5250258408922188
0.5202923949055609
0.4865069063650348
0.4498448843518065
0.5205463602413098
0.5174856870418005
0.5255643928401408
0.5130702925275429
0.5210623649845921
0.5343300457783393
0.4906047748817456
0.5488111378599752
0.5283963202964722
0.5147572458525997
0.5332148118356134
0.5089532216147938
0.5254238795580851
0.4984671671761563
0.5333690720955822
0.4769667365250337
0.5034568671475316
0.5460657768136327
0.5262967419655509
0.5406074169522513
0.4623746172995346
0.5447250802319566
0.5997136975023667
0.5271074786298638
0.5310098205938796
0.5229722325859758
0.4898960715548882
0.5330937278551745
0.5188742186369382
