1.0048934022643117
0.940557100405828
0.9821969298489729
0.9533480800582252
0.9653235347141818
0.8966728425423076
0.8577148219806894
0.9575552850830178
0.9856436702872156
0.9885439031238648
0.8926340771278454
0.891665362711239
0.9702229701834336
0.9442230770586519
0.9826355099375431
0.9069696437507808
0.8992048195708618
0.9551540041222727
0.8670799081490257
1.0159733824545647
0.900774191583553
0.9770919719819817
0.9050564452668475
0.9628613936894191
0.916973628206799
0.9872374919326
1.0281604863801626
0.8788215248438405
0.9354227477409462
0.8305227248074036
0.9258328268430188
0.8997056481179743
1.0429220534923764
1.027754423909654
0.9339195167962611
0.9755388392559353
0.8716559458090931
1.0378134319585521
0.9037183427725686
0.9320192653049173
0.9827898732214064
0.9145988004399995
0.9481184983589124
0.9559588396406338
1.0043646262305845
0.942867627879894
1.0471386771575664
0.9996613432891591
0.9581485184713441
0.8049923978631947
0.9410749000567267
0.9258543717728556
0.9419100932382464
0.8832150807611175
1.0676937754677631
0.9493515367282195
0.9476278199816012
0.8505415665388527
0.875954713724506
1.0632699676407809
0.8710165389468645
0.9534626349686813
0.915801614475447
0.9106924249013546
0.8324760707350842
0.948667627844351
0.9255418226497447
1.0030566158918097
0.9013151560972116
0.9497780488176241
1.0033287580912198
0.9228097285646992
1.0078562138138423
0.9446163310275124
0.9681240415097135
0.9682541641890439
0.8830585601632619
1.0016597588504297
0.8588404488443745
1.030876357280361
0.8522977169600662
0.9842638665608111
0.8942030308558253
0.9846158862054223
1.0036106052211342
0.8895557922581696
0.9716354097625384
0.8615382583644926
0.9161575584964095
0.8935880415707642
0.9800398069706762
0.9235831361103055
0.9883532471023867
0.8780946302642081
0.9676567585795854
0.9582532580920712
0.8926078787829521
0.8904020130221574
0.9375742064635442
0.9544321681278144
0.9865706501964728
0.9514027879689303
0.9714437266281322
0.9994612873358896
0.8765326952765444
0.9273328946040296
0.9094793965473357
0.9624189765630904
0.9820044689120458
1.0377168403798727
0.8047200184123777
0.9615383697142272
1.0014545849920538
0.9810635914082786
1.0298007861253482
1.0117770175346064
0.899678512697328
0.8459826302141294
0.9754291605021792
0.9401261140023207
0.9862722436284909
0.957538212225143
0.9344521633646596
0.8994575168595752
0.9015456717065029
0.9619656050094281
0.8517525034099669
1.0639068230774869
0.8643706997669841
0.9480791550873474
0.9753482184980355
0.8850328510039983
0.9717015494923712
0.8910153355308728
0.9923252703458932
1.008211021507192
1.0756343694728836
0.9754272098941805
0.9550437270241214
0.9839953831496563
0.9309402401014929
1.0646677762868926
0.9136069531905359
0.9143127099505926
0.8812774357773412
0.9133929214648406
0.8712741971755799
0.8350127798101663
0.9507572863265488
0.9901342690110326
0.8620348575467365
1.061534603015101
0.8759719025171191
0.8319926229189607
0.889258049935844
0.8152344535325271
0.8515824110172476
0.9347874645394356
0.7963075122264
0.8844775835818336
0.9671166003228231
0.9309996011362482
0.9137778170059743
0.85621297603327
0.9536437961013594
0.9679765454832223
0.9795238246153273
0.8840586910248713
0.9295750636864685
0.9080364608396073
0.9195256007311623
0.8783114641721326
0.8177935717908036
1.015086458792265
0.9289908483744762
1.0335225192431547
1.0114418602417252
0.852631706942221
0.8998455168883029
0.8404350116868742
0.9809479182768872
0.9590692973833391
0.9596093631471038
0.9297985234703872
0.8782072835663032
0.9874799013261414
0.8670730312231898
0.9573985250721975
0.9126560051807624
0.8683062260097705
0.9002853245413511
0.890328279012507
0.9916496878217242
0.8819861146271336
0.8235613429677
0.9065266036003936
0.9942744963913236
0.9749873630180081
0.9648939438661841
0.7921607659185794
0.9010347644137771
0.9872978446813735
0.9471354407755826
1.0000354830287772
0.9152772986778018
0.9305696830239002
0.9011494296877424
