0.8205395632556185
0.7168974945888167
0.692795389898885
0.7404265781214072
0.8216764230067979
0.7980287314205646
0.8401037420710016
0.561882462622769
0.6607940071688216
0.8108038521523481
0.7395681929441398
0.6754419077758689
0.9037676834044315
0.7890704692474042
0.8941821932184043
0.8085015813937347
0.7411707621120176
0.8102345052377347
0.907965234419599
0.7950720159726408
0.7592591799605075
0.8004578644833072
0.768950212859325
0.6336960222646201
0.6152425174112238
0.6532482491165108
0.7528158105328041
0.7877335452017826
0.6973151833490054
0.749434245541807
0.7183588488864785
0.7599484314336805
0.812845445900868
0.6527730988686693
0.7846457085749634
0.8239817134640302
0.6752850135847178
0.8277342248659454
0.6626943964844765
0.7533359359026717
0.6611943381448044
