0.5677472836552397
0.5860764201938371
0.6074727146284536
0.6118522135189817
0.626061913040734
0.5683379982528052
0.6196999502201948
0.5780496357960944
0.6440336129273705
0.5714363661175335
0.5800251587614039
0.6046082945917965
0.5752039216645645
0.6009988274915891
0.6433556664335213
0.5955827214852437
0.6116791553181009
0.6044740235995569
0.6568336763806207
0.5890568320604349
0.6373804825654182
0.5881480952904652
0.5784018100203685
0.5937818522729565
0.6023713527684652
0.6390272135025188
0.5875806893420179
0.6012767113198803
0.555008266357762
0.6824822708187106
0.563875676991541
0.6047722881166127
0.5725992408874059
0.5777507985385636
0.6118239467825828
0.6012326822094578
0.5857562826765325
0.6725040820697603
0.558517294272081
0.6136920194890749
0.6634606817050865
0.5962357105868192
0.5787706725049714
0.604966092649073
0.569023821829135
0.6003317995789332
0.6000452191382014
0.5970961162527697
0.5686966900683504
0.5796640166247102
0.5855197992863436
0.6451163024938293
0.6575345227204155
0.6882918881929383
0.6151158717156979
0.563200352624732
0.6085201503526056
0.6067150077689301
0.61038541264787
0.6009061867160481
0.5608929803825584
0.6314011648243972
0.616059250494247
0.5322913915572005
0.5467669566601198
0.6540482080156119
0.5983055038759663
0.6762017532449389
0.6311096173563058
0.6114745637257886
0.6425392083535211
0.5660725525094418
0.6146309782797806
0.6182911243452061
0.5977835988999456
0.6794810806657929
0.5645122238803942
0.5921338874450185
0.6042246231792208
0.616754492501413
0.597699723181514
0.6207944251753003
0.5952688055697125
0.5805131288105739
0.6077769692782727
0.5841912791639139
0.6701648932623488
0.5633870571296384
0.6722820097271096
0.5893946361191522
0.6162101625226046
0.625431428280359
0.6098264783343802
0.6044253498186553
0.5661862428911231
0.6149335704087048
0.6395585172583251
0.6009871639554613
0.5964051336643592
0.5699462207881901
0.6062329442480558
0.6695458321182739
0.6105969329824769
0.6121438956332557
0.6362684862877204
0.6510102681641592
0.5879652890922707
0.6182271748725234
0.6223735552301607
0.5776691187593648
0.5642527744161633
0.6090904546680598
0.6165260826132546
0.5778332548878535
0.5845662680140217
0.6330252214191752
0.6292878820096115
0.6045200653808468
0.5959361896495452
0.5870461370304796
0.5955295611956012
0.5907440656851948
0.6054513068680325
0.5787250835317721
0.6047840808157032
0.5887594557048774
0.6027357985513883
0.6358331577253776
0.6017660425286331
0.5704599275647604
0.5876973082358421
0.5751308909205646
0.5628781261003677
0.6817130557705464
0.6341238464090292
0.5569007515357806
0.5839687803761562
0.5856120948422057
0.5662733689094979
0.6058284906346252
0.5874688729842904
0.6746193741671048
0.6238746576758916
0.5896824135245902
0.6282034362894706
0.61905945923417
0.5904234453273224
0.6600912266498348
0.577256095550799
0.5892726249045296
0.5760417553546688
0.5740177350899366
0.6109518027951664
0.6113995172800512
0.6293756981501332
0.591422523507715
0.5788298687272407
0.6641056297995279
0.573790560849418
0.6091015908425066
0.5978560841262042
0.6068481685319309
0.6406100968321882
0.6136457201363383
0.5929612017398421
0.5826741999111367
0.5959830444899568
0.5974729563189602
0.5712679553633794
0.6116877915141787
0.6444730686727635
0.6023572413079588
0.5635554860604597
0.5862841125565992
0.5830148539843041
0.628531120798827
0.6045445365241549
0.5902647276903121
0.6479744953153185
0.5785042203575348
0.5667051198514866
0.559427922376128
0.595303104540468
0.5504364367705602
0.6099583258585601
0.5870769227027792
0.5703898151533704
0.5672362292430542
0.5713274846101799
0.6006236305326718
0.6109404309848145
0.5509494145699253
0.6273006158577424
0.5712214916789425
0.6263772532752471
0.6574910582302632
0.5924723557945797
0.5983419826334246
0.6156430697035706
0.6673910584902499
0.6138858895030093
0.5629373286697152
0.62606851065098
0.6039516449470178
0.5335730491491308
0.582008426992157
0.5808141854839091
0.6736397382376701
0.6054110200576571
0.5936928427815784
0.6106601403442458
0.5993315826334744
0.5695941511330798
0.5747530551879304
0.5699031415940694
0.6144449441429789
0.6054200684054839
0.5828356996250672
0.5890450745835887
0.5870038327972242
0.5726227009030159
0.6644034143002141
0.6211031639354714
0.5961805323910703
0.6042033988871877
0.5802079135231717
0.6126508085589565
0.5579076988882107
0.6089030814397697
0.6077310021823159
0.6016556300347624
0.5716226480792391
0.5774569406124022
0.6204877502014372
0.6276974969638125
0.6122163427228129
0.5615728236395299
0.6357281607377167
0.5786348920928335
0.6167934329869385
0.6144699363806594
0.5596106872712056
0.6209915134049504
