0.5350099933412705
0.5162818676217448
0.48289976204920626
0.5236232671285571
0.5628359969406368
0.5724452875941656
0.5410256728747208
0.5093196512799318
0.5460430146200359
0.5020447788071217
0.5115333283325081
0.5117720481875363
0.5540252909507448
0.4999942897032055
0.5105119292742712
0.5045513357186425
0.514402135668425
0.49652363781064485
0.5200306680679984
0.5091252371464849
0.480307357238242
0.566754750291817
0.4891704810763238
0.488312991826664
0.517516656760854
0.5032706130467199
0.5315850712405851
0.46723670124039407
0.6277244260731132
0.5017068550792246
0.5139355909359985
0.5091281236756232
0.5213630196761843
0.5150197859712151
0.6095553137065471
0.5137400595314937
0.47547028596085095
0.4983384841911722
0.5147966464513908
0.5657277742965721
0.5302966399745086
0.6200911338647994
0.5629040846630413
0.5375834746502764
0.55876428347055
0.5365219927685368
0.5315007857338253
0.5055960842361242
0.5128119736481396
0.5078408547521742
0.45438353885554833
0.5297329271110283
0.5064005907470256
0.5275383005538441
0.4814240686015742
0.5375580866844336
0.520450845941381
0.6153099337384537
0.5093519842207238
0.5116634713248635
0.5095100851572525
0.4959872717852192
0.5163412115777896
0.4598682383219961
0.5346696974325296
0.5048119618392793
0.5058278647774449
0.5302759877296351
0.6119443943837943
0.47433050736281335
0.5096921390988686
0.5301046824475253
0.5108554501569597
0.527345446141223
0.5317270888798592
0.49042128016108594
0.6190477615899795
0.5235105383923462
0.5105226667127345
0.5287470921277976
0.5602723093078104
0.5305633329737032
0.5180428338051504
0.47035478873208486
0.5555699572162744
0.49601468549940586
0.5220417075931109
0.5331273528734582
0.5534710921354973
0.5312317670021791
0.4816989455493484
0.5039348326894193
0.6243271720502818
0.5316627245943346
0.6291814140469427
0.5325865044958377
0.6186767999018014
0.519766173897785
0.49090006931512475
0.547731589536833
0.542562492420124
0.5397679940303444
0.5445227728059508
0.5280771681476033
0.6099527267871578
0.5718556467136237
0.5666666131265409
0.5333088753865979
0.46572075846739514
0.4891647347310764
0.4860961366834348
0.4920210390600641
0.5789828186089571
0.4502642875667375
0.509655977008205
0.48546449728988483
0.5091320007645992
0.5303182163779594
0.5315606099896982
0.6187374786453269
0.5768410186143106
0.5115412034346066
0.5206057232508995
0.5152186643108326
0.5537303924595818
0.5234961058376827
0.5805948010525641
0.5090766242543222
0.5367537595314309
0.5393661963742418
0.4958717099065809
0.5960991379869676
0.5146011545267797
0.5257478155242947
0.5214297179251817
0.5303136760582812
0.5038893559663195
0.5614025224461232
0.5602142915540486
0.5725049388135096
0.5216309248796618
0.47356860238344883
0.5220835836056112
0.5111915581377156
0.5531125511725745
0.523630089119302
0.5106477638846662
0.4859144325101685
0.48530564672458776
0.5588226060710696
0.5739340739403462
0.5123666338249788
0.5402103440249388
0.6108394859584081
0.5133123251486363
0.558841678208988
0.499430945950514
0.4952341920925884
0.519434605600748
0.5049616176622232
0.4803080433313671
0.5505230240320422
0.51821085581091
0.5219287892878683
0.503344091090241
0.48678988037844945
0.5169288640862565
0.5171793197555996
0.5948332065340847
0.5254928760359
0.5814885499381919
0.6010629133221705
0.5942602395449501
0.5496365474017132
0.532288899014113
0.5121771683390937
0.5101831084051769
0.5132060411302228
0.48394863986665043
0.5523960312829409
0.5112184703038212
0.5039154293752167
0.5373821884181391
0.5230406907357026
0.5637486771895388
0.520377845082137
0.5322399754498852
0.5613364334382929
0.49206798496663817
0.509844541604021
0.533462796960396
0.5491346400124459
0.5285523271270471
0.5395433980404745
0.5235327063929297
0.45567857540790957
0.47545400474670185
0.5452042022834519
0.5056615754949736
0.489324734234299
0.5619937273910807
0.5133833869557485
0.6129455641594564
0.5028725566794071
0.5363987661394689
0.49151145832224163
0.521626414099807
0.5469953518591704
0.619623013733467
0.5277777873109168
0.6097291248946335
0.5102609754494744
0.5298556810664705
0.5480047599520514
0.5046342984309456
0.5137202790448206
0.5475006534492916
0.542622735110321
0.5040655586011633
0.5156579587538194
0.4923529756845867
0.5329388118858632
0.5058203507329125
0.5610348332313971
0.5344168247679865
0.532065924679371
0.5197859652211744
0.5553398868777332
0.5083875335746486
0.5243163596904263
0.5183048376967557
0.5125629582826932
0.6132458837781558
0.5998299981243941
0.5410845152997806
0.5626422374437404
0.6308177054447073
0.5131628688715054
0.49975742098812626
0.5099268810703067
0.4852834882019799
0.5300360537757648
0.5189622461891535
