1.1840644959951492
1.1316499588804105
1.204519540615203
1.1932178939936997
1.1030360795323073
1.0968516691140784
0.9714462827844881
1.115285990018481
1.0224184750212444
1.1520025351016763
1.0745411430998737
1.0670527138605803
1.0247234058350716
0.9608445827838797
1.2001171298619318
1.041610164661678
1.2381908251851148
0.9895422906702718
1.2770357060687942
1.1599444250594904
1.2513881470393549
1.0944593682666797
1.1338881502093925
1.1771477511265138
1.163062043318193
1.162742481633289
1.0781102487439176
1.21832702957248
1.3537506963343966
1.164011966058175
1.1560517989075603
1.2911793606801512
1.3372343028386644
1.1955396860127503
1.178912118733544
1.2117258697770943
1.0503087121072983
1.1404913639395355
1.1682254481746015
1.1422286316698047
1.1835658200450718
1.0510310010087383
1.2747523375375702
1.0922221725126824
1.2798256946625466
1.1434029914893087
1.1969659342449839
1.2399711965000513
1.271405163041643
1.1092333597805943
1.0243286286864186
1.0792075952731763
1.0503534319909265
1.208962588149762
1.160949136048104
1.001446536607426
1.0742072701320307
1.094025651330273
1.1465017271595304
1.110630501433791
1.1788976422313058
1.1185613369862049
1.064666897981843
1.0754787195213753
1.1770167830773697
1.1698889632302363
1.1048045474069992
1.0943920849127224
1.1520161583519364
1.1107818990343987
1.1407201859306682
1.1518490415323495
1.2175877858205868
1.159926703487284
1.301416187840491
1.3012347460853126
1.1176827070529003
1.2169254404165666
1.3115772649072222
1.179247088437871
1.2366295750882765
1.1425256148967382
1.2078675962257752
1.171068226173577
1.1458824219673103
1.320630191738631
1.1326790638413184
1.1178251956245497
1.1651794535556337
1.1206261722016018
1.1473974301990175
1.2040570608118786
1.1220951452388959
1.077853532495604
1.0736829349920887
1.1867713076174649
1.2437498191551646
1.2410050702579762
1.1162355223064604
0.9824838878351175
1.168643132001809
1.2235050048210516
1.2279783723663318
1.1718542469010047
1.067636721953667
1.0749480637465156
1.0106535325826858
1.0230907661808706
1.1271536677912768
1.1036185056163959
1.0317574076204084
1.0709926417772064
1.1242211443095562
1.0511509395765954
1.303902720182926
1.2690765737823184
1.0021207874240146
1.1715072103940383
1.3237460803356687
1.299423283219503
1.124968668867844
1.398984324995643
1.2328951283957599
1.1979101737293345
1.158763806657319
1.238240604749036
1.1197802170351001
1.19526935199606
1.258464873079646
1.2130180921728049
0.9886259260166286
1.3164327366833177
1.1184116753881685
1.2642972808109754
1.1466849303658568
1.418555688339167
1.2806481145052344
0.9596125320534589
1.1180651557577743
1.1162887574577696
1.2082444752420627
1.1775049447356456
1.182604821649136
1.1487495922923598
1.0910819810475187
1.2197965457842028
1.0345824835873039
1.0617716482845085
1.209214487620446
1.1059335168862663
1.2085265364333533
1.100110728986341
1.0982990868367064
1.1737130574191281
1.0268875393707766
1.0860239012009179
1.1215796821330348
1.165873454414498
1.1122069395203078
1.1551623582469361
1.1649131915711308
1.1080860158306556
1.2021506797746957
1.148970901735922
1.2223843243026733
1.0966249254106037
1.3160863073637545
1.2398462378363102
1.1810098473644324
1.241408146538935
1.2324576195128123
1.1439892453758151
1.338006881539647
1.2366240527897818
1.171861986893693
1.1925482680503892
1.1015087072933705
1.1086271280524558
1.2440434690905213
1.3025870804853081
1.143706193557097
1.1685438426242003
1.1801596214305534
1.1221743026342514
1.1743392969073143
1.0139753684583395
1.1022310706928062
1.1977572555720157
1.1999441237346102
1.128996596037913
1.023841624692949
1.064782953980451
1.1265973697601144
1.2204631642543342
1.1678091806328454
1.2492335760472337
1.087758395641718
1.1050666089374501
1.0150559508420511
1.1437487222176217
1.1444442584386594
1.0620911349817752
1.1379187085553015
1.1873054288498353
1.2063117251666133
1.0966901054213292
1.0860911230160164
1.0765419703152024
1.2280758619140373
1.2456107832223235
1.117100155163814
1.1572740460572553
1.1703826805931263
1.1142357145387465
1.4885600806669483
1.249618863587993
1.322377782513377
1.2002246348459031
1.2380662914731104
1.3321789320264852
1.2146199865400722
1.1286881676096132
1.085566241820276
1.1612390619703277
1.121029095702918
1.2668274036303937
1.1619686500379443
1.1516294360776884
1.1143452939381344
1.317120647277744
1.169742974678163
1.1979908505482857
1.1623367105589955
0.972165869165239
1.1390040985525527
1.1040386466224938
1.1959304640588582
1.2313399178195512
1.0417179294398418
1.163739178000795
1.151750859045446
1.2367567091347613
1.1223866911548452
1.0731891461767413
1.0857356827744238
1.108034480497965
1.0303606281445261
1.2321549977955684
1.0549449157870536
1.159670038679134
1.0261912939044107
1.2216577321548485
1.2095510738672346
0.9105747819122261
1.1407780242565915
1.0591898577009544
1.0852205438459452
1.120382245233254
1.1687139620475975
1.0756046773241748
1.1246078348833657
1.07300213343967
0.9908184679703214
1.1724056639917235
1.085373858751521
1.0177145920206616
1.1302368607177176
1.0449027995400944
1.0788870253431915
1.189674407582512
1.0679101660468928
1.2710413644540648
1.1617200381953117
1.2067981671300807
1.176785382090885
1.0485655629667252
1.25347730224957
1.1336280522105953
1.121204452384499
1.3408906840453836
1.121023710465161
1.1751563328420422
1.2663683490983448
1.3725573336409331
1.143854556854547
1.1934145530903257
1.130866129083676
1.0775831266328422
0.9211627842557829
1.2235858987104218
1.1888154025870068
1.3576315624302593
1.2038007837057974
1.0164261280237348
1.1089579278443022
1.079005944534084
