0.9401601960540169
0.8855804799781684
0.953597523068886
0.9577476247203518
1.0042341496060665
1.0078297044021405
0.9824008740301136
0.8761320169855161
0.975733487351399
0.9288105480679661
0.9830859347912448
1.006286694025507
1.0080461874536724
0.9992385694934354
0.9817419180116054
0.9547088614027937
0.9532482526386983
1.0164270997212783
1.0015609751489172
0.9407173723523081
0.9450313701736122
0.930268588012753
0.9462525071780039
1.004707120394846
1.0340503895225794
0.9349701278624991
0.9649125999807946
0.9887279944034453
1.008880401798688
0.9921339830014557
0.9403290610621013
0.9681307719476625
0.9913301957295708
0.9539354138732902
0.8627822043469824
0.8830682908090594
0.9376480708349186
1.038933921579695
0.9904331692480384
0.9583842682760244
0.9234000658248563
0.9440097824336284
0.9530092782697224
0.9821946095024394
1.003451450055652
0.9450480116469409
0.9479647200749086
0.9962581718418254
1.0066020974605112
0.8588024097142879
0.9499028532375915
0.9370555272336459
0.9980300801073573
1.040211407595379
1.0540960105444659
0.9598512636687756
0.920532762921153
1.0072389113348967
1.0064231097369738
1.0063471425374109
0.9486450764903026
0.8702712383189688
1.007666586546075
1.0094072052420522
0.8830165933862408
0.8451386385460068
0.8657225991904932
0.9992764853121456
1.0009653120123547
1.0468252185661835
0.9674050080806287
0.9998316798034741
0.9333431518686128
0.9577560114637185
0.9388757152921879
1.029257655532278
1.0092144843196136
0.9473083675119465
0.9953244163647574
0.9266707715680091
0.9950532832712096
0.9662213414154492
0.969002798300064
0.9492225960942189
0.9575076488438597
1.0030862571089234
0.9442636480172067
1.0054540798798188
0.9481547577662885
0.9928989272521926
0.9493786220181755
1.0385357679555465
1.0120686732373816
1.017957444092585
0.9391383172083095
0.9699623171150837
0.9991739456074028
0.9453236435246097
0.975172649658337
1.004886710344637
0.9496273821273653
0.8767029572270247
0.8999237336577711
0.997495818493638
0.9567196774798662
0.9952534877132131
0.9946027360182745
1.023210322886559
0.934934759175164
0.9975926164088774
0.9716765864630262
0.9336185576651256
0.9929636038944015
0.9763833484047222
0.99771337258149
0.9529043716839172
0.9545263925432002
0.9363661327350563
1.0246184105553962
0.9661811077221426
1.0021243446931265
0.9628283337807231
0.9411149060130934
0.950041173357151
0.9341262316606775
1.0083466146933033
0.9369113173393302
0.9449588844935437
0.9455073997723887
1.0111985738308098
1.0396215785210756
0.9348297674511872
0.9170830069002005
0.95537807150494
0.995064104684902
1.0071161292903263
0.8679072192746636
0.940417984718967
1.0223925532535283
0.985865686578769
0.9475403427591447
0.9805925846186525
0.9480937993606897
0.9972817571064927
0.9332926567116495
1.0075044085035225
0.9473144548952253
0.9447849931018253
0.9904808145932762
1.0293842807058216
0.9327857866631117
0.9966687116775599
0.9299908217696529
0.9506691628070036
1.0124424850872373
0.9314679163150607
0.8950873573840239
0.9402886439655029
0.9437390454265657
0.9860477346730805
1.0078885699343918
0.9922414937474193
1.0524720462873969
0.936388758229975
0.9506278302797587
1.0022585841953124
1.0308100601399175
1.02049725646998
0.9428119312038017
0.9375872392250145
1.014968194637824
1.0098451889725433
0.9420976901562614
0.994425422886196
0.894858269170251
0.96551135239083
0.942309840321468
0.9919416354295729
1.0166115460830565
0.9860235663934426
0.9411671615671182
0.9084606912273352
0.8779506988546738
0.9395151975364557
0.9382639575537568
0.9607949950796326
0.8874873684890187
0.9677820211870505
0.9484172506200284
0.9473594661119465
0.9973459419856815
0.9800641244829179
0.950872653274673
0.9434077354838648
1.0159962582131916
0.9421527257484607
0.9999745594855105
0.896133914548204
0.9884582087033646
0.951571022135852
0.9353026850146995
1.0153857399399477
1.0436768355149173
0.953926954353036
0.9871963608640344
1.0056432401353395
0.8733493704097919
0.9769696338646434
0.911800630357432
0.8850985587704427
1.0057702040477532
1.0484733283521515
0.9529760971221801
0.874904781709595
0.87033167368171
0.946467536033466
0.9097020625138881
0.9415251833217728
0.9957169244179627
1.009128477390031
0.9749369063261919
0.8739565386934061
0.9530993771838258
0.9290128648471263
1.0462910555936038
1.014669185426055
1.0034574916512113
0.9497211312232221
0.9380861995577988
0.9571657144998528
0.938171382127385
0.9708684296454608
0.855165975209191
0.9373633992820447
1.0104365573862606
1.0070696997275448
0.9184783438784428
1.0090615362399868
0.9878936571664769
0.8808472343946729
0.9984662895705898
0.9865987561087227
0.9388913492163402
