0.8336367802712532
0.7207619880381809
0.7581216031998176
0.7660621819569379
0.713984360485529
0.6418410301786145
0.7484659105488242
0.7866328450430284
0.7468983076370991
0.7691058821348336
0.7110434497461224
0.6639170973676858
0.7282932901666169
0.7160365704133571
0.7396495945731258
0.6136765814885189
0.8211835799685263
0.63474841197694
0.7287698200815391
0.8297139562957182
0.6659828548367311
0.7025604828081808
0.6982085215564107
0.7064659591978254
0.74854672697156
0.6082444091252792
0.794535023839551
0.7811152018808509
