1.4048917986751137
1.5051839835038827
1.51511390082633
1.5162209239486768
1.2723460764448435
1.37779110793034
1.4107611971017662
1.4950433293818521
1.4033706642754311
1.4059141118740168
1.4033058843773887
1.4955621077379526
1.402748931734869
1.4020158163825442
1.416491141121588
1.5345435168494967
1.4965660835425578
1.4010073754095822
1.3869429255012642
1.500827859303519
1.4995713279334488
1.499362567658169
1.3936731262801076
1.3987060295940177
1.538371017438498
1.5443434685961828
1.3988468048314253
1.2778547590711868
1.2713217502554544
1.4019389487122718
1.4043828149253417
1.5153787843162771
1.275169953439017
1.3788487741747057
1.4099108573674002
1.4947483250280684
1.4950910791456873
1.4041103529342793
1.4061168125116688
1.4966367954941886
1.4059997149178578
1.2868645007320831
1.4304816669052451
1.4006666916819088
1.4175614376718497
1.5342498706716257
1.4961288167134856
1.4012093661355047
1.501394531161964
1.4996015566767646
1.4118640550175612
1.39524698883532
1.2824930589985142
1.5384340785494295
1.5443791307909014
1.3974617036213215
1.27664718898438
1.270227941128889
1.4021703743585523
1.4058437954874716
1.5045017771945708
1.5155293000352597
1.5154165364029557
1.2739616293749867
1.376698713103508
1.4110027223982748
1.493640198387602
1.5052244881386687
1.4942489232655032
1.4045288238949767
1.4040611744635496
1.403685655607375
1.4052920314505923
1.2856876648614146
1.428819208085317
1.5352839472757562
1.4975004913887298
1.4023112414329169
1.501518149361334
1.4134186589780204
1.2823715158492595
1.5381274399554103
1.5436979624058618
1.3983663401281243
1.3927181998855
1.2696539721039455
1.402046657129513
1.4052378903848892
1.5045182989769499
1.515026541300071
1.5154203916437206
1.27353806806201
1.3765151067198627
1.411421066384168
1.4934946813485532
1.5048131746503381
1.4946337445596727
1.4052008561156306
1.4053569340431031
1.4035214119809696
1.4960620154600621
1.4055189769473329
1.4289134888717536
1.4006301966075507
1.4169905488902956
1.5351132342955236
1.4976154933127772
1.4012871965986857
1.3870537129849694
1.50086228222216
1.50024447961788
1.3952816262120198
1.3984355834833804
1.5439038480371754
1.3979397547556143
1.2784362924835757
1.269334030101355
1.403051862003142
1.4985686765092474
1.5217412209657994
1.28063772698847
1.3822933480839694
1.4177575737784236
1.5112233975193563
1.498093395303666
1.409267043405121
1.411004698243662
1.5034772774784018
1.2918788461203532
1.4360619727396662
1.4101423559456505
1.4284956434894598
1.539636675218533
1.504814545515955
1.4037629584199387
1.3940609765726777
1.5094772680820574
1.5070730528230063
1.5075811759094009
1.4024524134343341
1.287385312103308
1.5451138140995946
1.550773918623496
1.285594411862637
1.28139758355749
1.2787034311270402
1.4994775776806453
1.5111774480991091
1.4331186960580924
1.5230722448691167
1.398637013803199
1.380829670003456
1.4114516577408085
1.512028292085415
1.5015859102247018
1.4132748468342398
1.4082801758962025
1.4097252188489455
1.5017954072046171
1.4079887325490312
1.4074285378561582
1.4321098308890003
1.4094954799148092
1.5096690058153737
1.5399567860966847
1.4142505259359366
1.4062543605490618
1.3942705414463783
1.5080154692469114
1.5055338650415706
1.504653978073653
1.4008374972801643
1.4071299167046458
1.542738885058324
1.5501121793648187
1.4037904714285327
1.280960391272631
1.2759504329706675
1.4080944181740125
1.4127565235081887
1.5145662660030839
1.5207158934794092
1.524277792644911
1.394221082129122
1.383385041265607
1.417654064340567
1.5008935781722947
1.511981890180611
1.4975923762649512
1.4109816144913911
1.4102612357928712
1.4152174820490582
1.5035395497358288
1.408806679348944
1.409944274812439
1.436811185094879
1.4127288332281291
1.4299524851428216
1.539725543650886
1.416562744150355
1.404230499436825
1.3959910446125505
1.5105449081846016
1.5081697000973062
1.421282798332451
1.404834383128381
1.544975726719144
1.5489570581510683
1.2780573719034876
1.2808567433736726
1.4949675536145655
1.4994093036536476
1.5105255843345349
1.431576873164944
1.5225647439311927
1.4011092844944617
1.3803104846012246
1.4136803875170503
1.4105697860433113
1.5128292686124107
1.5000698463225248
1.4163334216852554
1.4081442360136844
1.4093413492013473
1.5000787033895382
1.4039170227132949
1.290446550723323
1.4275461366672841
1.408955736926846
1.5064152396769714
1.5397218656034708
1.4136312427748252
1.4036455391961595
1.3928819637125602
1.5071094440313755
1.5055837394129286
1.50407321012472
1.399181067144285
1.4067523462938836
1.5418244385234794
1.5482664991527744
1.4039881079153462
1.2823927897349214
