0.29106229020108043
0.27916041661148594
0.29561981893543043
0.3010112630020454
0.2840983881285957
0.2943990501417731
0.28154122138879156
0.30957510393196885
0.30854150355839216
0.3027750148964906
0.3147219737565348
0.28814773872186694
0.2959396304056555
0.29230801595723643
0.2876777810495055
0.291346156653967
0.2909022087037037
0.2988524328874401
0.28578265912824247
0.29185893177647293
0.30258468169104086
0.29904153973798364
0.27277339344726653
0.2791771390931035
0.30076569355901717
0.2907413516685568
0.3179435235540211
0.28710080370041036
0.28218393550242893
0.29436980658681644
0.32626481630922133
0.29781854105965233
0.301413560800118
0.2781865820111476
0.282946247900622
0.29326928281152675
0.3174206880491407
0.28617782656453594
0.2892181686716993
0.29697582787741195
0.29320332440181923
0.301928392990503
0.32554860414105885
0.3073610812416894
0.3059140907274469
0.30928733689742877
0.3006512936562403
0.3049004624387671
0.30400251894611563
0.29476748534475167
0.3035825553090655
0.2913853154553577
0.2784129149374195
0.3005149809083782
0.2799706445584293
0.3014585693052354
0.291671283054834
0.3074459294984404
0.29236723608457804
0.31884232850961747
0.293297368412876
0.2981501633424779
0.2970961232443642
0.27679918723792163
0.2984550648126927
0.28266114586373553
0.3119472742436927
0.2926475513415868
0.27819371744677246
0.282960181654795
0.3192065083143428
0.285512008710156
0.2965187761338942
0.3020938312715569
0.2921156372857835
0.2817735581916033
0.3033740331060292
0.29245306825055206
0.3236704522893714
0.30257332886218924
0.2982213842688335
0.3048811386658132
0.307471348885778
0.2990988736481725
0.2991525162786023
0.28147518799213034
0.30414789314590024
0.2924817151508081
0.2887414187371626
0.30783652826809305
0.30445175549419445
0.30305624803914055
0.2846772649030181
0.29453079571207136
0.2958452472358864
0.32157842468477804
0.2976456244430062
0.309364887455104
0.32814338968543205
0.3012853948746803
0.32756558633922195
0.30023946635705623
0.30694785078309444
0.3062029053409484
0.30833490849138345
0.29981671864120346
0.30041794768804475
0.31028716045178834
0.31331708927947394
0.29081368368480626
0.2844946368374377
0.2931912488268209
0.29274747621842945
0.29039996475553104
0.288931723030725
0.3110895730667269
0.2770977048725772
0.29568163767060285
0.29280122712258416
0.2907210425448555
0.30077540278070153
0.28801109399318153
0.32571373452568503
0.3192056595553635
0.3011758824137017
0.3018590952861182
0.2998683222654238
0.30361523745026053
0.2968063549031007
0.2906996420430192
0.29416680369867776
0.2822146156808371
0.29928630855969046
0.29963222549408586
0.3052820949654512
0.29019063369340065
0.29633316218838174
0.3050851708902431
0.2985765103608238
0.2971671723677018
0.28997698135088723
0.2992793750232468
0.29687162346495766
0.3110149738470923
0.3016180634837312
0.28753467392905324
0.3033236947094205
0.2984889941769272
0.3061897700227409
0.3005889118291797
0.2921954173336465
0.2906063324695631
0.30787020905991147
0.29100553116816164
0.2872202453051993
0.2958562481958841
0.2920896308320478
0.2898365492362167
0.2968317709100109
0.30310500554949094
0.2936636069366941
0.2932903609404303
0.29326866007653524
0.3065361237056597
0.28885999443450844
0.3006830640849658
0.28431554382005836
0.30765472039641045
0.2862460910109041
0.2996434959390709
0.31928622158730596
0.3222020095660858
0.29265452527263947
0.28477234537331036
0.284440353880121
0.297386619725633
0.30505728000228427
0.29003040973230565
0.3006723916164498
0.2954787274793567
0.28877413456509604
0.28532423846331595
0.30089997998307666
0.31392760317140517
0.30277340493561955
0.30060887492767085
0.29059592602026013
0.29671088829160536
0.30328273515797294
0.2997038315687204
0.2959054496312128
0.3015442885928184
0.3015024079669854
0.29338629778717124
0.26825015929482254
0.29483596066952866
0.31042677506576905
0.30640100269745996
0.2992236239183945
0.3078931317099829
0.28880791754642765
0.29829456366437096
0.28107597437656034
0.30200864527007604
0.2922912613270593
0.2933527759877024
0.3243838795574947
0.3099096792867936
0.3041699116390427
0.28985414504639884
0.30760104131734933
0.2972649519538767
0.28356775957611063
0.2976546084619653
0.27842282732418144
0.2969031944165178
0.2868417260734624
0.2841767999457786
0.29596567301245813
0.3083307326158476
0.29876464672291136
0.3045335691978867
0.30296966114242474
0.299533760958481
0.29914694803676356
0.3061054938884706
0.32551355137963744
0.29260371725213613
0.30114325714858264
0.28702463243686144
0.29255952262807783
0.33060609385587547
0.3064259306281886
0.30144700235614313
0.3070644403025442
0.32323838646714
0.30022370749467026
0.2836867982894518
0.28198097782270876
0.30689146412979457
0.29041907930520666
0.297755654356198
0.30309634378079103
