0.7360705205508665
0.6108253065528063
0.6596003479148307
0.6568293498864051
0.6255255865101116
0.6119520370732201
0.6712372531952117
0.706944126994213
0.631067052361229
0.7086650524544678
0.6186505264030373
0.5635800797804396
0.6299157052694374
0.6133445539606842
0.6493711963668525
0.5009997454183155
0.7376515132600001
0.5593144455966288
0.640973772289553
0.710851289954957
0.6927893661135504
0.5846067989077754
0.6252337251728338
0.598664924982933
0.6695395476333058
0.5265056619568843
0.6641667216461055
0.7071944995548978
0.6320712164017267
0.5940415740752261
0.8123321626137566
0.7362650356991403
0.614734983892597
0.659261454583297
0.6545349089289856
0.6590889248606688
0.5949932100659948
0.6593869908512295
0.6414265907569346
0.6857574470868175
0.5677196484770775
0.6463859354060018
0.6267939971863452
0.6516961866386308
0.5023589319382367
0.7454646199188106
0.5547422908295763
0.6396685478632425
0.7014318716773709
0.6843457022928038
0.6206172561793153
0.6318348488990443
0.6104891416346729
0.5973453539243608
0.690460978298425
0.4967989547754304
0.7047227888559546
0.6649961574117758
0.7063260515205019
0.5789939978103706
0.5898718529323941
0.8036347120600021
0.7201085919485177
0.6024633247243694
0.6640375423354787
0.6562350343423236
0.6195241754364007
0.6006668648537696
0.6629288243185041
0.7023424574920099
0.6389973563514728
0.7001432220903425
0.6280800405910919
0.5594990067767505
0.6384252069452823
0.6219541157986798
0.6478921528326261
0.49897107617300057
0.7410997537734241
0.5588268751424849
0.6330064260501261
0.7096555449530005
0.6934157871326678
0.6055493855095772
0.625081478495332
0.6383527257206598
0.6010716448632993
0.663236903945729
0.7068475360551797
0.6265925653586744
0.5969318016052514
0.8094325117928418
0.7587164337250015
0.64669026915674
0.6965263528144405
0.7002364639117187
0.6339695050381107
0.6928944787363812
0.7356527721388493
0.6842215888695526
0.6888720728114378
0.5805290823495877
0.6611778845753845
0.6785486636898199
0.6766120260161739
0.5381336097310484
0.7666203544185837
0.5637709074444706
0.6846300984641881
0.7268293691256249
0.7069164335376898
0.6383776997512227
0.6636859606400969
0.6450936777999823
0.6952724747364403
0.5372403824947305
0.724672642500279
0.7339227021915113
0.5872628631462085
0.8092003113756934
0.7380713951634943
0.6317745453781975
0.7156224491339204
0.6909775338422229
0.6298402706088838
0.6894498718546147
0.7354872885689481
0.6744106189399461
0.702190838427395
0.6508490970583816
0.5792380648757315
0.6712850280786923
0.6491542095426741
0.68374631506057
0.5244085365357418
0.7486922971603593
0.5818614140444909
0.6964755379685011
0.7267579096997385
0.7096984159927421
0.6349516522739562
0.7025933013342146
0.6413770944089251
0.6356975221382242
0.7099021409056152
0.551171988637279
0.7301776108538838
0.6720648409996663
0.7465268096792995
0.6032322840171134
0.6367096001948971
0.6468611947934653
0.7119868135002692
0.7090322017138229
0.6159753560250454
0.6813238113970332
0.7299361349131085
0.6928342321445605
0.654486131055795
0.578821147343767
0.6665416812808108
0.6669523667308566
0.656100107703419
0.5490513828397955
0.7601886768371579
0.7352878573493202
0.6991204378084019
0.6335915041039948
0.65643309187016
0.6396434916588122
0.648327190386105
0.6902976524570339
0.5444897336116314
0.7218882709939498
0.6015259022887243
0.6325692980848636
0.7862104701439181
0.7538724519942841
0.6305375494002241
0.7100144980352614
0.6894469695098582
0.6801079131805426
0.6363842016158527
0.6805328141949055
0.722794250345824
0.6840412282669244
0.6986458961308215
0.650722362550973
0.6722539669988847
0.6452248304760794
0.6836672378809571
0.533073548019354
0.7410129203895907
0.5878986872230105
0.6962568008237913
0.7244167392100263
0.7178169788784987
0.6932534871395646
0.650699596879678
0.643186413054513
0.708023773912388
0.5406818463754977
0.7600517947260619
0.6869657090714274
0.7509527274862458
0.6176732004449839
0.6456617585542652
