0.7105576767583568
0.6130425528830505
0.6447196442206399
0.6451554764986045
0.6322417055897118
0.5798400197447082
0.6496716570083665
0.6847227833795287
0.6333015114827983
0.666415629534161
0.6135548334578732
0.5688602587666198
0.6245902203981583
0.6061774843183619
0.6359062495559433
0.5033819618792268
0.7155163877528704
0.5439436879718055
0.6273353204329496
0.6959032692148847
0.5892820954217182
0.6211370889985595
0.6028587174014104
0.5966342306060672
0.6599093622024257
0.5174509892844965
0.6657450635649323
0.6576274499458161
