0.3896608880763889
0.41682848150311913
0.34909682850371887
0.35725300907346197
0.3991701218243165
0.49354503075630374
0.3897885280839769
0.4450675755602473
0.3961088735108639
0.4452916624903549
0.43556006148464665
0.4162232660532187
0.4456388594477667
0.49982895461460836
0.43677451341049445
0.5383637570448163
0.4559921801487117
0.4614844469706222
0.5847008297387513
0.46392814012478467
0.402252063313278
0.467158888532307
0.5639893461910184
0.5076315550111582
0.44786675553263816
0.5397469900438753
0.5061773256522936
0.6172978484508937
0.5344031189896941
0.4972733961128891
0.5322802244754274
0.58033809080728
0.530242496018733
0.7325156085922664
0.6174050610331195
0.536810953438576
0.595031050721994
0.5786839481744457
0.5300546597083214
0.5708705988139895
0.5339065895067792
0.6945953481540504
0.5757759468502269
0.4871958305210097
0.5165226302673038
0.3972163438857507
0.42034385533242036
0.36376537425111133
0.3625108887369036
0.4856301192353542
0.40063990044868114
0.4250643964638293
0.40173795736977475
0.4850881756178108
0.46092119060716386
0.4080003265040537
0.42752691436922974
0.4454192077203363
0.44713422054579166
0.5261083582543136
0.5631774687658215
0.44778741835726654
0.4740032939716474
0.5436102197883196
0.47433350024598386
0.4010363625863836
0.47487932014899237
0.5582591472852756
0.5081329795935894
0.44695818279485017
0.5432895321891709
0.522502795590194
0.6108807828201186
0.528155333804516
0.5089946123706092
0.5269884025333399
0.5745059526719689
0.5275347503540525
0.7082776990982369
0.6228628258920551
0.5342947302943265
0.5980199909614088
0.5662659704649319
0.522023971342967
0.5997491942299311
0.5371390360830102
0.6177169554563129
0.577661643853677
0.49806359480370443
0.5162782247408685
0.38052811174214507
0.3508518032508068
0.40059099580154317
0.4443649208930863
0.3912427207138446
0.4413922273177685
0.39603526936019073
0.45183206415380833
0.44206155121187246
0.46840490402928814
0.4265684720882892
0.44716993754680134
0.490171785211995
0.4390702960613505
0.5388975596813212
0.5748570786434828
0.47045933728344974
0.5918909040432249
0.45911290942647487
0.40330761440711826
0.45674060515654413
0.4481642307913733
0.5474112915560907
0.5060311387745251
0.6138318082871411
0.5109583270420365
0.5334992315493481
0.5725347335156465
0.5240221289799015
0.7193350756924775
0.61401411070814
0.5318123700371886
0.6051907324827878
0.5682663026423843
0.5305367138778068
0.5732623249949182
0.5318358866018476
0.6958254157772676
0.577571917470665
0.4832876202247368
0.5167919009559231
0.4527303281152848
0.474949639043696
0.3917051467203342
0.4082723196083473
0.5050270681971074
0.4557363143462696
0.4377012582877867
0.47810759186483065
0.46014221125205357
0.457585655757894
0.4831996146058407
0.4917848250505148
0.5586653882947423
0.5546752433893192
0.4814095899347076
0.5252821356197346
0.57140734009461
0.503355996157145
0.43727637253012724
0.48692353944067
0.6057747332821459
0.5255653545111449
0.4869715628162451
0.5673667443406452
0.563086437589908
0.5675840003516404
0.5633306015737573
0.5627867694139185
0.6087959635280153
0.5734622569498332
0.658239878187993
0.5658192246001712
0.6012927533892756
0.605380631385099
0.5581738167695404
0.6180786461862101
0.5630713713461892
0.6684663403975426
0.6136929324035589
0.510395408878632
0.563626546706287
0.421229380616328
0.449164307701215
0.40493478289055795
0.4001567810405916
0.472315761647321
0.5490272914653614
0.4462551232996311
0.47226035602661726
0.4473350436699063
0.4974873302766978
0.45270027694049125
0.45960571973760844
0.46135185480720065
0.5352041995814434
0.4844066246019054
0.5653777207515471
0.5795531734013791
0.5484635023280453
0.5842288714183652
0.4995700288687742
0.4253944915547342
0.5138354816173732
0.6005708116007816
0.4721688817566268
0.576386845306932
0.6498025094834277
0.5705753303072988
0.5424632668586103
0.5533614949779421
0.607563272217914
0.5679821507795466
0.7471918739640542
0.6606218437460138
0.5701798878562212
0.6199311873710812
0.6101586830711897
0.5484797050017223
0.6156976160093296
0.565989488719123
0.6717908220057482
0.6062805918153059
0.5250844713521987
0.5614592836459702
0.47195370550182025
0.3976248785787334
0.4108757065823378
0.4211172458355315
0.48179729533891097
0.4339597065773198
0.4384960966920533
0.4426008749736423
0.46563473083722473
0.4687996820848246
0.45226047477554443
0.48773475172235803
0.5323697241383682
0.49370817609576556
0.5626922038168013
0.5755267632189639
0.5249857332991192
0.44614337550409633
0.5332529971100599
0.4944952582826103
0.5579272564925533
0.5550857897480082
0.6476479332017937
0.5758220017133244
0.5488309154636668
0.5615706314285399
0.6231724593559927
0.5722055287981467
0.7635129018105942
0.6648781590226349
0.5539803653835859
0.6041993973605593
0.604544118645627
0.5558123020458097
0.6227151981441499
0.5688676871752736
0.6836637320236243
0.6110290346037854
0.5068138288192552
0.5742884669612961
0.40857075327081416
0.41178525785450815
0.4584320257514128
0.5432931259415694
0.4457971469738444
0.47452996998541586
0.43883577678233054
0.4984024891995047
0.4393622700649835
0.45299701718714336
0.46873303220240325
0.4568092350652567
0.5436540023221391
0.5036116888945077
0.5658473654632072
0.5691829457398876
0.5811012148819532
0.505909242004443
0.44217578608291574
0.505857162986358
0.60474928050802
0.5327989132439238
0.4831193363756907
0.5643482800452371
0.578299173626337
0.654075275378913
0.5846116789425098
0.5412895902554253
0.557625066521034
0.6115367062150736
0.5734383417434872
0.7625941240447855
0.6653099250420929
0.5828842003622434
0.6302142224632302
0.613984174974976
0.6142584446261281
0.5763940372091444
0.6722335918944496
0.6137233316069199
0.52965130032059
