0.3934538616098656
0.429991708808431
0.36313690165782986
0.3684676165559876
0.4081877718766909
0.5249991838546314
0.42281900374221226
0.42576208920551906
0.40405589396451863
0.4515023052986462
0.4468785672234859
0.40054853399914403
0.44418493521814384
0.51219224458222
0.4415358162616272
0.5230636642885568
0.561711107576888
0.4475143723666324
0.4735447482252507
0.5527987150663134
0.477612209733676
0.3988798262799447
0.4825233044058014
0.5651879442685208
0.51168910587123
0.5432785262073596
0.5137012181208731
0.6253706004027062
0.5289031451928841
0.5136007520954144
0.5723152683838122
0.5301951883307489
0.536331978470416
0.5898929699663034
0.5768306019680949
0.5251859433310976
0.5970361642380237
0.5302486697155359
0.6220577403360168
0.5771257917342314
0.47365840182211305
