0.9751952768893422
0.8512956137330592
0.8977700092711273
0.8968214442043314
0.837581414158969
0.81573108723401
0.9025408750268461
0.9455975306821438
0.8725616461034167
0.9594831734871676
0.8562661545298896
0.7872384011768541
0.8695602953019448
0.8531482569155184
0.8621672573183388
0.7456003095432525
0.9637886003503084
0.7737427829645476
0.8749057132163447
0.9732819389189952
0.9248946241674871
0.7985904318455037
0.8615186947728997
0.8445421653374043
0.8977173232545953
0.7521000448885067
0.9288641587699534
0.9578165539934405
0.8470062418713853
0.8136900312343169
1.0458651963684071
0.9673470928740096
0.8528713167866073
0.8973881600616433
0.895346581849555
0.8628616283607015
0.8026252052970891
0.8910390222801838
0.8941385678076292
0.9306966185643152
0.8098594831587258
0.883155990631994
0.8646947168072087
0.8642989239697094
0.7388312197295619
0.9709870482817329
0.7695473346574995
0.873396872960847
0.9664138957587703
0.9189018547297875
0.8226402539404358
0.839441500886841
0.8499860488438118
0.8427466648949129
0.9172900258947885
0.7271894096239795
0.918709179599535
0.9299913140707052
0.9567853449056984
0.8041255357482826
0.8115575629746952
1.0392422711961542
0.9533430090874289
0.8431373845222561
0.9019132410447128
0.8966782993706504
0.8310797896930859
0.8059556813252354
0.8942198713399802
0.9308454258405594
0.8809889221937872
0.9430541559741356
0.8620894441153553
0.7821023227567672
0.8771137043155397
0.8609773399753884
0.8612637491178039
0.7355947319217375
0.9670123621114286
0.7728715684264142
0.8674498459531111
0.9722346052623396
0.926928297560005
0.8094133553289211
0.8334082098887816
0.8691502864791263
0.8461388694033501
0.9279472838331146
0.9576086718292367
0.8419640272868999
0.8159309524007733
1.043340216687048
0.9879883606798061
0.8829174295569108
0.9319528113481435
0.9465745774490884
0.8362135668406567
0.9242896964654289
0.9609227417359433
0.9361365806310168
0.9448532524487506
0.8245515617742145
0.8983931125201392
0.9126492397937045
0.9100040590611084
0.7708137702041507
0.9900174276532774
0.7844981083743894
0.9182056573569379
0.9874637140753894
0.9395886216927736
0.8440857774448716
0.8701049005425308
0.8868456055230485
0.9232431906159626
0.762830179426309
0.9368809735233032
0.9931413575071432
0.8115687842669721
1.0430265595147998
0.9714184960022132
0.8699844601510418
0.9444667701493572
0.9290467346050469
0.83244337406656
0.9203280341505791
0.969488832777383
0.9279402249246944
0.9552442544283365
0.884198129984104
0.8202918811693084
0.9053554953608226
0.8892964987888067
0.9154638164912865
0.7592331509562378
0.973029487497447
0.7987080917006933
0.9273253621719348
0.9884079752430592
0.9412305354457755
0.8423670521435447
0.9005541865371552
0.877393143047408
0.8791305106084862
0.9349745835470561
0.7737256047151344
0.9415980842777738
0.9371032347846663
1.0029943060782633
0.8239293209636708
0.8502878728766248
0.8844030190805283
0.9482352629478656
0.9081985348393241
0.821939488376799
0.9149070254301919
0.9716202720911995
0.9526303313319735
0.8880351038220161
0.8228950626283398
0.9028904836745464
0.9047028022084196
0.8930566389737898
0.781477658615441
0.9857879780359353
0.9958614229727547
0.948107711988373
0.8411947912706967
0.8657839209624902
0.8778575866532976
0.8897971179451105
0.9206773581369858
0.7694459978084368
0.9377314157034252
0.8240942530809369
0.8492247352367777
1.0218297096719058
0.9987223046963032
0.873397346908792
0.9438978217096927
0.9386840227853411
0.884677222870556
0.83841169524808
0.9136849917645471
0.959400109576346
0.9453068016575514
0.9518446698456593
0.889153384905459
0.9068139611828765
0.8868740599912897
0.8954159931448438
0.7674278759435411
0.96714398934504
0.8043509926379073
0.9278602681502075
1.010570013954284
0.9568695911234649
0.8945093039362715
0.885167477092511
0.8856033648591912
0.9341102914334727
0.765228085832794
0.9687301564236626
0.949275626544207
1.0079992554219148
0.8365950228557926
0.8587894345156751
