0.1281945027840863
0.13457735273042323
0.1544160159872623
0.13327001333790203
0.13825899894653887
0.12042438990824411
0.14243645194581278
0.1323171097122963
0.15626832992732326
0.11918475181519889
0.12250881576631775
0.13330786591973912
0.14014038414459837
0.1388581409254871
0.15676588881117373
0.1268950906479864
0.14128897267665508
0.1532417792401981
0.16043453540172734
0.12744938912108045
0.13863741897643883
0.13044492538050967
0.12493464309661431
0.13821616993573435
0.1282503707015216
0.1437921840906592
0.13460277606719143
0.1360449242940065
0.12752510756182897
0.15854080096011308
0.12748513031079928
0.1414666649779972
0.14004075197349286
0.12414731116222015
0.13918109546840807
0.1307040607364859
0.12005576974173499
0.14668194939318183
0.1316847706691384
0.13101292713127893
0.15373361806542318
0.12504656629697092
0.1126392259832058
0.14168976680932932
0.12446011947150028
0.13108641215737898
0.13488512024370725
0.12987923928213174
0.11595399701307471
0.15049482186810068
0.13617653508001235
0.14965126486022992
0.15536311705312145
0.15921099115475199
0.13448446470125255
0.12094858081841346
0.13987373133721642
0.13616822282547447
0.1464323155660164
0.14185948085195668
0.1264890288590829
0.14842370587661693
0.13452695477569998
0.11808866243396042
0.12657348500743656
0.15237717637217643
0.13313245183600456
0.16920104803596103
0.1502566038436877
0.13329154918604127
0.15069714905316373
0.13528090581929847
0.14875108481634855
0.13636443615496127
0.1367666323979455
0.15590936420599472
0.12275375927410098
0.13319943632322737
0.14131510933877942
0.13736782308186632
0.13379890108706505
0.14840826830737855
0.1250306899666265
0.13463524652967235
0.13808951868504407
0.15436150395134624
0.1560507826026011
0.12205262577162758
0.14920076033857685
0.12736326689203806
0.1395440197112492
0.1384634527676441
0.13693562349708097
0.14104430858068262
0.12692394357104572
0.1317406773157221
0.15118060671538974
0.13473845873134532
0.12723982469663037
0.12787643180501856
0.14590254775906067
0.16012542062344665
0.13491227508471318
0.1365762895998747
0.15103578332630485
0.15584937841432814
0.14254909636409024
0.1340327142048196
0.14069501959208663
0.12431579202310208
0.11827291828010227
0.13065878690277605
0.1277772281601812
0.12562152940706228
0.15107102909704337
0.14642807565482052
0.14290319248036118
0.13548053976139748
0.1335076928461447
0.12389401118979015
0.1304874112973466
0.12455181936341936
0.13672946294508187
0.13111936492257567
0.12252048697197261
0.12328666409674774
0.1309940048189499
0.1596443014834228
0.13424563877168025
0.12333914989621805
0.140564759102669
0.1444919832480313
0.13189664907952633
0.16010410860007332
0.1412187025638965
0.13275115747264357
0.12677968561367717
0.12414317947307019
0.11650850540300225
0.13146625649013793
0.14816376418823662
0.1645412913890349
0.13355562708272933
0.12669174439890707
0.14297261039021353
0.15472362995320643
0.13699879170619791
0.1493191642050914
0.129144701531819
0.13410224338922916
0.13917780204943986
0.125675945571028
0.1316356755585878
0.14288930205631334
0.14401876426713928
0.1258402751873764
0.11980378693803373
0.15519837032692232
0.1192612109094529
0.1311635964556107
0.130530317644681
0.1453102008313983
0.13959177762789673
0.13395503345420162
0.12825370463959937
0.12292907802372469
0.13406146673155153
0.15247803807123234
0.13711451624145837
0.1262648443624041
0.1584140998139981
0.14315487909370436
0.127611391011296
0.13841070418553306
0.12535247588887583
0.14589432178613745
0.1301517723977666
0.12468304671389133
0.14329646297744655
0.1336115199121898
0.11432896628567048
0.12105376804219785
0.14357181165059876
0.1178789835674829
0.13180905562010245
0.12657633557879755
0.13023959492087742
0.11920968297172845
0.1275513115059952
0.1418876658367271
0.1317141284607362
0.12377929995280786
0.1435808719525808
0.13142897975816784
0.1390340362909558
0.14430594970159596
0.13469006665014127
0.12914201001327139
0.13369141638150275
0.15693490215081568
0.13622594429262255
0.12670871811926288
0.1354281126630365
0.12615608157603983
0.11826600083690997
0.1404276464825577
0.13147723145052537
0.16561505537312798
0.1274870852293992
0.13333164880284046
0.13596143820797882
0.13860516626704633
0.12302970020934308
0.1417373371210764
0.13602646748787822
0.14405940209296708
0.13217912614643523
0.11551719495316563
0.12750671081160944
0.1338230038184226
0.11971853666464168
0.15471770220263545
0.1325097070515742
0.1270770760144147
0.13770213526578515
0.1298381269560337
0.14176757056019754
0.12590807328407505
0.13723459766879584
0.13010717714340891
0.12478755767156835
0.1405139964896557
0.12565916678351213
0.13954982311181122
0.1363506409478853
0.13463488482036887
0.1222367497443482
0.14905753107649464
0.12907817714569855
0.13904769444552958
0.1259533156692173
0.12675244890405463
0.1327102925693763
