0.7778037776209098
0.7068333640114899
0.7209292203493023
0.7782668503339811
0.703922773511269
0.6716696087198918
0.7619813907340844
0.8029501878467922
0.7142857183713713
0.7690153396984424
0.6956089151872082
0.801726053677292
0.6569964314509535
0.6958524799123389
0.644764310917417
0.6595077370019813
0.7616285605147961
0.7726660192879509
0.6913249265881056
0.7003901910131288
0.6648103030483774
0.7924192198545554
0.7198320679690684
0.8049907980692091
0.730429368268004
0.6529354893678013
0.8587391844364752
0.8011793357562639
0.765351131843213
0.6470746952689636
0.7131720263077412
0.7919835103001518
0.8548667616227651
0.7233043964435852
0.774680573989572
0.7316664427293871
0.7598731465353168
0.7853273916572187
0.729161741438949
0.7631477201837296
0.8117269113470749
0.7321810664391986
0.7739585283973689
0.7495732377731104
0.7341194979690575
0.6324491398780476
0.7395716182983554
0.7208533499082667
0.6822844540195132
0.7494539896680786
0.6969964791970321
0.6547205884425464
0.6433230158369719
0.7910083404994241
0.7327633953370367
0.8517728586173894
0.7800928641890493
0.5994476764894451
0.7139590048409425
0.8838482152832405
0.6599612305605377
0.6957621980061461
0.7054039533953679
0.6741340695122862
0.6749381223694535
0.7651173936828984
0.6545789753779256
0.8858952494866901
0.7409429936890402
0.7223414488636251
0.8076479722377465
0.8225444193224608
0.6425946820270675
0.8009744889101627
0.7710024493937944
0.7333806381990278
0.7196327248075999
0.6343289232969441
0.8641539989418935
0.8236158261212531
0.7242718739044807
0.7735488758285702
0.8905335810826311
0.7831092601211596
0.7855190135998675
0.7786108787713408
0.739431806630217
0.7829828655628812
0.7515712284101148
0.7798164865968409
0.7480165842004092
0.8699166470025882
0.7902256841103261
0.6531943598253502
0.6457457398191349
0.6972703707080139
0.8275351069535144
0.6335425297186943
0.7415206357450249
0.6833397477354386
0.6596432900482059
0.760237431549759
0.8550122724982997
0.7931441427828375
0.7730815255471325
0.842796144394194
0.7231574803182288
0.806180438550095
0.7017911548543084
0.7497857442706382
0.6813084553839536
0.6900056485880031
0.860288371934061
0.8709620122992845
0.7279377951038927
0.7179365144917202
0.6694410167150874
0.6522147831669582
0.8109471967495614
0.8165996757996346
0.8157089605246959
0.7265854815610135
0.7537657155566375
0.7109855647408594
0.7431219434941183
0.6541648794118323
0.7425252733235798
0.7222737405271811
0.6412402682706643
0.8398961213222558
0.8285314271291251
0.8137916234518228
0.7686365556796999
0.7267378059872713
0.7673267764716762
0.7169677906333574
0.8320348122317919
0.7367543838310741
0.7975890055604051
0.9084893629377047
0.7356999103184514
0.8533212835817452
0.7370962380685526
0.7990368753410138
0.7723786128405778
0.8762025051099813
0.7201680333016361
0.7001049234958123
0.7647734645007355
0.7543272010867142
0.747093790552904
0.7372075561782776
0.7402376418362772
0.7629501135933061
0.6968685633845515
0.743183895621683
0.7586342878711444
0.7529108661922863
0.7062122442600323
0.8058976604801296
0.6916064590650051
0.7853452849033987
0.7362980516705349
0.7112630195802141
0.7913450650094951
0.7132191444088986
0.5994138255729127
0.773372337014269
0.8031395321488022
0.8158182170134657
0.847600743568702
0.6371516556022973
0.6286503131867103
0.7891983332852498
0.7740251584261578
0.8034132611072462
0.6919354155459698
0.8134642512997308
0.7528938119312396
0.8108705890624979
0.70747910672715
0.8138207207982497
0.6715581958911803
0.7464832645795364
0.5681425370790363
0.7654043675604314
0.7523690996766834
0.8599213420763951
0.7401708123863715
0.714896230509986
0.7700762986892784
0.7909307357015936
0.7256342769220958
0.750609504698207
0.7514499862418219
0.7190398759308012
0.744234663018498
0.6734207221922549
0.8604280076873534
0.7237051838621921
0.7825933534733467
0.8040745011619931
0.8915011953538646
0.8402169941093313
0.7645639947920119
0.7353322165095719
0.8400830609725609
