0.3511312582110648
0.3715980491950482
0.3833021979743253
0.38579732757428253
0.32910629506404937
0.32744572602967603
0.3628992985271813
0.3619872524328023
0.35141002820905753
0.35511770284302774
0.3506380236402555
0.3588258335197031
0.34740233080547417
0.3502586089884814
0.3678436338786203
0.4070262899596168
0.3612179255291145
0.3473635017913128
0.33130802003447507
0.36722236175733364
0.3640216386888553
0.36558251991753876
0.33996792287696814
0.3445796760149895
0.4127283296701568
0.4199250591949791
0.34337369574427845
0.33734328789715506
0.3265924080807556
0.3498441571394674
0.35165948140177516
0.3845736432617959
0.33707857400413893
0.33094265285770097
0.36121032716286894
0.3630483769963826
0.36187706031422295
0.3524167980388848
0.3569624553998777
0.36175623837278414
0.3581324392994961
0.3432220462850112
0.38600990456178913
0.34730134215340613
0.37066140716128715
0.40687964872296317
0.3609435531310129
0.34959082830211785
0.3677839364846441
0.364395926694109
0.36095863657747046
0.34360884193227553
0.3402399233206261
0.41252841378962374
0.41990727058057253
0.341407773364009
0.33499692356923927
0.3236378712541603
0.35019566667430485
0.35307999466608797
0.3707461978475983
0.3835189729200791
0.3847918431421312
0.3333508626446591
0.32317779440968786
0.3634700094577917
0.36066378510240626
0.3711405845978883
0.3600187564210602
0.3528577277334896
0.3526681218153633
0.35191513523749285
0.35664614632024755
0.34146752514105017
0.3829603238471042
0.4077562498841688
0.3623859353368296
0.3498444739991047
0.36808078952788537
0.36435297927808125
0.3405947908243332
0.41248509017414803
0.41911817645707783
0.34281662038438354
0.33760731181339676
0.3242352470196955
0.3509749379195947
0.3527812451744628
0.370886527868292
0.3827192844797193
0.3846256524211002
0.3320759312717381
0.32329230563065725
0.36455721128961976
0.36019128692039154
0.3714559979881748
0.3612491699469026
0.35390325330169115
0.3553475738269416
0.35096632740395756
0.36003416672392163
0.3579687981956602
0.38313848199769673
0.3472532150238229
0.36829299628561407
0.40802105754209056
0.36269931974765374
0.34839784245203514
0.33100057221712714
0.3659661902466825
0.36547328244917926
0.34427967214687916
0.3453438236538998
0.4193762449840803
0.3432229017668428
0.3384990348352388
0.3234712298304029
0.35233756138370875
0.36302417182448327
0.3913987788042967
0.3413139007703932
0.32815390178467974
0.3707668418709167
0.3787136263571126
0.3639253378795823
0.3576251456357117
0.36164358577421185
0.3690091443765192
0.34960619527054504
0.39102868659363893
0.35960889635623555
0.3824310509245235
0.4139291631962051
0.3738317707451178
0.35053768884059444
0.3384134486461885
0.37685950870969387
0.37343104649617503
0.37628319257582665
0.3516747231758962
0.344802899238905
0.42110518628478033
0.42780950354252756
0.3426279855879216
0.3413877538429975
0.33554226500264916
0.3655210052499779
0.3787366459824722
0.3856462462963915
0.39351138019674525
0.34529763998127155
0.32804687774001007
0.3641461839130999
0.37977120764820527
0.37107561894307384
0.36348962082063796
0.3577191474564599
0.3590039693789096
0.3674507848450773
0.3597477888392546
0.35348106632118925
0.38738417200070047
0.36004848865320127
0.3785958655471181
0.41315860623923867
0.3638731929837371
0.3560355990734239
0.3406322938437479
0.37809397740810835
0.37102917340722613
0.37159589636467594
0.35254342569035557
0.3555473404105579
0.41808571789160565
0.426514242764196
0.35176609553566585
0.3393694017936823
0.3313704666256532
0.3568902763364225
0.36250174219940184
0.38348561028163264
0.38984189527303403
0.395336667949545
0.3385241880699629
0.32753443627280804
0.36956782405581223
0.36685571423295
0.37876176639548864
0.36357884006201696
0.36155148385639047
0.3598997418065515
0.3644805658056185
0.3691726386086348
0.3580324491861801
0.3568888697450569
0.39383545919934954
0.3634512705674192
0.38398541648769846
0.41321397654347347
0.36764047024503205
0.35194622818960697
0.3413803140639445
0.3788157309318779
0.3753838808468234
0.37333280964194815
0.35497069336830755
0.4206498054577533
0.4246864216987362
0.3343273491540705
0.33751838011529417
0.36014202628786945
0.36412729364276053
0.3792035623903403
0.38378511774610635
0.3940919344286634
0.348067967896029
0.32773452537391773
0.3641652660895509
0.36173304548328433
0.3803938264365165
0.3697251419397243
0.3685366090571076
0.3578465002802633
0.3593284830918024
0.36475506937776775
0.3520870450582852
0.348294181289529
0.38238345705111376
0.358479896263511
0.373759790336955
0.4129729650641273
0.36399806471113505
0.35153582625508656
0.33823212648820733
0.37742494063243953
0.37105310083958726
0.37389151265590004
0.34857186250178457
0.3550138286420024
0.4172750656982088
0.4239690777815738
0.35250766749606366
0.3441751274787291
