1.1938390739928004
1.0997388813453237
1.1287281601017636
1.1376632129827935
1.0662344335358396
1.014301605335486
1.12729997652264
1.1808763327301781
1.124821431314022
1.1656857375291643
1.096237419190604
1.0574836338029343
1.113645059478618
1.0947529198443813
1.0777970054000992
0.9852202829783043
1.1913380174122963
0.9836464759781178
1.0753364940773378
1.2310053689821459
1.0279448035933818
1.0567154267717123
1.092044070168501
1.0923471676635024
1.1320561544671042
0.972584890871798
1.1126785461990267
1.194647777621473
