1.2143051205272404
1.090773936002453
1.1354198909279318
1.137598302422221
1.048349781825201
1.018444749015295
1.1326083161971259
1.1818781550582929
1.1129324944827945
1.2099033152113936
1.0920808236155208
1.009018967829233
1.1091629829532765
1.0937285761232567
1.0742822867823074
0.9886483651541753
1.1892743213577814
0.9869035759160895
1.1077481025293217
1.2353107620987869
1.1572208366781982
1.0113456083160917
1.0966411694300253
1.090125926805294
1.1255678110594733
0.9765230674448977
1.193799600830039
1.2089776219037318
1.0610572360910384
1.0317715777250187
1.2788521035308729
1.198088634871502
1.0910212293386596
1.1352775883674764
1.1365732104112338
1.065162824683748
1.0089434721706345
1.1222424771238313
1.14449051756383
1.1757782387447908
1.0508975618906176
1.1196842057061032
1.1024407714337414
1.0760133209383127
0.9735538036769826
1.1953882533894742
0.9839603325610633
1.1057800447712192
1.2298476801899079
1.1528460353176495
1.023507305963557
1.045924913863154
1.0885430788642139
1.0882201390362471
1.1430286843949378
0.95542296666535
1.13174148945869
1.1948601516306778
1.2078402614332442
1.0282364486861943
1.031048163741883
1.274530126542066
1.1861427618581022
1.0830461907192168
1.1386810484803658
1.1374978705541836
1.041879544678841
1.0107833383813811
1.1251817647215507
1.1586097017572041
1.1212137778368318
1.1864361905337788
1.0954344970527343
1.0041052478382004
1.1152622951014475
1.0997139693365119
1.0735133926821603
0.9702732737544069
1.1918198451966788
0.9863584105316774
1.1009062275797163
1.2338882354589478
1.1592617257645845
1.0120919267574926
1.040425820721279
1.0990658821480672
1.0906836642450852
1.1930197264869804
1.208607890513778
1.0564243642151259
1.0335855151205855
1.276839048012349
1.2165148824189362
1.1194536237784196
1.1674368672329867
1.1931913207686216
1.0373577071075057
1.1547167705751498
1.1858281286260368
1.1873447819789527
1.200484026010562
1.0682602660931515
1.1351732022672156
1.147368045474789
1.1422821967762882
1.0024003846864424
1.212783847219591
1.004809765844457
1.1515396937757543
1.2484539465415385
1.1722564952450805
1.049189341384117
1.075372878701657
1.1288932337154856
1.1511004780427816
0.9872347273142219
1.1484154751869835
1.2523052225625309
1.0350875491377287
1.2764645156570644
1.2041357905913914
1.1087842010035502
1.1731073951220705
1.1674840021907662
1.033903237636952
1.1505753334059623
1.2027500870355907
1.1809702141162206
1.2087154575398318
1.1166451029704323
1.061024990805777
1.1391313777137637
1.1299049603272682
1.146630036422558
0.9927443603607642
1.1969968957047903
1.015028658304821
1.1577189889091948
1.2496981186693539
1.1731875133327534
1.048677037027815
1.0983312662309868
1.1129446245288892
1.1225662569070056
1.1591765483564402
0.9946656551353024
1.1524476617271442
1.202394110817724
1.2600206215356764
1.044080920410229
1.062697729157768
1.12209669330608
1.184504973512265
1.1056043960003055
1.0270105943199512
1.1481115140344489
1.2133242184952306
1.2115679879018502
1.1207462391212353
1.0666288680646774
1.1398955246040419
1.142828443972995
1.1293617431710308
1.0127219122386295
1.210807698706326
1.2561703647653628
1.1974153064511972
1.0481283720234362
1.0744743414170357
1.115616835548732
1.1321289689609118
1.1506447940344215
0.9937966788598294
1.153102307867336
1.0459927601231902
1.063877378607795
1.2575939649999457
1.2435216482850668
1.1158520222841086
1.177174033961634
1.1875832114579694
1.0887833931280442
1.039336330508608
1.1461020992025635
1.1960827658652626
1.2065697926562655
1.20543117404734
1.1258823680671395
1.1414152111828764
1.128584735232447
1.1061089182785335
1.0008051535068185
1.1927576412315726
1.020113534661921
1.1593399067044243
1.2969464684997385
1.195829205480727
1.0953233039362715
1.1195926067430182
1.1282255195108222
1.1595960620427916
0.988668254057093
1.1772121760731578
1.2118556485594483
1.265273989466694
1.0544802202667958
1.0706636539594108
