0.38499030330340933
0.41261703658826143
0.38212429584043406
0.3946710202302267
0.3767997972324473
0.4031280470903723
0.3441703437138951
0.3920953093747568
0.38711751342653566
0.4127414807915328
0.37961010092871683
0.3518594109829969
0.3882396898560567
0.3992571893091522
0.38205399805785145
0.4258911292866877
0.38866169304034914
0.3851541554160788
0.3993528560396657
0.4448847144480077
0.35805701378844423
0.431625890336979
0.3671808481275536
0.3671222890868435
0.3803004712144584
0.387046511154424
0.4166373346522897
0.3620670965690797
0.40574192868224757
0.4030053347377436
0.4500779340803275
0.3582278036179071
0.40658343207263015
0.3601548993220005
0.3802624259891482
0.3532839819850141
0.37609911086892545
0.38926569683627366
0.3730957523235001
0.3673395575054843
0.40298411324700856
0.45456514105006884
0.38765415704776446
0.3841163829546439
0.35779578237271153
0.3991218147620833
0.3740082763798863
0.39813658912055383
0.36993613936467473
0.36093628067056505
0.4064238352068009
0.3567029556741105
0.4486078508935233
0.38884880450330295
0.4462210601115364
0.4541000364760545
0.4491862439153923
0.408449984045899
0.34043717672082996
0.37387323129853867
0.4087201675149622
0.39111986847277247
0.3742349827219751
0.3875117065013203
0.4034052917677402
0.38028883459697344
0.3499819983007337
0.35519620360514514
0.45496221641277657
0.3757722434133023
0.44338940730134613
0.38095035699191504
0.3971449342542771
0.39188176428074817
0.3571993852724704
0.3864272213106958
0.4259866892660973
0.39216777613343656
0.3895032733765261
0.45999696181099503
0.3540054620274218
0.3931225718240511
0.39393982678862416
0.38113183309594934
0.39015986827184945
0.3708722943045122
0.3931572585866998
0.3863643848532248
0.4538700695845112
0.37429225117831716
0.4427864077051302
0.36872044292052064
0.388135213284192
0.3625277070324001
0.4074345252959024
0.3792139766825051
0.3692334698564934
0.42585415682567296
0.3856567848588391
0.38217620543576425
0.3762801662493846
0.41281834308796284
0.4582230862490615
0.3774027329404207
0.40244200488368476
0.3663655978007144
0.4057497353319812
0.3754432439248838
0.37230325475503784
0.40473819166241787
0.3698563642748077
0.3662281323496075
0.3920681077773901
0.39424737833266454
0.39171751456941306
0.36556986009531667
0.4046940993753293
0.387384580776751
0.39856078764774255
0.375680920464349
0.385353376379751
0.36388916865564747
0.38138789196895184
0.39840458604900425
0.3870053194003676
0.40781193948297256
0.45480154533210326
0.37401696927844796
0.32208522992476984
0.40540713393547595
0.3887962278311855
0.3824265652245151
0.38112448173345614
0.45541502498922076
0.4430515554342739
0.35804108984743477
0.3819943108864007
0.38398905516182935
0.35771413548396525
0.37501108552149487
0.37568564851169317
0.37302361857282296
0.4579189688615115
0.38408962553196513
0.3651020696030043
0.4131923551673181
0.39428410622344523
0.367939798607258
0.3525981855335254
0.38697740419301274
0.3685779559027472
0.36112503898724924
0.37776713429856157
0.3828546234105402
0.3542333966656335
0.4026384369873287
0.35854436730739064
0.37907624256697847
0.37583904400248747
0.3961780817341979
0.4594116542767296
0.4570982765552411
0.3577008638521874
0.4061773909757285
0.41046739103019547
0.4125500193945413
0.3815624981583516
0.3703036724246778
0.3821387228016711
0.40184646018592546
0.38248529493227845
0.35960952499750637
0.40267916640736506
0.3756399773328575
0.3988600498484068
0.40875544074971104
0.3807237238623733
0.3948213346575372
0.3964330648678722
0.367992458702198
0.3591946551208057
0.37267144203128677
0.3592790177636088
0.33424414421905424
0.388649651842497
0.31875865584774177
0.37587769043401276
0.3835115544578068
0.3513738779184963
0.3383285245335732
0.38862081428132134
0.36722695186589005
0.35906943230189725
0.3674067769343409
0.3720716373971721
0.40527112259779985
0.38804122363095195
0.3637162398729856
0.3781531508585938
0.4006443647471716
0.4453604157530937
0.38069287419108666
0.35558911450189157
0.38866478997127474
0.3772783289331596
0.4196688121958896
0.32863313223733054
0.3965175635250572
0.3984600900525306
0.45455652858258494
0.3780866859574932
0.38276466973516254
0.3580945033204148
0.3307674434090887
0.37982811010318784
0.3742515068376516
0.37833396158165
0.3775921606389601
0.3784211272738282
0.38817985385130427
0.35265720695217484
0.39628685027578525
0.38469170128005437
0.3746503307417416
0.3942177026197917
0.3739423753555883
0.393012413087933
0.36391578465004526
0.38201464804034796
0.3505046622191381
0.36322721842103955
0.4251896661583176
0.3871161105336342
0.3948152882620417
0.3382403860241914
0.4038686975629858
0.4380674263615427
0.38634671780018076
0.38993345056651013
0.3784766288776125
0.35950090409768376
0.3916115988905079
0.3743681905402333
