1.8843811693208288
1.8681461345571158
1.6416378182341091
1.8950609540160226
1.786206311464467
1.932093846197776
1.909165817208881
1.6477858431190855
1.937244888724369
1.9360449978335859
1.9187637950269916
1.6218041984860818
1.9998020676765171
1.6772169476072842
2.0115215013690304
1.6503043896311536
1.9618787635364923
1.9603890256345184
1.9576867935275497
1.9722465652001693
1.9195329040799094
1.9749244139703572
1.943337341550495
1.9471347715716636
1.9338429457746864
1.9472073005018187
2.155960143216758
1.7855021262546529
2.167356727544519
1.9405528200873923
2.1292818782289658
1.9289552230153386
1.6111747818532596
1.9293608874665256
1.8112969533419752
1.5879105342110913
1.8817291577938313
1.949410535791054
1.7378694676688622
1.95644127050122
1.9790834669948643
