1.7646834409641634
1.7511885837792165
1.8780759243053213
1.8841118933287047
1.8653833942169582
1.767980116555603
1.754486288433695
1.9296970765105612
1.8925993065542417
1.922222880528306
1.934815472836133
1.869899903474781
1.8784955472877776
1.8741725595248722
1.8693961924270412
1.8731331565161038
1.8728131537037038
1.8818057335112972
1.7589010962536027
1.8741678902494259
1.9218735920319616
1.9175924442409191
1.7448053335700457
1.751630873953569
1.8838477433759233
1.8728148834091056
1.9028981422481053
1.760539621423708
1.8631685912362206
1.8766319029937584
1.9482604043413079
1.9166999528404187
1.8845574404370427
1.7505087349956956
1.7557354140371626
1.8754027486775509
1.902399763784249
1.8677601828807835
1.8707736554535006
1.879795219064953
1.767285800219092
1.8849863500271127
1.9473340814053974
1.9275201830503768
1.9254149467852857
1.8929657833658855
1.8836054330170595
1.88795655334495
1.8871150864972284
1.8772886678054643
1.8865070380326376
1.8734746204553576
1.8589982772540161
1.883203194895419
1.7523717983084286
1.9203951840095033
1.9097642462883169
1.927064232481467
1.874371838222523
1.9040797564322818
1.8753188269528802
1.8806303791739871
1.8798423517226954
1.7490268057605043
1.8811122256540858
1.8999349847648965
1.931660258837078
1.8746839843320249
1.7505575399467712
1.7199365077832833
1.9045279344690196
1.8670595708653266
1.87899712349859
1.8847446950718698
1.8742081886761999
1.7546911749762863
1.8864688796699154
1.9106486110799514
1.9454349356313791
1.8852813835335342
1.9169321955188297
1.887949657163049
1.891252546324283
1.8820747158391127
1.882049697037643
1.8625126946455588
1.8876226983221283
1.8747733432270282
1.7621027470861692
1.9277091721385267
1.9240664503034757
1.8862109155078923
1.866037570488031
1.876905562487097
1.8784514546475435
1.906889929661955
1.8801623562653758
1.9292279539311568
1.9502241105522402
1.8843096098254826
1.949345635521114
1.8830666420127833
1.8903949496371744
1.8897352543004002
1.8920038570729276
1.882856217685551
1.8834840461389144
1.786043149310648
1.933871820329594
1.764714912495313
1.8653456583707115
1.8754344485875352
1.8747418108547702
1.8723549596291185
1.8706475030877876
1.8951929434682127
1.8576189590681635
1.878292518651912
1.9111960085322766
1.8727278723311633
1.8838577538000667
1.7614265567707224
1.9474548254419757
1.9397147613037122
1.920319215280316
1.8847892824031256
1.8825455171966343
1.8868755396868433
1.8795259592119984
1.764127837994353
1.876308012448676
1.7552997296314765
1.882075745746324
1.9186770235903348
1.9241256192937062
1.8721661707275867
1.8788598675013957
1.888365585358274
1.8812301737919208
1.8799852888850754
1.8719295213508873
1.7734140429768452
1.7710962000580275
1.8950931563242313
1.9208282757194852
1.8690309623610948
1.8864421015542299
1.8810777367056206
1.8899444348409933
1.8832099020324218
1.8740693582330987
1.8725219460271003
1.8918817217011152
1.8731048199181617
1.7604883803564328
1.8785386421439532
1.910462713006059
1.8715887838656196
1.8793360256488045
1.8865534961558186
1.8757202994593125
1.7673104283953498
1.9117445999126068
1.9256735007582266
1.8705042019669238
1.8834798699806707
1.757530034289326
1.7832294137143814
1.7593888461621325
1.7742174950719325
1.9042520935976759
1.9437754406261258
1.7664112550648374
1.757875799144671
1.7574945131569844
1.8799421663400828
1.8879790852228353
1.871649898711257
1.883977997104394
1.8780509826023355
1.761858875510791
1.758630877741934
1.884072945278339
1.9342090836578747
1.922145333379366
1.8838252910787336
1.8725118680036905
1.8791319091880379
1.8863886549128208
1.8828324359927364
1.8783820226626047
1.8846645253464667
1.884486539168127
1.8756987638786216
1.7393465494810196
1.9134429546802079
1.9306491746021683
1.9259152441248726
1.8821732401844713
1.7837256155734953
1.8705387246467113
1.8813084980460948
1.753921037131305
1.885080283041702
1.7661996503263815
1.875486660767298
1.9462185557715972
1.9298041866622782
1.887381773166188
1.7633246293409668
1.8915960985497688
1.8798544715022965
1.7565227297368085
1.8802149541624842
1.8590154588195524
1.8796484442465815
1.7604657358058982
1.7572301232870908
1.9145864366805088
1.928340093692405
1.9177664094791438
1.888192379322667
1.8863265115896457
1.8824940236946608
1.8818997661853536
1.889679608594027
1.911047694028513
1.874737429266928
1.9205214136440762
1.7603708070361122
1.9108515944264772
1.952227639080097
1.781972345992866
1.8846129525020103
1.890738003472175
1.9086442149031346
1.8833260858493779
1.7567496933374862
1.754836548538642
1.9267699646143264
1.9082654576835303
1.8804314366664299
1.9225823961182413
