0.5050630581332478
0.4446473935918147
0.48035709418893496
0.49079126631443065
0.4980650428374056
0.4862289051998309
0.5276014175246013
0.527096393648133
0.4838665856900912
0.5139007687173136
0.4701833762539274
0.4857398306907025
0.48083350541464226
0.5246843420688352
0.46399629803101217
0.4749093809380923
0.4697068040789474
0.490222231787148
0.48892391481415426
0.47156049979895864
0.4913903115209294
0.47428504642555047
0.4515537972046309
0.5337857849197827
0.46658719924115843
0.4584624130247116
0.4898804233729982
0.47379260419773134
0.5012887095578725
0.43807634254143635
0.48550343643324856
0.5848757030074344
0.474545693072023
0.49079321985499347
0.4704094615093236
0.4810613999811584
0.4794631904656975
0.5689577923669245
0.4867606662341955
0.44891816971106857
0.4544300683711247
0.4854793612623123
0.525662156188971
0.5808367285296172
0.5265770738169429
0.5007657704670961
0.5234276302259886
0.5049720530885161
0.5020896863229692
0.49538048944793356
0.47823244612558197
0.48528735241363313
0.4241261182285315
0.49974210229679134
0.47661314615383493
0.4875330194001313
0.45076946780519306
0.48667877068944354
0.5766463393561567
0.4797615214810321
0.4812589498255886
0.47731862069617237
0.4663247142373512
0.48531405059907967
0.4258125119707638
0.4964526479161214
0.46411537945116627
0.49507192407747713
0.5715620284213144
0.4516692925171125
0.48163703534430535
0.48265402686952996
0.49543317357415506
0.4783023385173835
0.48823965160469807
0.5012033406072669
0.4621625462943701
0.5749502951592401
0.48978529447899344
0.47826249191543685
0.49818710935514815
0.5223037707391378
0.4965143361439367
0.4858085462246471
0.44293261705386644
0.5229615835048818
0.4701380029446563
0.4944103731722168
0.504297103851794
0.5079030377947208
0.49962346143434755
0.4805758036141606
0.581640139891959
0.509429452685818
0.5863828892638121
0.5751095702248166
0.4940978948071467
0.5084556257423132
0.46508679699888755
0.5207111957682575
0.5161762097242818
0.4973583159053928
0.5006488535552285
0.494115864062716
0.5675405689026428
0.5358313809353346
0.5334877920356043
0.5034944530224982
0.433369163751009
0.4831803845113793
0.4620959200607716
0.45819339245757745
0.4646707083660565
0.5409271197729904
0.42858967418205535
0.4575859067051127
0.47423491705466275
0.4983583600098588
0.5025779214461376
0.5752596377814847
0.5406547690510056
0.4802569948149251
0.4894521230854144
0.48563273262864937
0.5130368130481298
0.4958660188094436
0.5040523254729982
0.5400635791175933
0.47686074097825004
0.5026860854425113
0.49763254460561474
0.46956001465018166
0.558991715063099
0.4788489298627046
0.48266016076499496
0.5013615350475913
0.48198574515310155
0.49089626965935135
0.47580544078946246
0.5276418584272551
0.5351153625175398
0.4915219173477827
0.44623478786097726
0.4952436423992427
0.4785711668721814
0.5223008803757861
0.48009996014958356
0.4570762436876887
0.46261078340470296
0.5269649981915013
0.5365370633004397
0.48208207233939576
0.49825521401427697
0.5686606587346485
0.48810300712391397
0.5235109769330794
0.46058448927127543
0.46127207795790826
0.4877127756348135
0.4817772672796617
0.5076383687357859
0.44814327293017087
0.5224967271241164
0.48569461442530754
0.47979796139996556
0.48131003291386626
0.49397834214084074
0.4940907556703039
0.5587663475449292
0.5640215052843938
0.5625954154757616
0.5188051481288374
0.4864831250348962
0.4839923984953327
0.472358276175538
0.4850872863701868
0.4510239309642388
0.5205533660068694
0.4830678036681855
0.48411034399705466
0.49818537990149336
0.48762235844136403
0.4827646280908802
0.5015846133526536
0.5232724557535403
0.4675877828945399
0.4734533550857345
0.5026496480568258
0.5103652498481651
0.49075659337061406
0.5080997795406161
0.5099492145390021
0.4866472187004708
0.42430924256863256
0.45263371803530134
0.5079952232559338
0.4828117458174518
0.45760327459574146
0.5235205154287965
0.49460688639248046
0.5687260131067865
0.4724737334694911
0.46366069320493664
0.5032393700638464
0.4708226376648935
0.5148536816621687
0.4676585018480194
0.5760752081252298
0.5044164038473404
0.48962213030124097
0.5703711512171237
0.5063129343302247
0.5350704206561379
0.4738790981053733
0.48294332397131606
0.4787178366720123
0.4238527765523571
0.48223317948630817
0.512513428539672
0.5053577632831548
0.4798162656691346
0.4812327518715091
0.46453832422552926
0.502396446416328
0.482403135164701
0.5280624285926829
0.5067484414203183
0.48715510853826016
0.5196212720653693
0.5864313972040266
0.47430303913374894
0.49062740854666387
0.4680990066548304
0.570408626612555
0.5624697344514271
0.5281274425767238
0.5835525999784823
0.4944659710899525
0.47648914521869834
0.5051586164192013
0.45345209130101705
0.5005925034593813
0.48617728522929515
