0.7072624173161278
0.6527616617011517
0.6561323030047129
0.7256257006288214
0.6310703887146951
0.6405708013053302
0.7161659453584585
0.761761323496339
0.6815929929079089
0.7180262115294284
0.6758336353145722
0.7985485529746572
0.6063825215335982
0.6645691097434834
0.6247054855955286
0.6777908999501885
0.7111436950067337
0.7012587509280088
0.650328155111984
0.6117579961477787
0.6351513124644742
0.778190915023738
0.6840453050708155
0.727551782399385
0.6675220163004003
0.5918101303974425
0.8236002795584264
0.7676137796468052
0.7248683826603336
0.5986444752689636
0.6530415557417035
0.7501831659966799
0.8486267896123002
0.697616483631887
0.7302812493285004
0.6875721343036267
0.7742196219275383
0.7458134723573132
0.6829721799004874
0.7312629937459614
0.7389321163324122
0.6942761793701218
0.7235560762583315
0.7149424342436986
0.6872927360469057
0.575677249974294
0.6702429650185325
0.6799521412408173
0.6405880628620726
0.7226257867846116
0.6291480818329949
0.6155981320819736
0.6274418346757322
0.7702840023603177
0.6860810027633628
0.7837508454268596
0.71063718916399
0.6031035155916332
0.6702686692340061
0.8209227913356519
0.6372369526319452
0.670230298307919
0.6736035565464933
0.632033356475026
0.6693690075204968
0.6991367924033911
0.60016165370873
0.8104804595589159
0.7752344114089098
0.6879136261363524
0.7255122974110919
0.8000069960542548
0.5893703443800087
0.7523622197992398
0.7272824212090235
0.6833137820134607
0.7023993683209553
0.618967203478547
0.8392521499110565
0.772887614738144
0.6906802804356853
0.7178846503158549
0.819638025685884
0.7078469002147977
0.7761122745021231
0.7308030091631749
0.6932919694873598
0.751706448327235
0.7169152559017536
0.7226780403757611
0.7010563359354249
0.8281170197412554
0.7561895651654121
0.5908379320159526
0.6117332302281244
0.6233343807080138
0.787918642261407
0.5689514689062238
0.7094560771569508
0.7040751299309789
0.6303544844462797
0.7440352832108885
0.7827554262892015
0.7508692804065998
0.7477546148906261
0.7898229365244345
0.7143726562815316
0.77337259407499
0.6809275698603109
0.7060853733839386
0.6637434731266172
0.6390567455110799
0.7955044272249451
0.8003751581093403
0.6914523755772655
0.6893820020511242
0.653218085729172
0.66326981331645
0.7483035687296362
0.7537615042006717
0.7592131192893036
0.6672620380581747
0.7315088816762179
0.6852180573169669
0.7134618614581901
0.6289291745772703
0.6897553409108075
0.6619773935808189
0.6439717330532729
0.7650733719674171
0.7613824492889523
0.7837647531580332
0.7160831283785265
0.6719707052187651
0.7595880657194195
0.6686734637135989
0.7553640450608388
0.6744401578826673
0.7484532494484102
0.849645172323413
0.6986573479770548
0.8064058897341099
0.6906554546882709
0.763618945965334
0.7661258189750316
0.8207134901460267
0.6813341756187424
0.7140897829166617
0.7184839464216394
0.6926702871332259
0.7175780442371145
0.6876884644844182
0.6897044268859028
0.7125844560741246
0.6603562134608145
0.730566975583106
0.7216592698888175
0.7038017573520422
0.7063090582717331
0.7725596734898382
0.6364685224582353
0.7271814001306715
0.703508015135372
0.668947621111056
0.7487178869685824
0.689965274645119
0.5709165717267588
0.7025796540874397
0.7357419208444544
0.794878635519173
0.8218642079104446
0.6206231005346594
0.5904238236963485
0.7256091537476775
0.7296488812661998
0.7384524256855595
0.6232377148846272
0.763896623797817
0.6828855777468423
0.7687137031588834
0.6786209333857456
0.742416402382365
0.6205623508911803
0.7098597310052859
0.5865446137370725
0.7091566289049691
0.6899997574990088
0.8329062164160178
0.7039380096373675
0.6756465138677726
0.7497644947077434
0.7532384368466317
0.6822110664748116
0.724122313973241
0.7108113887232641
0.7069794301364087
0.6936463684092796
0.6088520227508275
0.7938957809983901
0.6990592491514482
0.7320600805364336
0.7533527697532215
0.8525880654102344
0.8005302845575927
0.7349534242331635
0.6588375944599754
0.8159347870452455
