0.46327091998574227
0.4489746464420218
0.46533316628572663
0.4438420394204087
0.4802676946417284
0.3968222470080216
0.4096559682994928
0.4252424991548686
0.41790615449922097
0.4418981168910896
0.380982224325966
0.36605791236863977
0.42830978437361544
0.3922483923437741
0.3628916504935663
0.2842410190039828
0.4193991917900123
0.48509620257754893
0.4095080747028953
0.4923282586908053
0.38529725300037365
0.38814834000985204
0.4044245966975661
0.48083023832563626
0.4418616366865604
0.44986966519897675
0.41894227891817554
0.38846929879196257
0.3988678133557335
0.4020023499355006
0.47526748419258286
0.40467218924157755
0.5227331712550043
0.3913862531037776
0.4287383648886727
0.420608611108761
0.30138487782985784
0.4197190566272935
0.4272871851021802
0.38060109008108345
0.4924675032322925
0.41799819954730744
0.4541076839176825
0.425999748854742
0.426614100938115
0.4358320424510701
0.47695879182039325
0.412682524816553
0.412515519074963
0.3890396429559969
0.44839340162335795
0.4039723567679675
0.3333756004334895
0.3809996616818714
0.44932957247859706
0.4870440686221451
0.46125776072173
0.2874265668132567
0.39971508468206973
0.4800312557320796
0.370213199152541
0.3801873743779401
0.37382511188092216
0.3918330257366157
0.3565788641447992
0.49346151433987046
0.41540438544531594
0.48583522645667226
0.4247904002466395
0.38899022272727146
0.5089979345592093
0.388402630008332
0.41153516634931187
0.4199723340126191
0.42689471993690586
0.44876705732583877
0.3861261821405048
0.35185748037724485
0.39553727403892247
0.44759148969275236
0.4003326004760832
0.45221167735943063
0.49749462057405663
0.4737688790557479
0.3566592453781159
0.4105815415147866
0.4489548938189636
0.4150654397961594
0.3850844827881985
0.4354186476933297
0.4310567964638232
0.43417550249070735
0.4088015654971904
0.4318804612949686
0.3742167046462085
0.4792030595094873
0.432481966816246
0.4343166260511222
0.3785062144601579
0.4414607513314895
0.3916554258381164
0.3808817791728438
0.4962872708188685
0.42639723272539365
0.3963186823904477
0.43388915680073736
0.36882732430373466
0.3874532671154689
0.37109516720886826
0.4321530812030624
0.38244110058306136
0.45338232819027724
0.48123274570680225
0.4946110673274202
0.40681481749623527
0.371031275341255
0.3576747334998329
0.2779540263344316
0.471109281194079
0.45156472248921364
0.45877240569602534
0.49570682237482566
0.3876786194321142
0.36182267057282536
0.394249441617463
0.37481279634805353
0.42200371819707483
0.4560570591859605
0.2941396473054672
0.4819124887041103
0.5031568595275002
0.4236926566291006
0.4245342349944242
0.4243839794373204
0.51071927317292
0.43030357533282987
0.5029094907084874
0.46193992680592716
0.4206822515367975
0.4948944027656822
0.40629449179932065
0.45587149570914975
0.4081221828617581
0.39210560920706394
0.3897446762334009
0.47130072717514104
0.41084738180815467
0.2953118953272655
0.4315665290610472
0.46257102364579056
0.37380277786770033
0.4351828652075085
0.4170558189630256
0.4373238573079964
0.4110447880365403
0.3714208967233059
0.40877404200538725
0.4361185175158204
0.3251086366528211
0.3885317244154822
0.4417441291644705
0.43819904827467415
0.4000275681693549
0.39137660855406986
0.42435503761061644
0.39800761029465026
0.3753892547907504
0.45814150750546345
0.4595795321213537
0.3842860622181521
0.39796911207277186
0.33402670459150385
0.3991156328201916
0.4500066809303704
0.4080169988219493
0.4957015326291241
0.48306651554330493
0.42340143872397895
0.45930704060706906
0.46422183778614434
0.39622009919842627
0.48979341620070144
0.41017605953042063
0.4066489101075196
0.27355012933505196
0.4525034753802558
0.4432417759543678
0.38145795952571204
0.40510881288968886
0.41111621359435024
0.3777430710496097
0.4294165673953402
0.4185131106806448
0.38588242872258105
0.39760565037128165
0.354621777008914
0.43565142638333365
0.4388272813659152
0.46431359965543
0.38152455088295184
0.41674705036001014
0.44276984689403487
0.4511925803032859
0.42635419076851866
0.404320537718579
0.46574098522882024
0.3731839904350487
