0.2865882886238539
0.24906138883332843
0.3152239625692343
0.2437152819434335
0.275732953926761
0.33950420514577695
0.324097361366311
0.2652879873982198
0.26646765911214054
0.36281195548486134
0.2868713586716014
0.24792471939443278
0.4344129981597158
0.33376807565562594
0.39429260142807676
0.44970314111297627
0.27409979684627905
0.3748009698112751
0.35651185326687573
0.5039859369066102
0.3514495252683273
0.4412973142448593
0.36693263776962337
0.24921585111747485
0.25235870867097226
0.3401866216308056
0.34378811984513924
0.29854544587601084
0.22792540717748414
0.331921298391628
0.3859403948149024
0.27351557046399716
0.34912531697428173
0.2391611210505123
0.3661778264475577
0.24986043587067136
0.2490552994811689
0.47625811675544594
0.20381653994982885
0.34860956926043596
0.2909636760449735
