0.44080679929878586
0.3874957768727746
0.37626180711724194
0.46380326124634735
0.3841671273776851
0.4054897045829326
0.36942950740236313
0.44188293172625864
0.4753712238625426
0.36697754722819187
0.46151066927479684
0.3753909096590109
0.3927812309517055
0.33660846322387283
0.37931413749873827
0.3687735954481779
0.3982190437246508
0.2816446244970796
0.46320110074202103
0.40811020501530937
0.3774210725165643
0.44940795693782254
0.48515554723316395
0.4678894961903093
0.39814208361665604
0.44002350958983116
0.4191135216909628
0.4287570544916866
