0.7620180803902068
0.7688318219419057
0.8188865404918767
0.7662527456840558
0.7738500461489228
0.7701693743397289
0.8192876873385176
0.7677498957073864
0.692488786044075
0.7698782847541471
0.7733141553966079
0.6965079586932572
0.7696791764362956
0.8276442710648911
0.766673525600811
0.7739424925340082
0.6928934153395726
0.8186909260091756
0.7651462986527348
0.769443292339879
0.7025489470284285
0.6940873876941884
0.8242890619529802
0.8275818964646225
0.6988029459411103
0.6977585520342299
0.6907555549966959
0.7688991144398717
0.765029978656041
0.8182166183258672
0.7692397341333536
0.818607523195327
0.7078973004539065
0.7029701898897781
0.7736112172157357
0.7701885813113832
0.8189286112613089
0.7689256796102137
0.6934710442719029
0.7663994175590227
0.7793870069442864
0.7642007133603045
0.6909373031527293
0.7775217640566884
0.6955000342416333
0.7727139956868889
0.7668410958143462
0.7723460354403623
0.7646158549715878
0.7705013505095717
0.7675075173849072
0.7677261309022282
0.6958715710134011
0.8241537616947814
0.8274251292856614
0.6945838554247421
0.6933486691591194
0.6903722065304896
0.7685099333582014
0.7650862711208805
0.8191324415776176
0.7689897000220856
0.8190224192956074
0.6987030939400758
0.6994132349067772
0.7695948769601464
0.7699592339169953
0.818319279349607
0.7653731481942989
0.6917436212251707
0.7648307171337544
0.7722530415622971
0.7670268241210655
0.7703422444173955
0.6901734238543418
0.770367325273786
0.6965001740662817
0.7692860458384438
0.8263748094919487
0.7675761459141619
0.7657911384883176
0.7595715739393093
0.8219932560641817
0.7664465598304703
0.7673237507549518
0.7041399526256871
0.6959124794957774
0.8241343652425016
0.8271613927731242
0.6938101228004276
0.7026380275327854
0.6885438873105156
0.7665215348401633
0.7641998579951719
0.818230691099753
0.7688828184182062
0.8184446808697484
0.7116522487129611
0.775609427283822
0.7697613903166137
0.7616791278670829
0.6927153187464523
0.7666741595138572
0.7651141699571912
0.771204649323984
0.7666695246444365
0.6968108901232207
0.7706078174409943
0.7721008507652076
0.7678554870731664
0.7657988461493926
0.7604789626644334
0.7709698476960205
0.7688534477571423
0.7700102580304043
0.7007444799943648
0.6934034421378484
0.827836417811926
0.695062654865268
0.6958819460113178
0.6864773970697488
0.7696993909106162
0.8220123573805932
0.7699674335908847
0.8184692128903894
0.6938311922653958
0.7666142423534504
0.7745054863328192
0.771167037422345
0.8157209409505024
0.7699892499809937
0.6943827994432975
0.7708454490077474
0.7685805115442842
0.7650005569157846
0.7721155730427307
0.6919133305877601
0.7754796359913685
0.6981031603814039
0.7714944660696681
0.8258161763960065
0.7663040982249647
0.7708726793137267
0.7621177925390722
0.7666356708851527
0.7662853199712052
0.7729492657479599
0.6926278820321012
0.8311672907351738
0.828711544684829
0.6954019935251547
0.6968107951609444
0.6919518090036617
0.7677255606987694
0.7683152262696106
0.8229137739784368
0.7712660136283543
0.8209957768961156
0.6994913739969402
0.7002702181360109
0.7698669034251232
0.7722049043564014
0.8164413396302407
0.7766415180608641
0.6931465391091259
0.7649241916255447
0.764208725917823
0.819755570664511
0.7655327795432066
0.6929293723351168
0.7708981566156438
0.700547586964526
0.7680407103643885
0.8237024344770649
0.7658751679951405
0.7736815442715754
0.7645909005815957
0.8257152560476371
0.7050137957779743
0.6990925977956275
0.8283146349649438
0.7662518860374771
0.6963404290862542
0.6916135699654656
0.7709948558240438
0.7641424737395545
0.8218696398807779
0.7693013381241957
0.8219318077018182
0.7616735556000314
0.7681799616121773
0.7725326166463105
0.7738704406139136
0.8167806321757702
0.8172318625554563
0.6956544645354426
0.7695548484011844
0.7679516310831991
0.7665520355660971
0.6912252798924594
0.7787593852367014
0.7802178033586987
0.8244021072540703
0.7711236029575281
0.7591430631175631
0.8202301035039927
0.7690834374165472
0.6906907977535456
0.8261809228852393
0.827436761311263
0.6963522244706825
0.697797254849981
0.6936156193599383
0.7688325450621438
0.7669154318534758
0.7477037575120611
0.7665901321850352
0.7743915970271672
0.7775856952121104
0.7819084238404967
0.7715289061390039
0.8170458074424753
0.7716223855837775
0.7679338936175677
0.7787954866139092
0.8188356293627376
0.7703730849503521
0.7715953681239673
0.7028119052874314
0.7737725235064712
0.8233444324364643
0.7693631400299256
0.7736195357729494
0.7661664294433375
0.7707276628164019
0.7680342701424293
0.7692637684268624
0.7800927662294251
0.6961891297157694
0.8264308632703095
0.826849636475099
0.7671006689549175
0.7093906189832618
