0.18484942048208172
0.18905939634820695
0.17985487988151352
0.18103110194385544
0.1690916971084791
0.20313659415566415
0.16428742514781816
0.18486861651615016
0.180395397957972
0.17783244920983987
0.21174190559875014
0.1706521034927699
0.17746147674339932
0.1869583370807574
0.1696524501461048
0.18525078878436763
0.1780732435185185
0.17613013948292128
0.17855981062680137
0.16693631996425076
0.18323899481837602
0.1950435185724964
0.15697336232516165
0.17212030104689166
0.18054647511883956
0.1707654887208277
0.19153287000673427
0.17233530957014814
0.1715334481604831
0.18136517665640517
0.1933725602626471
0.1757082340676033
0.18131261852360606
0.1724307906738135
0.1775485940414821
0.18100777941667495
0.18794041084137394
0.167594880172786
0.18387137208644516
0.17210349188541765
0.17710158931817915
0.18732368348813255
0.19819593013175463
0.1723133338609548
0.19140821132367739
0.1992988257488768
0.18509089384843125
0.20225867594652214
0.19550989268607277
0.17299012829525548
0.20093346760243713
0.17335437727680023
0.16865008202323445
0.19504634506026064
0.17819107279217564
0.19170025835546256
0.17650988593485606
0.19436952817113948
0.18165209490509487
0.18471452564152613
0.1856285004642186
0.19154218345202417
0.17563147708856972
0.1692751952862964
0.1859888904077452
0.16422417327223596
0.21308898748305505
0.18178043709041838
0.17079968723391312
0.1682598631344429
0.18317549538464384
0.165657557343962
0.18345998608163921
0.20443460434527339
0.17687613081226405
0.1665471195706948
0.19307630297469322
0.1763156280767821
0.1896449277665495
0.20454445745714372
0.18454647134432048
0.2016649534396402
0.18610884688868312
0.17646068060326234
0.1798753510313843
0.16587567382351148
0.18174725868038544
0.17074345270524166
0.183637959725547
0.18614888652312112
0.17954298509972225
0.18909454144564303
0.16897410111458547
0.1776633075593379
0.17497793971315223
0.1954319243368114
0.18755884932024988
0.19417377823340723
0.19936011375483606
0.18545837634131268
0.20849796442042445
0.18811030555620512
0.1968552997522742
0.1897205683266707
0.19491659919514648
0.17750363143212133
0.17944580040544125
0.19558024790456272
0.1862682043925661
0.17240326600375416
0.18843232285624179
0.1762282537055323
0.1839639956385175
0.17380002883416695
0.1760274128711249
0.19131304927421316
0.16463835653942938
0.17397294910065267
0.1700868792252218
0.17333202127196462
0.180582973128902
0.17782095886427837
0.20079703597680176
0.21753622784286736
0.18201809740393748
0.19208799175030383
0.19225381407869607
0.18766409778799437
0.17524760215958735
0.19075437216173358
0.18518566849346718
0.1620525203786086
0.1848540553331131
0.1782412036204753
0.2145415016970622
0.17193168709956952
0.18059759842135645
0.1942092757299844
0.1867360145602343
0.17311120114356857
0.17178330675443615
0.20539415697229363
0.18975905360198914
0.19194757014990654
0.18155382798849792
0.17782183236361082
0.1918821997547197
0.1888952697368934
0.1807622573836076
0.19810495101621092
0.18601945069015333
0.17640712004632256
0.17889053965141405
0.17105610584081257
0.17975982447665736
0.17198548305665376
0.16739686719979105
0.1790933610049747
0.18398866499831523
0.17758540349434915
0.18605033377873595
0.1800331065053673
0.16917770693981454
0.20905753642562488
0.17853167087593497
0.19154308459663455
0.16738210032957668
0.18966986926320584
0.1799042490053812
0.1896415143808861
0.19779622752172954
0.18994480542882916
0.18738743467527585
0.17410757601212606
0.17441939832606507
0.18471123405017548
0.20841419118938426
0.18537248950347454
0.17113773856448947
0.17450343247763828
0.1948650349976805
0.16873962117185204
0.17758128810489873
0.20025079639824214
0.18086188692823632
0.1743877285958452
0.1763419507640861
0.1867136056007303
0.1921768855959453
0.17337498088296607
0.18046432690039252
0.18291197281816088
0.18814679178927013
0.17443284527784428
0.17177918902622413
0.17177204292047737
0.18510989387287152
0.19330735639079452
0.17813346894890048
0.18055030400941174
0.17480730372080108
0.17091544305289819
0.16596136169301692
0.18717771548534795
0.1795047466624099
0.1814084887546897
0.19040434922337818
0.1956401014145811
0.19237509710940967
0.18483535344927293
0.17820291728996837
0.18274397783259616
0.17402399145263917
0.18585921428907526
0.16840887680606922
0.1747059788800474
0.16363224106987584
0.17313506607640072
0.1768698183402545
0.1831512200169343
0.17562472336525012
0.1763154409982318
0.1805742878232925
0.17925829534521473
0.18562201424021776
0.1875628812200905
0.20620205094316205
0.17767010566901262
0.17246202592316182
0.17566017821426777
0.17298674120441826
0.230040660310514
0.18465703855383742
0.18059700594602923
0.18837967472748982
0.1999587948959128
0.17702340328504923
0.17030218952588594
0.17006606047621747
0.18118930126770216
0.18011226139308484
0.18174697937171722
0.1779116254059363
