0.856752495280536
0.7713937717711672
0.7814216135914245
0.8802340079896771
0.7563002066684591
0.7683676183571073
0.8743571573938559
1.193259823278294
0.8252709544070227
0.8584144470142487
0.8115440243829573
1.3161264925552705
0.7380845636645257
0.8002828750758053
0.759638803065016
1.1692735562497156
0.8660956195072343
0.8406481143448672
0.780220664298963
0.7344735440906307
0.7623528858948344
0.9382637833515206
1.143192856013335
0.8801435780020856
0.8058349389974391
0.7176249906902903
1.002351523452779
1.2862872661161397
0.8802942720094564
0.7363674508106636
1.0717053468307893
0.9067319704913247
1.1970447571377196
0.8413670025785234
0.8839041587805716
0.8427949727826656
0.9459364056959879
0.9110209294419112
0.8275668549731042
1.1675968165376682
0.8864681846509853
0.8447043628419431
0.8676435597595369
0.861372729161981
1.1667221124985943
0.7021776276422463
0.8086467414532093
1.1591561499994918
0.7625165812164069
0.8588059871751125
0.7658461234267583
0.7383524542119013
0.7639403281022732
1.1506455233706634
0.8096080391661524
1.1507539060230156
0.8571447301628947
0.7361066843239746
1.1571212499994965
0.9942020186723329
1.0695461933661032
0.8449007690499014
0.8061172919826592
1.0671223376233985
1.0996875366157757
0.8453681127701265
0.7290013171927733
0.9844390355684631
0.8933308026217415
1.1671867374963996
1.188410079844473
1.1777447707539437
0.7197977647044468
0.9065533827739446
0.8717926741890845
0.8303369262820797
0.8464744155701798
0.7536503540357076
1.3093777708417103
0.9380063055255481
0.8283951999247087
0.8657561060450484
0.9877274678110259
0.8542240722110571
0.9457917258660302
0.8948149727076392
1.1436243359357756
0.8990870946212081
0.8722353184490342
0.8691274214561441
0.8783985210163979
1.003136738578755
0.9123044859686759
0.7201836651310809
0.7656885376854247
0.7564719183631865
1.1973622769106043
0.6947981343336149
0.8854834018372277
1.1558569082612729
0.7591146521882643
0.9216684496970602
0.9458857634163437
0.9161399369431196
0.9244265366715716
1.30292087716162
0.8598177996517009
1.1902237485175973
1.1675904999994964
0.8463625530305046
0.8107607351394861
0.7739817142267242
1.3116465231213976
0.9769197664451897
0.8283336310553513
0.8392391404602387
0.8009742672344294
1.1571212499994952
0.9101651816492752
1.1959998530678315
1.1978896989601637
0.7899786454777362
0.8829458992069932
0.8298687869700035
0.8665163091479661
0.7627320272803344
0.8358816468453291
1.1372299534365673
1.1357531642311174
0.927365564656379
0.9230683491429061
1.152907003903354
1.1863516002935341
0.8102961541036395
0.8828972971492681
0.8382106839118721
0.9109734569457505
1.1014904751619736
0.9041252816158747
1.3309854411374509
0.8406121596668218
0.9785493537776407
0.8422794975766088
1.1942009287394693
0.9135794507319898
0.9944932281241021
0.8257597508246585
0.8631619967838998
0.8600082226243607
0.8283159463827328
0.8742871837843313
0.8389305031409925
0.8368822160201167
0.8858561393022144
0.8089277493350986
0.8803994516465624
1.1885598381535363
0.8791100973909369
0.854288747847761
1.1973704152892546
0.7662725607475273
0.8848275476484943
0.8544984852031445
1.0980691575549235
0.8961825501893379
1.1080215189695026
0.7030066195455523
0.8522543280654294
1.1679456443965663
1.1767712114320295
1.001086477160599
0.7683245211408102
0.7315040349159396
0.8814114322606496
0.9047225463128508
0.8844948464757101
0.7575010069462871
0.9289986123339818
0.8268742915492108
0.9125880282907073
0.8234790817355697
0.9068377618740507
0.7556466813177963
0.8567757604694908
0.7187631873118386
0.8630992670244031
0.8393861751908166
1.308145858451081
0.8282565102850659
1.1428920048490028
0.9057483375967386
0.9130726458988881
0.8280656397626585
0.8741794210279389
0.855586044253214
0.8602082439154335
0.8676668633433056
0.7357572011344253
0.9748055080132291
0.847000706174847
1.1670826931540386
0.9058110971500846
1.3123765356046677
1.3057868276309845
0.8923987954898018
0.7991044519613283
1.3242996993347267
