0.5732774262624238
0.5065852771537677
0.5549893913762646
0.5772945303036311
0.5039261717561477
0.5772669135491147
0.554099596583248
0.5977111641631242
0.6111173438929769
0.573915580415381
0.5909492244572249
0.5210296541570083
0.5451548520534786
0.5260469889616509
0.5204085130600012
0.525907146841613
0.5242450749999439
0.5733143134618144
0.5589652507812548
0.5382441482316789
0.5676769909919217
0.5340103412369692
0.5069518794689609
0.532673331363751
0.5831432776717981
0.5276976280417298
0.6685191284532881
0.5651438046195417
0.48601402106907365
0.5461660516605125
0.6827697520684033
0.5385411242144643
0.5829886069529369
0.5240409154591753
0.5405991403307566
0.5431554717392193
0.6683799435212404
0.5185328718435933
0.5140515463557375
0.5593945274363928
0.5997080508861636
0.5760009307668729
0.6729159266559654
0.5985658265196712
0.5760891032084778
0.6009196966093997
0.5733448643013918
0.5756180063189877
0.5786708823363197
0.5631709784673754
0.5731272183515247
0.5289397
0.46954940712240606
0.5617965986783502
0.5225008749999432
0.5454825147426875
0.5088594006381718
0.5750519287360323
0.5333176196687716
0.6786287734313141
0.5337859623007152
0.5557344739039088
0.5557951508179707
0.5124062415341378
0.5553659408213675
0.47801469632215193
0.5769831625877526
0.5328231292508259
0.522500874999943
0.5665983758688533
0.6733146222348745
0.5185772990545089
0.5621377509531448
0.5617920022975134
0.542332716057788
0.5499908934760658
0.5754809882216911
0.5163144029978814
0.6729333306229769
0.5601552543851408
0.5328556562497162
0.5700748175805543
0.6009777566085875
0.5653962079851763
0.5614173972989474
0.48837157736897874
0.5899255491477953
0.537901534041942
0.5653791122665885
0.5854487213407814
0.5784909317434145
0.5841222670157523
0.50330585094952
0.551535850827591
0.5472420683703126
0.6812139639678287
0.5579006046462425
0.5851996493016828
0.6839016179799399
0.5764212690810524
0.6729638811311921
0.5663255369794189
0.5895043148519957
0.5906175541044146
0.5949571506417582
0.5765604429464255
0.5783801426887724
0.6692069174945117
0.6133997943061757
0.5909007535050176
0.4798438068361211
0.5376202671881335
0.5358957019356242
0.5195746385764718
0.5156395893020634
0.6142930060378111
0.4698417034541061
0.5611274101527624
0.5201040782847451
0.5331850774157122
0.5798164913369923
0.5685940770757014
0.6728338660254322
0.6133382712905091
0.5618458423617072
0.5714061852185738
0.5528157311117287
0.5860869224494197
0.565553014129027
0.5697491984487012
0.5314661124999444
0.5601307209997104
0.575468369969067
0.5539866911529167
0.5389040084457344
0.5304358052002001
0.558101452014237
0.5873770728021391
0.5606104692364133
0.5756173009979164
0.5242450749999435
0.596792807498487
0.5992768793798535
0.6138850421334636
0.5649801020732939
0.5192364636512442
0.5831453362052602
0.5571942533705123
0.5980100224045332
0.5579426323826413
0.518909309186152
0.5189306982459476
0.6144225426238185
0.5301469374998735
0.5742140118774672
0.555279804650794
0.5210092503512352
0.5169449336922067
0.5624471179292999
0.5941460922483025
0.5423896869596003
0.5882757735320036
0.5298057039779296
0.5470935172065626
0.5155741327517401
0.559326625730548
0.55875153326829
0.6617177132432615
0.5586278385519121
0.6146543114930805
0.6685099118372246
0.664078061877924
0.5884711752894319
0.5600302939515811
0.5557277132187295
0.5573391396429569
0.5730023404677167
0.5086636268830923
0.5928947916392392
0.5571182024136457
0.55865041982375
0.5741966631028957
0.5809813550299086
0.6016808907936383
0.5693619743686089
0.5756940354233387
0.5191465730864873
0.5558102159214061
0.5756617178970721
0.5787868428608495
0.5539482986341163
0.5747913528976285
0.5810374260735663
0.548525224329734
0.46729284546826805
0.5236566066701608
0.6010973901253485
0.5686305008329441
0.5629598046536862
0.6720933524272282
0.5158220082814905
0.5772073775784061
0.5518050405164718
0.5781153261192093
0.5865204251071263
0.5348436929565771
0.6835423103201373
0.5859342958489072
0.5827024615518915
0.5738695927160524
0.6101904892011172
0.5604928584821905
0.5482627754459388
0.5577393372643896
0.46923245654786644
0.5659330957910077
0.5841148929866122
0.545140591724112
0.5247679195620174
0.59483186925206
0.5637837354126632
0.598614639722137
0.5853892594414314
0.5756935486178288
0.5592717575072265
0.5897503611429196
0.6843115421960568
0.5328690035571769
0.5706023221829155
0.5696648622362255
0.5266075170035373
0.6727247169711005
0.66207669054841
0.5749721810612597
0.6006779592810305
0.6797396329445726
0.5829610038906177
0.5457211145636434
0.5389417752943955
0.5852979412236713
0.5040611066556159
0.561805239872752
0.5604725692034916
