0.5445806270362171
0.5319856680122101
0.49233923230760734
0.5375874502144214
0.5782559311307431
0.5850272896856928
0.5537632712168682
0.5248304661911446
0.5475541968529918
0.5141792459673455
0.5128097442687377
0.5246847921806874
0.5665987345620606
0.5108455912688301
0.5244977330522054
0.5092467999999859
0.5263087501534041
0.4996148997988228
0.536798273762434
0.5189969024305555
0.48644811188519266
0.5775663967486007
0.48781218945876126
0.4969649605904169
0.5282154621007378
0.5091588343589764
0.5406154303149442
0.47747501289638206
0.6496367298551992
0.5035019017523119
0.5263253354982768
0.5221593315847277
0.5312177655470521
0.5263107148295912
0.6332134081635957
0.5219660097092528
0.48160682790687026
0.5087637808558464
0.5256181873627029
0.5843669795698522
0.5359710887096796
0.6415289337048689
0.5737040871985909
0.5523536684619079
0.5703017858754268
0.5519572024303077
0.5357665038206827
0.5197866299113705
0.5265440491944787
0.5145262562499963
0.4619374516917128
0.550490441309778
0.5092467999999856
0.5359231615823373
0.4859386286677117
0.5459505902933314
0.5348058830362831
0.6441248847572479
0.5190776736713401
0.5254048747408991
0.5192366636598289
0.49918894895197263
0.5232711634586916
0.4697635666848553
0.5453574407658619
0.5162529417268096
0.5092467999999857
0.5396098591774576
0.6281737087043953
0.4824530375002861
0.5216871620640922
0.5500718949149692
0.5230232542884765
0.5369715173785715
0.5359226888249907
0.49284374578379303
0.6414379371694192
0.5369457761069907
0.5153139812499683
0.5371697787416819
0.5687410150512456
0.5392804481469354
0.5244509967825243
0.48132517626622184
0.5675667106139299
0.49981010807210785
0.5342037258593515
0.5373642285067332
0.5725748348175612
0.5452356035406376
0.4913915705977238
0.507550611835282
0.6506631284840084
0.5369213255518676
0.6520174238053869
0.5451787841553961
0.6414676455498634
0.5321665533947806
0.48893019993603637
0.5621120724623401
0.5486342974743327
0.5543169917398464
0.5597781406453729
0.5408384972917276
0.62586709560395
0.5839687495902836
0.5800525628622657
0.5433765282271723
0.4728940980992941
0.49857496408163726
0.4806703499859447
0.4933115955004646
0.5905408515965194
0.459592893901699
0.5202149501802001
0.4810651833877342
0.5186153012222737
0.5448500058536161
0.5517381958529232
0.6417994437161645
0.5911167357007925
0.5221513403376187
0.533732620852726
0.519968790519206
0.5673814734741848
0.5383086614546782
0.5926174768415948
0.5151120999997753
0.5547043378338053
0.5588759322342147
0.5002762729670102
0.6127690049410882
0.5302844602630125
0.5380516028369309
0.536578013181424
0.5545559917345476
0.5086653999999862
0.5721240710937272
0.5687917298302072
0.5850786126673648
0.5352065782529425
0.48220981461733936
0.5299446909483848
0.5214570663117652
0.5582642479894674
0.5359454919790527
0.5218991824366075
0.4819098005823968
0.4801442655353937
0.5719109482224275
0.5914891976322797
0.5159290749999438
0.5588114584210272
0.6300235104280303
0.5212407928180062
0.5694655252605764
0.500498224723196
0.507226658268926
0.535796572997241
0.5196173024060665
0.4923428324653944
0.5613321598629435
0.5247154840563032
0.5346301411691553
0.507563527664427
0.49145127011157175
0.5256859979242468
0.5280605827024005
0.6127150434353991
0.5389136871597692
0.5925140962757292
0.629247751243445
0.6124872008618214
0.5711663250536702
0.5430011498720674
0.5212897900164439
0.5225898315930937
0.5274221412509037
0.4876805905584809
0.575363286946633
0.5216349064824316
0.5186020117786861
0.5566203659144341
0.5363878064776306
0.571205233914782
0.5324918823112548
0.543255039932051
0.5727286282939437
0.4991431606302621
0.5249240775867379
0.5376345303073237
0.5704069710427198
0.5418320176435387
0.5611526520540454
0.534465124491739
0.46112636810988017
0.4821275598898835
0.5514715081293197
0.5208022620358463
0.4874967548395472
0.5727201134509329
0.522020875093215
0.6317571387524715
0.5053994616652874
0.554454856471037
0.50257943679629
0.5376506391304333
0.5543056362537592
0.6475235235048591
0.5393077585279952
0.6331990452145073
0.5209132341143226
0.5383398769663281
0.5544580840343315
0.5215551988299671
0.5300402116614847
0.5683562900572195
0.5591992760700732
0.5072108473994937
0.5255958117006017
0.4882727023978834
0.543429381154037
0.5195384251413174
0.5718022631088205
0.5392819904398432
0.5497547275249342
0.5283522913087692
0.5662104937532941
0.5179562156316889
0.537291362954809
0.531989201382335
0.5244117869666003
0.6380674629009739
0.6152810800900865
0.5478158284999278
0.5728224787056186
0.6519120361399265
0.5264458064907209
0.5054522568799212
0.5135224245900345
0.4932282809734572
0.550728166101016
0.5232495145073036
