0.2474257396118524
0.2649180257967685
0.2670969703243309
0.26785001926078483
0.22602239032892302
0.2450178517469069
0.2507922144825731
0.26369644264781467
0.24797982229661578
0.2488421263972928
0.2476674717379984
0.26219332644045773
0.24643987556381208
0.24787345631433655
0.2512740884846693
0.2717131194542653
0.2629316585003183
0.24692082207925345
0.2440583155858424
0.2642873380949947
0.26327460859995266
0.26400320349089695
0.24584678801009846
0.2463852812652762
0.27306327916192497
0.2744411771989388
0.2458282110814264
0.2279786207927274
0.2252376748187655
0.24771779628483698
0.24779754490780603
0.2675661944504048
0.2286322593049118
0.24621434431767023
0.25031132382197235
0.2642354972761444
0.26363557466447063
0.24819995546401374
0.24957482016804222
0.2631421605899965
0.2501096982946818
0.22792387677012396
0.2550623399821253
0.24699152044234304
0.2521759065914517
0.27173417211794837
0.26293900370943823
0.24781767894790638
0.2643661067328577
0.2634263809612568
0.2496453999567556
0.2469575068751695
0.22789480742355
0.2729595834671446
0.2744233643085593
0.24538141612134054
0.22731805610556544
0.22428396164352904
0.24780232161511576
0.24798891328904582
0.2647478627362362
0.26707118838424543
0.26764892237435456
0.22737990416914344
0.2435008510031497
0.2509677976538322
0.26353013693314503
0.2647103967880468
0.2630797746760249
0.2482693622015022
0.2483217166455701
0.24810629921396124
0.2496749108656511
0.22750817795718875
0.2542303650529541
0.27181440787157063
0.26316526046186134
0.2476115627330687
0.26445800998014113
0.2506559456968861
0.22808162011064015
0.2730286272302319
0.2742798006513586
0.2457267401281289
0.24510793366702716
0.22470397097874223
0.24817164278567977
0.24803399353622996
0.26480328366442524
0.26687211011985945
0.26757659628226566
0.22695452252731352
0.24360238620746374
0.2513142144429319
0.2633692140091526
0.26496309209483543
0.2634971458173375
0.2485254353819732
0.2490998361992312
0.24774659403570481
0.2625683527502344
0.25017692009890213
0.2542797811785119
0.24698132169376674
0.25132398443946447
0.2719766720050321
0.26326671037391525
0.24728416202267628
0.24389489866877756
0.2637391437565325
0.26370441258739685
0.24723510914522828
0.24679004342784838
0.27433157698255584
0.24602274225561427
0.2283077885055093
0.22446794704121417
0.24846842287783466
0.2631335946364222
0.2686734134973274
0.22888517833346284
0.24403500131230008
0.25216505400798617
0.2662420120046608
0.2636556032902022
0.24895876429955613
0.25018448011933025
0.26429612545325065
0.22922727051013264
0.2556188734716549
0.24955885388248653
0.25409598082780727
0.27321630559307847
0.26598088874334913
0.2474938785259866
0.24506977039903005
0.2659462842807096
0.2651638619775018
0.2662410322726683
0.2483556203798601
0.2284525819300141
0.27472684723645024
0.27598295334008444
0.22803216186264155
0.2286997277734304
0.22696427610769535
0.26394398005552044
0.26626500596417124
0.25415304953899853
0.269198521550286
0.2467126989053452
0.24440732760187406
0.2511293194653832
0.26646529125339796
0.2657221480542597
0.25032702411334773
0.24928101293956784
0.24941878149126256
0.26410879144657107
0.25023370020281455
0.24770801760732164
0.2551861220320144
0.24993207230428366
0.26663565500151526
0.27279460664633526
0.25021264672561977
0.24913829658887834
0.24596082837692676
0.2668929991043575
0.2645742557340768
0.26506853327810315
0.2491893260729626
0.24867888397462598
0.2741113405083099
0.2756169099375644
0.24801247767856177
0.2279596318336835
0.22596293341937498
0.2489788560944632
0.25005173994026114
0.26733204269124716
0.268299128408612
0.2696363455084019
0.2450714857073778
0.24345760375531575
0.2516807633551861
0.26411142662203724
0.2660459312607491
0.2636502525223069
0.25015160322662705
0.2496495362619875
0.25019667618839136
0.264348402336321
0.24926485555152172
0.24844972280147037
0.25660771534404153
0.250466592178
0.2543458970253503
0.27288440604694975
0.2511665603477695
0.2479639550993101
0.24578983613810457
0.2664796252037758
0.26568746319226544
0.25225754746584894
0.24908761626402295
0.2745711375621389
0.27516359268486745
0.22662818623646236
0.2271959505140768
0.2629272816620683
0.26336618194585526
0.2666513597859931
0.25379594384406157
0.2695923307748007
0.24719361924273767
0.244421800988472
0.25050071760493603
0.2503470806233187
0.2665032774406754
0.26557653331058906
0.25161614054297315
0.24937443268763163
0.24966753583895893
0.2634439716220324
0.24811386996403798
0.22907420606027734
0.25434687111696763
0.24941403070526308
0.26549269880813176
0.2727821662836344
0.2504431012262507
0.2479552000532772
0.24532892171992887
0.2668651334049383
0.26457026052755783
0.26621830253118
0.24796049331668346
0.24855811333403427
0.27402518857823827
0.2750534621484532
0.2482738266653569
0.22960997185233495
