0.2813510621599998
0.28426192271571815
0.2543429962974888
0.2391672077058343
0.28015845184577937
0.3022209109131655
0.24777688036114734
0.2942777584203201
0.2810869993520926
0.2942698992046578
0.2864873721127037
0.28177358222172294
0.2884168161785976
0.2884276346073808
0.28634374508098315
0.3108360167150857
0.28971109425759045
0.29115486501680593
0.2937087371001666
0.29626783938659673
0.24765546761215054
0.2989498437738771
0.28609074267103946
0.30896025380353453
0.30839274737393707
0.31004939800877507
0.30688874019565426
0.3294932940303547
0.3132040970570803
0.3012095430358074
0.31076530117827134
0.32382850446472655
0.3106433712421159
0.40775328880597117
0.3539557822618725
0.31177642550733625
0.34495898358386257
0.3450990853123542
0.30978728750447015
0.33799327111656835
0.31022732037558265
0.3133758538083158
0.3220697885144304
0.28573095782833985
0.32994071343303033
0.28333980654082974
0.2850159582077011
0.2579005590153928
0.2585113712357528
0.3041743606628132
0.2685897129189409
0.28924099995611574
0.2825165084111678
0.29880775858035225
0.29164297338402656
0.2520045614710235
0.28423911288500253
0.2883420612714129
0.28897274494371894
0.30777647772168903
0.2870231292248624
0.2876452029696989
0.29403522028888057
0.2834776039576639
0.2987979048789181
0.24739038256494114
0.30068209465931345
0.28487927324337187
0.309057111351018
0.3081588323275305
0.3109119110144932
0.31090481245137214
0.3325524879637911
0.3114706742609032
0.3040243560001334
0.30936620724575026
0.3224894702181882
0.3101328876774951
0.40229537649131153
0.3550386311265693
0.3112032655366721
0.34560292251660607
0.3535478213319543
0.307818103750927
0.3446456270470664
0.3111851010228776
0.29418780519270277
0.3224153753622232
0.30184426258490193
0.3298776709134444
0.27471499734842897
0.2547445288972095
0.2805101685675744
0.2900075337795295
0.2662490775835054
0.2888025464581979
0.28108798351317366
0.2912794563090225
0.2881044546160475
0.2671479572963439
0.28426176620078114
0.2887342220676089
0.2860037125820318
0.2870115900764676
0.3109965661998301
0.28990136355133056
0.2932405743532417
0.29573556597675255
0.2951810312970597
0.2479549692224007
0.2963097926236655
0.3084522424256841
0.3119695976178017
0.30680901202636207
0.34916349053395773
0.30463458778283653
0.31095570167276393
0.322067660353923
0.3092090176757718
0.40507495462112875
0.35301102743807067
0.31281552067410434
0.3474026450408893
0.3428233813227007
0.3099658558491544
0.33856095081850485
0.30994179002203404
0.31392299057329387
0.3226251746069093
0.28487795118717546
0.3299945675707542
0.29672821594375665
0.30287237762134567
0.2782669841375197
0.28279934318894673
0.30907771175426435
0.29532137001211106
0.29062941395388486
0.3015545793489537
0.2646291742814873
0.2915065454070481
0.2972187010562164
0.29931163270122857
0.3149585678550269
0.29814247611588035
0.29995914161497955
0.3057406376502627
0.28989874882664807
0.3055495906525092
0.25569634175240225
0.30339079113349077
0.3094109721779016
0.31281382004795766
0.3195898808551004
0.3209600760970447
0.31982223823320755
0.32045135840667527
0.3215756288598469
0.31752215894025493
0.3301056576971141
0.32007683375555807
0.37422981011701745
0.3339839394107638
0.34360854782071226
0.3619759193554906
0.3160572543941848
0.3486748782229995
0.3169283636825536
0.337863273803607
0.33048722763151794
0.3044467178681947
0.3414057777133504
0.2889370461232656
0.2919062206136021
0.2815361719846736
0.2629281604535578
0.30223336644711124
0.32008804184447415
0.2928106101521542
0.3006441136104774
0.29326408151175903
0.3066610625259278
0.29474462268069634
0.2643658931367109
0.292495844283299
0.3145074949833346
0.30217777668713475
0.31680880882590157
0.3042119080930602
0.31172030131486594
0.29295012292193534
0.30464123346606253
0.2661862877428675
0.310385349656808
0.3081291993012884
0.3159087602284847
0.32307504331280357
0.35710329407059854
0.3212140395987446
0.316364755819759
0.3152833209920304
0.32997893847485993
0.3192555350155634
0.4104850778400911
0.36350016071151325
0.3216647348667367
0.3504859495818396
0.3633155388547651
0.31342253573412954
0.35932970451866797
0.31732920900688255
0.32056872211905774
0.3288832535317882
0.3081902688834428
0.3409861264488202
0.30240337346369456
0.27964195684782217
0.28308423222555845
0.28915177018233473
0.3033669065403097
0.28973473559489193
0.2921143136303497
0.30741384431327046
0.29830391540230855
0.26667258631501867
0.2901732969584478
0.29845804365644596
0.30905959577487235
0.29962888455702674
0.3157420910995754
0.30322366837940046
0.3052404640004681
0.271314858696922
0.31472152886711235
0.321452532584533
0.3185400280847821
0.31747932253164496
0.3584622402178426
0.3223211527013393
0.31817878279008516
0.3170086088833424
0.33348309934696435
0.3196122983047195
0.414056570078718
0.37560196572998295
0.3332798333820607
0.34415052824404163
0.3614188770686516
0.31535289222018553
0.3609072466577217
0.31805133329486474
0.3412835982374559
0.32956423891365016
0.3036922138269295
0.3442504425168105
0.2857497873287925
0.26562621134990716
0.29861262949810863
0.31881361283205684
0.27448271235773186
0.30124271579888495
0.30011770660225734
0.3068955584374405
0.2913681400101943
0.262546637728371
0.2941432119132898
0.2908420450328533
0.31207953489592644
0.3069631401318427
0.316680817862979
0.30143034364468974
0.29175258869067633
0.3061059575900778
0.2703746943647658
0.3084584534376077
0.3088405591927533
0.3148520990984889
0.3251582243243185
0.3200157048865658
0.32358714884799855
0.36018440235031185
0.32433364817082316
0.31603000057093683
0.31616819159123494
0.3308684302691838
0.3204812488567806
0.4273750734453888
0.3756911688545723
0.32476679977857564
0.3528851700326715
0.3639744273064841
0.35890187247591976
0.31955192486672157
0.338406338331384
0.33063279289566694
0.3093116904279825
