0.3524925559710516
0.4122260832530682
0.32448500057560864
0.34567079193528566
0.38677286907984565
0.5339657568730258
0.4319094845118905
0.3864375742638615
0.3399370436521123
0.41612782315688135
0.39900810138297527
0.39649003199263516
0.39403695530715765
0.4902216433901255
0.3876673751051505
0.5022385525513964
0.5845887777387568
0.37926756790614297
0.41928402094133577
0.5908321552186977
0.423794077602564
0.35419620884275516
0.4576606684471096
0.5772971133900744
0.4998531890617428
0.515702843910703
0.4791065005139831
0.636764192440617
0.4931057265038616
0.49532370643113155
0.5458214524520182
0.4709107350242822
0.4783239742523668
0.5607242406991741
0.5049128266168528
0.4541824228933043
0.552679429909158
0.45465701506697903
0.5849151173787444
0.5448712340953411
0.4456337055620466
