0.6862187291648967
0.5620296007034569
0.6105205150182551
0.602049763473345
0.5905117338756252
0.5957623060960056
0.6291809202156095
0.6685760528430721
0.5822519451302275
0.6707437585151219
0.5756170829511671
0.5189309305195938
0.5828671889128865
0.5618410047530706
0.6068948981655444
0.4437736851128067
0.697289768593054
0.5211299705742193
0.5994202392056882
0.6492753856043818
0.6477190678694178
0.5538030861850438
0.5880820308240154
0.5459044170505666
0.6380706624968886
0.4839864844527255
0.6061144931967127
0.6506434638233356
0.5891829846820751
0.5506981662787771
0.7594739157660739
0.6856689445643268
0.5678141620099729
0.6097703070549714
0.5993146700198307
0.6342967472424419
0.574986034305705
0.6174286829936886
0.5880193730931458
0.6456527173085025
0.5244255613178787
0.6021923181765831
0.5782690884960104
0.6095561553736979
0.4440699776557477
0.7057092857195657
0.5149678368565331
0.5992944946698494
0.6389299284796213
0.6377282006585188
0.5947597008972094
0.6041290531666093
0.5694172532669339
0.5450693348568199
0.6590314656384412
0.452600049737603
0.6493416113664539
0.6069112508094754
0.6501610081613097
0.5266013723724727
0.5445442808115394
0.7479140589561779
0.6686273680174672
0.5544790473855741
0.615834418997077
0.601488885106792
0.5856478303776106
0.5825061777707243
0.6207452726916622
0.6644854141603186
0.5888881737950891
0.6605605085529875
0.5880999265981156
0.5152213552585339
0.5925829839844101
0.5724160339166965
0.605442435137388
0.44144777727306184
0.7014048368482386
0.5200878159034615
0.5918183775868905
0.6490691755691842
0.6482057732969753
0.5790823655505188
0.5976579611312707
0.6031769892386458
0.5499077262071694
0.6050966378488514
0.6506895914750612
0.5839813784304874
0.5538643158445763
0.7561303467836711
0.7080601035017403
0.5966058268823743
0.6443929704818658
0.6425376844903082
0.6165153234967902
0.6516014347696633
0.6968514439308922
0.6321708683997702
0.6444881111255272
0.5351458572417964
0.6135221281661547
0.6315413195896868
0.6348733453825791
0.47896165882025493
0.7259034444022396
0.5220214110154411
0.6391760059337177
0.6641350303682012
0.6583373997255383
0.6121230319224873
0.6320408121938248
0.5901196858551115
0.6586434049355141
0.49261121021995846
0.668297110672862
0.6734624316424338
0.5344007607754533
0.756066336816025
0.6831625269524387
0.580146154597541
0.6675427093617096
0.6340474919023397
0.6125804893463234
0.649205298972925
0.6974493223387428
0.6206785167689046
0.6594622645189255
0.6081113316740483
0.5342502326276481
0.6276162577570714
0.5962464445572162
0.6428046121859132
0.4641324104195405
0.7091590213136008
0.5444759980273376
0.6545331769002807
0.6634780409072012
0.6619847770202378
0.6069693520506245
0.6781484816797085
0.6001387125641771
0.5798265251135406
0.6776577831057239
0.510685490069487
0.674070933784366
0.6117221207336174
0.6878208168286131
0.5539106283205741
0.5961759675936307
0.5944276073836687
0.6551900296714165
0.6840420390490954
0.5942660729337313
0.6367900719091127
0.6877510151224245
0.6410440725758949
0.6104926342461972
0.5337293070023384
0.6173632631656574
0.6154506098555342
0.6104098777682533
0.4883805990254596
0.7162515001289442
0.6722644022942399
0.6478911613210729
0.6046340417777171
0.6193936325870371
0.5943362955361808
0.5921380502772813
0.6504432501707553
0.49851842478651986
0.6642108324673381
0.5490517077464724
0.588378151725856
0.7330218654590543
0.7007092744179001
0.5776606887695457
0.6595991739243264
0.6293411982626297
0.6475019900294579
0.6188860907716258
0.6377320364798913
0.6804520876988261
0.6293590006161114
0.6563957085012959
0.6052599237174174
0.6267406735991078
0.5908985138985483
0.642989940037386
0.47133228328892807
0.6997230325386072
0.550421865730381
0.6521861635505992
0.6579424822771119
0.6719163543882747
0.6646027897116518
0.6098494182027279
0.5874448211403482
0.6735874779112724
0.49729314065179997
0.7085193964818586
0.6290645232266593
0.6908647138994382
0.5699961655339806
0.6044089679559409
