0.5867084473543881
0.5166877120504272
0.5429549233022788
0.5501190545627925
0.4931905722067855
0.45816761500243186
0.5367846260670092
0.5549196747238181
0.5282911870271169
0.5623774671362526
0.5119569283793239
0.4766707637814884
0.5250656271695451
0.5220091007917624
0.5163070454853882
0.468606463167421
0.5689033736304191
0.4619339353319286
0.5208986857705737
0.5989525015033417
0.553535130422974
0.46641596853798506
0.5078794041096446
0.5180082243900161
0.5215081015212788
0.4549385972346804
0.5703247034971419
0.5852263033747923
0.508274955780341
0.48994289873228636
0.6293489515784024
0.5835616545517903
0.5158302247702347
0.5434024485841371
0.5496328128282252
0.494639728857675
0.455414368673432
0.5307124572119262
0.5447196218741507
0.5498383182108815
0.48688245497733695
0.5290183935471287
0.524265861628675
0.5169651402167149
0.4665198973928518
0.5719003112582728
0.4620328263743529
0.5184768537217107
0.5956318506353099
0.5516341035978294
0.4740949610128164
0.4853831180481747
0.506387403368945
0.5166217055634919
0.5319097581391881
0.4426048349444563
0.5633401606622285
0.5707884386093384
0.5842130907990393
0.4959929370620322
0.4908342846474792
0.6292938356857376
0.5768111318708347
0.5112895783703777
0.5438584561753421
0.5497717410244592
0.4884836053063855
0.45548146305145276
0.532821239599515
0.547491793743542
0.5341974520103121
0.5562481813512039
0.5120916912850104
0.47407298066570003
0.5275109379139494
0.5233656807223149
0.5155276529591702
0.4636774864364084
0.5696272522744903
0.46252202642977736
0.5163667857199166
0.5968703265522248
0.5540579143198728
0.46747522269337605
0.48158301529375813
0.5100214675833508
0.5168167004158447
0.569991851118181
0.5844631848977675
0.5051200630716179
0.4909741294436384
0.6285650034101771
0.5948777121973925
0.5365532979899185
0.5659982499060825
0.5805619010879748
0.47107302483103586
0.5479218053182677
0.5655633783813604
0.5669893751394501
0.5621749789345848
0.4978743788364808
0.5416075769015369
0.5493203479951096
0.540449033958479
0.4857317312317144
0.583920542233808
0.47241669836577943
0.5500311880277997
0.6086191926989482
0.5658617674870724
0.4864778516187146
0.5072177029894566
0.5445428268172973
0.5421148420696095
0.4634709496595235
0.5748066189912648
0.6088147569193723
0.5008315851292371
0.6281966175273495
0.5909339998983305
0.5314113588600835
0.5680123342252765
0.5704188298309364
0.4687168071982827
0.5446267952498419
0.568696093629782
0.5646059627265354
0.5663512800764018
0.5276126966056905
0.4951822808099908
0.5406806695217774
0.5434737522495239
0.5428207118422705
0.4805254574421729
0.5731810623503177
0.47491583104797547
0.5506863105865812
0.6094617580386754
0.5659546664551274
0.48735627647197555
0.5158708801488665
0.5220811199715845
0.5411902566061376
0.5428526071526447
0.4642227421703274
0.5771558210312187
0.5777095008989066
0.6124853941156794
0.5035056255533655
0.507062248999348
0.5401624785114274
0.5807235824934136
0.5199083448540027
0.4684586026494937
0.5469975149303974
0.5750482471425802
0.5752653554252787
0.5313148107422943
0.49658333418402656
0.5465734678131355
0.5502638186784117
0.5361203987544582
0.4934388671414016
0.5855351034808995
0.6133421112572806
0.5732066336351944
0.48813894554141407
0.5116827348597643
0.5273175400133532
0.547982305356288
0.5444654296579348
0.46910883004348336
0.5768207932868924
0.50738124295774
0.5104783685809433
0.6167836420992548
0.6034834923617182
0.5341190656461298
0.5701652351840332
0.5787776416257719
0.5168698413168986
0.4723462670742667
0.5440025736699741
0.568805869143409
0.5752069556096818
0.5638612295096992
0.5330898395258201
0.5439319235991078
0.5436368901043361
0.5322100657058352
0.4870556711053159
0.5719762919712704
0.47807157585044957
0.5537693563216836
0.6247102550043847
0.5716549261745852
0.5175097897116516
0.5261600664552645
0.5447405943985038
0.5452013309578674
0.46333098177329535
0.586684994729336
0.5814976333028659
0.6167713841233343
0.5082591525889968
0.5126170651746191
