0.37683207832387344
0.3732210331619468
0.34216644009061736
0.3226934044703652
0.36495012168458496
0.4062571821228999
0.32750542354802087
0.4005095998738406
0.39837710694672834
0.40069039993573885
0.4057959500910221
0.3986350800293744
0.41343306091835247
0.41914273393636076
0.40904570640075893
0.445588033089925
0.4298853865430816
0.4309161082410943
0.4050460008878143
0.4346320897042342
0.3642080733540745
0.41482386997336296
0.42797874144035986
0.4262545146605335
0.4370538964592571
0.458018656005029
0.44334106917190863
0.47542781663593403
0.459117872340353
0.4285915111202184
0.48110219949501326
0.48084275190922177
0.4753734818141725
0.6435688706911438
0.5482528197253129
0.4827512487764518
0.501587074191205
0.5299240792769637
0.4846474180348689
0.5058294558328562
0.4916261458825562
0.5189697480896863
0.48636134196966063
0.41077969560685795
0.5109032081759441
0.37760264442662766
0.37514095149930954
0.3470345908235444
0.33515741275099925
0.41369260815720876
0.3396332582177277
0.39567457223411756
0.39971552666011056
0.4172697594098502
0.42456619538558554
0.3335824044787954
0.4051318464802197
0.41412869656519224
0.41199595404561684
0.4418486634201092
0.4139273159212324
0.4286876765450949
0.43781740397468655
0.3940501178097201
0.4378816419340075
0.363631375308638
0.4190671167669302
0.4235262413143528
0.4262842748267541
0.43698720686206544
0.45923825805054364
0.4494881971022998
0.4761355911908148
0.45945823408338515
0.4329996773147022
0.48023250734667533
0.47724967316743155
0.4729059708624731
0.6308948647757413
0.5533145698747151
0.48172387960678636
0.5028262233951271
0.5309184473979502
0.4822254400926972
0.5198184008668054
0.4906719777119688
0.49940208084744414
0.48854140039332317
0.42279889573858803
0.5110056545879068
0.37019977336426607
0.34283516263207925
0.36544254088172184
0.3931100383224464
0.3372500442674373
0.39715854540388307
0.39825325150962376
0.40039742771646225
0.40720807137277965
0.34823702365950726
0.40298016225482614
0.4145300271921758
0.416340279214317
0.4086649905946799
0.44482465453514547
0.41739119249065426
0.43556850707902395
0.40396773406410136
0.43241672213303595
0.36426353890985963
0.41257394244060364
0.4372594174467426
0.45940024977389327
0.4442763226854486
0.4856314796833734
0.43167359934339766
0.4816975124817969
0.47616059655362675
0.4722910915939226
0.633059772920449
0.5492016050304785
0.4822980185927921
0.5046604711127862
0.5240874089888136
0.48435429111092443
0.5069849308690895
0.488507451174571
0.517008470945699
0.48555424856976065
0.4079353107105741
0.5111779686179241
0.39681992243391495
0.3946457770437658
0.3639714963756265
0.3624548420756318
0.4177241507827647
0.3679009304685052
0.4183858244171299
0.41870464794483525
0.35154054361414494
0.41623473066760014
0.4303578148762861
0.4323810409811779
0.4607864923387481
0.42323170554911854
0.446745980452913
0.4623703656546806
0.40749340743934237
0.4512120502969865
0.3815259037205462
0.4248458728517804
0.45401550339389024
0.4383884412635197
0.4580847542833504
0.47312008740028455
0.47267911871836743
0.4800708786683956
0.4544744346593539
0.4984577338897346
0.49655127926808185
0.5015038165353778
0.5796091899804308
0.5090684710555565
0.5087992570328118
0.5551516261885405
0.4997769802583149
0.5301423693962002
0.5048415141114224
0.5377924648824394
0.507747795096962
0.4309593612565409
0.5262077919195687
0.3879627191478104
0.3860687129336488
0.3672501898024488
0.3477802270093958
0.3940741613658556
0.4287472440119441
0.3672186962930344
0.41176165453937413
0.41790227057627427
0.4205142513966843
0.4182379351817211
0.3524455553857497
0.4161430424798917
0.4473920544971462
0.4300072978608012
0.46036309349674764
0.43148885035734136
0.46571560521066424
0.4127403519773247
0.4491424431503588
0.3877789977642896
0.42887517996296404
0.4523944942676532
0.4542321277499609
0.47712845896429357
0.5059172887532162
0.4809043229041167
0.44986326147824446
0.4941902787926484
0.49394487923884867
0.49377230157122964
0.6572677879679478
0.573697358064325
0.5000888574776345
0.5153924143602695
0.5548849695114917
0.4997496801371329
0.5370359360135457
0.5094743607135083
0.5291286460232509
0.502660469472081
0.4340889157912382
0.5243074486559406
0.3912971752342663
0.36653291377813424
0.367082324704607
0.38458206582222415
0.41110820933989434
0.36438637838228716
0.40428579350910365
0.43144764691484927
0.41766067527654227
0.355121038093899
0.4151532650319314
0.4300890685837786
0.44651232811634833
0.43431261254644715
0.46423905497006124
0.4299947431492713
0.46731717966054487
0.39357805428719006
0.4400040171004875
0.4597973355789725
0.47139478876816776
0.47479325226154223
0.5111804789840008
0.4840433500085949
0.44877834299409236
0.49997278538882495
0.5032553001250997
0.5035272785340241
0.667124196703283
0.5842725802719876
0.5074949922122862
0.5114384587742999
0.5591098850099336
0.5006858845219331
0.540328050593367
0.5103038307674588
0.5457907134947293
0.5100272782127075
0.428826381719986
0.5266801721780885
0.3850113410677438
0.35321957259526526
0.3924308595921386
0.42506740091410977
0.3584202479142413
0.4119639712578388
0.4216030558880578
0.4205486531878321
0.41555313611617284
0.3532245875379023
0.4202429991995778
0.4207439174456671
0.4473780870748805
0.4354195673210053
0.46323819095807284
0.43047826194992866
0.4163353692879195
0.45255576186719304
0.3925424296798643
0.4265903488173717
0.4569718066887216
0.4370060036923711
0.4635440549917048
0.4746614755661469
0.4770054563483601
0.5107958411099196
0.4878396457382178
0.44975575930552847
0.4978434558360426
0.49680655016418207
0.49682596879737395
0.6749898209327189
0.5842586089268511
0.5043169487552489
0.519929281600491
0.5589861298608363
0.537083482054682
0.5161562877863578
0.5433304645221394
0.5055499928761041
0.43545957861915313
