0.3813155618882126
0.39503000345533335
0.40081089791752933
0.3527109175877402
0.335655696814954
0.38548080602146745
0.39368833294306904
0.38717160253925154
0.37956198533559643
0.3779689890674568
0.38048427870370116
0.381570963041882
0.3810409039871473
0.40166437302545865
0.3594480705896844
0.39162418269524013
0.4318880843440834
0.39549479761824435
0.35671452544076276
0.3852628391094826
0.3884517342466763
0.3839583095915615
0.35587541768436404
0.36673068678007315
0.43626954161963316
0.3566012243136075
0.3611735496317591
0.3519942163422578
0.38238730612787686
0.3817595091765459
0.39444404397716976
0.40258715567533787
0.4001767405982568
0.35489747464627797
0.3384196331698127
0.38770887877583227
0.3858652065708641
0.39326531330440817
0.38732775635560424
0.37949110953171183
0.37797012708190986
0.38224739027174026
0.38089633025216096
0.38075996985637883
0.3686313558020187
0.4021845314909159
0.3588781527168982
0.39209401253413245
0.43131710258263206
0.39409142618222115
0.36475084893932785
0.34555678319831434
0.3837911947130618
0.38933144591563085
0.38224014990654887
0.3562245993700098
0.37698320910930516
0.42967222354098633
0.4345116949215564
0.36519845958383346
0.36199387505778163
0.38155325363244236
0.38277181850852615
0.39435210551994593
0.4022850783382097
0.40023832380448554
0.3540811833509755
0.33764293395650236
0.38961668579862596
0.3846366733415457
0.3928394298350767
0.3869635049823965
0.38107450576197166
0.37686098986787975
0.37917082648001554
0.3819706121435805
0.38057604856806454
0.3679293333282241
0.4042025914810088
0.35930854476451013
0.3954822873883398
0.3587516309484473
0.35605226554640645
0.3841912778980816
0.3883022134759281
0.38267488565799357
0.3535749153541861
0.36642289307724185
0.4293363726255627
0.43612672649498563
0.3661193900925422
0.3594236394269032
0.3521261680521042
0.38206197973367784
0.3946825039891415
0.40206379432622796
0.35550422261700165
0.3363324667275026
0.3884135999386247
0.38566373467058646
0.3926918020123483
0.3872109843012039
0.3794610959450304
0.3771563510042346
0.38048770592561953
0.3823585354732642
0.3674475233746192
0.358495161729773
0.3884505377424632
0.43125875079744747
0.39454049763733884
0.3571232387955734
0.3469791064908133
0.38436057579670607
0.3895161817554288
0.38163112886442074
0.356121724989766
0.37503777518785153
0.4290762170800242
0.4351236910503065
0.36543020221130224
0.36264110826865936
0.3505914688364132
0.3821206382086332
0.38739850499073714
0.4081814452960638
0.40835623134637294
0.36159783966860726
0.3511977138873946
0.3974541106567423
0.39459778853865046
0.4016726232568324
0.39160665926718796
0.3866410637608869
0.3849113915178678
0.3883589455758936
0.3886363601251229
0.3857286633440664
0.3744179006571646
0.4092371132278447
0.3683663304866844
0.4049065160632098
0.4359398011684015
0.4003891548644852
0.3624461169979476
0.3948734009941753
0.3950679701115256
0.3911195355944921
0.36453705273476833
0.37876858027028537
0.43731557532538656
0.4420287271645553
0.3699613519383306
0.36357492098006555
0.35847259647013036
0.38839910498255303
0.3889519404000732
0.4011839825241315
0.4085332985261052
0.4082897403719638
0.3607768800178399
0.34976829671931453
0.3912042818210934
0.4014625734886362
0.3979724514017976
0.383418969715079
0.386793927313293
0.38654401445846204
0.38520739925247216
0.3724024130949529
0.3768009806995306
0.39300604473165424
0.43756487090082463
0.4024622550033174
0.36841407665720277
0.36350685039803854
0.39311709487243174
0.3963527774673271
0.3878719333979387
0.38286971546728565
0.43514400495168104
0.4422634665416242
0.3713819463508107
0.36988655801774883
0.3899944577726314
0.3880317144252119
0.4024339985757116
0.40756246146888575
0.35675490378498936
0.3459349854858729
0.3942844497624409
0.3922338545146307
0.3964327232428677
0.3904458964071536
0.39050185091508266
0.3830478011247419
0.39034049488809575
0.3875300947639342
0.3754534028527897
0.41002513827958575
0.36951066488909556
0.4042309923635581
0.4360582711069021
0.40094489016723367
0.3686443020468747
0.3635329975754449
0.3934144120611821
0.39413573340197566
0.3916385260519102
0.36478845625788864
0.3745413169819247
0.43654325931254806
0.4399087920142788
0.36833249175257143
0.37807146401663605
0.38796210435144224
0.3883679667604979
0.4008129554719512
0.40654667087396335
0.36265694399953785
0.3403211414640811
0.3887104350006219
0.39349545693476273
0.39027290674315857
0.39685438239235593
0.38232489266736897
0.3831193921713145
0.38785438089972746
0.3792241553896859
0.3714110823676943
0.40112752126784385
0.3679678341494991
0.3894798637542334
0.4009109336437372
0.36740929140835454
0.3588677427534634
0.3902030380538808
0.3611455555821349
0.43231158313611706
0.4386325751530601
0.36939219211229735
0.3682920562247406
0.3693357761784757
