0.4494370794865816
0.38891508323642726
0.3772297841822485
0.4740231015018781
0.38243850432279114
0.4067363965194723
0.37056981136262956
0.4498719283655346
0.49255684374834163
0.36556882160609544
0.4750955379791524
0.36978621222847696
0.3996537088819521
0.32973809344965066
0.38226839653881733
0.3628803539425457
0.4004172430906787
0.26317891562511614
0.4775355056911959
0.4028653541834229
0.37328161679663674
0.454759418917683
0.49527392976317675
0.47754049876610855
0.40155196501134255
0.4473966391062639
0.4232569571572511
0.4319574012583753
