0.09999356925343636
0.09435618685039346
0.11779448316371628
0.10657573891573369
0.11955443128335977
0.1170673271939043
0.12047583363311493
0.09593610909538774
0.10766723986141054
0.10218552060261016
0.10247212234455613
0.11498005532710918
0.12749426762338967
0.10962103898368167
0.11864942837533247
0.11964742609037798
0.1006338626754386
0.11407213676719577
0.10691493730322248
0.10642133374016367
0.10986650096780379
0.0936157124053123
0.1074898580761864
0.11700551027558118
0.12315321759241252
0.09838103663209807
0.10101668442593505
0.11067572971045489
0.10710301862668292
0.10169617421679691
0.10976516533960559
0.11615543591567072
0.10431752635929463
0.11319773388618837
0.10228565194425993
0.10369538284363766
0.10023412915302064
0.11299686632530477
0.11370550933508754
0.0940513148302713
0.09915444162882282
0.09657150390398406
0.10060736148199044
0.126101900674772
0.11138976128295994
0.10314513567363359
0.10999305516188355
0.10162135072297089
0.12584880606880172
0.09687477487616775
0.10858682425408435
0.10770974807332408
0.10341461052228287
0.11299054754380661
0.12189101692307595
0.10686255475205543
0.1013447166757217
0.11903504069139455
0.11443940301660263
0.1242571848669775
0.11853471915466542
0.1006919791570122
0.10554374702769666
0.11081630099613009
0.10816289354348929
0.09965664343328393
0.11893527511060079
0.10033187061262806
0.12170552724814274
0.09979250032088412
0.1402669906474545
0.11994894778033274
0.10903445534602076
0.10004588320222274
0.09941901719043968
0.11895441881764159
0.10334647419141393
0.10867308825810663
0.11647727884603754
0.10986857886047217
0.10827480946636496
0.10625642894465301
0.1313461054089956
0.10813620989136952
0.1258324221365391
0.11724266416882025
0.09494206233868864
0.1078034936644983
0.10409475197269022
0.09968973895081863
0.12357971291797512
0.10647679223722283
0.12151715645867449
0.10742041390424072
0.11360859785224209
0.11851664569869039
0.11831330649806265
0.11064285402346415
0.10596899819541025
0.12081850899848712
0.11163204715546698
0.11122552594765008
0.10742041183104069
0.11212301109190773
0.11474572037063913
0.1109290237924095
0.11373194236439561
0.10936800423023772
0.09491914513354512
0.10454026421305113
0.11566738173599263
0.10381664523280942
0.10913713828369963
0.10960553162267767
0.10437069640914481
0.10508446754648412
0.1092358540513974
0.11825572285798787
0.11522002425651173
0.11093810745237753
0.1084702061415553
0.10363704651135841
0.10329927768990563
0.11448406436824525
0.11386957032771346
0.12464215525159164
0.1155424321589816
0.1172674348833906
0.10599333532608601
0.12397335143586234
0.10951403566634758
0.0988795474313387
0.12346059531724068
0.10520496630319244
0.10391337226306575
0.1113223464229713
0.09406797446120187
0.11720078351675944
0.10142129342105166
0.11250625305530035
0.12342891270596829
0.11317382026841824
0.09629178460684146
0.1073115052263691
0.1074090412523094
0.13235280778444988
0.09533771052734152
0.10251720357227864
0.10943920636064006
0.11456112612049602
0.11201501853489973
0.11251749416981315
0.10377098630226902
0.12624974586209015
0.1243990520494394
0.12038113305119835
0.09111351589011875
0.09923845615337078
0.10531771145568539
0.1001774452058819
0.11249254886976816
0.10050961588897965
0.10631114304711413
0.11179328196954225
0.09732425421375858
0.11130114328884512
0.1335401349540634
0.11922342001169206
0.11326366135487448
0.10527067868319633
0.11854010338885149
0.11068034952506678
0.10584017332149821
0.10925217726928513
0.10813484462051723
0.10612060027846851
0.1013689575426571
0.11914119739857158
0.10647826683280767
0.1014260856915508
0.09707931506611707
0.12299556217712893
0.10144675122215276
0.10552396287720921
0.10624796436870834
0.10069901186496417
0.10470512649181757
0.11951519156985695
0.11977787577977904
0.11850484550999486
0.11034675981496597
0.11693419648591787
0.11177883491835622
0.104799383759339
0.09759980741054462
0.09724478509368396
0.1191826907042978
0.09302066552915737
0.10392346437081156
0.1082869786731908
0.104056930286276
0.10750399892427506
0.10157681815102815
0.09959680491682207
0.1007738154847273
0.11282721925139902
0.10071085165403211
0.11995554308748775
0.09650757845625754
0.10884707393652182
0.12062412678860361
0.10969891170107225
0.1097893068649196
0.10003794947750197
0.10065889070669459
0.11337856012379934
0.09646478048706186
0.09542672080975581
0.11443741307964654
0.1135101818428112
0.10328175744228255
0.10036206159231843
0.09765110669348376
0.10100001940937947
0.1119250864912852
0.10743034847666434
0.11703285295256283
0.10067689634308907
0.1117314628308558
0.12422512260371862
0.1003057226599917
0.1497050132633098
0.0996564358943577
0.1180852678483276
0.11124513552401744
0.11150698276273396
0.11312374429760294
0.10908940667538092
0.09922735904460851
0.10529338586994513
0.10077383471655776
0.10949446913451351
0.09758008673475534
