0.0962267239057705
0.09509466694839593
0.11827321836003966
0.09877008670443466
0.11171507407222372
0.10408729798534389
0.11636391109591103
0.09498696246434966
0.11269645582647302
0.09653970193227325
0.09771148807421345
0.1003284821676097
0.10709293443669046
0.1061841093498753
0.11075361502890366
0.09638997265290429
0.1061378401533401
0.10611783769939104
0.09764239023960279
0.09945676107599129
0.0923861089800981
0.10707035497401393
0.0989948603710709
0.10706792009541465
0.09645671954100002
0.09870433827872636
0.10877030007799635
0.0878247998792935
0.10674958535782439
0.10860224377144073
0.09522606145719444
0.0952140838051666
0.10541021185695253
0.10036445226272002
0.12087496220723629
0.09900065039343343
0.09065268942051513
0.09983511185133076
0.1012635819067738
0.09906372063913632
0.10252438427670307
0.1029936976733882
0.10188527458929252
0.11050926837666222
0.09385731369118554
0.10139047820521307
0.10489977778844398
0.09894269889539856
0.09503467822749395
0.11247783882652967
0.10523606310876368
0.09150731787745667
0.10432934114631542
0.10927596685678377
0.09573144090133695
0.10370270435686116
0.10623002996743308
0.11024731822285262
0.1113217236899115
0.11008502054180078
0.09489228328059923
0.11506840825751491
0.10783099432654747
0.09230021236351141
0.10156211392933955
0.08938739384698918
0.10180405846068225
0.11371919775484951
0.12569113702215026
0.09522023293644252
0.11466011938763901
0.10348709095332384
0.09933325552569178
0.09999533765468453
0.10754648883660031
0.1061282807018936
0.11117938682325952
0.10524989711036765
0.09534960744570581
0.10161281093616288
0.10675390714363689
0.12117421199834419
0.09564584388520611
0.09355836245430756
0.10733077015485692
0.11394341871438504
0.1019875150694833
0.09140710441760135
0.10655733643163931
0.10091645306946723
0.10043678781281226
0.09795905927111954
0.12040658739023237
0.09659812581242734
0.10254097576479534
0.10664350706795704
0.11455567083413946
0.1035600258750217
0.09543657304969817
0.09613204584710326
0.10166219672762578
0.10758880473409399
0.1023938224612827
0.11205845606664566
0.11485117926536975
0.12164593548188343
0.11920278298449055
0.1078892946862529
0.09833689542169766
0.09862061150054222
0.09682307359709771
0.10446505667670837
0.10563857468343435
0.0839485499643307
0.124561235878025
0.10199549971263783
0.10149634289490839
0.10391680961000742
0.09189365774393635
0.10479871539002586
0.10541400381438872
0.10593754625518438
0.1041248708886262
0.10701241603679557
0.10240477943446863
0.0964796843687205
0.10380411365511603
0.1030174689082819
0.11383541546000295
0.11356124053927757
0.09899934309866366
0.11461503862913461
0.10000984866809925
0.1024689746480016
0.09912925751388302
0.10402915372160057
0.09683746632162415
0.1012242177732392
0.09994921500403317
0.10263992539520292
0.12159286021212846
0.1053427018216158
0.1046928726586347
0.0986476336417494
0.10522486063532273
0.12753313015626971
0.10864532855763712
0.10566362376057667
0.1032871211318172
0.10975088508690915
0.10734689429760455
0.10293251262438223
0.10843493003072611
0.11506055446539912
0.1028938391784917
0.10079295428710663
0.0945021532904181
0.10114179217127532
0.09713718418550377
0.09618346935763883
0.09744299923188844
0.10146352367032767
0.10485910817723454
0.10848215304804117
0.09852709938272085
0.09539396962875804
0.09133327921586519
0.10923359759570504
0.10844332156751137
0.10172699379258013
0.127102025860749
0.10459708011213815
0.1014829018472711
0.10135232262655705
0.10111129286277414
0.10496116339917984
0.10683334279581576
0.09660063775013635
0.10353664950975561
0.09935812394443759
0.09395605114676711
0.08953637646633181
0.11558627769912846
0.1037964016534749
0.11070376290336799
0.10008807952281693
0.09718072605020303
0.1024084992892927
0.104176289806118
0.1100707089697256
0.10801093127040103
0.0984676219409411
0.10429009724881425
0.09863868744613052
0.099683661234202
0.08950617369171487
0.1030205121859346
0.10076325936809846
0.09658254889521589
0.10133859735404613
0.10392102867211134
0.09472201023269029
0.11264627702418943
0.10249512982100295
0.0977906566143063
0.10042773568377664
0.09415234926894527
0.1122470166634269
0.10234199521473977
0.10518333170709004
0.11806234424060419
0.10725623560781236
0.11282713904294824
0.10838489232423537
0.10104664929536439
0.10793123964357189
0.10161179508423238
0.10188386981720222
0.09913839480417813
0.09398666623636667
0.09595086017634398
0.10339095173759358
0.09359914859908607
0.10060898706999453
0.10654636948938574
0.09350137803687339
0.10669600931085609
0.09874276922695575
0.10256443298442366
0.1067889577766228
0.09329850340891856
0.11855014361440439
0.10933776827245059
0.10787960058080409
0.10763541792227913
0.10293733992694633
0.11252393146886258
0.0927947767822674
0.09084313580361765
0.11161676882752573
0.09747503419750768
0.09712110161390111
0.1045742379716961
