0.47672276434558625
0.4587451258596073
0.4787645204037296
0.45066408484786175
0.4974241828299758
0.3983596273065362
0.41361718490575483
0.4268372117276821
0.41928215797021434
0.44840324338036724
0.37744836257098935
0.3530670645566973
0.43786456968517024
0.3929198777475116
0.36050922427933063
0.26601940967131377
0.4252481396833078
0.499707493007182
0.4141317796161729
0.5152665411156504
0.3862024680687091
0.37986711133221984
0.40622183909563087
0.4962789710311013
0.45359727563307173
0.4637673035014166
0.41651023222386196
0.386384692713841
0.4005883870379847
0.41029805874792175
0.4877084747796572
0.40616166443439794
0.5141066303027948
0.38927254428310937
0.4324317594637931
0.42532527168875617
0.28179563486107717
0.4211437547851973
0.4330010013622477
0.378927212410598
0.5065207154007589
0.4205435173170332
0.4606509501040373
0.4271468704645859
0.43235943859446746
0.4484813465640004
0.4916797913466123
0.4164241331193123
0.4177619088964451
0.3863881608128004
0.46307114136940475
0.4089712642061357
0.32868999769663537
0.37470644824205757
0.4558031169271643
0.49803389701339573
0.4742076307496858
0.2761383889042127
0.4041938279624193
0.488055223232012
0.3684683974464358
0.37854867865218383
0.37376714580779774
0.39681041100362846
0.34817223593170743
0.5067707850877801
0.4258931980369459
0.4981584290348876
0.4031204874813965
0.3897540306818172
0.5268407516848279
0.3819374570138471
0.42188666887963094
0.42394411079735594
0.4304200475311709
0.4563347431662003
0.38113294816708654
0.34788442492959765
0.3887509731503372
0.4524316833650355
0.401120277642984
0.46046720756838344
0.5085324982053083
0.4889675295754793
0.34597187764260945
0.41470270206957693
0.4550197417927941
0.4136599754356808
0.3848557255248166
0.44342345449321924
0.4365418087043343
0.4341024854433386
0.4078835990718872
0.4456012791280762
0.376835842920777
0.49690229463211544
0.43299113686413593
0.44949750732766613
0.377522566945187
0.4267216355397835
0.3928085838248152
0.3740645735822906
0.5088874403447978
0.4287088156331541
0.3926376049933047
0.4384196341466266
0.36033608955807617
0.384921084109847
0.36740700966035267
0.4365258672788704
0.3786761978977926
0.46279315639911817
0.4906771932700238
0.5060839988195875
0.40866140898016456
0.3693930698768635
0.3530447825192409
0.2621828807235166
0.48110282017326783
0.4608105340881721
0.4661577683788637
0.5081044811355996
0.38331489409299274
0.35917930609988985
0.3929176201352529
0.3742434906263753
0.4293173371781508
0.46764024526573167
0.28202910142112936
0.49539494000478523
0.5151241241272666
0.42115365015126016
0.43101475708023795
0.432951763067348
0.5050304277984463
0.43721215086976906
0.5179410691155814
0.4739208024640812
0.4249612591266675
0.5012376637541613
0.408060287684117
0.4587450512704135
0.4130458624984313
0.3908270859568533
0.3794933811246305
0.47680201294057306
0.4138603119884249
0.2775757275872552
0.43630306168383726
0.47378550287646176
0.3716349781376173
0.4420056597332789
0.42353537806520836
0.4436685110543135
0.41403907243827265
0.3636492559115322
0.4098574092654542
0.44232778521116545
0.3127825848861891
0.3862207997841035
0.4521292418796211
0.44645823506964194
0.40014932106698187
0.395213380924032
0.42677663750510364
0.3956185686133761
0.3776957872469089
0.47165491111690244
0.4710433447431892
0.3773705480472183
0.39207445966407645
0.32977774609884813
0.4044991222914045
0.4603373806399743
0.4110553946349417
0.50750657115859
0.4993101187513145
0.4274005304336451
0.4732562195149288
0.46714228195406604
0.39583335527049035
0.5032276717948638
0.4188039196478155
0.40793811181605677
0.2578911371327369
0.46122634603099016
0.4541342228710301
0.37506097488537415
0.4064212511015296
0.4144469904200343
0.37188202919603586
0.43036395226406243
0.42313225935056165
0.38297774813912655
0.3997860688141629
0.3469009121959378
0.4426203333145543
0.45285979384057296
0.4737926133424643
0.3787312230795692
0.42185035530418646
0.44808270128975913
0.4500066111011961
0.42628009636503583
0.40260534825083094
0.4826340926712417
0.36620100572194886
