0.5214382267134285
0.5436847985555587
0.5311768738928743
0.5498980169349919
0.5339834167933201
0.542441389889398
0.49170220054891495
0.5295084720359032
0.5845456813659171
0.49751737544164076
0.5043394419887731
0.5411272086917628
0.5335061680107931
0.534511031332747
0.5855237021835485
0.5314037420678009
0.5444563136984494
0.5625074212822024
0.6370952053448564
0.5145522655360253
0.5216786286230866
0.5048723220908251
0.5232279806717974
0.5397562603336664
0.588198664714697
0.5090090130609437
0.5689432737644063
0.5088196251705269
0.554225624819983
0.6189814256678791
0.5119562445189473
0.5693606796423263
0.5195495431995946
0.5365768161336772
0.4931662053136832
0.5333110591211787
0.514319280671264
0.6142521050778281
0.5105797142922552
0.5588583721294448
0.6159173936104972
0.5306373059851799
0.5481273268146745
0.49037513449783654
0.5415445939223789
0.5281856722121314
0.5297988939968974
0.5339686718432961
0.5336010203178477
0.49170298101017196
0.5315522401126385
0.507132370206937
0.6282665503926509
0.6117085294764726
0.6301150980120089
0.5536182822546786
0.47701734002744317
0.5396001468288149
0.5485686654577102
0.5328139022997024
0.5207016564561517
0.5100247982502217
0.5505611861214662
0.5509730424917736
0.5252901827878075
0.46206124963400685
0.4842591443576143
0.6386430145765353
0.5310148345510256
0.6327455710853467
0.5395530580466821
0.5237026609169918
0.49931612522706786
0.5546115089776058
0.518122991595815
0.584832240730798
0.5552403830312868
0.5334210558049826
0.6164590935527597
0.4839875948270415
0.5253345795717353
0.5694438942972132
0.551520360380144
0.5311380544533135
0.5293223701264597
0.5355123299803852
0.5314155749605883
0.5462631497127525
0.5338527809718087
0.6273864961456517
0.5191827275146121
0.6125477263872837
0.5541267756502393
0.5727069538486447
0.5136779633055082
0.5702722564805639
0.5246382137954507
0.5228536772271557
0.5833745932492587
0.5358709816648842
0.5311794664111792
0.5154013672216626
0.5652616747529677
0.6248672254667039
0.5464729759610163
0.5262274582630917
0.5223417783049549
0.5810995448556868
0.5100661688766439
0.5325194869614013
0.5678183688315647
0.5016097637913182
0.5179418481452639
0.49000154529429274
0.5288813452832447
0.5390458841295322
0.5399461774673531
0.4976447054701129
0.5788136236186293
0.56924074407627
0.5424401787479552
0.5618108013725215
0.519362580664685
0.5273011652066586
0.49802071727484376
0.537669205362583
0.5014892017787336
0.5187557903824367
0.5249457917482678
0.5444514112275111
0.6133641661079771
0.509117761969651
0.4591266001215032
0.5454575593878329
0.5279634191958023
0.5470725489617778
0.5113395673158305
0.6371492442668029
0.5842587907175831
0.5054910630800188
0.5182807861078659
0.4917070547591906
0.5361520777793922
0.5304032088694741
0.4993700748518707
0.6295590183017183
0.537911408749692
0.524978169571942
0.5125644999999496
0.5907105256973575
0.49866821884477747
0.5237278515667068
0.49734774207589144
0.5245575929232447
0.5455950841651832
0.48787453630912114
0.5666634391677121
0.5191155899999715
0.5227361346045971
0.5130796041999043
0.5480735568068944
0.6209595852009321
0.6436540518060114
0.5023157867182528
0.5428068602494401
0.5358970967060371
0.5748019384616535
0.5665013355520457
0.5192854899999226
0.5161000110008194
0.5610826234702605
0.5543692770276554
0.5189132737050408
0.52219130438102
0.5524299621702893
0.5653964164579609
0.5205694045159323
0.5114121898858712
0.5688817748008437
0.5121291
0.5254632800187148
0.5679756616465899
0.5251359765908872
0.5151339131398263
0.5136078397700905
0.46107908315582113
0.5407195095477282
0.4614509880330641
0.521322819583004
0.518856494893177
0.5288683545595984
0.4887739048431782
0.5313885723767447
0.517844039999988
0.5730451480053307
0.528004292434788
0.5246838944404293
0.5668959910693712
0.6160144087375278
0.5363539916608668
0.512922005833595
0.5647665123598344
0.6257979998539764
0.549178601670499
0.5140559999999875
0.5438270383498482
0.5154524865873744
0.5831865434087533
0.4676704197375516
0.5335708495144733
0.5414671352413543
0.6315487106195791
0.5408554759083397
0.5196009175020302
0.51058890221421
0.520595053050539
0.4575693196187613
0.52641359394672
0.5224165811873727
0.5495097263986874
0.48804269310779175
0.5179678572118851
0.5463435120670697
0.49808107538669116
0.6235058648528969
0.5675209688228714
0.535239738835104
0.5386516915559896
0.508265613481419
0.5406029051442841
0.5149238001818873
0.5390232930989716
0.48002529633387514
0.5050988876868969
0.5582859650801084
0.5487945718688829
0.47256643139111804
0.5523758872189708
0.6154823523037153
0.5292711145036317
0.5353149320823561
0.507553622598523
0.519612386675887
