0.6972317857603798
0.5355441009118023
0.6272206102519687
0.6429411916896718
0.5873095544038062
0.5641645984576451
0.5731846210500988
0.5710295341221984
0.47706152250015865
0.7301298047625017
0.5249938287132843
0.5710250626479167
0.4756737554869766
0.5316152281644345
0.7572983910530504
0.7270239230468235
0.8382616769168222
0.6190285267251187
0.8101467189004782
0.7405305306022214
0.7529610379972489
0.5878568736773905
0.6363653329351789
0.5727299054321716
0.6413153851441757
0.7205462897193008
0.4566639030165452
0.7047099691940178
0.618501308661837
0.4564145221043688
0.6478335872305006
0.7194007468480769
0.7432365490623022
0.6963881596069195
0.5939152615276662
0.761459179340285
0.7055479815439383
0.5574469103030583
0.6986784388816774
0.7189777087332017
0.5124171559234789
0.491719704484088
0.7263610726261609
0.513714735988983
0.9653681264082482
0.6474798011003375
0.613644602598441
0.7126528642378912
0.8102753467668204
0.5993416059055572
0.7191660400853486
0.5875876794601562
0.43243047079465824
0.7386245894774355
0.6963276568898797
0.6234628192585969
0.5692971108916414
0.5209590113608005
0.6802732796368568
0.643763723839252
0.5920283193496765
0.7972446520661216
0.43521479166482113
0.6648569188434228
0.6442435428205419
0.5795484627065179
0.6056947470077869
0.6100765868122365
0.5839726425124006
0.5412214448446385
0.554915558863621
0.5491205582587206
0.7246714734128544
0.6078529017644838
0.7011903332354108
0.6762315466051215
0.5528476595733021
0.5962688822380265
0.6243369346255458
0.7449128864892687
0.7233248731705372
0.6470839196981291
0.739538985017525
0.6326317401060463
0.5912685975226092
0.7654183615402157
0.5354645041583879
0.5369709669997939
0.7390476149685935
0.5817670132740788
0.651688165960668
0.7216809172504829
0.5554961269716813
0.5764388428639234
0.44657922505585945
0.551600645985737
0.7693147426860668
0.6861900825906387
0.6038234703181056
0.574210905752749
0.5846303364532093
0.7187686030811313
0.7149286129613931
0.6293993472819819
0.6895316366061297
0.5982769758521246
0.5629320830417879
0.4617705841938505
0.559317790896012
0.5868574747823876
0.4593130368346417
0.6855159272892769
0.45086378418652434
0.5043382216729759
0.814029614023287
0.7166785369830309
0.5766064379769404
0.7230865082154078
0.8187255807429302
0.9827830934883433
0.6112173667786052
0.5789967183957672
0.576012606037589
0.7671999839274943
0.5451034497176748
0.6203247378571649
0.6457897997300766
0.7721305583758775
0.5841516138618484
0.7986181884402754
0.5341428790771131
0.7873033693064855
0.6420756151710552
0.6415241589089107
0.677401909495334
0.9897140815489989
0.7744453473419562
0.5648450482938905
0.6117702981521734
0.5859556005167531
0.8459748918755255
0.735675191776126
0.5946400000486071
0.5930705393809539
0.7077432327474339
0.8462158032879332
0.4664382012082962
0.5753715654106331
0.7612012830336669
0.48525876244073485
0.7636031319231923
0.6407865378621413
0.6082339335170833
0.7376483366169495
0.6648116815226548
0.5617129566433987
0.48378954051942963
0.6489702053116927
0.6158516761932373
0.5088998938870672
0.6295893045630293
0.5205202056697502
0.6236201522399927
0.6177927128110073
0.7632521633630502
0.5381533817644073
0.579646713504792
0.5734245839506075
0.5734310095534485
0.6262925358434981
0.5108860041931834
0.584433940715883
0.7703034806412963
0.774628986568296
0.7970216183622668
0.6560116505831015
0.561357051346518
0.6603148909310544
0.6965070237978942
0.7946809624020923
0.7342857446141942
0.5969568831858478
0.6705475095860396
0.7802240772691135
0.7559179614992273
0.47933308296042343
0.4498181405647105
0.7284447779005598
0.7163832660244123
0.8343422486811668
0.4995964238722639
0.4588723261803638
0.6606139313742686
0.6810151310150095
0.6414332616744619
0.8009043669187643
0.4465616303511389
0.7332647103559766
0.6567351081426973
0.5853956289456854
0.7212902380041523
0.5402916532881137
0.6483667647519572
0.6674568271058055
0.5692190160014686
0.5199340181316382
0.51873951771315
0.4598559284172681
0.6001077094354695
0.9341994710232002
0.589447706184909
0.6855492590762283
0.6955654647770451
0.5423687480475861
0.7446413882851599
0.6084275287673042
0.7458714600648272
0.7686631236035321
0.6786857780824029
0.6572605176084032
0.48193027907166036
0.5353868602248761
0.5451810316254285
0.5922855324667793
0.5732549574826583
0.9156885491455584
0.5899463807950668
0.6860315856993966
0.5621811519151018
0.5813270470295675
0.5492991892896688
0.5954589954055792
0.5091401578013385
0.46601912240326454
0.48258837174763425
0.5716129938722281
0.6278169881881802
0.7324361528702255
0.7115934191572496
0.5725887016375626
0.6901341508581615
0.6855865889859375
0.6018770526492845
0.5619728270588916
0.6387121822905049
0.7586901102182785
0.4815116782051404
0.7054848592382732
0.6877606250770024
0.5969947888546725
0.4497111567195298
0.7412194748290925
0.6394468142765953
0.43357332773195467
0.6118824170989792
0.5865607642233223
0.5094372441270714
0.6241873976089389
0.6427285810147771
0.7653213686340602
0.5626731001251517
0.5122241989601467
0.6603519593369549
0.6699873197438002
0.5348400652812535
0.6193687595384186
0.5971913826581239
0.6092119634100899
0.5591951345188688
0.6217574760119298
0.5676494914120016
0.769420125931014
0.590015436809715
0.6044231147308737
0.6311161449373777
0.75488347036521
0.9152265738607585
0.5725601442775602
0.6049657435696851
0.5942752063071457
0.4330123311350988
0.7438584478953802
0.7668917411689338
0.7638139058432118
0.615368414972879
0.5756809287057708
0.5257429897571938
0.4895886857780936
0.46502922758788523
0.6305287998383903
0.6671654249305913
0.8314332301069736
0.7173078053817988
0.5703465890680119
0.4931012072032612
0.4643471011853233
