0.8477559876720556
0.7374326391873463
0.7900042724069342
0.7733973224258142
0.7556621234979013
0.710051261163089
0.6861284814716107
0.7900695868088844
0.8045242586672916
0.8172746831236041
0.7120769955388819
0.7200239012139072
0.7943978015480431
0.7855742148710507
0.853928781174415
0.8100483185653226
0.7396033592195492
0.7440828994238462
0.6777187912474326
0.8374809346772423
0.734077065917564
0.8183565317821723
0.7340887738547144
0.7820681909354407
0.7414067410628714
0.8020576825131194
0.8931661522226109
0.7318386605592986
0.7973236533611425
0.6466372372263542
0.687000288692322
0.7601217227880467
0.9024298228655944
0.9062424601311222
0.7614519614618022
0.8139703206267946
0.7591118220618958
0.8984056715770317
0.7422772436397782
0.7760668661954799
0.7644209286970646
0.7190966499938396
0.7300897628031767
0.797621384615225
0.8490557959634664
0.7490286335401977
0.8833963402777079
0.8485818546083225
0.7926171784945688
0.63882623570623
0.7384718864692328
0.7855943196214858
0.8131336022999357
0.6899962677449549
0.9211914986543412
0.7692826566403183
0.7755661521051209
0.7518946772671071
0.684724864400459
0.8975931551167768
0.7071333043203979
0.8410616203487047
0.7915585219732747
0.699810395679238
0.6391711083149259
0.7707894501218415
0.7679154907681676
0.8266533711105107
0.7904298037970501
0.7961249918676858
0.8209486454850319
0.8022497335011713
0.8471370181486926
0.7469952052656241
0.7700528131131716
0.7920207763030073
0.725377450419515
0.8882795697156037
0.682642998327536
0.8723285275785375
0.6593422116707238
0.836753768440492
0.6616297947311701
0.8210605859157625
0.8699514697121139
0.6792457870391287
0.8252743634699595
0.7050410480782501
0.7500364289580917
0.6858840271935259
0.8104579589851595
0.7761355311
0.8694215831321056
0.6618794969309475
0.8069490548239325
0.7752676708189922
0.7347323850260633
0.6622064078077118
0.7632098233358452
0.8391670577058468
0.843612567113697
0.8078181895195505
0.7934076202943302
0.8123271423138874
0.7367273055094358
0.7377063921200783
0.7644667282569625
0.7841315512788899
0.8203337036475299
0.8985068985392732
0.6151406611857494
0.7813920954955015
0.8397116514099461
0.779353378066192
0.9265006627749105
0.8883549628920171
0.7857409686492501
0.7225948699041901
0.7237876187786066
0.7275754198226966
0.83902087379246
0.7547826400989893
0.7867274570338422
0.7740398541178358
0.7314801008340907
0.8493544604298838
0.6638357750580134
0.8716988058449293
0.7060092762439674
0.7688829854035137
0.8002657021993035
0.7076582254860049
0.7998601086425242
0.6914107365758062
0.878083457430588
0.8169595509637354
0.9004471226987566
0.7674512134114378
0.8137477956546033
0.827007822797838
0.7501593127287294
0.925049392161837
0.7328113742214396
0.7473903733077499
0.741749051444735
0.7443731337394353
0.677748135953902
0.7383273550472322
0.7788745569402207
0.791404013478693
0.6776036805286676
0.9319313712482069
0.6711635554869001
0.6143759088997651
0.7365406396300335
0.6377980950769618
0.6873485994586508
0.7489490253221575
0.677551032022719
0.718153202223967
0.749949266330144
0.7344490872890672
0.7839592062745633
0.6882455598480669
0.7879543788329755
0.8273997027310984
0.870453619403395
0.6534329397976333
0.7498108305466976
0.7920370213001848
0.7304832410344773
0.706028957277063
0.6412354247581319
0.8723791794401591
0.7448224642797048
0.8502923705953779
0.8525727512830527
0.6467775089038964
0.6765476685418619
0.6239387778769007
0.8721387257740464
0.7818591602072547
0.7938609438833151
0.7623303890358463
0.7738716274343624
0.7880135203292973
0.6506385691474789
0.8206378450095708
0.7738217324218487
0.673169068291606
0.7505419887227632
0.7353553704122386
0.8622382346006303
0.7116663357099453
0.6561915427194076
0.767919440611074
0.806701023625094
0.7842906413854837
0.7560472052485359
0.6316892663588592
0.7413589291245919
0.8181026774078608
0.776948818908573
0.8197207423552302
0.7316341746553832
0.7384588818653508
0.7457020164466067
