0.2374946711880087
0.24333889753740617
0.24351002412216333
0.22927596860982102
0.2340421935687673
0.24985915539423664
0.24383442156157492
0.24195536648701704
0.24476362581367977
0.2382180631265824
0.24072513780625548
0.24049005339230867
0.24799238838272236
0.24972753534993858
0.22297056715324926
0.24796880673223543
0.26051820511835216
0.2543883113363079
0.22424725202855744
0.2437832002217848
0.23988057355390663
0.24765825927339266
0.2335552726794941
0.23320285401359314
0.2666267579748377
0.21872813475448058
0.23850844949942385
0.22511912323171746
0.24711470569551736
0.24103677780867644
0.24279664460322456
0.24647938864847974
0.24355754051887257
0.23775808999056233
0.24061037051749062
0.2534781319754559
0.24995952562045742
0.2463120444057728
0.24459723477235895
0.241481665876967
0.2382654001220001
0.245520246860008
0.23782888083184583
0.24617050751454903
0.22518281258639677
0.2526214172290602
0.22191771306730984
0.2486365495167675
0.2602137348030933
0.2513198175454535
0.23439276986936225
0.22018390660788315
0.2399041757879034
0.24068652419048098
0.2434001336043008
0.23164910046019865
0.2420684117835682
0.26085119270636836
0.2627024155458845
0.22782306333542235
0.24470683726948744
0.2443071611673662
0.23885128055091565
0.2421577511494312
0.24445649265747693
0.24346204242597436
0.23355890706010313
0.23422842279220465
0.25338793049516317
0.2458092271675331
0.24107156592449547
0.2423378257025127
0.24900019133234252
0.23797249672124993
0.23662544731155802
0.24038638798832807
0.24341593126077643
0.2252387359837526
0.2522052393159233
0.2225910697273878
0.252555174968637
0.23285981487542123
0.22898767123474167
0.23779716208905244
0.23915186134104277
0.24339478091574662
0.22711233414768126
0.2331848069735694
0.2604320497763505
0.26643546324749273
0.22779976037016875
0.23380145902913912
0.228082521346486
0.24701208504284933
0.24414976263286858
0.24503161579001323
0.23655986194141215
0.23175286223404418
0.25165472935319855
0.25208617029296787
0.24304823529401348
0.24431757176625052
0.24355539084383504
0.2366980281245707
0.24065647432203305
0.23987031489890226
0.2258216169151916
0.2214097618775447
0.2465837594372693
0.2614268289869898
0.251693105719827
0.23131016483272554
0.2224115394805935
0.24116964960048068
0.24065034418235623
0.2430633389129225
0.2322894959646885
0.23693879777356644
0.2601791597341969
0.26351293026068745
0.22795465884520882
0.24162199192353273
0.22553288510275532
0.2447005591548535
0.23943152004406387
0.24725300778453338
0.24574178608517147
0.2401826198343036
0.2358649541841703
0.2553649120525783
0.2540741101407955
0.25012366586570434
0.24431906640040363
0.24482883309597853
0.2452562422070213
0.241740735747419
0.24178050739617385
0.24227809869170033
0.22593522770084506
0.25714573052696577
0.22702141069788762
0.25761998375137457
0.2619569738462328
0.24743334409890924
0.2294956715643004
0.2490193185228387
0.23918145049355077
0.24728390572828052
0.23668347636738415
0.23616013933260438
0.2673669663143786
0.26899644798165356
0.22996079525345953
0.23458782715669943
0.23149656133666943
0.24712328130483582
0.24101146679379779
0.2479095293884274
0.25113642059601404
0.24592303338386756
0.22586749823293606
0.23950167954810114
0.2504016290938708
0.24763997211017172
0.2577570987070338
0.24479542235753948
0.2443795248227058
0.23938630257650007
0.2486621089054407
0.22773702597829096
0.23747529349937158
0.24380302236582707
0.2651800131574187
0.2599574032777846
0.23333415697266915
0.23137097753396285
0.2512844982192136
0.24411419008371177
0.24401081699837052
0.24407521668440213
0.2646536652202415
0.2723614807452027
0.23160539790351065
0.24028159183839987
0.2517885674689928
0.24381790433504702
0.24690945702517697
0.2462036361660626
0.2314903185591613
0.23902167620349624
0.2530632775127994
0.2531708467029628
0.24249453063551835
0.2447394627624642
0.26180681259807304
0.24181890287611452
0.243482250974498
0.23914497233506277
0.22845349921373348
0.25929466823409225
0.22864839281896274
0.25434506224512743
0.2645082643074446
0.25308281822599954
0.2370958196624906
0.23148045759779107
0.24226526408864907
0.2408822996906785
0.2475517945265278
0.2300370417815533
0.23077211781237786
0.26506528884780434
0.2664760058110609
0.2270786170103063
0.2456282632344205
0.2490457642729213
0.24179143804781106
0.2525412863159376
0.24653267722649144
0.22917513496273184
0.23585744277505127
0.24662129937165594
0.26677713183816787
0.24291377800453196
0.2665908067568187
0.24455460667423073
0.23996003583650663
0.24483192917105812
0.23767242252242912
0.22729758098484215
0.25432205568241606
0.23703370704014745
0.24329256345606404
0.26471232181279414
0.23134957324040914
0.22658689628776368
0.25192296813562354
0.24220807014775533
0.2622701668489574
0.2668199100926129
0.23061855594919678
0.25442024415142184
0.23901663046211916
