0.50690692094455
0.4281646780823344
0.45830837585232276
0.450946023518783
0.4426270992715805
0.4533070912667176
0.47115121893752476
0.5009148020453869
0.44145312418573585
0.5082081375333347
0.43862207238995216
0.395824498607418
0.4425289068051115
0.42696838316879693
0.44947201961880345
0.34918778694548047
0.513857163289054
0.3974041923355678
0.453495930289867
0.48586526962239884
0.4822313214239976
0.42228596662193363
0.4496165407548819
0.4180664470573934
0.48188284344356624
0.37570981966997175
0.4613782045382705
0.4852076640013764
0.4386800981213843
0.41540713664868667
0.5496574507205713
0.5027909302846707
0.43238536845293407
0.4576937252216525
0.44912870644823644
0.4729867772981743
0.4393143502793071
0.46413908665319675
0.4465651367903719
0.4887917384737754
0.40780290192704766
0.4552659440141824
0.43801668962147233
0.45120328071824556
0.34545200488045297
0.5191514377520414
0.3930709205247026
0.4538922755245524
0.4792875798086728
0.4756179197413972
0.4465127984254833
0.4537207136069915
0.4368495966130648
0.41775919328707556
0.49447507431907123
0.3562060678274308
0.46977809582407193
0.4618431878447651
0.4850725875531089
0.3973293732483244
0.4109211396385817
0.541576574132177
0.49221193123806006
0.42395891749582626
0.4618474020628855
0.4506228713698625
0.4401637602030503
0.4445650318292165
0.4660389429642605
0.49517643116351456
0.4449172312544999
0.4979452197168505
0.4473331103616788
0.39374735254783366
0.44884090120629716
0.4340995875972245
0.44861117400433753
0.3441849468038616
0.516592935338869
0.3965570658464676
0.4490810071668401
0.48613735758798393
0.48246745844390815
0.4368626113466879
0.44995096973313786
0.45830109895038196
0.4211070682618496
0.4607322762705597
0.4853925770529893
0.43566995228701755
0.41741719520247567
0.5474737420665343
0.5162015300117397
0.4483949192196783
0.47741042935608946
0.47755949892562083
0.46525312148154596
0.4860716432751107
0.5142183350753524
0.47592423285194907
0.48986968200095204
0.41456222430196127
0.4606789743360009
0.4717498541137588
0.4758565349761096
0.36603381492783554
0.5308833026348061
0.39883864803765284
0.4769519665480424
0.4943336827179511
0.4871988263104623
0.45909755202199815
0.46889202793778595
0.4437102147351186
0.49216241504093794
0.38004065722206615
0.4807536536727504
0.5008237507658291
0.4018212155169698
0.5475026122657476
0.49956196888704096
0.43790153644626195
0.4917589297081414
0.4692844783654505
0.46296998110276977
0.4850533502310791
0.5183708069111634
0.4683562691929261
0.49951632914796745
0.4582368928506957
0.41302020667735545
0.4707302465255946
0.44821276074014654
0.48093408616168504
0.35669459580524376
0.5213101024494569
0.41405703240954117
0.4875709617128803
0.4937052770273057
0.489733410623141
0.45531429114104205
0.4994367611460226
0.4552158748006071
0.4371755162582508
0.5053249267434777
0.39254229461457546
0.4843254894428124
0.4638265843337508
0.5101404929568933
0.4149433147137287
0.44381772751567183
0.44614832946628263
0.4820233042713088
0.5027547583635662
0.45020153052371314
0.4758885473502994
0.5132185611571811
0.48484077971807066
0.4591633818238791
0.4138288480648315
0.46237459065333303
0.4602976631631916
0.45959783468688564
0.37108564588954135
0.523804029394081
0.4990796593545118
0.48568498619771217
0.4535230401361191
0.4591459958389731
0.450106898872656
0.4444351741228393
0.4859521891879417
0.38304813134186716
0.47894392406975816
0.41076694683098264
0.43767603249191045
0.533654077401487
0.5166022936201864
0.437073669009456
0.48722137471022187
0.46867881045868637
0.4777844247572407
0.4666580101252847
0.47714691080192917
0.5064507875604964
0.4766729093093415
0.4978677500489672
0.45659897869702804
0.46946708679955385
0.4444365817081166
0.47301144488500313
0.36042846408118645
0.514945864382771
0.4175879908411767
0.48531144322108277
0.49840818659310143
0.4999059628368752
0.48962699485582584
0.46119757945085654
0.441798255918543
0.5020059683463172
0.38334600210160086
0.5079870785914338
0.47520863959808823
0.5114140229049398
0.42525248535598703
0.44846986453423476
