0.21443863350768627
0.2265956744849043
0.23256982895123302
0.20749412420393262
0.2234334382111756
0.21915872982423895
0.2288227751790071
0.21842638806281753
0.20413015318267733
0.21934481298655525
0.23000956266641465
0.2072918746289621
0.22356356751387985
0.24454427799995582
0.2184942869958056
0.22214321971556716
0.2000786094025495
0.22782009903030334
0.2195524596739799
0.2228582997417783
0.20765893516968534
0.20421413918659653
0.24357260311096585
0.2480748529883195
0.2083435306274048
0.20412886754192633
0.19787774904436978
0.21748326724938502
0.21642449624979737
0.22750466522316287
0.22713550253953707
0.23249682882839962
0.21010521702586066
0.20242924020251696
0.22309563220677725
0.2190708811412851
0.22851756546315036
0.218997633600593
0.20468026291650576
0.21704980858422285
0.22554542380110953
0.21726749132093542
0.204558307168533
0.23275615793246615
0.20660117617557427
0.23599602868638214
0.21838692260726833
0.2211240602591194
0.21101744534904798
0.22389047033522477
0.22115177323135296
0.22171844868409132
0.20508051345537368
0.2434399500180523
0.24773563406539398
0.20544719528316088
0.20077487967370222
0.1975604431699262
0.21723258376960886
0.21655975381918513
0.22864462999067817
0.22691143064526403
0.23284158655869436
0.20414629989779215
0.20034930490127362
0.2208215934866884
0.21889950975838945
0.22839396921106558
0.21671874624231371
0.2034358434453664
0.21570027063114536
0.22095486803025477
0.21931340852864123
0.2189422131066358
0.20403097176053175
0.2277882452367696
0.20728685711089165
0.22334406587043634
0.24387995970861354
0.21895724574331266
0.21696433276859758
0.20753914323901645
0.2304745726991263
0.22022951421211068
0.22146911191126054
0.20866870525137415
0.20530851481424436
0.24326320969000853
0.24750311341510065
0.2047994318669496
0.2074145469423213
0.19619113596774543
0.2159144206795865
0.21598317287107788
0.22777406185456822
0.22686295873257487
0.23217268961371898
0.21265908055845223
0.22456264397509035
0.2190703718079443
0.21422494509586804
0.20423940403689922
0.21734322162994485
0.21819480205030473
0.21931526787873745
0.22510820902041662
0.2074852254549272
0.22401480182413752
0.235360047597831
0.21902601201547017
0.21645390120086253
0.20825250249149674
0.2243682586207406
0.2218323425149904
0.2231254257933074
0.20673109332206296
0.20368325788732566
0.24803120189526162
0.20557901991017663
0.20304067539061904
0.19463791320564539
0.21791540576945267
0.23296844625180832
0.22962603524564174
0.23493269512175313
0.20263586114770704
0.21055143421766415
0.22662476017843303
0.22264085379205878
0.2287870146443676
0.22137331556402262
0.20743770870057832
0.22214327777868131
0.2215105481890855
0.2208232930921645
0.2224852443114187
0.20726944175804435
0.2340118304733031
0.21124962368678418
0.22848139102258508
0.2449242782578513
0.2205717120796717
0.2214430305375658
0.2122649674443842
0.22426396420467307
0.2228647185797418
0.22791170161441546
0.20511569593628304
0.2503900382780261
0.25102095532497637
0.20720199568340306
0.20470911635775763
0.20092453725554127
0.2189670293621408
0.22122082941255716
0.23269247980321794
0.2297882012091436
0.23630097880705037
0.20830654271404914
0.2025557770677063
0.22284924295452585
0.22244215156994573
0.22970807608587812
0.22659275388822583
0.20765182239391247
0.217676217421449
0.2173614103622489
0.2289068528299964
0.21682586546939214
0.2073114690419191
0.2292649518704129
0.21250912856822735
0.22470245743047465
0.24374458871392385
0.21982169445366645
0.22339066376864708
0.213142715448906
0.23471262641611007
0.21139917472746955
0.20999666288184918
0.24773015217001032
0.21750377402498472
0.2041553221490306
0.20051647090438257
0.22085439989151806
0.21814459452873797
0.23306896512407277
0.229165101330282
0.23770740147520214
0.21075273482008844
0.21208868298921416
0.2256944284500061
0.22517572702162875
0.23007669084881816
0.22454636973901174
0.20859932786424865
0.22119469635693456
0.22294723293051788
0.21851131310152444
0.20699182492567125
0.23637611763866245
0.23534472817442664
0.24420504491376166
0.2214170678367647
0.21067032094412097
0.2325568041539789
0.2258257438586796
0.20298522526749474
0.2472608893411479
0.24990766290806285
0.2075839329804529
0.20482067496942308
0.20308962371833958
0.21980630954176356
0.22048522301461676
0.2196182017671664
0.22632031697778032
0.22186665534155828
0.2166136644716687
0.23072281691176266
0.22185395623081033
0.23066915499190255
0.22258336343998464
0.22138493252388936
0.22691174284807153
0.2281827487180622
0.2192405507198851
0.22853548002105437
0.21418264836775794
0.2274902268651921
0.24364703977787128
0.2214143999564921
0.22307450893462286
0.21421338958756359
0.22531910465006844
0.2237863213526609
0.2236650635565579
0.2242099388080566
0.20806665572177324
0.24613389779444156
0.24933280121530527
0.21766888763661113
0.2125641638406494
