0.24779439829560712
0.26266418297586847
0.27057053494465266
0.27485284577278113
0.23998121789625798
0.24980893969248635
0.2663246318159768
0.26128073139752966
0.2525023724604845
0.2565554347326077
0.2504632220017305
0.2509141044444163
0.24265054926883464
0.2526964978405475
0.2657171624834036
0.288391785128771
0.2551670009737504
0.24701789692196816
0.2373108202381064
0.2613636810976189
0.2554498387107185
0.26044631150053354
0.24474716921391804
0.2449818553724962
0.2948411827871679
0.30004553559547015
0.24117420398855952
0.24935029923739171
0.23543266528813397
0.25171000942406524
0.250612422768479
0.2735221067918472
0.25549775974006733
0.2570804460013311
0.26368558723488233
0.26507109848891725
0.2608431116660126
0.25347680113723897
0.2613049261125025
0.25652320693718406
0.2649488453526404
0.24297884464610447
0.28164515527733835
0.24771634182768124
0.2710157521617783
0.2887279003385721
0.2555074802539311
0.2528622822290396
0.26151102411107524
0.2564415019572024
0.2579439630333299
0.2511027199442503
0.24569934349132405
0.2941078374146777
0.29990300819646093
0.2391189717280561
0.2457515813808497
0.22980378353760123
0.25211922786173696
0.25091422493532445
0.26198456677852766
0.2701217225381299
0.2740484582270601
0.24795427487763208
0.24042386461865944
0.2673341694266985
0.26110744729589885
0.2612529864945328
0.25769921566316395
0.2536605320800302
0.25432132799476764
0.2531355576881583
0.2625220514706125
0.2409920764736489
0.2772069616294828
0.2885734209599667
0.2561014088199225
0.2507535905985136
0.26204130029338474
0.26364453199389365
0.24702579017142834
0.29477255489793913
0.29940002940514915
0.24081804076877653
0.2404580911898479
0.2329864917889848
0.25466384715152324
0.25161869665160697
0.2623430251115351
0.2691297065990158
0.27356371411929065
0.24540077147408348
0.24122317023651657
0.26936471869676765
0.26013163916198173
0.26321183086534394
0.260225142409135
0.2549196651360676
0.2586449519661395
0.25084701891738576
0.2530810080281878
0.2657174826944592
0.27747354860891016
0.24767268022007802
0.2657168636695662
0.28976899050319843
0.25670107361758376
0.24925361575205152
0.2361475158018708
0.2576861035621103
0.25786643083739225
0.25293031016017536
0.24786056719673555
0.2996079478589221
0.24307577853368562
0.25115706171434493
0.23162629354052483
0.2559722445168031
0.2551781799033166
0.27666194267164956
0.2535387042307724
0.24025511002602104
0.2708126442009587
0.2674644816848342
0.2589750917322373
0.25509773306029354
0.2621107352997607
0.2596559847027364
0.24832523932064893
0.28163517465125526
0.25851478858614324
0.2765267765257423
0.2950175871415011
0.2699962279450241
0.2490012178932849
0.23930848494508217
0.2666570498166925
0.26304371130134135
0.2698860978781884
0.25561986024284467
0.24615633813122215
0.30143643884327204
0.30603707651823264
0.24454747117585246
0.25179579611787634
0.24202221996660894
0.2599748152497061
0.2676484076950687
0.2738251995545957
0.27927531375582915
0.2472106501668355
0.2437130706768566
0.2681116912753492
0.26841641363237645
0.2704237135452637
0.2615475961994919
0.25790396899965073
0.25785906404245357
0.2595283381740626
0.264449512986076
0.24798509214470554
0.2813849262874291
0.2614341620853518
0.27112502946651934
0.29199285357777843
0.260134627546841
0.2583030702264811
0.2451091615485929
0.2739430145311088
0.26013912819946516
0.26402090313825244
0.26225450896630786
0.254656615361076
0.2989163466831835
0.3040379466738836
0.2524402035713899
0.2471532847094695
0.23718193414872188
0.25601342851374664
0.2600579172629488
0.2725027739395919
0.27485026040447375
0.281390441626072
0.2392131832964373
0.2356779975250338
0.2676530461408623
0.2601471253653853
0.26565161495125333
0.25927343263874514
0.26190694518325325
0.2590400845513361
0.25938351988990394
0.2599629824182543
0.25744525077751557
0.2512526354681767
0.2877279788970244
0.2628420590345806
0.2772216567404547
0.29274567787907413
0.26495257288489343
0.251823367704184
0.24282221117899688
0.26950089590210424
0.26580328788356566
0.26907911755069214
0.2589118530078991
0.3004904326014968
0.301785912465071
0.2402123269740908
0.24213117451139707
0.25620350867074504
0.2561683438699368
0.27065867568359714
0.27247237685044784
0.28223904254454324
0.24876860528861008
0.24415568352233047
0.26243519235487334
0.2634846801265837
0.26813567052956244
0.2704636578555769
0.26810265582965104
0.25861739390842126
0.2597733394588282
0.25624067522052413
0.25303178461805675
0.2482596732529671
0.27883238300159485
0.2583403800838567
0.26567449893623074
0.2920665314885821
0.2620838463251211
0.2521549742244083
0.24182216899115244
0.27436126001200495
0.26007924390843307
0.2720732101247201
0.2551665773483665
0.2541031913643062
0.29895163150593557
0.3015120815545054
0.2540507724921488
0.25720061919228565
