0.825062897482217
0.8416994522240364
0.8475659099786109
0.7696743018926506
0.7550021935993376
0.8429685837185857
0.8481637437238564
0.83314928578276
0.8269437982424362
0.8220780206307479
0.8258468476068288
0.8268159897380363
0.8300370981785083
0.8515281407004278
0.773258754166309
0.8481667860613578
0.8947053869032593
0.8552471532863983
0.7711635514550415
0.8321544392203749
0.8333920210236296
0.8327874392282578
0.774978454024111
0.7856575137868697
0.9021411206070519
0.7682906916908477
0.782753174381471
0.7668791779581166
0.8309446589756355
0.8272778980808841
0.8408423662787821
0.8508268499995777
0.8469555108576929
0.7761019196415591
0.7610502184285579
0.8394479447635602
0.8434031693810928
0.8489795355072945
0.8346263737417836
0.8252319424701953
0.8221028271429098
0.8300075137017442
0.8248107706680838
0.8288452236136533
0.8062227620952171
0.8534952401054459
0.772162409250553
0.8489704872925161
0.8939821699841786
0.8523095349549478
0.8069472338740089
0.7579741365022559
0.8287432826070135
0.8346747080108712
0.8289402167086992
0.774374549600109
0.8230174150010892
0.8926560198941704
0.8984211026944986
0.8041099912515446
0.7866726936925252
0.8287068342161255
0.8271974587839839
0.8404309810946614
0.8495133246669481
0.8469693450174727
0.773186036881027
0.7570825453526047
0.8488688510462075
0.8400994869253121
0.8459334127973244
0.8331324178336528
0.8305746014281428
0.8208472382285046
0.8224835501357945
0.8271638061377444
0.8272840141984527
0.8055487013201004
0.8628634111389704
0.772929479628204
0.8543180748726582
0.7775069383861579
0.7955461011637772
0.8280898589426077
0.8328781441464493
0.8293722761158668
0.7694564824280267
0.7853406965640265
0.8921105975137379
0.9019026581187319
0.8050192702776265
0.7786497689414726
0.7684928287253472
0.8305680222551024
0.8417573853055758
0.8495796022212345
0.7761095535877076
0.7545342978445246
0.8467991646152239
0.8442650198170703
0.846774119659355
0.8343697701843291
0.8262387913669479
0.8205053650665199
0.825815943086636
0.8272936929227153
0.805358331832215
0.7715254426685453
0.8367424174610978
0.8945303652909423
0.8529452504972523
0.775103721211936
0.76051027623111
0.8299454005969464
0.8348413538466068
0.8281627983208819
0.7745918729721102
0.8185071740746346
0.8917239969471226
0.8994383561806502
0.8044075316339065
0.7857775042304256
0.7656833113877908
0.82947091778606
0.832114265012769
0.8568079491883304
0.8562271243889586
0.784014549585759
0.7941301909794797
0.8576947666830314
0.8541930436090481
0.8592926561896845
0.8387661924673897
0.8340554803088761
0.8325395126213784
0.834229313449603
0.8345266138232098
0.8318677126899165
0.8123855145075871
0.8628099784913275
0.7842024358356281
0.866274707938897
0.8994764880915177
0.8566640269139398
0.8021939527800978
0.8443830602555946
0.839658695358301
0.8397614884586323
0.7852041909184604
0.8218486499365876
0.9035572584825758
0.909085151155382
0.8099417495650603
0.7831942345584152
0.768988077138465
0.8369607456349709
0.834457673796972
0.850138747218345
0.8591015088241121
0.8562512570638976
0.7760360291343079
0.794519136493365
0.8489632963680287
0.857840759543722
0.8594092007553145
0.8308166808938486
0.8339836897246459
0.831237165746712
0.8345384537051925
0.8112709260840985
0.8205386274492164
0.8399075559145677
0.9027130774795339
0.8649991566422095
0.8100811551435374
0.8041923391650199
0.8437593439820384
0.843409872509183
0.8348773418971238
0.8299073238094867
0.9000290375618016
0.9110024069142255
0.8121846453025658
0.8150273539369487
0.8408887415071278
0.8349406665927354
0.8508887270882999
0.855664279551917
0.7748254630645699
0.767771223587621
0.8458160885188406
0.8438192778661121
0.8426799885606269
0.8378156277883857
0.8464052572141192
0.8289572525627991
0.8370816203753446
0.8321025809314655
0.8146801524596563
0.8646724723966319
0.7861602612985769
0.8639617234861217
0.9008706032606243
0.8600444992802334
0.81219221187812
0.8042732263743404
0.8395470441055066
0.8395768832473148
0.840414423315174
0.7821323771486652
0.8149273758881135
0.9016341037364501
0.9057049949198092
0.8068718002577244
0.8258855956338462
0.8374849864879028
0.8342636857844035
0.85208359862992
0.8548130094872091
0.7795699114809037
0.7605752628516067
0.8370210846864499
0.8594422228538466
0.8367297957454245
0.8551497857707653
0.8296021960044844
0.8280994100895678
0.8352703454852565
0.8230603666509004
0.8100598728601154
0.8532885491090518
0.7888100876695727
0.8361261454822654
0.8658252945501341
0.808084078028559
0.7971611908973452
0.8411645221216926
0.7845749906560124
0.8960048665605956
0.9046007301993665
0.8097014700868956
0.7978275783004515
0.7911694914095352
