0.34368654740557936
0.37279251298821703
0.3768717268496273
0.31283816424117483
0.3533380732021025
0.3453521080622809
0.36352341338674327
0.34711454222408294
0.33522209141440473
0.3464895455098664
0.3764703020550857
0.338859349159547
0.36107628159582694
0.4019594638862914
0.3492273488094245
0.3488218046055249
0.32084002988935256
0.3611837137112165
0.3554713287573963
0.3591088000337133
0.32952644889793825
0.3327079912899335
0.4045516770817945
0.413984310022489
0.3383924604705483
0.3259956618940991
0.3171533817805301
0.34192037669689895
0.34511801219499405
0.36094916305790714
0.3739005863375687
0.37711363170402656
0.3284230316679434
0.311139053376383
0.3526159285703358
0.3450220065569164
0.36312171373084196
0.34698487408412715
0.33535975986737687
0.34483192324346224
0.3507763431762433
0.34941433482762413
0.3393822061765226
0.3783767459228684
0.3382921096697049
0.397724904364484
0.34857174612442443
0.3481759413538939
0.3275939318527581
0.3607407739896331
0.3567368792322285
0.3582668352299089
0.3325096836384342
0.4043407483450592
0.4131137887207972
0.3360007370873692
0.322393247870286
0.31675333427014396
0.34175538684557744
0.3454759946782089
0.36319385345770805
0.37358190338911634
0.37755112086828063
0.32440154775991586
0.3103439429549384
0.35196964333731723
0.3448449860798224
0.36377090722553407
0.34551055922778545
0.3341828344840627
0.34302245839604517
0.34776765686808975
0.3513736115722995
0.3443188415044536
0.33893923794669667
0.3741303084449717
0.33885603813326626
0.3610234420954457
0.4019389474056604
0.34921024903389686
0.3456079307394609
0.32468215403788914
0.3643634847472333
0.35548093076255055
0.3581294888793385
0.33015016312843537
0.33320759838046443
0.4037781935294012
0.41279057042299755
0.3351685676502066
0.3285457477479602
0.31533148109773845
0.3407862838233186
0.34508125694833686
0.36183374933460005
0.3736053534905794
0.3763046359242418
0.33047116163709445
0.35407022566924135
0.34576787179773794
0.3435585159311595
0.3351943808182434
0.3453413938518138
0.35094545949469386
0.3440686927737667
0.37155633731614224
0.33898177819474307
0.360974075634724
0.39665147180356625
0.3489534881741705
0.34387173579147384
0.32550181124604294
0.36153343937696364
0.3566784224130935
0.3590181604992048
0.3295527999718241
0.3321131716284893
0.41339157522563763
0.33560774618262723
0.32560707392353305
0.3137057121969929
0.34197836037832424
0.37274688068381495
0.3810326601699926
0.38557672347773525
0.3278296449090685
0.3225239663660782
0.3629617645197776
0.35535836605909427
0.3696445277613615
0.35314155256183727
0.34307056783868123
0.35424182673949123
0.35607000493566615
0.360015439583432
0.3531732467262592
0.3468242374048196
0.386188364862503
0.34942514927544
0.37449717907930535
0.40644113042723695
0.3568851563752035
0.3518308392652629
0.3361759281814202
0.36876625514175426
0.36465691525701954
0.3700285778897223
0.338304880228778
0.4155236204017841
0.4219505210233446
0.3404914467624645
0.32961257617577944
0.32534284748104375
0.3489817928743786
0.3555564532955618
0.3702380148735963
0.37930745523123954
0.3857731939055927
0.3370628771652707
0.31629106586548966
0.3583369139775591
0.35287147892486437
0.37149241243691755
0.35911568776624986
0.3459566571384842
0.349527698452687
0.3497172896163999
0.3629883796383438
0.34559273175858674
0.3451880064300226
0.37818523848526675
0.34939823172984674
0.3677873506901721
0.4061587265746295
0.3551044747896283
0.3534885877439268
0.3348103886222651
0.3721534160710066
0.3378362720937548
0.34346489108389294
0.41153865238513326
0.3466222367687385
0.3285666613520336
0.32455754186272634
0.3496304019417966
0.3524764774902701
0.37333588750238433
0.3806426752723592
0.3888818165006256
0.3318495577177436
0.32497217226728753
0.36327441688772705
0.3591826076236482
0.37214272530716336
0.3526882383971161
0.3447656186048147
0.35329891550258136
0.3620193567448993
0.34949741947697494
0.34709136931233653
0.38842827286625803
0.382395101710967
0.40648833888932273
0.3513040987734064
0.33599977273067283
0.37447653288769145
0.369753670044086
0.33450443920908995
0.41368888647720553
0.42042403002000195
0.34011758098533423
0.3282627820343361
0.32973834616950404
0.34987714084470023
0.355523421930749
0.3623802553180796
0.3757861384761968
0.3471024669802165
0.32378395097068857
0.3638375653563298
0.35206931653572787
0.37367823507333925
0.3543674768383375
0.356777633437383
0.35642283053790036
0.3621544255386692
0.34527176001649595
0.37450315085411556
0.3510838039881779
0.3671653995336989
0.40645600248650327
0.35437590480079095
0.3525300800516907
0.3356667383321864
0.3651663682652774
0.3647066618159792
0.36214579475637376
0.34503400257569705
0.34203218605838837
0.4094478943331987
0.419511340270232
0.3456941251024568
0.3341086697414836
