0.696266407826663
0.5926885510915944
0.6325741112284401
0.636057066322184
0.5865971218425756
0.5569141606357906
0.6342787355357715
0.6614815757465113
0.6094827491199847
0.6653185359029199
0.5931864645742999
0.5466760130851973
0.6067950805721007
0.5974117923761608
0.6131360552947899
0.5109328566401612
0.686296955274946
0.5356360314997124
0.6095651509155071
0.6907221363145409
0.6551157911349728
0.5496519518489518
0.5931526744870854
0.5875064479187128
0.6229145232430618
0.5148865070696662
0.6498508057662771
0.6810276353754805
0.599708004841033
0.5697394670566297
0.7602821769386878
0.6954221196941256
0.5939414089967017
0.6327143111949632
0.6346621660523434
0.6032261175067621
0.5471645438130854
0.6247005005385244
0.6241066902693366
0.647431687447769
0.5527024059408607
0.6171163655542199
0.6051927064394109
0.6146597805758376
0.5113388998330782
0.6919410301342934
0.5335682866367042
0.6073414914839869
0.6841126405396462
0.6499080634685279
0.572351360225558
0.5843364748516704
0.5852772016754773
0.5859663022070296
0.6396122952987237
0.49280086885817165
0.6703222085742644
0.6505470325317209
0.6799468845755936
0.5667506236861943
0.56838785446677
0.7561866227518259
0.6833820974898647
0.5851875371182907
0.6352471572067847
0.6355481767093905
0.5806584854079107
0.549856978966061
0.6277592110816452
0.6555450093252992
0.617121067637562
0.658418291209629
0.5976767464658498
0.5430396569396168
0.612396388517098
0.6023339745209271
0.611926239961339
0.5078629598383392
0.6883887199439247
0.5358005593530111
0.6028257893033365
0.6887760053462167
0.6557566435418268
0.56090652836672
0.578651500160327
0.6010905170585417
0.5878352345467694
0.6491949892534608
0.6803569734242622
0.5950480392151265
0.5717757270448762
0.7584063744434442
0.7134434772032623
0.6226692575997576
0.6651684645841273
0.6754461505507852
0.5757925855718088
0.651422626955823
0.6831375459190365
0.6581489915654245
0.6559468199350608
0.5656204909874614
0.6324120640695373
0.645660275051989
0.6388423014465336
0.5408416386956322
0.7098271935512109
0.5439290223846058
0.6489721713018208
0.7046230340579236
0.6699261806423035
0.5881196276297136
0.6137567169583495
0.6268629341848565
0.6486610495900784
0.5255842782705565
0.6872764458276399
0.7080636323022867
0.5738351928877219
0.7580524236602231
0.7011799843418509
0.6122806270832144
0.6758102990793471
0.6655260690136615
0.5722947977496675
0.6476184703653813
0.6839859970853637
0.6519815973229984
0.6649464446503854
0.6186496430310383
0.5636108841486686
0.6365107927845746
0.6280451326195972
0.643752754923113
0.5309657553447947
0.6943011135750461
0.554037347252746
0.6549367914430213
0.7051513965523282
0.6712863717666978
0.5871064220424965
0.6376822607218777
0.610154057371888
0.620243014735263
0.6559800705243835
0.532586889477615
0.6914115657526247
0.658459793065782
0.7163926405941259
0.5830702829102299
0.6010641127571839
0.6251551432445687
0.6822002346290679
0.6433787240357858
0.5656523679113502
0.645406788605547
0.6848550277211707
0.6665227452843139
0.6228150016542338
0.5639627582164422
0.6382257631398021
0.6408776502600074
0.6263843160979009
0.5510746900861723
0.7079021181779399
0.7117189409345362
0.6692466267340504
0.5869934656094735
0.6133487327792508
0.6128359894496811
0.6306648924177076
0.6479065242519055
0.5327258957144169
0.6869322553217714
0.5848577163732314
0.6014093848268984
0.7397151807999982
0.7149821391718112
0.6131209001508577
0.674240922539144
0.669221546855115
0.627855053695519
0.5777682721369091
0.6430410290709385
0.6781357629236571
0.6623804102643525
0.6616321045341829
0.6218543288743341
0.6391304669988846
0.6263201809583944
0.6393552881483366
0.5393629031459091
0.6899142241626559
0.5589585712710379
0.6568900779322249
0.7111238483009352
0.6777124075930229
0.6344162871395645
0.6172238561806926
0.6261047223577751
0.6566693151310259
0.5270969828240957
0.7113180340250527
0.66793895310191
0.7213153955758042
0.5929783952669903
0.6089449974417365
