0.3963038376711593
0.41186827258450887
0.3562443178347906
0.3534475571354484
0.39652639256374633
0.4760506443202914
0.3778600584481057
0.44204762878966913
0.4096405993702089
0.4418127086023082
0.43927933600180286
0.4229219788836609
0.4480704636770781
0.48692404965946834
0.4399595039911857
0.5221636127909777
0.46184249267252275
0.4661524219998309
0.5355929986934109
0.4691079615446411
0.4008648225006739
0.4621614155565913
0.5338465693377632
0.4932136428370674
0.4588053379139041
0.5283983200062862
0.49899099328534713
0.584579858771457
0.5245762314429292
0.4885944472660317
0.5344322418466425
0.5643096950401446
0.529770482603447
0.7299378003797115
0.6154855126400666
0.5374121156422491
0.5808131103343139
0.5828404362740244
0.5342008837181373
0.5674468941365614
0.5400337040026797
0.6577695466652831
0.5638029199754447
0.47498229709477924
0.5352108997911635
0.4014465109654812
0.4147140768597855
0.3677882249746728
0.3604817089620048
0.4741372073342569
0.38753623502770074
0.4269377710969587
0.4139709315257507
0.47475077950922634
0.46347167777967746
0.39057784708785587
0.4328349456978945
0.44867029332076447
0.44852157485942645
0.5121653823948666
0.5258614552788989
0.45662713954101763
0.47807416804568037
0.5042342972621501
0.47709859467757126
0.39995193205286134
0.46911191396691865
0.5277084347732128
0.493220853566069
0.4582652215524859
0.531270362608946
0.5132459630445414
0.5813108887364827
0.5207678582292314
0.4982221399959788
0.5303637431503138
0.558308038692491
0.5269579176365813
0.7087549018467378
0.6217365393897785
0.5355161449392923
0.5827658670817466
0.5743625475884072
0.5279967580862905
0.5926036478429582
0.5415647929448723
0.5999517244469068
0.5662519081671722
0.4855246263846444
0.5352150454310018
0.38808174795533257
0.35752242545177026
0.3977329084157277
0.4388148569110397
0.38052172294074077
0.4385340654579908
0.4096231987469654
0.44598591508036034
0.4438163524856136
0.4356928238661388
0.43202083092086174
0.4495395863748952
0.479111709989683
0.4413096333050782
0.5216800429751334
0.5349365340613653
0.4745118191936075
0.539397287801068
0.46525583501923606
0.40170757912087385
0.4544805544838755
0.45906223914826105
0.5335145311499726
0.49971826573206024
0.5858324772738496
0.4984675699555028
0.5347091250275714
0.5567054901364777
0.5242525434405786
0.7164319366236027
0.6143390526319716
0.5336094315743233
0.5882574511538852
0.5738630681854753
0.5345533532825949
0.5696729145071721
0.5372606751077784
0.657952778588227
0.5645107329489936
0.47080237588271334
0.5355543503436383
0.44546721834851605
0.45762715716501384
0.39181647491224536
0.40058624618321576
0.48813629698333116
0.43389960058563143
0.4453609506142785
0.47064359347093554
0.4322425847896012
0.4577007880698565
0.48051157727702953
0.48632964352382146
0.5417061546391213
0.5232106220190427
0.48595668231147415
0.5214497991736138
0.528578466366781
0.5020494878056851
0.43157721805647975
0.47895906946159733
0.5708656025552461
0.5107156066045253
0.4935596654078872
0.5522574725033677
0.5492407171561865
0.5561144837785323
0.5413997430937776
0.5618627116150418
0.5890691677608239
0.5693416163681468
0.6552390391704537
0.5663296656133295
0.5881297962910147
0.6099492221722953
0.5587665219253151
0.6086880153706278
0.5641486750057908
0.6462281311889105
0.5978338539407566
0.4969160173797737
0.5722290881552747
0.4213496364347629
0.4382277830589528
0.4013683720604789
0.39117832090934
0.4559305752367312
0.5212551610896964
0.42766974342328773
0.4642309392193142
0.4509507250258983
0.4836727833635024
0.4549358827873848
0.43200899963759243
0.4596516946661296
0.5199217999580845
0.4792015752850963
0.5456199327823661
0.5431032053085401
0.5373860139443281
0.5393989905564511
0.4981397962456407
0.4255194047346676
0.4981021916203717
0.5667306914194721
0.4824387686125951
0.5599887234052668
0.6177142924632593
0.5585949220813886
0.5265584732681288
0.5534327909596777
0.5868595843222357
0.5620810444860104
0.745281136623637
0.6551751272506232
0.5661354481826023
0.6028554988920407
0.6129759814939775
0.5526433040920357
0.6093227565389501
0.5683404244436422
0.6468591875607592
0.5904115195664627
0.5078781726028248
0.5699744208666546
0.45458050222197494
0.3966897271283282
0.4043074513353041
0.4191988911610288
0.47054892705948326
0.4187324229228534
0.4393378169408457
0.452447415180804
0.46272282490073435
0.439447484225344
0.4540020988191295
0.4830834022094989
0.5182648559334241
0.4881541973894532
0.5458307591544593
0.5396346916231561
0.5237755013063184
0.44133267432488654
0.5159741540202374
0.4988321275938111
0.5454445328400849
0.5453840054198069
0.6188788175329849
0.5630242706491451
0.5299316760944439
0.5613912044653326
0.6018429405693253
0.5700055329370692
0.7602904058993466
0.6614576471877243
0.5578441429371135
0.5910845002222608
0.6114868229832715
0.5578721339988729
0.6149606247445116
0.570659002232661
0.659558345404808
0.5972688777036991
0.49391564770191937
0.5790520200624336
0.41192449723768976
0.40123561381037987
0.4464915375336514
0.5155388930253879
0.4257100358187275
0.4657497798380642
0.4461166432607456
0.48416609671326105
0.44537717262069476
0.42862953446812346
0.46627404688655216
0.4588816294803511
0.5260240351192134
0.4942299797394918
0.5472720054380447
0.5356491792836424
0.5388877366098992
0.5041291577393967
0.4387549871464286
0.4923478683746557
0.5713644104084581
0.514163773550375
0.49262094291995884
0.5512032721359694
0.560969319009348
0.6222190900395302
0.569997040518083
0.5255489211806136
0.5582806298065497
0.5912662166842065
0.5670747904424449
0.7618127017346756
0.66146511981241
0.576331083372672
0.6115244504758359
0.6171730950515733
0.6081572086369262
0.5779336372007583
0.6513097552369973
0.5963070986201059
0.5114119889577556
