1.1115231237942313
1.122296394074981
1.1175801787715933
1.1486134834782913
1.107990007999025
1.0898864435029583
1.0923719220721637
1.1686719641288048
1.1511483846981103
1.1475439817430189
1.1155175203313825
1.2042358544369973
1.067411358946667
1.08902899999099
1.048974103138437
1.0473330620019843
1.0936022560845566
1.1566335592882002
1.082815481364876
1.0619708268713937
1.0663403404580165
1.20109630777891
1.107586925659891
1.1331321559763632
1.075260765260512
1.067847653983464
1.2066006253524182
1.1164816004955722
1.0930859605809868
1.0111257982079898
1.1590632856376049
1.1125273722154962
1.2280491446545034
1.1076086904157982
1.1436845765516217
1.112614195100597
1.120023210892775
1.1555525239773483
1.0710414538971735
1.1352945640797332
1.2024166811255814
1.1468975735102456
1.198646441597815
1.1246430185774319
1.1152338229690575
1.051583322104559
1.1265208236352768
1.1096908749082697
1.082643273873443
1.0793894538529027
1.0994607160499554
1.015625676303588
1.0446249989823575
1.20015739817867
1.1222758895498433
1.1655517603427479
1.112813523635054
0.9605712422219248
1.1039075798409703
1.2333567645507553
1.0606752211713657
1.0406266492736684
1.0475102450756992
1.1214685553777473
1.1144322889461038
1.1050003038304852
1.0183866654823899
1.20772043849931
1.1105519168509428
1.1077020738636283
1.138265340432249
1.1302347513472197
1.05595973085967
1.1966940156059647
1.1931676950224788
1.1230436959153585
1.0977339388265854
1.0400291102338164
1.2069693195714595
1.1864614984621995
1.1100613364298022
1.1057543797228566
1.2406622262960847
1.1051834841838002
1.192643561808713
1.179966300585296
1.0803548006542365
1.1059966396038505
1.127905402041625
1.155217879702848
1.1312658611796522
1.1701870422276686
1.1166143200613168
1.0606160055290272
1.0698026648203378
1.0568211219342956
1.139968960424608
1.0705443913268358
1.1489737361950412
1.0790259016537131
1.0632796121302823
1.1489184188335964
1.169210018835007
1.208524407504007
1.0965371787738267
1.1988810516687924
1.1208255475405435
1.2128372734008948
1.1364750423543464
1.1322421795224238
1.0762787386892798
1.0930890896507712
1.1764203116065883
1.2265845339248678
1.0670865265112335
1.1021928063641164
1.0188705773317022
1.0424250831670363
1.2742171494306156
1.2007430229041716
1.1361327309257008
1.1238694117508314
1.128277544089795
1.049581907330421
1.122277572983395
1.0108202487337095
1.0864964690129608
1.1636237978198474
1.08374054565917
1.157483140422195
1.1506669552002236
1.1748657279556796
1.145776653200158
1.1165517283301165
1.1015440310519136
1.1560236685221628
1.1948967919658682
1.1571657109740707
1.1188599995628274
1.2051433261028974
1.1365125938279086
1.2077151212401782
1.1154933330268333
1.162051326632686
1.1397309659545543
1.1797702925274325
1.1087942325751032
1.030934421728485
1.1372081311764288
1.1578810528249508
1.1521454143047059
1.1185434581253917
1.1248503774863485
1.1369505787632126
1.0456502817584055
1.1181571540277344
1.0889188494261592
1.135443954848536
1.0280776970074195
1.1604775882763754
1.1400810061914384
1.1594925573985315
1.0602570008869416
1.0545350452459172
1.160590026765802
1.1008780840266035
0.9727477655191135
1.1544512511774394
1.128622075758461
1.1249230697697112
1.2421717170437576
1.0694924000548593
0.9967196171937968
1.117455050612503
1.164471734482163
1.1785427596549174
1.0528425192507223
1.1710345628337486
1.140073044771329
1.178125016283884
1.0507993439611085
1.1395168381625227
1.0701264970651287
1.1266399647232404
0.9820344545300936
1.1757041160845818
1.1314592052222896
1.1970586747086558
1.0754950287677267
1.1051606778697403
1.1327489765182257
1.1137104775185864
1.0673944582609523
1.1263693924748988
1.0715780465278275
1.0936749100440302
1.1759790782224886
1.081579715674286
1.2332216901541297
1.0486766661589448
1.1080941327783946
1.1664381806423034
1.2331935998380397
1.2413262369199154
1.1673951202669444
1.0825778759352804
1.1877923622589135
