0.30457419980210026
0.3159129862382951
0.33059453773331654
0.2903030925458111
0.30636388629408395
0.3040206469603913
0.3253981946343522
0.3045037657800392
0.2842036581104016
0.30435040448488854
0.3165480195271566
0.28513333742991903
0.31028936783404004
0.3395549427048165
0.3056374317806371
0.3040176765776204
0.27773369581624
0.32351039559458356
0.3087955870151082
0.30946378836221844
0.27988740939191437
0.2824706963640902
0.34126412460653893
0.34464574406523546
0.2843051249999966
0.2795677925717337
0.2765962524804835
0.3021343083277348
0.30428348385188847
0.32383927561410447
0.316343812340244
0.3304458242856624
0.27791775229803084
0.2716160813541242
0.30627940664889886
0.30391031944649755
0.3253075172499136
0.30417722269695946
0.2842580245165725
0.3043435161908654
0.3040010803740684
0.30647771405833246
0.28654012353128744
0.31673395932196435
0.284956121723038
0.32574748717161706
0.3054175533753676
0.3039151926860102
0.29651291357282133
0.30981101231008423
0.3087923899771284
0.3092881147051998
0.28223986614303925
0.3413390739384933
0.3443718447515227
0.2842000374999993
0.278929577595599
0.27690538288042854
0.301899688645922
0.304768075124782
0.32430777635044894
0.31621077701567185
0.33072045136360995
0.27815430553798615
0.2719016938490204
0.3067264945620781
0.3036357554397086
0.3254544603875308
0.3045371040006543
0.28416511025951374
0.3034998561772488
0.3036993136004622
0.306943820525123
0.3030188940421829
0.28656181289954596
0.3164149671765364
0.28518461372748105
0.31059115032338375
0.33999937182754936
0.3056418711431299
0.3044395271989889
0.2970078314264229
0.32391732129613005
0.3084178871205464
0.3093954657218545
0.2799102388905228
0.2822697630435249
0.34115412822248803
0.34422391105139283
0.2840585749999968
0.27951172730927004
0.27653565691261645
0.3019159598325342
0.3044950807745914
0.3240922952840632
0.3164203939431997
0.3302588408294014
0.27792719214604644
0.306772228208309
0.3039991995519269
0.3041298120642274
0.28426950410391394
0.3039859109661391
0.30681162233646864
0.3026331477436971
0.3159319746638066
0.2851199524462832
0.31045249775556394
0.325728131302512
0.3059132752647104
0.3036484232914399
0.2968798258268311
0.3098732049891933
0.30839187160774195
0.30920636041926497
0.28030591713385405
0.2822569033930219
0.3444144189662375
0.2839130749999971
0.2794557460662524
0.2763641006295643
0.3018627031056152
0.32784707296552684
0.3194969865676396
0.33441274302828716
0.28089572094611015
0.29392298761348545
0.31011631374184423
0.3076192455824698
0.32821668755513944
0.30653641171067236
0.2873874117500568
0.30715201597379305
0.308304905014551
0.3108152405201203
0.3064154014802532
0.28962175670931306
0.3203500740832463
0.2893490659666736
0.3159351103655725
0.34210646493663543
0.3090617502135672
0.3059689315365074
0.3009135820377275
0.31420182646309514
0.31257066569627745
0.313511718395084
0.28526551011504037
0.3448984342461778
0.3482346723982929
0.2861264124998242
0.2813438167082431
0.2803976406698564
0.305441669558481
0.3086061957163408
0.32683839564209793
0.3188497649324068
0.33409922214450705
0.2834593707873604
0.27407828527058653
0.3091297996988103
0.30621366190180904
0.32886216389399114
0.3078218893079145
0.28906995432212357
0.3063598607380817
0.3065679331979167
0.32390782057483186
0.3047467521755032
0.28881927429330134
0.31768704497090183
0.288571088398368
0.3136912690447673
0.3422279013054979
0.30835308447401216
0.30624861577726054
0.3000842900623625
0.32673659384598597
0.28304147639084787
0.2864128585781054
0.34359649500361195
0.30502089999999704
0.2809213527703147
0.27995841222957346
0.30530326743897995
0.3079687084042659
0.32840187538404886
0.3192072843709143
0.3348939200277811
0.2997579035240767
0.29472702278774354
0.31078804945741306
0.3084933262324591
0.3290872471585261
0.32031401784084856
0.2879555866702662
0.3068987592398868
0.31094722604118713
0.3061002379276317
0.2899634126718578
0.3204749673160473
0.3171848082662003
0.3421914571164011
0.30587423984233475
0.3013898357836895
0.32865004052742197
0.3140569818889846
0.28417542233659754
0.3448355658024585
0.34765895880992215
0.28539017499999997
0.28058343683268805
0.2816638877223444
0.3056802216987033
0.3087358647131026
0.3078729797389887
0.3182643304915642
0.3034473024850978
0.29222016881693913
0.30882822701254253
0.3060338801043293
0.32928463300869315
0.3068097200693939
0.3092598856271928
0.30610387862726257
0.32371938701520875
0.3033903553654507
0.31605125719200966
0.2890027049106528
0.31226474481176614
0.3424100098949432
0.3074214941154996
0.3057943904298198
0.2998130883248499
0.31185331824505746
0.3121384731589516
0.3107539208272962
0.30105424709765294
0.28639320649830147
0.3432314172128358
0.34756903832570396
0.3047795124999805
0.2808803630737467
