1.3242839309795402
1.3266166066728389
1.3251951375358713
1.2416666912337895
1.2518792331987572
1.3642095935718634
1.3554346653817964
1.32727111997794
1.3327519797076757
1.3262685088459263
1.3279764440663506
1.3274073038484184
1.3359904417170385
1.3316504249738044
1.2328428317204874
1.3600039086046352
1.3618577904102596
1.365741212580417
1.2349028315472061
1.3300115125273242
1.3247789233257374
1.3343902379512573
1.2456087836543204
1.2416201924924892
1.3669850475863679
1.2291889597544865
1.2491206178797971
1.2373651511855188
1.3342253086512768
1.3279808181546375
1.3263249357699702
1.3279592049357962
1.3254064113093356
1.2501155642564028
1.25807281654464
1.3398922515602572
1.3641680170413064
1.3580992432400258
1.3301290067233928
1.3292614619612828
1.3262056264410236
1.332589361070091
1.3247243480565982
1.334064885618259
1.3150309809573792
1.3347080817435222
1.2318697954413007
1.360655202062134
1.3618581928962217
1.3628658570531502
1.325746128257647
1.2339872811699746
1.3263560724298664
1.325388562557447
1.330360664741586
1.243437784289427
1.330481368469118
1.3628926037365254
1.363454820745859
1.3188744008354336
1.2556183504628766
1.3314820061991517
1.325494717622396
1.325558903745351
1.3257612868156663
1.3253870217730837
1.2457625486084447
1.251136226834288
1.3666144429278404
1.3598226412798107
1.352634061257855
1.3278589595772041
1.3368288654594123
1.3260690823523391
1.3239142642847708
1.327215249767388
1.3309703602371008
1.3152798755835688
1.3610994426083303
1.232535979816928
1.363779516639361
1.2437538036931304
1.3224302704451667
1.32380923056207
1.324014252097115
1.3302608155804159
1.2392049504045908
1.2418197534192936
1.3624768293158456
1.3667733702587257
1.3183463603701686
1.2447660607811346
1.2405450335840722
1.3342076852853182
1.3276862737432995
1.3266565378934612
1.2486164746245925
1.2488856786511788
1.3650398867008757
1.3662632399823929
1.3547520583290178
1.329825150595805
1.3315318987806644
1.3245873371725643
1.3279695225593695
1.3265806499738502
1.316080551903183
1.2314495909387304
1.332199609499122
1.3632999518954416
1.3633054965433058
1.2425060652384936
1.2358266287018556
1.3274201049298915
1.3252435964407272
1.33018358405332
1.2439663016094407
1.32561607186456
1.3623064989417182
1.3639911710329329
1.3188792838452088
1.2522468773122004
1.238325882848915
1.3317739927147811
1.3246329091724416
1.3272501081634056
1.3255012194186562
1.250857075640521
1.3313576278890455
1.3663257304315493
1.3658134134767328
1.3595019036194227
1.3285299924785348
1.3309358133675517
1.3316082310340858
1.3268328831865202
1.3267549234924627
1.3283866366362584
1.3140267993177046
1.3374647085149864
1.2347033727841374
1.3665569332707008
1.3622804322266377
1.3568597959119888
1.3212555743775918
1.3327278662878934
1.3221066150376577
1.3320662683954665
1.2463001894640575
1.3236795647850585
1.3676524275072677
1.3678848303374564
1.3196159640034695
1.2443918863707752
1.2151416183557395
1.3325658578311828
1.3259855546994792
1.329682030196881
1.3312765474640922
1.3256196554552409
1.2357165840649367
1.3355834929500434
1.3627197800917648
1.356920078988661
1.3685484141486122
1.3315420251887151
1.3300550329829697
1.3247063287285212
1.3353591275044119
1.316534167750448
1.3256056241183267
1.3277433482764962
1.3652529943440457
1.3695647409216003
1.3237050490944138
1.3227512738669218
1.3357152764147417
1.3269702301744164
1.3295013746288233
1.3309527474067693
1.3653009760495478
1.3715415510544255
1.3210720229035242
1.330682309541749
1.337208182522143
1.3292311559549626
1.3283816799273822
1.3262021244954005
1.2429286609885368
1.2539438237591674
1.3374063849783435
1.337931519010724
1.3254337842818074
1.3293034310258343
1.347873513741815
1.3283697215851322
1.3280796867178566
1.324119484637844
1.3166011158191304
1.3394322369396459
1.236145314888109
1.3630763768238867
1.3649464228059622
1.3626999339036574
1.327527869198787
1.3229805060050623
1.3258880621795177
1.3242624343901654
1.3320187791094529
1.2389468774576025
1.3192249966147154
1.365298376998486
1.3658922148613728
1.3169615295103092
1.33414871191348
1.334783234348562
1.3268604003511593
1.3349139254977531
1.3269037133280481
1.2385877994140266
1.2521114966984632
1.3321076467237631
1.37965591878997
1.3274268027513878
1.3513049711380525
1.3315015081547907
1.3263720262143368
1.33018046796285
1.325236827068953
1.3163692106679254
1.3367222641908512
1.2455160800749296
1.32825583090806
1.3751617140060008
1.3218097097327903
1.319113298455435
1.3371712707477659
1.2530686747103865
1.3636090669465817
1.3665435839875508
1.3205167496991943
1.2641952564942778
1.2473543516006134
