1.2275848993841485
1.31940614547996
1.3203709507953247
1.3230291723552474
1.1135778751997718
1.2426461508041948
1.2385478753110997
1.323438883857221
1.2318764472076478
1.2336445201124475
1.2303794743126035
1.3154045244643358
1.2247984460841914
1.2326994651891385
1.2352273013017587
1.32402208042183
1.318092208959034
1.228944734986685
1.2286966524279477
1.3206088311714546
1.3168017150663145
1.3206534497963156
1.2309088137703847
1.2285683767323632
1.3269453783711271
1.327862417398511
1.225642250575707
1.1178503448924504
1.1106786238383735
1.231998032711913
1.2299529096136883
1.3224521879357467
1.123803343085542
1.2475709474136454
1.2369937617424616
1.3264291613526538
1.3230867941766657
1.2322374243857896
1.2371052883285425
1.3190740074557936
1.2398967765555513
1.108566883118537
1.240178033005381
1.2296389105298067
1.2386660952854087
1.3244209899181163
1.3185662018337054
1.2332270286040274
1.3204360025023243
1.3175303481295195
1.2317109447662167
1.2348885455405276
1.112792978119236
1.3263638387862937
1.3277376907518952
1.2247933769853814
1.1157550915434473
1.1070038670887565
1.2321892337170266
1.2294487709577573
1.3192375364866102
1.3198266418859677
1.3228280754688173
1.1187498914707308
1.2361535419122407
1.2391842658708865
1.3240104862781232
1.3183274958015654
1.3211499501146216
1.2321659871125341
1.232895408764301
1.2321938404624313
1.238430522877663
1.1076652249245293
1.2376806171794534
1.3237880920820968
1.3183258109205769
1.231094572232427
1.3207719005393714
1.23520906950641
1.1138485847039417
1.327015696195749
1.3277010408509309
1.2256153605125204
1.2281694684496358
1.109677882789766
1.2341595567988861
1.2302800772962605
1.3194981193451765
1.3193340092992263
1.3224625897676077
1.1170465445745577
1.2368448243174561
1.2404980058304917
1.3233513886972097
1.320002285823839
1.3228519845270148
1.2327743207942354
1.235490246953053
1.2305595581975544
1.3167797482911097
1.240713623547178
1.2378334170208058
1.2296244118612831
1.2349773733070268
1.324770125729637
1.3187180585567992
1.2304816135146956
1.2277687803589183
1.317833436560503
1.318277583319104
1.2362419195141214
1.2308626336558615
1.327754036875604
1.2275219565224569
1.1189146500439708
1.1088177051047163
1.2346382523860313
1.3170992966728639
1.3216258465208375
1.1196001646788445
1.233229658477531
1.2384156962615072
1.3199866625039474
1.3201846211473451
1.2308747780926597
1.2352657023529896
1.3180033497878514
1.11006950643031
1.2373803946186082
1.2329999134667822
1.237332260649577
1.3264448527468593
1.3250898982007908
1.2290544342099943
1.2266358754224729
1.3202541533214909
1.3187462570645028
1.3236239854539409
1.2346736884649663
1.1106895975467626
1.3285204220826565
1.3291408480769265
1.110378397450571
1.1179130553096623
1.1119299494114365
1.3202423225969568
1.3201475817217472
1.2329945516369005
1.3229203628823134
1.230274480723527
1.2365549680059145
1.2395429395861075
1.3202981641815748
1.3270248300465968
1.233708273732499
1.2334728888016366
1.2327166886073675
1.3187485500282383
1.2385277684650413
1.22645955018045
1.2391687792710717
1.2355128816066092
1.3235092691922028
1.3240162471349914
1.2321607076921626
1.23478512239533
1.2308816004382555
1.326449526274876
1.3173374136288136
1.320688688316863
1.2404571330846488
1.231612503168484
1.3278178174832258
1.3279723703230035
1.231619916964276
1.1146497678957865
1.1096762341262079
1.2321478622983038
1.2328501761931172
1.322093947453152
1.3207797485636508
1.3239039348970985
1.2264843464077668
1.229250977510972
1.2360977524353631
1.3196635549378917
1.3182477661231344
1.3206588863465831
1.2351244016417444
1.2333344455170665
1.231113898892899
1.3182024619457764
1.2328655984086645
1.227652339194913
1.2415753916253287
1.234952127661871
1.2371249999839302
1.3246964865838624
1.2346180575884926
1.2309372760597252
1.2283061360779723
1.3218532178342772
1.3202676158640212
1.2353529389967934
1.2359516981917338
1.3278799610915506
1.3268609052732692
1.1108955592788243
1.1109350091967116
1.319668854695776
1.3174216060756287
1.3227312145954304
1.2327508460553638
1.3253969099428111
1.2302068117192266
1.2371465203411356
1.23417120050763
1.236513617073282
1.3196871185909664
1.3278128202304202
1.2370952810296105
1.2340759274244737
1.2343443299934476
1.317141154720624
1.232000327106895
1.1107364795780639
1.239536218917554
1.2334624165994696
1.3210482543636872
1.3241889658147012
1.233932263356428
1.2314784610702263
1.229110644887084
1.327216222993316
1.3172675632248605
1.32701830253118
1.2359693994391323
1.2313862203762878
1.328301504367712
1.3270008115894918
1.2327290254114385
1.1214690695267535
