0.31631746892634066
0.3884721496164041
0.29014083189992496
0.32085767847868485
0.36199413188762963
0.5205238226052644
0.4249683828139697
0.34954477988817956
0.28830295959608265
0.38032614455316205
0.354509206140661
0.3822420286179902
0.34832771648036825
0.45715363480149945
0.3413042145257815
0.4697119306418629
0.5762319160096545
0.3225812977520554
0.3688393259785385
0.5927166658901583
0.37375743773343445
0.3128305942825238
0.4265788346686656
0.5605381335500185
0.4747668401146008
0.4776862238421182
0.43987944435100457
0.6188650650621701
0.45105708800857125
0.4650631821221993
0.5068673773348921
0.4140545696868999
0.4209598738414201
0.5205890380603023
0.43839399909077703
0.3904447205728322
0.5018856534274391
0.3864550318644764
0.5327244449793564
0.5014462183642987
0.411679592813694
