0.1830322411706204
0.2014516079022199
0.19950514993091464
0.17454220720142138
0.19835808907759725
0.1915601970932609
0.1944532377057642
0.18994835751322078
0.1817085571372001
0.19174328904505034
0.20726628751547221
0.18706071728813725
0.19749429944065874
0.2181594500161621
0.1897726260194355
0.196607150242407
0.17623884176339882
0.19292536766896104
0.1908458067149061
0.19646558522991497
0.18907567261542452
0.18222368830511743
0.21598459476582318
0.22299839697509502
0.1890804910979592
0.18302423087870623
0.1726781936851825
0.18893887107787238
0.1865157770074818
0.19237306926331577
0.2022958495252019
0.19933502043788126
0.1937763985240351
0.18199015275090538
0.1978338985882527
0.19144420689711286
0.19394380532715902
0.1910277661033689
0.18271052257817125
0.1877179411930622
0.20264630946259732
0.18746757890636245
0.18190939814491525
0.21209475817131312
0.18585902580182304
0.21534763836549778
0.1896668925385806
0.19480669171637985
0.178977551097838
0.19814933433832707
0.19363516753933718
0.1944689996661827
0.18386099875448916
0.21576837169851734
0.22249277916133214
0.18404325737053182
0.1773100268411205
0.17214606099127097
0.18849688602276263
0.18671582928159974
0.19416947663158693
0.20192524214275948
0.19991278634210666
0.18328433584448323
0.17824100296594553
0.1937030102842332
0.1911512343970344
0.19362152750261696
0.18700616313175616
0.18056759004367154
0.18547015140126355
0.1945508039321747
0.19098724275714815
0.19130570412597317
0.1809933421343167
0.2034752685190048
0.18705187204404652
0.19709420203146102
0.21692864697233086
0.19063484937559547
0.18744834217890116
0.17293381543847502
0.1974008514773441
0.19210182199926984
0.1940255665667213
0.19086185787706125
0.1841847277435304
0.21552050463438718
0.22210712913904448
0.18295914951716266
0.18876190892888822
0.16980618378327894
0.18618731214447234
0.18570142719652513
0.19274700782496962
0.20183187286184207
0.19884861843630078
0.19822669794611214
0.2003505922867048
0.19133670881507692
0.18265368147358935
0.18191541023734956
0.18819006961963852
0.18897099530846687
0.19203425566426013
0.19886576856418206
0.18740230753133016
0.19834690686843778
0.21431987813831957
0.19079923828956316
0.1867484256885342
0.17414153159191648
0.19892341752752354
0.19490743289739745
0.1969746249733989
0.18734877331642785
0.18132274012953495
0.22300200705896628
0.18434421609280993
0.1810588151649307
0.16715387992519967
0.1897331306606516
0.20083470294138478
0.20590225686047864
0.20264975901500798
0.17998950714444617
0.1788363826376509
0.2029100168285503
0.19659753331966714
0.1935123803736311
0.19456022139577966
0.18672994932411963
0.19583296919762375
0.19439673164606372
0.19255676723067244
0.1966207041888835
0.18588121506425107
0.21331077589863395
0.19290142266467927
0.2047101291734716
0.2182249267035472
0.19253672866578986
0.19487693681758475
0.1800683783707964
0.19769646850271372
0.19568491803994637
0.20429050615681132
0.1830984524204146
0.2270781253160794
0.22733169974304987
0.18666064244596797
0.1835851337821529
0.17716659097728477
0.19068565554763606
0.19393204700966885
0.20068060322403392
0.2064498800696611
0.20516279008372323
0.1892017397310527
0.18148914800209895
0.19655903491875393
0.19658378449777583
0.19495893952564267
0.2034000161115266
0.1867152905689112
0.18821044686087862
0.18759872072754807
0.1946858153073728
0.18719335990621594
0.18619301301641808
0.20563844797572875
0.19524434852244418
0.19865065655799985
0.2160744181009116
0.19139822187257655
0.19825714874978367
0.18189355888764483
0.2041586753340607
0.19483471419476425
0.19142596091144953
0.22270761797500027
0.18830526079372337
0.18270607522648066
0.17652093998489252
0.1940981138068484
0.18865903591190342
0.20093723701579455
0.20510194886018676
0.2073306289538575
0.17787799927762954
0.18134152951321386
0.20113759328033604
0.20075883480821805
0.19555060796106757
0.18805922403000525
0.18864509194720258
0.1942060195910812
0.19621495305026193
0.18976566440612047
0.1853274792459129
0.21738160806233628
0.21632805207951145
0.21688246356993993
0.19490396901493362
0.1771320570775572
0.1998231315877192
0.2004558571598213
0.17968478418119171
0.2215289535653882
0.22548222682640223
0.18742336396579343
0.18398514179545203
0.18055953745270154
0.19211641188546097
0.1925706396084671
0.1941337668078691
0.2005125688907068
0.1963391503514345
0.1899148124515721
0.21039557921379792
0.19560601635211525
0.1964315399744849
0.19663232112592333
0.1940623556247399
0.20437711806957573
0.19346018682802
0.19172362847743013
0.20480972705994166
0.1981115178275251
0.20391679281625702
0.2158507878036891
0.1944601849476581
0.19780693372834385
0.18375961804373442
0.20017028459794467
0.19738935939551622
0.19753000449698283
0.20098645741843416
0.18804633404638063
0.22004182528493457
0.2245450107898196
0.18874448773906974
0.19753078002670843
