0.7386030070288353
0.6539086231154926
0.7122444204141765
0.7230278475385463
0.7442083932219525
0.7305426270619131
0.7778125228507834
0.747619033714571
0.7152726979638169
0.7488384052788034
0.7109592545524897
0.7297909642517333
0.7254024955149277
0.7734795028664156
0.6937590586940723
0.7062370509624346
0.6985417385964913
0.7347919596504937
0.7209407733776929
0.7011905937744176
0.7240177002603725
0.703075764298237
0.6785880515421345
0.7845034377677926
0.7088270307022793
0.6855695496533527
0.7214704458669275
0.7158279112909138
0.7466933305036642
0.662748192179288
0.7173278390611257
0.8306956967600154
0.7160834087964529
0.7236540131061677
0.6838900672380197
0.6961105128233698
0.7095754344511171
0.8240382483044658
0.7308292964423564
0.6743309630113161
0.6654619241141518
0.7160573637011558
0.7620363023286799
0.83875304186081
0.7757939940876742
0.7340234795570636
0.7603849596940688
0.7503566152074859
0.7493685606351697
0.7117168782434636
0.7089658310308486
0.716888962082191
0.6470796624797859
0.7454930148698024
0.720085353846141
0.7193574762520838
0.6771189917475628
0.7312385309990903
0.832898985133295
0.7238810188536928
0.7133375766581129
0.6915802869047564
0.706869938653762
0.7289154729162477
0.6338360792601468
0.7131956610066824
0.6783164523372262
0.7272971356556805
0.8278140475190963
0.6896973434437548
0.7158143154250882
0.7267574405645534
0.7285270642072897
0.7082403846905628
0.7194579914374497
0.7477131379804126
0.7019397551411022
0.8187275199059647
0.7228192495048753
0.7091206980514825
0.7432841045026728
0.7587575468269897
0.7318562325124022
0.7175205856277295
0.6705332054611284
0.7722426870411108
0.698494752435312
0.7389539275829068
0.7381202453187989
0.7417971334903994
0.7346526302106829
0.7231297166021247
0.8392327462049247
0.7559611958777923
0.8321660503755737
0.8198357583914138
0.7395896063540972
0.7434562424955364
0.6938017392346837
0.7700259194378228
0.7523106185915683
0.7153134583473567
0.7186889655342574
0.7273232217144049
0.8108912903504988
0.7862521919963668
0.7838568335446271
0.7494097811738119
0.6567680193244614
0.7259028782734628
0.6913215668036115
0.6857764333105432
0.705331587045976
0.7919100344303152
0.6639384095282248
0.6852065290081333
0.7044906656588437
0.7327153714398386
0.7489211175685371
0.819291974423908
0.7914940015091534
0.7107968637996539
0.7211994932467335
0.7179191939311984
0.7489589190981949
0.7421923669848525
0.7389211180486567
0.7799485343625208
0.7071648782608573
0.7498686306866058
0.7427715595087312
0.6982098667309345
0.8020113624939573
0.7093467538588392
0.7252534702742898
0.7471735320602669
0.6962523121672133
0.7085434629107981
0.7172400526315662
0.7771074912110675
0.774913950141728
0.7361821752212595
0.671497018039525
0.7398531485653286
0.7092392297926973
0.7612131637162438
0.7098366699039882
0.6843862761313076
0.7030224856591456
0.7765330208923282
0.7754518098341848
0.7254081786313737
0.7312335181765952
0.8132462984200153
0.7333601440821848
0.7614583428539146
0.6716881973519707
0.6888386927729132
0.7194158993622455
0.7238995668832511
0.7544066233667243
0.6740601498857184
0.7706851687974761
0.7177358807911088
0.7096811469672549
0.7244174740384448
0.7408886680743809
0.7396672592418809
0.8007948271245698
0.8060051511408872
0.8173406491795557
0.7669077184381994
0.718069743715939
0.7272683099565782
0.6866526772097334
0.7165121956204282
0.677410035725421
0.7696887747811142
0.7259577294274558
0.726664749111388
0.7305237578829756
0.7053742965929202
0.6978314290835042
0.7351768286147516
0.7598559944457639
0.7078467559798515
0.6875721911022543
0.7494072180165812
0.7464839826746279
0.7241125056550184
0.7547280393629452
0.7574474352580078
0.7188155166044761
0.6474179468987138
0.6905851514388406
0.7416713712373962
0.7268642174421671
0.6684848707504752
0.7599184648681085
0.7275189793535456
0.8112293725815822
0.7140324299316156
0.7034730800296645
0.7364961361768636
0.7115246554253349
0.7626259560147601
0.6806199474803118
0.8210671239725559
0.7375407332659043
0.7063104767471682
0.8263607693702628
0.7526393190438219
0.7735777771390551
0.6876155575304013
0.6979599746264176
0.709968137898381
0.646114641033205
0.7122657931844808
0.7601220000258953
0.7519145211463275
0.7219667595719903
0.695990881872312
0.6923956005097163
0.7356718186142507
0.7257166957391304
0.777106475768687
0.7538245550648797
0.7183457947602996
0.7562293765965464
0.8332214242744814
0.7037265394560764
0.7269057037791153
0.6810204729576332
0.8144605717008984
0.8165106700536573
0.7775643678709356
0.8289086076726115
0.7391381824885318
0.706105683341276
0.7236061417579989
0.6918128942599859
0.7461286204356511
0.7169443868226716
