0.7714729309082031
0.8481104373931885
0.6094322204589844
1.027306079864502
0.7269039154052734
0.6023976802825928
0.8775722980499268
0.9002058506011963
0.885582447052002
0.8383467197418213
0.857353687286377
0.8558008670806885
0.5783967971801758
0.8621232509613037
1.0536222457885742
0.9999411106109619
0.7152047157287598
1.0525844097137451
0.8551993370056152
0.9884271621704102
0.8420455455780029
0.9621572494506836
0.6062796115875244
0.7368035316467285
0.8573436737060547
0.8711898326873779
0.8405663967132568
0.7019350528717041
0.7209298610687256
1.0621302127838135
0.7582123279571533
0.8490433692932129
0.6027359962463379
1.047642469406128
0.8484878540039062
0.6181509494781494
0.6234819889068604
0.8473939895629883
0.8737523555755615
0.8943524360656738
0.8745386600494385
0.8363502025604248
0.8670616149902344
0.850555419921875
0.8584868907928467
1.670525312423706
0.8544793128967285
0.8763744831085205
0.8545074462890625
0.8027706146240234
0.8376243114471436
0.8141183853149414
0.7980835437774658
0.9583396911621094
1.1652064323425293
1.005265235900879
0.8227696418762207
0.831653356552124
0.8401832580566406
1.046565055847168
0.7677524089813232
0.818279504776001
0.835963249206543
0.8429298400878906
0.8102817535400391
0.9265356063842773
0.7960243225097656
0.8477311134338379
0.831622838973999
0.8245389461517334
0.8229928016662598
0.9510276317596436
0.8054258823394775
0.8168070316314697
0.6811087131500244
0.8111488819122314
0.8488688468933105
0.8383917808532715
0.7875487804412842
0.7927150726318359
0.8365206718444824
0.6035714149475098
0.9642817974090576
0.573798418045044
0.6831760406494141
0.8389782905578613
0.8460118770599365
0.8069837093353271
0.5738720893859863
0.9918899536132812
0.5919685363769531
0.822547435760498
0.860788106918335
0.8269355297088623
0.819382905960083
0.9765145778656006
0.8995778560638428
0.8094737529754639
0.5816240310668945
0.8135011196136475
0.8531336784362793
0.7931597232818604
0.7961645126342773
0.7781450748443604
0.8366448879241943
0.6846823692321777
0.6867284774780273
0.7927298545837402
0.831925630569458
0.866924524307251
0.6800651550292969
0.8458833694458008
0.9358253479003906
0.5516862869262695
0.8349306583404541
0.8593630790710449
0.913179874420166
0.9513161182403564
0.578519344329834
0.7091610431671143
0.8444845676422119
0.6016499996185303
0.8177223205566406
0.8637101650238037
0.560126781463623
0.5978801250457764
0.5753340721130371
0.8541543483734131
0.8431532382965088
0.9398119449615479
0.9923062324523926
0.8267121315002441
0.5762667655944824
0.8358609676361084
0.8239326477050781
0.8513710498809814
0.8469479084014893
0.834331750869751
0.8658020496368408
0.8401637077331543
0.7931373119354248
1.001587152481079
0.7048590183258057
0.5652360916137695
0.8185255527496338
0.8053650856018066
0.8278732299804688
0.9962141513824463
0.7955002784729004
0.6872336864471436
0.8345520496368408
0.9692342281341553
0.842456579208374
0.8267011642456055
0.5505645275115967
0.8304989337921143
0.794586181640625
0.861243486404419
0.6751236915588379
0.8054430484771729
0.5628187656402588
0.8478052616119385
0.7944808006286621
0.8244433403015137
0.5757083892822266
1.0265460014343262
1.0022597312927246
0.8011062145233154
0.5904412269592285
0.8417623043060303
0.9927170276641846
0.8044877052307129
1.0111706256866455
0.9895293712615967
0.8072025775909424
0.595240592956543
1.0130946636199951
0.8336117267608643
0.874098539352417
0.9798426628112793
0.9635293483734131
0.6786882877349854
0.5716638565063477
0.7191081047058105
0.679100751876831
0.9517145156860352
0.9975953102111816
0.9258508682250977
0.9597315788269043
0.6744873523712158
0.717998743057251
1.0261659622192383
0.796863317489624
0.8138468265533447
0.8430643081665039
0.5964341163635254
0.5866985321044922
0.8330690860748291
0.6791529655456543
0.9908542633056641
0.9888081550598145
0.9397966861724854
0.9891748428344727
0.8658149242401123
0.5810086727142334
0.9355425834655762
0.9179215431213379
0.8279199600219727
0.8340022563934326
0.8227553367614746
0.8188426494598389
0.6760082244873047
0.8076012134552002
0.8175837993621826
0.9993705749511719
0.9955892562866211
0.8262524604797363
0.5935811996459961
0.834381103515625
0.7965762615203857
0.5757341384887695
0.7998085021972656
0.8082892894744873
0.9111416339874268
0.673607587814331
0.7916285991668701
0.6773884296417236
0.8711211681365967
0.5933539867401123
0.550562858581543
0.7946305274963379
0.7949352264404297
0.9090251922607422
0.5721468925476074
0.7186055183410645
0.7924880981445312
0.6699187755584717
0.9658510684967041
0.8093314170837402
0.724545955657959
0.5817112922668457
0.8777670860290527
0.8289892673492432
0.8017299175262451
0.6900177001953125
0.836979866027832
0.8106341361999512
0.6970419883728027
0.8098495006561279
0.911038875579834
0.5684895515441895
0.5757501125335693
0.8275692462921143
0.6998915672302246
0.8342092037200928
0.5934464931488037
0.830693244934082
0.8230574131011963
0.7952711582183838
0.7173192501068115
0.6900970935821533
0.6704802513122559
0.582571268081665
1.0018799304962158
0.8083884716033936
0.8184981346130371
0.9983890056610107
0.6637890338897705
0.6708223819732666
0.9993720054626465
0.7934777736663818
0.5935919284820557
0.550267219543457
0.5499424934387207
0.8125550746917725
0.7887320518493652
0.687187910079956
0.8207356929779053
0.8074233531951904
0.686936616897583
0.8202002048492432
0.5934033393859863
0.8426179885864258
0.6798756122589111
0.5798904895782471
0.5983796119689941
0.9381752014160156
0.8355729579925537
0.8095419406890869
0.5775344371795654
0.5744519233703613
0.7990715503692627
0.8078639507293701
0.9970691204071045
0.8027594089508057
0.698439359664917
0.8271322250366211
0.8480503559112549
0.560356616973877
0.8145380020141602
0.6771364212036133
0.5518217086791992
0.7213921546936035
0.8139016628265381
0.6005446910858154
0.8051283359527588
0.8229687213897705
0.6678886413574219
0.802342414855957
1.0000097751617432
0.7981691360473633
0.8337244987487793
0.9707810878753662
0.5907409191131592
0.8067114353179932
0.6961972713470459
0.5698661804199219
0.5743725299835205
0.684898853302002
0.5736792087554932
0.9875731468200684
0.720860481262207
0.9472990036010742
0.8105494976043701
0.8129856586456299
0.6853783130645752
0.5785133838653564
0.5785090923309326
0.7931003570556641
0.5805835723876953
0.7230215072631836
0.8047220706939697
0.8149497509002686
0.8103656768798828
0.81693434715271
0.8302836418151855
0.8308775424957275
0.793576717376709
0.6958944797515869
0.5884974002838135
0.5815823078155518
1.000061273574829
0.5749108791351318
0.8099169731140137
0.7243924140930176
0.7911801338195801
0.8281774520874023
0.8366339206695557
0.8042557239532471
0.7919487953186035
0.9864323139190674
0.9923913478851318
0.8281583786010742
0.82430100440979
0.8189823627471924
0.5623986721038818
0.5537905693054199
0.8360309600830078
0.8236112594604492
0.9489631652832031
0.9852819442749023
0.8031516075134277
0.800006628036499
0.8127775192260742
0.9878509044647217
0.7935183048248291
0.7954466342926025
0.8257064819335938
0.7965133190155029
0.8408169746398926
0.7964692115783691
0.8510134220123291
0.8394653797149658
0.8387479782104492
1.1709873676300049
0.8237652778625488
0.8434016704559326
0.982466459274292
0.8195493221282959
0.9566075801849365
0.834244966506958
1.0265514850616455
0.824566125869751
0.799422025680542
0.8396880626678467
0.7785758972167969
0.8430593013763428
0.9619550704956055
0.9621307849884033
0.8285844326019287
0.7990100383758545
0.7949314117431641
0.7942354679107666
0.8360347747802734
0.819828987121582
0.8762242794036865
0.8137235641479492
1.6944842338562012
0.8194911479949951
0.8144698143005371
0.8550267219543457
0.8130669593811035
0.8719360828399658
1.0034945011138916
0.7947242259979248
0.7745857238769531
0.850055456161499
0.8068938255310059
1.1626877784729004
0.8190548419952393
0.7955987453460693
0.8182950019836426
1.6444659233093262
0.8220269680023193
0.8439867496490479
0.848031759262085
0.8365869522094727
0.8620553016662598
0.8138456344604492
0.8262717723846436
1.0048470497131348
0.8232131004333496
0.8358573913574219
0.8014252185821533
0.9306726455688477
1.002976894378662
0.990323543548584
0.8104414939880371
0.9575822353363037
0.8407778739929199
0.8204379081726074
0.8416390419006348
0.9888181686401367
0.8040320873260498
0.8329055309295654
0.7691082954406738
0.8324778079986572
0.846118688583374
0.7834024429321289
0.8396768569946289
0.7950253486633301
0.8385810852050781
0.8243858814239502
0.8216960430145264
0.8335111141204834
0.8315956592559814
0.9532735347747803
0.7959833145141602
1.1633775234222412
0.7982754707336426
0.9263617992401123
0.8266940116882324
0.9789350032806396
0.822664737701416
0.7987611293792725
0.8093547821044922
0.8119652271270752
0.8354310989379883
0.8393547534942627
0.8151819705963135
0.8801143169403076
0.8277814388275146
0.8330609798431396
0.8111739158630371
1.1677815914154053
0.7990515232086182
0.8537235260009766
0.8815762996673584
0.8365898132324219
0.8336217403411865
0.8573424816131592
0.8200879096984863
0.9605183601379395
0.8200178146362305
0.8663880825042725
0.9546842575073242
0.8338799476623535
0.8463020324707031
0.8292028903961182
0.8150479793548584
0.9312987327575684
0.8641092777252197
0.8344395160675049
0.8338825702667236
1.013927698135376
1.0204484462738037
0.9290287494659424
0.822329044342041
0.8383429050445557
0.9313855171203613
0.8328382968902588
0.8649582862854004
0.8496310710906982
0.8527977466583252
0.8635008335113525
0.817086935043335
0.9955995082855225
0.806422233581543
0.8597068786621094
0.9919173717498779
0.7706882953643799
0.8473129272460938
0.7872059345245361
0.837465763092041
0.8337454795837402
0.8255734443664551
0.8327858448028564
0.8243577480316162
0.8479158878326416
0.8659353256225586
1.6919093132019043
0.8512601852416992
0.8191113471984863
0.9834988117218018
0.7846388816833496
0.8218183517456055
1.685760259628296
1.6847400665283203
1.004084587097168
0.8387453556060791
0.828291654586792
0.9592487812042236
0.8739769458770752
0.8698155879974365
0.8243074417114258
0.8340692520141602
0.837399959564209
0.9042985439300537
0.8176877498626709
0.9798164367675781
1.011547327041626
0.8179497718811035
0.8013296127319336
0.9638247489929199
0.8797855377197266
0.961961030960083
0.8247809410095215
0.846778392791748
0.8081691265106201
0.8220305442810059
1.0076184272766113
0.824073314666748
0.9813611507415771
0.7955906391143799
0.8196310997009277
0.8525519371032715
0.8233513832092285
0.8199238777160645
0.9826760292053223
0.9297995567321777
0.8308312892913818
0.8266351222991943
0.8235266208648682
0.7885701656341553
0.8407423496246338
1.0420804023742676
0.7913215160369873
0.8216321468353271
0.9852938652038574
0.8436379432678223
0.837120771408081
0.8428890705108643
1.6932504177093506
0.8271791934967041
0.8483259677886963
0.8195188045501709
0.8432893753051758
0.9863564968109131
0.8522491455078125
0.7962136268615723
0.7980878353118896
0.8835000991821289
1.160696268081665
0.8444428443908691
0.8979885578155518
0.8401210308074951
0.8552885055541992
0.8109018802642822
0.8572101593017578
0.7982239723205566
1.0204598903656006
0.8221619129180908
0.7786548137664795
0.8199689388275146
0.8183648586273193
0.8564505577087402
0.800269603729248
0.8408589363098145
0.8676533699035645
1.1667351722717285
0.8459756374359131
0.8043713569641113
0.974616527557373
0.8327736854553223
0.8152837753295898
0.8067240715026855
0.9587013721466064
0.8242356777191162
1.0605385303497314
0.847785472869873
0.799720287322998
0.8645520210266113
0.821847677230835
0.7759582996368408
0.9687843322753906
0.8574886322021484
0.8329606056213379
0.8096511363983154
0.7913308143615723
0.8186125755310059
0.841177225112915
0.8330166339874268
0.9008111953735352
0.8060364723205566
1.43717360496521
0.8696205615997314
0.8241748809814453
0.8120744228363037
0.8401143550872803
0.8369138240814209
0.8011202812194824
0.8650014400482178
1.0412001609802246
0.7816870212554932
0.7772901058197021
0.8091654777526855
0.8480322360992432
1.1456403732299805
0.8400938510894775
0.9709563255310059
0.825385332107544
0.7970683574676514
0.8017580509185791
1.4543802738189697
0.8048899173736572
0.8265595436096191
0.8406264781951904
0.8356688022613525
0.8516345024108887
0.8311595916748047
0.7766709327697754
0.8280365467071533
0.8218474388122559
0.8516900539398193
0.8324391841888428
0.7998471260070801
0.9121119976043701
0.847681999206543
0.8343331813812256
1.0355925559997559
1.0058553218841553
0.7961747646331787
0.9448235034942627
0.8916594982147217
0.8001420497894287
0.8736236095428467
0.7817261219024658
1.0148711204528809
0.789304256439209
0.8263106346130371
0.8021237850189209
0.8235223293304443
0.8457896709442139
0.7973587512969971
0.8662700653076172
0.7942719459533691
0.8295736312866211
0.8155314922332764
0.8374965190887451
0.8335671424865723
1.1493427753448486
0.8665318489074707
0.8158276081085205
0.956279993057251
0.7747077941894531
1.1691763401031494
0.8024144172668457
0.7775242328643799
1.1679692268371582
0.9147589206695557
0.8321590423583984
1.003572940826416
0.9746136665344238
0.8053369522094727
0.8485479354858398
0.8103222846984863
0.8266732692718506
0.846137285232544
0.8551247119903564
0.7709012031555176
0.8641490936279297
0.8241949081420898
0.8658003807067871
0.7994070053100586
0.8020362854003906
0.9960520267486572
0.8440392017364502
0.8427555561065674
0.8355576992034912
0.8492221832275391
0.8313994407653809
0.8121078014373779
0.9423224925994873
0.9622125625610352
0.9524030685424805
0.8019125461578369
0.8748822212219238
0.8405070304870605
0.9538238048553467
1.4645793437957764
0.835437536239624
0.844468355178833
0.8834457397460938
0.9441826343536377
0.8432517051696777
0.8256850242614746
1.440744161605835
0.9141502380371094
0.8588206768035889
0.9769032001495361
0.7916555404663086
0.924405574798584
0.8740119934082031
0.7798829078674316
0.8257310390472412
0.944270133972168
0.9593758583068848
0.8372750282287598
0.7798631191253662
0.9455051422119141
0.8289594650268555
0.8511927127838135
0.8713719844818115
0.8294265270233154
0.8601446151733398
1.0381412506103516
0.8316197395324707
0.8307979106903076
0.9831891059875488
0.8019332885742188
0.7880434989929199
0.8322200775146484
0.7936267852783203
0.8540148735046387
0.804257869720459
0.8605308532714844
0.8267085552215576
0.8254256248474121
1.430182933807373
0.8722686767578125
0.8247771263122559
0.9798972606658936
0.7932431697845459
0.8120620250701904
1.4311740398406982
1.1752138137817383
1.4290308952331543
1.0075032711029053
0.8797633647918701
0.8005430698394775
0.9582161903381348
0.895294189453125
0.8227930068969727
0.8248846530914307
0.8261275291442871
0.8540124893188477
0.8724942207336426
1.0182056427001953
0.9996237754821777
0.8211979866027832
0.793116569519043
0.8277871608734131
0.9546234607696533
0.9488673210144043
0.8212785720825195
0.8129901885986328
0.8047809600830078
0.8223865032196045
0.9799304008483887
0.8219521045684814
1.0224318504333496
0.9831500053405762
0.7997837066650391
0.7815799713134766
0.8062372207641602
0.8525080680847168
0.7967565059661865
0.7983348369598389
0.9145100116729736
0.8388595581054688
0.8347475528717041
0.7865767478942871
0.7997944355010986
0.7950172424316406
0.8241679668426514
1.0338735580444336
0.7838428020477295
0.81756591796875
0.8177571296691895
0.9524505138397217
0.8485691547393799
0.779362678527832
0.8386039733886719
0.8156545162200928
0.8218262195587158
0.8073229789733887
0.8108088970184326
0.8268074989318848
0.9690213203430176
0.820019006729126
0.7891979217529297
0.7812929153442383
0.8399994373321533
1.1585493087768555
0.821129322052002
0.864238977432251
0.8421444892883301
0.8041036128997803
0.8395378589630127
0.7986915111541748
0.8375909328460693
0.8330209255218506
0.8701848983764648
0.7824385166168213
0.9860968589782715
0.8229212760925293
0.7717053890228271
0.8172125816345215
0.7875821590423584
0.8536920547485352
0.7978031635284424
0.8405280113220215
0.8393125534057617
1.150770664215088
0.8046727180480957
0.8365070819854736
0.7640535831451416
0.9697225093841553
0.8391528129577637
0.8012833595275879
0.7676713466644287
0.9561595916748047
0.8154940605163574
1.0275933742523193
0.7820868492126465
0.8476297855377197
0.79030442237854
0.8412301540374756
0.8222293853759766
0.7752261161804199
0.8328804969787598
0.9656524658203125
0.9469895362854004
0.8263349533081055
0.8291118144989014
0.8000597953796387
0.7881336212158203
0.7760167121887207
0.8245244026184082
0.8708622455596924
0.7974069118499756
0.8164849281311035
1.4311578273773193
0.8401753902435303
0.8205296993255615
0.7992770671844482
0.8378393650054932
0.8245348930358887
0.8665056228637695
1.029146671295166
0.7727031707763672
0.8352243900299072
0.8017587661743164
0.8126981258392334
1.145787239074707
0.8188893795013428
0.9528908729553223
0.8285121917724609
0.7966916561126709
0.8016297817230225
1.4300696849822998
0.8032305240631104
0.8032882213592529
0.8310081958770752
0.8462808132171631
0.7991752624511719
0.7663331031799316
0.8240809440612793
0.968071699142456
0.8156518936157227
0.819544792175293
0.8197546005249023
0.7886419296264648
0.9080257415771484
0.8056943416595459
0.8331344127655029
0.9742224216461182
0.9503860473632812
0.8683252334594727
0.8002212047576904
0.8685398101806641
0.777407169342041
0.8482229709625244
0.9721009731292725
0.7872598171234131
0.8272132873535156
0.7725813388824463
0.8223953247070312
0.8390421867370605
0.8162081241607666
0.8302431106567383
0.8310303688049316
0.8105108737945557
0.8447628021240234
1.1470465660095215
0.8360445499420166
0.8415255546569824
0.9549560546875
0.7733795642852783
1.1688661575317383
0.7989521026611328
0.7665936946868896
1.1757757663726807
0.9119062423706055
0.8173801898956299
0.9663925170898438
0.8260452747344971
0.8173227310180664
0.8154430389404297
0.8120622634887695
0.8743290901184082
0.8250424861907959
0.7707633972167969
0.8886332511901855
0.8187515735626221
0.8304941654205322
0.794074535369873
1.1656670570373535
0.7941384315490723
0.7905397415161133
0.9931063652038574
0.8022022247314453
0.8396260738372803
0.8396975994110107
0.8534395694732666
0.8154113292694092
0.8225958347320557
0.8319194316864014
0.9037714004516602
0.9572834968566895
0.9493248462677002
0.8225011825561523
0.8530607223510742
0.8360028266906738
0.9721300601959229
1.439150094985962
0.833418607711792
0.858924388885498
0.8636429309844971
0.9372382164001465
0.8643167018890381
0.796708345413208
0.908087968826294
0.8277587890625
0.8494491577148438
0.8292782306671143
0.976207971572876
0.8168840408325195
1.0389928817749023
0.9084343910217285
0.8589828014373779
0.8015904426574707
0.8173983097076416
0.9590351581573486
0.8614664077758789
0.7753174304962158
0.9072403907775879
0.8204360008239746
0.8803853988647461
0.837315559387207
0.817979097366333
1.0554981231689453
0.8093926906585693
0.8165342807769775
0.9708595275878906
0.8007981777191162
0.8231258392333984
0.8265142440795898
0.8137805461883545
0.8191425800323486
0.7938961982727051
0.8562366962432861
0.8140225410461426
0.8201358318328857
1.4198875427246094
0.8771162033081055
0.9649624824523926
0.7777621746063232
1.4534599781036377
1.1355655193328857
1.4437675476074219
1.0273566246032715
0.8383276462554932
0.7908568382263184
0.890913724899292
0.8090858459472656
0.8221909999847412
0.854745626449585
0.8212692737579346
0.8595485687255859
0.7997798919677734
0.9993817806243896
0.824857234954834
0.7816362380981445
0.8170249462127686
0.9838707447052002
0.8508775234222412
0.8514912128448486
0.9691867828369141
0.8292675018310547
0.8055379390716553
0.7985379695892334
0.8413829803466797
0.8243250846862793
0.9775991439819336
1.054018497467041
0.9810962677001953
0.7973830699920654
0.8032453060150146
0.7982690334320068
0.8489706516265869
0.7937479019165039
0.8235931396484375
0.9407188892364502
0.8419044017791748
0.8292715549468994
0.8101162910461426
0.7970128059387207
0.7728338241577148
1.0569231510162354
0.765615701675415
0.8038039207458496
0.8558509349822998
0.978010892868042
0.8166942596435547
0.840592622756958
0.7958869934082031
0.8324809074401855
0.8034424781799316
1.4595637321472168
0.8134572505950928
0.9579076766967773
0.8175144195556641
0.8063185214996338
0.8084259033203125
0.7640833854675293
0.8344881534576416
1.167987585067749
0.8027541637420654
0.8615813255310059
0.859081506729126
0.7916247844696045
0.8248867988586426
0.7849888801574707
0.8605928421020508
0.8735883235931396
0.817558765411377
0.9799001216888428
0.8379669189453125
0.7794895172119141
0.8522615432739258
0.8004469871520996
0.8733053207397461
0.8312513828277588
0.8619356155395508
0.8618693351745605
1.197850227355957
0.8147194385528564
0.7722606658935547
0.9810531139373779
0.8720533847808838
0.8087422847747803
0.7802271842956543
0.9957756996154785
0.8217506408691406
1.0566041469573975
0.7956490516662598
0.8864099979400635
0.8043968677520752
0.8563539981842041
0.857454776763916
0.785137414932251
0.8445606231689453
0.9808917045593262
0.9824659824371338
0.8324198722839355
0.8400824069976807
0.8329682350158691
0.793673038482666
0.7944931983947754
0.8375301361083984
0.8649981021881104
0.8774182796478271
0.8081414699554443
0.8325433731079102
1.478180170059204
0.8448152542114258
0.8591411113739014
0.8073325157165527
0.8598809242248535
0.8342564105987549
0.8348033428192139
0.8800063133239746
1.0462758541107178
0.8203418254852295
0.7804391384124756
0.8474318981170654
0.8189330101013184
0.8443429470062256
1.170769453048706
0.8241250514984131
0.9832706451416016
0.8324763774871826
0.813596248626709
0.8123955726623535
1.4690229892730713
0.8030045032501221
0.8360855579376221
0.8408818244934082
0.848853588104248
0.8566844463348389
0.8358874320983887
0.7787635326385498
0.9833979606628418
0.8399806022644043
0.8271975517272949
0.9195067882537842
0.8228657245635986
0.8787341117858887
0.9871170520782471
0.8149902820587158
0.9615292549133301
0.9066123962402344
0.8336379528045654
0.8155026435852051
0.9033823013305664
0.782346248626709
0.8473868370056152
0.989295244216919
0.8485310077667236
0.7835218906402588
0.8248927593231201
0.8771905899047852
0.7944943904876709
0.8407144546508789
0.7963941097259521
0.8603935241699219
0.8165192604064941
0.8347327709197998
1.189802885055542
0.841339111328125
0.8283185958862305
0.9721059799194336
0.8055272102355957
1.1636924743652344
0.8157899379730225
0.8051433563232422
1.1619899272918701
0.923112154006958
0.8579440116882324
0.9873085021972656
0.9820239543914795
0.8520376682281494
0.8112368583679199
0.8285667896270752
0.8368723392486572
0.8460943698883057
0.8653454780578613
0.8389904499053955
0.7837073802947998
0.9380862712860107
0.8306312561035156
0.8442831039428711
0.8246080875396729
1.1573495864868164
0.8106505870819092
0.800990104675293
1.0025577545166016
0.8114442825317383
0.8491287231445312
0.871776819229126
0.8361363410949707
0.8363590240478516
0.8163418769836426
0.941993236541748
0.9680800437927246
0.9612083435058594
0.8308489322662354
0.8695578575134277
0.8472425937652588
0.9895381927490234
1.4472253322601318
0.8422708511352539
0.8621687889099121
0.8788723945617676
0.9631814956665039
0.9396870136260986
0.8345561027526855
0.8348767757415771
0.9955582618713379
0.8190128803253174
0.92598557472229
0.8732912540435791
0.8078274726867676
0.925194263458252
0.9767906665802002
0.8396210670471191
0.8092148303985596
0.9205949306488037
0.8318872451782227
0.9016909599304199
0.8444185256958008
0.8273124694824219
0.885516881942749
1.0461504459381104
0.8108944892883301
0.8324716091156006
0.9863159656524658
0.808253288269043
0.7948639392852783
0.8639705181121826
0.8335361480712891
0.8058810234069824
0.8028213977813721
0.8679814338684082
0.8014166355133057
0.8272902965545654
1.4388704299926758
0.8661181926727295
0.8361685276031494
0.7995753288269043
0.7880630493164062
1.4430272579193115
1.149038314819336
1.4455912113189697
1.0373804569244385
0.8599269390106201
0.8060195446014404
0.9664971828460693
0.8841238021850586
0.8208436965942383
0.8353743553161621
0.8352012634277344
0.8735129833221436
0.8070440292358398
0.9844975471496582
0.8344721794128418
0.7848246097564697
0.8299860954284668
0.8665919303894043
0.8634028434753418
0.9559426307678223
0.8341591358184814
0.8202240467071533
0.8093316555023193
0.8361263275146484
0.8369030952453613
0.9918277263641357
0.8315310478210449
0.9900615215301514
0.8083765506744385
0.7817370891571045
0.8124799728393555
0.8646984100341797
0.8072209358215332
0.806743860244751
0.9582877159118652
0.9224190711975098
0.8295204639434814
0.7890822887420654
0.8094890117645264
0.8261356353759766
1.055063247680664
0.7780270576477051
0.8159868717193604
0.8271369934082031
0.9672739505767822
0.8290367126464844
0.8498847484588623
0.7815234661102295
0.8537359237670898
0.8177900314331055
1.4443342685699463
0.8236806392669678
0.8188035488128662
0.8407886028289795
0.7892303466796875
0.8253154754638672
0.7745823860168457
0.8470649719238281
1.1579036712646484
0.8184068202972412
0.8781840801239014
0.8545100688934326
0.8076658248901367
0.8438472747802734
0.8020038604736328
0.8364219665527344
