0.4738032928027295
0.45330330272682573
0.4694551152498987
0.4554170408684989
0.4638991597814614
0.43234620774500626
0.4112687621812574
0.45610096801105204
0.471659074850214
0.46994830616347394
0.43044850194338047
0.4296951259293304
0.46256434509816685
0.4493006041818098
0.4630026818004822
0.4270560407672446
0.4285565271628725
0.45961725622075233
0.4191846790338505
0.4809154085174333
0.43168040116436984
0.46550292580476565
0.43430112075833205
0.45801236424166747
0.43750441898162384
0.4709274055093895
0.48344675823770195
0.4178966449167153
0.4415619034197681
0.4007792973303689
0.4517995885988428
0.42747026284770406
0.6006511016947972
0.48746562627670587
0.4482850844460706
0.46302714583952376
0.41165329456182664
0.4879560867537772
0.44460943511472545
0.4296243292979326
0.4673887633648089
0.43819929900104826
0.4536912292900891
0.4705374652680182
0.47496226855477486
0.45067402150806923
0.4972659824600374
0.4710402956367673
0.4564134505229733
0.40225070772060634
0.43857453444699257
0.45241686816996785
0.4312097648747415
0.4140307046213517
0.5158540601980199
0.4660971499787737
0.4507362176259826
0.40107038082262436
0.4089474878019411
0.5016070720855847
0.41874997527187063
0.4614467576464692
0.4324271756937158
0.4133046726327285
0.406373722345731
0.48040499503100076
0.43967391449237136
0.4703021678275052
0.5426548924063113
0.44268603770886783
0.4879184713589553
0.44874196894709534
0.4631205325843605
0.4313273100570676
0.4514010578164441
0.47099817770310903
0.43879995391517806
0.46991651388363814
0.4123416623571331
0.48684263348741985
0.4128724191497739
0.47823129855213414
0.43516105758629264
0.4687172937275559
0.4605122330658973
0.40546296425262573
0.48665273533358683
0.43483044663996695
0.4236902015479507
0.4179931316240212
0.46594979660530517
0.4519049918161715
0.47550008683279377
0.41373160141077914
0.44256663374161354
0.46867350323682855
0.44477289739349307
0.4143344112551549
0.4260589475614287
0.5610262387777124
0.47152558238998565
0.4557522334599974
0.4755614086081563
0.4637218575086133
0.43622585302269284
0.4308740004889836
0.44346545403177834
0.4326185720289554
0.4535670890454106
0.49411910517220087
0.40635086695863054
0.47402397352671655
0.4852958554352091
0.469859548295155
0.4936047617874174
0.46289454515319006
0.43855400226202984
0.38884822984128264
0.4478246016853051
0.43396436435633023
0.4791578517084915
0.48854778318677416
0.44963641406888905
0.42499577525107346
0.43198915491014606
0.46480406494222487
0.40875132912884193
0.49216992137119653
0.3881341784575183
0.4535723537912113
0.4912503241162769
0.44032220563030894
0.4485592727304557
0.4166127387706464
0.5897042638053582
0.46811352370210024
0.509751979962628
0.4605654211352139
0.45069222208549975
0.4934788511286465
0.4394918030541374
0.5090967392329253
0.4255786573325524
0.4230651446284859
0.4501811541428693
0.4554384033954111
0.42123964297140143
0.40635200089875545
0.4553002209127078
0.46867646522715206
0.3954656061765893
0.5000896029384639
0.40996812322171794
0.40653774805931486
0.4429730970000765
0.40424215475205927
0.4205294648487252
0.4481672093476623
0.3952529820740117
0.4119857544683322
0.4526896233301322
0.43310967227268116
0.44897370999278424
0.40642853833466464
0.4528889759280864
0.4724962759360711
0.47231054523074634
0.4124832812879974
0.44321021677893524
0.4425959445572196
0.4292974603899845
0.40005222049368827
0.4090598123445232
0.47685056270765747
0.4267751626327473
0.5048934751671414
0.5003357812317039
0.4016517949993942
0.4224027570048615
0.43544234925306297
0.47851509225022226
0.47048533649642976
0.44465444525884157
0.4424614380658216
0.41553347984755296
0.46448775884978427
0.40932487503411663
0.4402174108674535
0.44484894470178704
0.4201140632397916
0.431262885961953
0.447296955879812
0.47751166334310224
0.4218347941064039
0.3991660301527923
0.4325369741504378
0.46101828072085815
0.45165363845778506
0.44441876372261635
0.39912035595420864
0.42557471657097945
0.46871258845162667
0.46647972445003016
0.46356810573769436
0.4372419106650242
0.44123480980950036
0.41613025393840297
