0.5559954702773624
0.5488274148262062
0.5328320994211491
0.6066168586682844
0.5880674892599201
0.8290836222968463
0.5260847509253201
2.9813159123245803
0.6351367957857733
0.5738556097458987
0.5926366502212731
0.5847480362282274
0.7066266676394808
0.5808438527133608
0.5302435800221623
0.5841809831877628
0.5094735700097504
0.6058876509731335
0.5577823522834215
0.5973818783430948
0.7550416080824475
0.7868199423654536
0.7829900657646888
0.5534208277132494
0.6550412717609865
0.7625914382563632
0.5830961812313321
0.6332028481913181
0.5946348332274694
