0.5650338908346705
0.552948457864181
0.5424672703365296
0.6421746338681569
0.6031985843840959
0.8337866068872468
0.5331577284457562
2.9924047852059363
0.6395732119707445
0.585021893677676
0.6073460411348411
0.5848333224807059
0.7069595107630239
0.5901329565475114
0.5490965494211698
0.586373212831402
0.533345785306554
0.6242022141310282
0.5627153042442059
0.6086854201834974
0.7589865170368413
0.7869323498731595
0.7912506489183276
0.5645861328727878
0.6671665381475411
0.7697486070082797
0.5938674704836686
0.6396001945101293
0.6011839787301149
