0.5196443922135293
0.5154534665655303
0.4857707452244863
0.5520699898923114
0.48648990202026965
0.40952395573475586
0.4746208607732687
0.5216151967598296
0.5844222401060285
0.5260660604026723
0.5006388867109954
0.4284751916219312
0.5741281179759944
0.45027839836059136
0.5045316490716256
0.40478974174394344
0.5156175761782962
0.5411273867828782
0.48923141351197375
0.4815852037016714
0.6125277551280827
0.5198964586064877
0.48270537033140504
0.4131461003677529
0.4710206038027555
0.5548771577993368
0.48739390845382913
0.6779739204190781
0.5319947147768315
0.46672179688848714
0.5569953645359851
0.5897435036005134
0.6326816966396447
0.45159369948038425
0.48858572711685533
0.43958344476538025
0.49526939278162446
0.520837484100051
0.6740449305987113
0.47739701525926
0.445910551413351
0.5636619951592483
0.5769680026667489
0.4899722927658624
0.42340855844874914
0.5721851258924965
0.4783917306515939
0.5635562025362333
0.5799532057646649
0.5705277404195208
0.5587392153711874
0.6628320409372601
0.5888162105078352
0.5247740792908528
0.5028929237172322
0.5547397738726867
0.4255249105299055
0.5017201205342205
0.5074779738296931
0.5772719314092745
0.5341410167256477
0.5493462246516352
0.7927203710237576
0.7093328392938071
0.6852658927784814
0.6327953322219738
0.5850850718453784
0.7151595578072161
0.5174380663909179
0.6372574398660665
0.5836034056341202
0.4187758703938801
0.4973990734258319
0.4367362291667475
0.4549889644980508
0.6839992392082979
0.5208398718361447
0.4846976371348535
0.5805438075857913
0.49083004271504277
0.47653735155575017
0.5591121874674213
0.4120037189952448
0.5012438367734697
0.670871551984286
0.4121364833151968
0.48796913163573763
0.4873168052354383
0.5020687528632439
0.47282722751398726
0.6205854151696926
0.5003828284764559
0.40495249619059026
0.6485432823413654
0.5735085096101288
0.5128580866550781
0.48047193461702575
0.543121374481307
0.5720011336085918
0.5862739973200757
0.5175867332359926
0.4208466382738076
0.5196852725383783
0.4920702770969112
0.5008720708195562
0.44034255093845104
0.5522536677650194
0.45405055884156803
0.47031518686331863
0.47967584341847463
0.7861446156011639
0.7061891711577103
0.5439342379635482
0.5660225554498713
0.5106992215840981
0.486863668145836
0.48456570078452615
0.5490337634819131
0.4628448279621973
0.40360486727809497
0.494452940863262
0.6147824483941315
0.41405092281783396
0.49799352154987586
0.42876780732439834
0.4941393661988891
0.5350334014724021
0.49788514697424197
0.5412961082865602
0.6334785671043839
0.5742259357427124
0.7077051078124171
0.6318560894383655
0.47745795196238283
0.41906236194423924
0.5671298851720351
0.5940511043126567
0.5198465960965892
0.5899199294460825
0.5499757402521049
0.5668155127434122
0.568578730333071
0.4760850371542781
0.45542534631678344
0.43412240004488106
0.6289022426236772
0.6072212856354089
0.514660802701684
0.48743086227067145
0.6205041316805554
0.5585436593988861
0.4691794793295754
0.44122934514479284
0.5232500705277899
0.6210381362009759
0.46985050353904534
0.5550730871187078
0.8030853826658726
0.6210613283653218
0.5444618999434532
0.4839650211000106
0.5167352330905763
0.4375247402206177
0.6001212056108353
0.44188593932428777
0.6126303365970754
0.47009515795456613
0.5085884000353168
0.49727169160647916
0.6491210015995676
0.5688365639465991
0.5746729570817197
0.5857620063969474
0.46806684607175686
0.4823351768276015
0.5059521185125656
0.5109332405021564
0.7182109632871883
0.5136151427071355
0.6511640580090466
0.47880628329066194
0.5671330993526689
0.5456474112817633
0.5452032077840613
0.6511119067526622
0.4801189290174618
0.43403603743175956
0.42060226857327987
0.5386753155447342
0.5333410239931584
0.43194218571720494
0.6370298734162751
0.6362572823163788
0.6161268325199882
0.45696180239081446
0.6148438767435542
0.578197502136012
0.5378800497162243
0.5461087887752551
0.7218893190957238
0.5539057100422642
0.4505684855829756
0.5186652119361553
0.4943775023016427
0.5511307110466204
0.5939285824253899
0.6719729647867331
0.4216641582046535
0.538082790629371
0.5097222798977619
0.41742379824388354
0.7152710307298109
0.5067719294323444
0.5463245492426864
0.49238350801170283
0.702954206372231
0.4817095889010554
0.6314089110693135
0.6052991694391706
0.5558136119144058
0.5455617618407149
0.5577024010515466
0.5132217836248739
0.43357150786172466
0.6399405770498157
0.6341993362080238
0.4304183057754114
0.7329311595286021
0.5568161254609487
0.6294430017427181
0.6372761155449007
0.5532842161208954
0.5862768139847043
0.6273520013806402
0.5053418944239783
0.651652485317509
0.5891107449070296
0.637390005862467
0.5067911086986809
0.47330587084774894
0.5629863663908116
0.4384261526352746
0.598785315420526
0.5269539972987236
0.4306468891668822
0.4659139516101356
0.4735128197330368
0.41112686412345745
0.5376301489140132
0.43283725013538255
0.4283466380681613
0.5224096281824974
0.5181109209703916
0.5849266158244434
0.43419692869788046
0.5735950134253007
0.5144138494803947
0.4617302330526578
0.40258618289085535
0.45600733968640916
0.5830300476605597
0.4831217501614541
0.7687918383707559
0.4897590478640905
0.49480763584469467
0.7694103464410839
0.5623038765451465
0.430920987941139
0.3932048506007895
0.49907897728494366
0.6593208242058842
0.5176013332570153
0.6943594103759559
0.6364480028223005
0.5281390783650652
0.4070794573259635
0.4570022758076364
0.4978637382589475
0.46137163802674785
0.8295146894558567
0.48861554451067113
0.635986179453103
0.4095830965221661
0.6004089651454263
0.7275666164294663
0.48577620766106655
0.5580401187434871
0.5681823512466581
0.5111560714518553
0.4527050570042096
0.7949417468994242
0.6130721809540909
0.5258420146493834
0.7027552263568253
0.5057091145151937
