0.6012986453245156
0.5743703905009829
0.6239893353838735
0.5520028195942608
0.5614196839572582
0.6204177025756338
0.7821307346795484
0.6079230735463984
0.5912039226793043
0.8581204215911522
0.5427767885322471
0.5887855693253154
0.564150184545314
0.7842277970312962
0.6208373394818537
0.6059071582041125
0.842294410552817
0.5593431838697942
0.5527348356430255
0.5489964930184977
0.6533825863024108
0.7801145715902762
3.16688777212421
0.6077925419549689
0.5671709373496843
0.6489873249712551
0.5368875402895613
0.7059869718412718
0.833404300811197
0.6133736562330947
0.5599664635287134
0.6235193021933463
3.0754425963782213
0.6263075521794816
0.5951642954411285
0.6550241031644377
0.6373510935614005
0.587325237895856
0.7864703199984042
0.6147036006139481
0.6140609674813572
0.6158415983477628
0.6038293581798947
0.6466244329620849
0.779969012750418
0.5248971061607474
0.5786489449121419
0.7843913765912558
0.5702774169094313
0.6100759662057087
0.549268096702809
0.6509264792231487
0.5387255831841051
0.7661618587886905
0.5998433095833249
0.6120301544169474
0.5345627754584705
0.760593771105248
0.668475487316889
2.993357955017961
0.7294796332100181
0.6168814648533997
0.5676542934943872
0.5862335356483169
0.6864119060563902
0.634615242389243
0.7896077204800352
0.7788215064364137
0.6117295646393344
0.6277353058865149
0.8509827486461654
0.61260025877341
0.5813229615545604
0.5982709194647565
0.5493372239934722
0.8666621093974054
0.6598154787808108
0.5903158201774921
0.6059159679742738
0.6743133750152893
0.6093090375443552
0.6552131405553656
0.6321910656324714
0.7592588623880251
0.6102269165412975
0.5953262176856592
0.629385080788449
0.799451781075258
0.6250864076234194
0.5180006669482241
3.080095927322612
0.7671809075403477
0.5504086953869554
0.7925040810044126
0.5076337741688149
0.6244283177612586
0.5544453204010482
0.6375794326566419
0.6460203630927079
0.7249983421449752
0.6287624582361585
0.6471621841762287
0.8642114302473063
0.6220080430146546
0.5671846023887981
0.6008413354601508
0.7894886311374448
0.5622153503938166
0.5764633031539016
0.6789624561050099
0.5967285614575613
0.6254999986217012
0.6045759183866332
0.7712344647648202
0.6492895482999008
0.7835864717709473
0.7988979887451761
0.5608208785501438
3.08114462087344
0.621364219546715
0.5889393773652615
0.6412159596878453
0.5556619147009055
0.5907068326165199
0.7746710771315688
0.7665254914877605
0.6388752020315787
0.6473555190787031
0.5847902100518942
0.7648926101820741
0.7998786872295969
0.5894519156944339
0.6022200424599029
0.5993598037421426
0.714474454512345
0.5648160334604773
0.7482352272816265
0.6459093045250783
0.5495241221231623
0.8804923504978688
0.5388745780293658
0.6139558798014368
0.6687291552732925
0.5933064918690107
0.8163963283439469
0.6388781156224801
0.6849647985981223
0.6167674333882743
0.6225765701381545
0.605533908842258
0.5750375994973796
0.6205546440277803
0.562133358125938
0.6241002513026893
0.6290442536141694
0.587141651110086
0.6204601758471633
0.7860426083677117
0.6184749159630882
0.5964005408310087
0.8009590162713437
0.5750937413384192
0.5523921674118707
0.590861035002577
0.6290485277537665
0.7483259991929099
0.5317115581251124
2.978452827347031
0.5975038888869082
0.7792036491297478
0.8008995845595377
0.8564059095927921
0.6842021816623185
0.5574153201845657
0.5322564740149334
0.6412854438919542
3.172629980821245
0.632119070395474
0.6124851122136641
0.568080575207363
0.6535093059288092
0.5913829210545081
0.6172925734141681
0.6419143802014164
0.6031505057377027
0.6381396290044661
0.5435955735116849
0.5946913657579042
0.5366739253634363
0.6111404538167416
0.5953550022550982
0.8693226872216525
0.5893733320541471
0.7681341499974703
0.5949800708305444
0.6359685057392297
0.5887861653615798
0.6021725522989037
0.6257412664516581
0.6885289042938932
0.5951111345906454
0.6182898189818857
0.5451439374666859
0.6788174748550995
0.6093562798793979
0.7647653946677924
0.6237949921567384
0.8591767281462362
0.8565723992484622
0.635654157432215
0.5803532623465105
0.5736784836425514
0.863126943907814
