1.5279950783238734
1.498221033161947
1.3886774400906172
1.2645524044703653
1.489950121684585
1.5312571821229
1.269364423548021
1.5516725998738408
1.5495401069467283
1.5518533999357387
1.530795950091022
1.5236350800293743
1.5384330609183525
1.4656537339363607
1.534045706400759
1.5705880330899251
1.5548853865430816
1.5559161082410942
1.3469050008878143
1.585795089704234
1.3060670733540747
1.565986869973363
1.3698377414403597
1.5774175146605334
1.6797873964592571
1.583018656005029
1.5945040691719086
1.600427816635934
1.610280872340353
1.5535915111202185
1.6322651994950133
1.6320057519092217
1.6265364818141723
2.1086833706911436
1.843312319725313
1.6339142487764517
1.7574020741912049
1.8249835792769638
1.6358104180348687
1.7616444558328561
1.6427891458825563
1.4608287480896864
1.6375243419696606
1.457290695606858
1.8059627081759442
1.5287656444266275
1.5001409514993096
1.3935455908235443
1.3816684127509993
1.5648556081572087
1.386144258217728
1.5468375722341174
1.5508785266601104
1.5422697594098502
1.5495661953855855
1.2754414044787954
1.5301318464802198
1.539128696565192
1.5369959540456168
1.5668486634201093
1.3557863159212324
1.5536876765450949
1.5628174039746865
1.3359091178097202
1.5890446419340074
1.3054903753086382
1.5702301167669301
1.365385241314353
1.577447274826754
1.6797207068620654
1.5842382580505436
1.6006511971022999
1.6272985911908147
1.6106212340833852
1.5579996773147022
1.6313955073466753
1.6284126731674315
1.624068970862473
2.0960093647757416
1.848374069874715
1.6328868796067864
1.758641223395127
1.8913854473979501
1.633388440092697
1.775633400866805
1.6418349777119687
1.4412610808474442
1.6397044003933232
1.547798895738588
1.8060651545879067
1.4951997733642661
1.3893461626320793
1.490442540881722
1.5181100383224464
1.3837610442674373
1.5221585454038833
1.5494162515096237
1.5253974277164621
1.5322080713727795
1.2900960236595074
1.5279801622548261
1.5395300271921757
1.4628512792143171
1.53366499059468
1.5698246545351453
1.3592501924906544
1.560568507079024
1.3458267340641015
1.5835797221330359
1.3061225389098599
1.5637369424406036
1.6799929174467425
1.5844002497738932
1.5954393226854484
1.7283649796833733
1.5566735993433978
1.632860512481797
1.6273235965536266
1.6234540915939224
2.098174272920449
1.8442611050304785
1.646542518592792
1.7604754711127861
1.8191469089888135
1.6355172911109244
1.7627999308690894
1.6396704511745708
1.4588674709456992
1.6367172485697608
1.454446310710574
1.8062374686179241
1.5479829224339148
1.5458087770437658
1.4889714963756266
1.4874548420756317
1.5688871507827646
1.492900930468505
1.5695488244171298
1.569867647944835
1.293399543614145
1.5412347306676002
1.5553578148762859
1.557381040981178
1.585786492338748
1.4435797055491186
1.597908980452913
1.5873703656546805
1.3493524074393424
1.6023750502969865
1.3233849037205463
1.5760088728517805
1.4743635033938904
1.5895514412635197
1.7138997542833503
1.6242830874002845
1.6238421187183674
1.6312338786683955
1.6056374346593538
1.6496207338897344
1.6477142792680817
1.6526668165353777
1.9400761899804306
1.7518019710555564
1.7515327570328119
1.9156186261885404
1.650939980258315
1.7859573693962
1.6560045141114226
1.6627924648824395
1.658910795096962
1.5559593612565408
1.8212672919195687
1.5391257191478105
1.5110687129336489
1.4922501898024487
1.3681282270093957
1.5452371613658555
1.5799102440119441
1.4922186962930344
1.562924654539374
1.5690652705762742
1.5716772513966841
1.569400935181721
1.2943045553857497
1.5411430424798915
1.598555054497146
1.581170297860801
1.5853630934967478
1.4518368503573413
1.5907156052106644
1.3545993519773247
1.6003054431503587
1.4081269977642896
1.5800381799629641
1.4727424942676532
1.710047127749961
1.6282914589642936
1.7486507887532161
1.6320673229041167
1.6010262614782445
1.6453532787926484
1.6451078792388485
1.6449353015712296
2.122382287967948
1.868756858064325
1.6643333574776342
1.7712074143602692
1.9153519695114916
1.6509126801371328
1.8582584360135457
1.660637360713508
1.549476646023251
1.653823469472081
1.5590889157912382
1.8193669486559405
1.5424601752342662
1.4915329137781344
1.492082324704607
1.535745065822224
1.5622712093398943
1.4893863783822872
1.5554487935091037
1.674181146914849
1.5688236752765423
1.296980038093899
1.5401532650319316
1.5550890685837786
1.5715123281163483
1.5593126125464472
1.5892390549700615
1.4503427431492715
1.5923171796605449
1.41392605428719
1.5911670171004875
1.7156123355789723
1.6225577887681677
1.625956252261542
1.7669954789840008
1.635206350008595
1.5999413429940923
1.6511357853888247
1.6544183001250996
1.654690278534024
2.132238696703283
1.9447395802719876
1.7633099922122861
1.7541719587742999
1.9195768850099333
1.651848884521933
1.861550550593367
1.6614668307674587
1.6707907134947293
1.6611902782127075
1.553826381719986
1.8217396721780885
1.5361743410677438
1.3735675725952652
1.5435938595921384
1.5762304009141097
1.3787682479142416
1.5631269712578388
1.625092055888058
1.5717116531878321
1.566716136116173
1.2950835875379023
1.5452429991995777
1.545743917445667
1.5723780870748807
1.5865825673210052
1.588238190958073
1.4508262619499286
1.3581943692879195
1.603718761867193
1.4128904296798641
1.5777533488173718
1.4773198066887216
1.588169003692371
1.758603554991705
1.6258244755661468
1.62816845634836
1.7666108411099195
1.6390026457382179
1.6009187593055283
1.6490064558360427
1.647969550164182
1.6479889687973739
2.218593320932719
1.944725608926851
1.668561448755249
1.775744281600491
1.9194531298608362
1.858305982054682
1.6673192877863576
1.6683304645221395
1.656712992876104
1.560459578619153
