1.881767947354388
1.7594212120504271
1.7987699233022787
1.8059340545627924
1.6443535722067855
1.6093306150024318
1.7795181260670092
1.8499791747238181
1.7841061870271167
1.9228444671362523
1.7546904283793237
1.6278337637814884
1.780880627169545
1.7647426007917624
1.6674700454853884
1.659013963167421
1.8247183736304189
1.5869339353319287
1.7636321857705737
1.9594195015033415
1.809350130422974
1.617578968537985
1.7636944041096445
1.773823224390016
1.7773231015212787
1.6061015972346802
1.9307917034971416
1.9064488033747924
1.659437955780341
1.6411058987322864
1.9244084515784023
1.8393766545517902
1.7585637247702346
1.799217448584137
1.805447812828225
1.6458027288576749
1.606577368673432
1.7734459572119259
1.8397791218741508
1.8710608182108812
1.729615954977337
1.7848333935471286
1.7669993616286748
1.668128140216715
1.6176828973928519
1.8277153112582727
1.5870328263743527
1.7612103537217108
1.9560988506353096
1.807449103597829
1.5990949610128162
1.6365461180481746
1.762202403368945
1.7724367055634918
1.787724758139188
1.5937678349444562
1.7145031606622285
1.9312554386093383
1.9054355907990392
1.6471559370620321
1.641997284647479
1.9243533356857374
1.8326261318708346
1.7540230783703774
1.7996734561753418
1.805586741024459
1.6396466053063854
1.606644463051453
1.7755547395995148
1.803306793743542
1.790012452010312
1.8774706813512037
1.7548251912850104
1.6252359806657
1.7833259379139492
1.7660991807223148
1.6666906529591703
1.6148404864364083
1.8254422522744902
1.5875220264297774
1.7591002857199165
1.9573373265522247
1.8098729143198726
1.592475222693376
1.632746015293758
1.7527549675833507
1.7726317004158445
1.9304588511181808
1.9056856848977675
1.6562830630716179
1.6421371294436384
1.923624503410177
1.8506927121973924
1.7792867979899185
1.8218132499060824
1.8756214010879748
1.622236024831036
1.8037368053182676
1.8213783783813602
1.88821187513945
1.9226419789345846
1.7536893788364807
1.7974225769015366
1.8051353479951096
1.7962640339584788
1.6368947312317146
1.839735542233808
1.6235796983657793
1.8058461880277996
1.969086192698948
1.8216767674870724
1.6376408516187146
1.6583807029894564
1.800357826817297
1.7979298420696093
1.6146339496595234
1.725969618991265
1.9692817569193721
1.651994585129237
1.9232561175273495
1.8467489998983304
1.7741448588600834
1.8107458342252765
1.8262338298309362
1.6198798071982825
1.800441795249842
1.863755593629782
1.8858284627265354
1.9268182800764015
1.7703461966056906
1.7379157808099908
1.7964956695217773
1.7992887522495238
1.7986357118422704
1.6316884574421728
1.8289960623503176
1.6260788310479755
1.8065013105865813
1.9699287580386753
1.821769666455127
1.6385192764719756
1.6670338801488664
1.7778961199715844
1.7970052566061376
1.7986676071526446
1.6153857421703275
1.7283188210312186
1.9381765008989065
1.9729523941156792
1.6546686255533654
1.658225248999348
1.7828959785114273
1.8365385824934135
1.6710713448540027
1.6196216026494936
1.8028125149303973
1.8962707471425801
1.9357323554252783
1.7740483107422942
1.7523983341840264
1.8023884678131354
1.8060788186784116
1.7919353987544582
1.6446018671414016
1.8413501034808992
1.9738091112572804
1.8944291336351944
1.639301945541414
1.6628457348597643
1.783132540013353
1.803797305356288
1.8002804296579347
1.6202718300434833
1.7410652932868924
1.6585442429577402
1.6616413685809432
1.9118431420992548
1.9247059923617182
1.7899340656461296
1.825980235184033
1.873837141625772
1.6680328413168986
1.6235092670742666
1.799817573669974
1.863865369143409
1.9356739556096816
1.924328229509699
1.78890483952582
1.7997469235991077
1.799451890104336
1.6964545657058352
1.6382186711053157
1.8277912919712702
1.6292345758504496
1.8095843563216834
2.089824755004385
1.8667144261745852
1.6686727897116516
1.7819750664552643
1.8005555943985037
1.8010163309578673
1.6144939817732953
1.750929494729336
1.9419646333028657
1.977238384123334
1.6594221525889967
1.663780065174619
