0.31039703972024385
0.3020595186095027
0.30120756158880946
0.31207321312227043
0.3372848578411636
0.3345906302792865
0.32954858741152115
0.2990635873434567
0.326211590033022
0.3021605002892917
0.30658252148875903
0.3075494870328076
0.3220758343124505
0.3044781278477784
0.310461370173422
0.3031767636238478
0.3105889969490963
0.2973038395681043
0.304496050911301
0.30613578559922694
0.2915441879372377
0.33315755452493456
0.29749833160398786
0.2998035606507659
0.3087116510693553
0.30339758513566445
0.3187657043328145
0.27880146033001263
0.3532989259289507
0.31026349931243025
0.30110534245469356
0.2990572614039421
0.3076314485079209
0.30894231053133747
0.36017901852643674
0.30794715378917215
0.2889142236027369
0.3059319121581039
0.3034681208540126
0.3300730242429812
0.316152288962559
0.35448783095261005
0.3340630086972797
0.321891298448305
0.31971370458613774
0.318424296804094
0.3174498511554426
0.3044651960815547
0.3062409532484589
0.3042191920262335
0.28477105313990303
0.3065924993295174
0.30658867896444586
0.32146975462907473
0.293125340333395
0.319629513889351
0.31319137747611625
0.3548537148601284
0.3101560436448454
0.31072989223856895
0.2991132480021795
0.30996996711194846
0.3162309227316191
0.2771484707768131
0.3120168066644792
0.2952951061487766
0.3055100248293754
0.3198457294732596
0.3627875988319307
0.2899401195348229
0.31566220886314755
0.31071238324571626
0.30115396094925095
0.31406107301671493
0.31842136480826466
0.3046467473872297
0.3567512706491007
0.3141682106442688
0.2996950355528134
0.31519196089936935
0.33029658899727954
0.3266908416103183
0.308667216288636
0.28202340011506694
0.32848793729277803
0.29967542207064635
0.3124647704168999
0.30800265701343305
0.33159722130272207
0.31601814525224636
0.2947983161244325
0.30343353901272174
0.3663050705598817
0.3090966174190237
0.35252660898154575
0.32274565779235764
0.35771010527347347
0.3120172636002464
0.2970569906386146
0.31577491150053005
0.31540589648225964
0.32185432658638224
0.3221580179125607
0.322619072714722
0.3540983840602523
0.3444042063998014
0.3371323779069434
0.32346480037558195
0.2873099887003987
0.29737212093307797
0.29547290135420146
0.3047769172414584
0.3421408845794325
0.27030293407169853
0.3146637217741742
0.2969148963904297
0.30681316884153154
0.31662195029944973
0.307497390273142
0.354509196009675
0.336898434373048
0.3135637947101299
0.31256103647929817
0.31122541217582966
0.33033418841783546
0.31126168865134746
0.3379621262232546
0.30161601105418295
0.3268959879056488
0.3279161158020371
0.2946724940558995
0.34245312656472365
0.3029703778622541
0.31419981868919666
0.3112593038074244
0.31098051152326306
0.30162411659598004
0.32894843589422595
0.3280215494022678
0.334137335138016
0.31877376434969396
0.292963748072552
0.3176347572154776
0.3067467933259064
0.3267466134645872
0.3258457974724853
0.3098218980251396
0.30257678388577414
0.2972745040209769
0.33067130631092867
0.33062497286045733
0.3086634783997867
0.3265797294380881
0.3545446734590614
0.3090527937285277
0.32771695042003013
0.30037527180728596
0.30078661137160106
0.30975219242702
0.3032829217856763
0.29321683706797746
0.318724986550268
0.31604306108057467
0.31882208700443004
0.30337021333029357
0.29529526192790634
0.3010906959663322
0.3071169792584409
0.3398738162100476
0.3181035357891887
0.3503044628568017
0.34125068255202373
0.3373283213623046
0.31831128433077094
0.31653206966140646
0.3092538106541465
0.3132825846559355
0.30692638587825005
0.301037526237865
0.31882510940901715
0.3052066893273272
0.2949631732113987
0.3234847231334087
0.3134877493635739
0.3373384772454846
0.3111291415306591
0.3095347336094671
0.32931198721116617
0.3004438847248458
0.3099517560893355
0.32357047361589153
0.31714387938733546
0.3159945492071712
0.3131222863537252
0.31233683399255663
0.28011968792975694
0.29299744699315866
0.3219085182422562
0.3037125207112412
0.29833901368127624
0.33009167309722076
0.3007038529557749
0.35889924487894964
0.3087394764816544
0.3115047476325368
0.2932909106151155
0.3040203703203565
0.3264678874036152
0.35407326409941964
0.3159606176888763
0.35932276537335106
0.3091980517307065
0.3236295009243562
0.319943185157706
0.29907538098957764
0.31089216640512074
0.3231655801559015
0.3254389781754317
0.3038791397341598
0.3014278090916035
0.29784484105806397
0.31756231350248465
0.3027933951239282
0.32858863347586775
0.31923428390571235
0.30824393551365914
0.3130627756929084
0.31987332440102145
0.30684985038091983
0.31927732007796206
0.30800233369133373
0.313911840780082
0.35367529127136477
0.34748867026071695
0.32668701873168404
0.33004210314089555
0.3622004662654048
0.2999727365662718
0.2936273577725257
0.31475555802009947
0.29960047085986014
0.3085779147375996
0.31626834085846867
