0.3423475937354943
0.31951783806373624
0.33264558611342565
0.34326476202893547
0.30921010959052475
0.35050012125046726
0.3219309299714473
0.3542630681537928
0.3578915177550821
0.3403696394770423
0.3667180603291305
0.31724677982198984
0.3330538121979342
0.3268268814538793
0.31624039355968514
0.32479757646582874
0.32328589888888887
0.3386139566839712
0.331486248256485
0.3241491857609048
0.3404850788311836
0.3346383591605928
0.3041753998314343
0.3180259283257721
0.342742285200779
0.3223145297385603
0.3772278292309472
0.3334964250771136
0.30569668456418
0.33034398874336857
0.3875733622266198
0.3305133361324064
0.3440745792273546
0.316122286082381
0.32586423686994626
0.328165801629978
0.375884978671548
0.3131303010163957
0.32052385239759373
0.3345921786306407
0.3458253056221837
0.3456194978454128
0.3866108517869228
0.3488157484687803
0.34771265593765244
0.3610472012673852
0.34292820307602745
0.35275918259078287
0.35040080228667214
0.3303657079688388
0.35006999493689694
0.32380325909285945
0.2980836915100591
0.343558383826761
0.320119633440233
0.3390506733972008
0.3185983316910632
0.3509662600573614
0.32646479890638574
0.37836684790149144
0.328636433446888
0.3386316150285141
0.33514427326448126
0.31313286268971396
0.3387263765214479
0.2999228500287855
0.36142863364867567
0.32702296445423196
0.3159894008722585
0.33110198190894996
0.3789384857975864
0.3116575971457607
0.33472301220844125
0.34748208537061065
0.3255443444803816
0.32258735923498905
0.3489562318244792
0.32010532961548693
0.38217886546326374
0.34842699245241193
0.3320943217452141
0.35266806620790325
0.3563189265472485
0.33912426486823
0.3395361883360991
0.30380542722877024
0.34944564491574015
0.3257062552875476
0.3377128629127664
0.35098806990986237
0.3437932318726543
0.34797819240643213
0.3103283356611981
0.3303247493188797
0.3326462466841623
0.38466680132563014
0.33728926410268445
0.3546906105784594
0.3917754601245278
0.3441977738763447
0.39147115015932105
0.3423968868963181
0.35626528600473883
0.3541705165642498
0.35879556548576086
0.3406179281792377
0.341965120028177
0.380801865192398
0.36168590249030513
0.34074265712571006
0.31172345089006537
0.32758347804579857
0.32741433823340393
0.3219219338683606
0.31925932706831506
0.36384284191479666
0.2951579765900741
0.33223675887673443
0.32022365201930914
0.32250591487694497
0.3427645030039692
0.33576519958448914
0.38716695556299796
0.37598273663881693
0.3376280394730726
0.34591315506545794
0.34204607168465917
0.34893948182892753
0.33454467625540907
0.34217187547844347
0.3302919773768337
0.32304290741170727
0.3402451666713766
0.3342779880393102
0.3485622603353655
0.32134558754109255
0.33410345012526643
0.35239491805167267
0.33903043651402737
0.3350559942199396
0.32091561124212936
0.3602199354228377
0.3541176605808465
0.36375448031532165
0.3384485083122406
0.31669657907437887
0.34875060266129465
0.33905411292132825
0.3533386547088694
0.34397782365835927
0.32652281436272457
0.32255898911981706
0.3564470562354546
0.32285583530358836
0.3343975425480379
0.33239837745707274
0.3185939381704745
0.3212996735010704
0.3353809331243697
0.3470374471359989
0.3293885635666397
0.3462588634193222
0.32105332077382714
0.3505140595043427
0.3193448395261257
0.34357085257938047
0.32761937947877573
0.37513667300668896
0.3325109398817473
0.3595122333754681
0.3804097925722022
0.37934239114246204
0.3456808734024217
0.3291154353190465
0.32849611591558187
0.3365279195295001
0.35361897321149893
0.32224282303330876
0.3417135601228811
0.33188882750773296
0.33878709555172853
0.32970851090893283
0.3427372768964403
0.364134837860082
0.34063914944799945
0.3418822016825842
0.322532831308275
0.3353904566726962
0.3486972532616823
0.3400262198384717
0.3332574162019003
0.34447344030963045
0.3448629067966559
0.3278022367599899
0.2966876176372641
0.3243430471684239
0.3559455418268081
0.3488330573352185
0.3395180788462704
0.3747808141953136
0.3189080965504061
0.3370567890202842
0.32117435258666427
0.3457628526703295
0.3442630667873825
0.3283646771639418
0.3836383965672189
0.35588492373655983
0.35044508643598016
0.33999044465091227
0.3558602931249284
0.3361136143149932
0.3267589704041533
0.337153815786849
0.29808131219469997
0.33468476721141405
0.3322079475395405
0.3278665958411444
0.3270047860249161
0.35168197840242693
0.3323507262125496
0.3497088496257199
0.34704252513182454
0.3402240804501073
0.3400425299533085
0.3537863723923258
0.3933096097751776
0.32656755815187666
0.33670437377282075
0.3336471292911638
0.3200133158331494
0.3993389824469034
0.3722893781948131
0.3440753851296217
0.3557298293154353
0.38831114515155507
0.3413683359102614
0.32665613372176083
0.3233085321971416
0.34869883216719266
0.3164807481705306
0.3369807541380407
0.34100335665907666
