0.39184453526166035
0.36144585061575785
0.3862310297616664
0.3988759605704528
0.36222012176724977
0.3932613597269823
0.376261071688866
0.41207974200662967
0.4173688258744412
0.3981577271623983
0.4147521508160532
0.37147024862566635
0.38788016472237385
0.37560714566182196
0.37069547474172265
0.3738978919795758
0.37544112222222226
0.3954296488407761
0.3813371375072055
0.38182615277099535
0.39572277999206695
0.38282200958564916
0.3576687218609374
0.3676691724186606
0.3984573434622402
0.37771837441314815
0.43610354706604326
0.3868055809803911
0.3566863350148139
0.38264849149344204
0.4494483550539955
0.38691361663498175
0.39974877917917
0.36515374278109103
0.3748279343338674
0.3801101713308661
0.4361469185620648
0.3678090981559327
0.3692410082173183
0.3923486080645464
0.3998645015732763
0.39880320852880147
0.44595101054397746
0.4112934151518484
0.40081483288091646
0.4122777205779249
0.39652121086170533
0.4005592046935297
0.400844997613914
0.38666975513325463
0.39784698094959425
0.3783350422732103
0.3485940387847617
0.39255691275582205
0.367377591485047
0.3899035962654521
0.37171391304174983
0.4034486612512522
0.37768753286474216
0.4407718447766654
0.37849171573178464
0.38810124914552013
0.3913526097302551
0.36294110277246194
0.3908675871719528
0.3543486154751926
0.4075318196096396
0.3783204524653454
0.365766398968045
0.3844149504688061
0.44221672684688634
0.366901612691582
0.3870951372048952
0.39295891024750074
0.37882063267154864
0.37599969997133453
0.4002091796963577
0.3736806462595633
0.4445176081669352
0.3940815955189515
0.3846645548112442
0.40072905325912833
0.4126882919336422
0.3959066201766276
0.3947903488491553
0.3570327099353344
0.40622089146046736
0.3819467990032964
0.3866586051377948
0.40739639746918643
0.4015994775120231
0.4008918938672563
0.3636668204829953
0.38439007234261485
0.3885577765517241
0.44349502747765057
0.38833165927239877
0.40817358302343354
0.4518184384666576
0.3979247752065206
0.4470819498591584
0.3944204443878465
0.407496353739424
0.40829403801256525
0.4115675943853763
0.3972667172321941
0.39801580599552255
0.43454809361042146
0.42064320689943774
0.3957845108442849
0.3561216964882583
0.38166546580252136
0.3777657714216325
0.3757829040076919
0.37140942265154764
0.41956295170172503
0.3468689341791079
0.3885278449294738
0.3767984248550607
0.3767323404070074
0.398467566551152
0.38701077294800373
0.44540204809325357
0.4235101612591099
0.3927520693007894
0.3968961890799758
0.3920080393549288
0.40276955512426393
0.39079003585176975
0.3888098061152888
0.380761729969178
0.37870979308783803
0.3932975680606631
0.39038726750168473
0.39083859217179157
0.3759572209151537
0.38768979488303057
0.40394515376739526
0.3908893923105121
0.39244480457427433
0.37549327281053235
0.40427213713648646
0.4041401523377963
0.41915044847448313
0.3939938167322463
0.3673666154652363
0.40052295675987193
0.38988903742508224
0.41153196836012984
0.3916198040648437
0.3756767875321869
0.3753317574217828
0.41629020999751915
0.3782529344508955
0.3843852789311284
0.38967670055934023
0.3760546582397923
0.37248455513101
0.38766118173239145
0.4052109661820782
0.37922587499224447
0.39900556140608456
0.3782637976525658
0.3958812591908717
0.37032142663396683
0.39424320452827055
0.38185924714334607
0.43032171468022523
0.3819702398144783
0.41090484490322365
0.43707346430378563
0.4408471792162355
0.3947793301296749
0.38051219228585165
0.3795932977702797
0.388742952406346
0.3986927242214141
0.37066278493207305
0.4016652750938522
0.387842161283102
0.38264005854620453
0.38380983654581524
0.3998652813006729
0.41702005700529926
0.39704807824007116
0.4003250007621184
0.37533030857023936
0.3863734380628765
0.4003160695155643
0.39849992353186436
0.3867012360370478
0.39948202975895597
0.39746976031685605
0.38279378360747707
0.3412957522953728
0.3811175689576328
0.41405697827089183
0.4013024064587005
0.3955985718357581
0.43422850343327324
0.37155453419199475
0.3959801801717917
0.3745218608452078
0.3990510986277824
0.39677559618633923
0.38016638337471664
0.44597048046039184
0.4089594952541524
0.402395125279744
0.3889199177285326
0.4158884603837337
0.3891659565792534
0.3776215800918551
0.38897381230475336
0.34870611622692466
0.3912225641688384
0.38935393773764165
0.379422960750627
0.38199643336101796
0.4096889912872494
0.38923840427474365
0.40913876934052074
0.4037918132148782
0.3959400925233132
0.3926793137914722
0.40884537103420815
0.44910661350136666
0.3797144257672406
0.3961609191233589
0.38540728861118123
0.3751538418334761
0.44659209658716037
0.4291715827012067
0.40009107354334644
0.4108726864581359
0.44586812704580625
0.39842894847553234
0.37926870667497237
0.3752182791462493
0.40691486555204065
0.3673624519066502
0.39071981434310343
0.3989080503952514
