0.3458629234717952
0.34142490552191584
0.3219556037889133
0.29487624180246713
0.33563358766994256
0.35938520874387836
0.30485742840982466
0.36140810215538605
0.3739922643964869
0.36428136843375913
0.3748004418510584
0.2911048156721514
0.37548771648036827
0.36937950847656453
0.37475390157440935
0.3842194852025792
0.3369303844340111
0.39081555664920054
0.3915856572154358
0.32036892735698014
0.3962739750452024
0.32722836886124307
0.3723153013353322
0.349866697729123
0.3741811848233785
0.39814076929666364
0.3934104512475563
0.3982476870133896
0.40268906724268105
0.3780660556854176
0.4129335709464325
0.42268411811457285
0.42582237301541415
0.43580963695972147
0.47266143753199236
0.43005239104484094
0.45258162663984147
0.4382304742845987
0.4159291455325217
0.4206961985444788
0.35759811461564894
