0.49705254324421483
0.44975525073986594
0.4668488537193126
0.4745671845855116
0.41924825490476314
0.3869400075877878
0.4577697754279669
0.4710890493249755
0.457891776554871
0.4811096566453591
0.44345942309871644
0.41511754782540045
0.4548964861156576
0.45457278999962564
0.43759560621201776
0.4213135140837579
0.47718707097841906
0.4000710462126028
0.44793653131266314
0.5172474435123502
0.47079125720026394
0.40065740875642997
0.4386466590750777
0.4540892393934295
0.4434141919946176
0.40080026484330356
0.4979565591679208
0.5025084034638128
0.4330235124999956
0.4222973839172412
0.524440719055651
0.4921226474119622
0.44811582799171523
0.46736415766747763
0.47453983104242803
0.4139847438855412
0.38757852666023307
0.4540676590416802
0.4739925037227638
0.47140782879351795
0.4285711252819215
0.4555552064659284
0.45413966219140584
0.43778870288898875
0.41721091100520447
0.47862138727451065
0.4010843682084376
0.44577574414906224
0.5158106762998357
0.4705789631392686
0.39997150977695334
0.4101789482683658
0.4401035750420104
0.45296663477861965
0.4496315624795031
0.39440784398937023
0.47355840289103757
0.4982544071269832
0.5016688804949389
0.43135693749995807
0.4240227140610004
0.5261250932737371
0.4886034134811311
0.44602951342550384
0.46686494770824627
0.4743387341559945
0.4157415702191054
0.38651089008069883
0.45546807473581413
0.46283730224513997
0.46221198074001757
0.4749405369331353
0.441708283166792
0.41333597931034993
0.4556398965248929
0.45420745756257896
0.437112022392645
0.4150460712018083
0.47722130151980546
0.40075665140128036
0.44499810050989136
0.5154044175616248
0.4711887568933393
0.39636534559146064
0.4077295195946917
0.43758352243921883
0.4524163714431848
0.4978096703290352
0.5018146776867316
0.430964349999883
0.4227505691225881
0.5242367010516087
0.49894842545239226
0.4624478441585705
0.4825069793431944
0.49807280830563117
0.39544192382341375
0.46515690957099143
0.4742468239535905
0.48886605736553956
0.4848657643722972
0.43758256236656323
0.46518599998645993
0.4694246152571456
0.4609406287552442
0.4292678092855048
0.4864104713500912
0.4108253168768853
0.46891916833496206
0.5237185188738231
0.48029248077953446
0.40996511166847005
0.4256433108614372
0.47133809125730075
0.45887434712232134
0.4071856731605774
0.48103489049120907
0.52249541648107
0.43454181249999535
0.5239147552522108
0.4991337208656317
0.460289049784444
0.48012044439849244
0.4880373230624918
0.39391155307650594
0.46255082087891897
0.47915683591599245
0.4884448389385462
0.4863783123909228
0.45267547719401424
0.43456726783484456
0.46223766390603893
0.46945691034098913
0.4618854488301565
0.42680655013502455
0.4792566029182458
0.40970634823907726
0.46720520299288104
0.5245753760987277
0.47982898325657886
0.41152874601718437
0.42651501988202356
0.44961970108979954
0.4698647521784928
0.45668617897152164
0.4051511444428716
0.48228309886044196
0.5037617326989734
0.5236452321798195
0.4340219687499429
0.4308831289603686
0.4660228395527344
0.49414021979335976
0.4292647045112381
0.3964263314444846
0.46654675265099077
0.48778202015995853
0.4971637089963666
0.4556501845311353
0.43663310471527306
0.46907913155697345
0.4726873453322403
0.4607143772137744
0.4347913905734425
0.48931136811346787
0.5267497397874165
0.49210354607351414
0.4125834447206151
0.4315589164857324
0.45520284168159075
0.47413086727906706
0.46221989916652795
0.411373683321157
0.4841873390881025
0.4382388624999952
0.43512730896397056
0.5170997480704713
0.5114300019628614
0.463825555766085
0.48397633557698083
0.4984464477238003
0.43201105868079015
0.39623222675109615
0.46371001083099295
0.4818052190742442
0.498863909956297
0.48459725028353495
0.4587593670156256
0.4652951301993308
0.4704059240091203
0.44722081812964376
0.4316037615014451
0.47958770789335226
0.4116546384058475
0.47033199615692534
0.5449431071623794
0.4856497303988856
0.43002189228373877
0.4518341470793288
0.4719173117876011
0.45941057617538983
0.4063574124981958
0.4864188357841236
0.5045696914885804
0.5270460386260852
0.4358873125
0.43464751346376607
