0.6434763625312927
0.5042410692437261
0.5842723700338788
0.5980292937680683
0.5448161331935136
0.5271123955942778
0.5291974194882388
0.5325529646526617
0.4487474346258104
0.6708841461749827
0.4913892804247792
0.5282827482963229
0.44832827327219305
0.4932224560982048
0.6965861927279939
0.6636440785752986
0.7664508314700037
0.5688506696481367
0.7411361931109322
0.679787775414072
0.6938532035933807
0.5468158916438243
0.5893831596195873
0.5364869472544822
0.5954178643443873
0.6630956228582561
0.43318391810668067
0.6513767190383368
0.583151388147876
0.43785117236651183
0.6002704129158168
0.6667549353689389
0.6888751114277645
0.6443076095032045
0.5542949707079841
0.700316552109915
0.6463133011131449
0.5225855147202744
0.644492686730495
0.6601608350060896
0.4859552432137634
0.4628285169713506
0.6722378706907478
0.4814437469521394
0.8765301426506069
0.5993023408148377
0.5736111396457029
0.6592970900814631
0.7444039524608652
0.556793773810277
0.6556187872600561
0.5431932097608455
0.41114890701905027
0.6808512690602407
0.6385781229156426
0.5699059364186503
0.5263078957816247
0.4891618819643871
0.6279955900967458
0.5953268275179137
0.5527335710446922
0.7267829400072785
0.4103838716994395
0.6110548130754504
0.5986153253375958
0.5413818509958737
0.561758776761663
0.5652106184178189
0.5457641142065023
0.5072052437042868
0.5202657890521385
0.514824461010175
0.6680151625389679
0.5640535153044275
0.6511318069352379
0.6298668409551923
0.5173128155184713
0.5577420664432771
0.5863046405643829
0.6842404035162742
0.6681793102506378
0.5997554816517708
0.6810234324519383
0.5879128657625458
0.5496245955856502
0.707887655542604
0.5037314739997333
0.5045629151633718
0.6784902732305556
0.5424656863082046
0.5996796809374528
0.6651294432570356
0.5200281113109249
0.5358689092357283
0.4207790874690319
0.5182129697390142
0.7069966214162748
0.6363014816471109
0.5587061410680353
0.5313134225990834
0.5473929228636307
0.6597396369311941
0.6599334426688706
0.5839943382525299
0.632748338102264
0.551705768938018
0.5214349293929721
0.43567707402423794
0.5230005032145478
0.546056355737784
0.43441487965601977
0.6289214298617036
0.4304255207966029
0.4728520909257085
0.7481840311644274
0.6637666871526435
0.5344512477792597
0.6652989971994681
0.7536608219772284
0.8917468701937159
0.5680961674998589
0.5495988903491082
0.5417202358690502
0.7040233351374464
0.5124345372383691
0.5768842356924284
0.5963296285614254
0.706879051828649
0.550077148100277
0.7314417637721107
0.49640649882377946
0.7259531227672349
0.5939359889497302
0.5986879226675226
0.6247948684891789
0.9030254285712375
0.7140904887277184
0.5207775809402786
0.5674363852532703
0.5455809819055392
0.7717130550413072
0.6763262355381834
0.5561919390435445
0.5532170176870368
0.6486479821694808
0.7723735688562603
0.4396528975856289
0.5310567768574405
0.6996760499302079
0.45986988952576224
0.7015768441637736
0.5924277733731556
0.5645123563088608
0.678008606772134
0.6083814078119025
0.5239076114119507
0.45880049489560176
0.6008300726016835
0.5683720869512364
0.47993542430956143
0.5851077519771678
0.4894718077036474
0.5813864621430311
0.5695624786604316
0.7017378348714503
0.5044556889422409
0.5482709827596669
0.5407561318657168
0.5375008873967746
0.5853227755104936
0.48645357461986255
0.5448574189218465
0.7118621693287649
0.7077893790935279
0.7283308097945236
0.6079237794269998
0.5243560530473913
0.6088058734578832
0.6451530415360271
0.732571689343345
0.6722382187249198
0.554252442462173
0.6205800214362829
0.7127025284719822
0.6932506193561653
0.44706279215774847
0.42837434352010306
0.6700438312452097
0.6552588413631542
0.7585243855435315
0.4680443690982191
0.4354353868570936
0.6103886806622895
0.6304384339268598
0.5953764676250262
0.7345425754918083
0.42728418460386136
0.6712302028107098
0.6022443738209178
0.5447324048701929
0.6629365492017989
0.5015443859462352
0.5993259457891398
0.6178737142975873
0.5352484278144193
0.48889603664938297
0.48706502671515456
0.43622032007486955
0.5625569294339027
0.8481901105535505
0.5482295718273243
0.6296105747675539
0.6419650533662352
0.5079032248872508
0.6928558288008281
0.5698567935819024
0.6911872264877468
0.7049536024089019
0.6305478506065777
0.6159062700539187
0.4570868108562121
0.49895955164499656
0.5099667296370958
0.5521876114210466
0.5349347843407832
0.834604875040778
0.5517796630288052
0.6325897436003513
0.5234106063112397
0.5500017672840254
0.5158220672561453
0.5565255955623037
0.48187117855553097
0.43776049278736406
0.4556800719062195
0.5328800986397242
0.5840829945457497
0.6770676067724501
0.650910312338777
0.5356886343857625
0.6363739035554212
0.6351349212980753
0.5608828655174363
0.5211870405859763
0.5893885527109997
0.6929540040373318
0.44949144492067317
0.6502964596511321
0.6299510240092401
0.5533645763317008
0.4250817530956055
0.6834426979376518
0.5961955113431324
0.40697907028295643
0.5685939550515385
0.5433908267806521
0.47907031466476707
0.5789474295407497
0.5966567675773491
0.6981834734376067
0.5264795526300481
0.4811801582429834
0.6042673659238523
0.6196635942588733
0.5001155787820123
0.5700782413811223
0.5555154823886025
0.5628582557974817
0.5212305312626138
0.5790212857693962
0.527714668100193
0.711355692817783
0.5477901130755617
0.5648583950582865
0.587315266873334
0.6878603782016292
0.832693267797507
0.5349969301781781
0.5621513859074303
0.5562419353092758
0.41483162955334785
0.682587468107377
0.7054644479048418
0.7077515029944402
0.5717507388704575
0.5385455775854894
0.4937618975540712
0.4616371108889109
0.43434023699457236
0.5886862082869482
0.6203080158264384
0.7612522146917606
0.6613690460591514
0.528197066265411
0.4682439412950965
0.43532597823666075
