0.3172426129463385
0.3325907981045897
0.3234023865780189
0.3303727890167926
0.320444331795804
0.32731913727242906
0.2945648576188306
0.33152583854153156
0.3261763963480754
0.3429959337730738
0.3245896116270649
0.3065885616572205
0.32679982769780924
0.33292066072730675
0.3233633322543619
0.3477172940481599
0.32703427391130513
0.3250856418978215
0.32522180891092534
0.3582692858044487
0.3126156743269135
0.3534872724094328
0.30734847118197417
0.3073159383815797
0.3223891506746991
0.3261369506413467
0.34257629702904985
0.3045074980939332
0.33652329371235973
0.3350029637431909
0.3637384078224042
0.3127105575655039
0.3369907955959056
0.3034451662900003
0.3146160144384157
0.3073799899916745
0.32005506159384745
0.32736983157570754
0.3183865290686112
0.3151886430586024
0.32723917402611585
0.3636473005833716
0.3290585316932025
0.3270931016414689
0.3124705457626175
0.33284545264560184
0.3188934868777146
0.3322981050669743
0.3166311885359304
0.3116312670392028
0.33690213067044494
0.30927941981895024
0.3603376949408462
0.3271382247240572
0.35125970006196466
0.3659729091533636
0.36324302439744016
0.3406117689143883
0.3002428759560166
0.3188184618325215
0.3381778708416457
0.3283999269293181
0.31901943484554174
0.3186433925007335
0.335225162093189
0.32496668588720745
0.3081295546115187
0.30844233533619175
0.3561158980070981
0.30953746856294573
0.357438559611859
0.32275019832884166
0.3317471856968206
0.3288232023781934
0.3095552140402613
0.3180409007281643
0.3477703829256096
0.3315660978519092
0.3300858185425145
0.36666497878388615
0.31036481223745654
0.3295125399022506
0.32996657043812455
0.32285101838663854
0.3278665934843608
0.3171512746136179
0.32953181032594436
0.32575799158512486
0.3555091497691729
0.3216352506546206
0.3596875598361835
0.31595580162251147
0.32674178515788443
0.3125153927957779
0.3374636251643902
0.3217855426013917
0.3162408165869408
0.35028075379204054
0.32794888047713283
0.3234312252420912
0.3227396479163248
0.34045463504886825
0.3656794923605897
0.3207792960780115
0.3346900027131582
0.3146475543337302
0.3365276307399896
0.3119386910693799
0.32053025264168766
0.3282136620346766
0.31658686904155986
0.31457118463867084
0.3289267265429945
0.33013743240703586
0.3287319525385628
0.3142054778307315
0.33594116631962734
0.326324767098195
0.3351177709154125
0.319822733591305
0.3251963202109728
0.30551976036424855
0.3255772733160843
0.33503099224944677
0.32869806633353754
0.3376732997127625
0.3637786362956129
0.31889831626580445
0.29004734995820547
0.3285852966308199
0.32710901546176974
0.3158183140136195
0.3228469342963646
0.36670345832734486
0.3598348641301522
0.31002282769301936
0.323330172714667
0.3244383639787941
0.3098411863799807
0.3194506030674972
0.319825360284274
0.31059445476267944
0.35775853825639525
0.32449423640664726
0.31652959422389126
0.34066241953739895
0.3301578367908029
0.31552211033736555
0.3069989919630697
0.3260985578850071
0.3158766421681929
0.311736132770694
0.32098174127697865
0.3238081241169668
0.30015544259201865
0.33479913165962705
0.3128864262818837
0.3217090236483214
0.3199105800013819
0.33121004540788773
0.36633980793151644
0.35730259808624504
0.3124178132512152
0.33934921720873806
0.33914855057233084
0.3403055663303007
0.31533827675463977
0.30908337356926546
0.31565840155648395
0.3266071445477363
0.3236029416290436
0.3134781805541702
0.3270697591152028
0.312047987407143
0.32494802769355935
0.3381974670831728
0.32262429103465184
0.3304562970319651
0.3313517027043735
0.3155513659456655
0.3029116972893365
0.3103988011284926
0.3107105654242271
0.29938630234391905
0.3296115843569428
0.2881992532487454
0.31993205024111815
0.3241730858098927
0.3063188210658313
0.29907140251865183
0.32701156348962296
0.31512608436993894
0.31059412905660955
0.3152259871857449
0.31006557633176224
0.33884573477655544
0.3292735686838622
0.3157596888183254
0.321196194921441
0.32593931374842866
0.3585335643072743
0.32260715232838144
0.3009086191677175
0.32703599442848597
0.31295818274064424
0.34426045121993865
0.2962690734651836
0.33398264640280956
0.33247782780696145
0.35589051587921383
0.3211592699763851
0.3237581498528681
0.3023005018446749
0.29487080189393816
0.3221267278351043
0.31902861490980644
0.31354464532313886
0.3131325336883112
0.32392907070768234
0.3293505854729468
0.3096157816400971
0.3312704723754363
0.3248287229333635
0.319250183745412
0.3301209458998843
0.318856875197549
0.3294513406044072
0.3132865470278029
0.32592547113352666
0.2980839234550767
0.3154880102339109
0.34991159231017643
0.3184236169631301
0.3304529379233565
0.2990224366801063
0.33548260975721433
0.3544819035341904
0.31799617655565593
0.3199888058702834
0.323959904932007
0.3134178356098243
0.3286731104947266
0.3216774391890185
