0.5624633380637669
0.5926474597408964
0.6159678101504664
0.6168903138511469
0.5193616782422832
0.48677174824180247
0.5685668708235522
0.567513433701739
0.5556777896307556
0.5604503768981116
0.5569482437846415
0.5720795228712212
0.5590873927067413
0.5521800422227641
0.5858251911738683
0.6618569031887008
0.5743672348840864
0.5529111936611903
0.5180639981913258
0.5818501341467408
0.5821765354764707
0.5798582131570991
0.5301526647322512
0.547955920652109
0.6705796268813923
0.6837820312483409
0.5477748999999856
0.5280685346440508
0.5170955450584922
0.553741016891676
0.5596155127212715
0.6165702586823888
0.519753481669112
0.4869102859481222
0.5664623281234109
0.5610765393641872
0.5673427465436484
0.5564460024667276
0.559801398142042
0.5716308703318344
0.5565725559009507
0.5561705698202744
0.6149676201649331
0.5517068744400694
0.586775419033414
0.6609019132430369
0.5736400579383217
0.5516573919364923
0.5830498839410361
0.5814140419387585
0.5786180062625464
0.5321838266878991
0.5437532508473444
0.669177578452231
0.6832693628453935
0.5454504812499971
0.5271549625292756
0.5158483637897484
0.5547139786840959
0.5634976155701542
0.5920738983272587
0.6151911348302974
0.6164347697521549
0.5190811983757214
0.48707001445460135
0.5695396424927693
0.5603257116027706
0.5932891443959513
0.5655116623279381
0.5556398380287344
0.5582877173468531
0.5569567485998999
0.5566848863290352
0.5546829539112897
0.6128318609382101
0.6615837862683058
0.5741443050670193
0.5544935200089695
0.584574985397697
0.5794047686865595
0.5444295162883837
0.6690804998867714
0.6826565748622897
0.5478646749999857
0.5299962765269683
0.5144825489904077
0.552937569603878
0.5613225164594343
0.5926673576744179
0.615888369472916
0.6164416471257176
0.5194082309172854
0.48694191264816533
0.5683977545633768
0.5608394386122341
0.5907896325186074
0.5671724585122881
0.5557977865188386
0.5586785331700302
0.5579964846902682
0.5726622470973431
0.5559236967963511
0.6131570668074406
0.5512514774376277
0.5869318161103674
0.6606606492384901
0.5732653580631603
0.5515460284444039
0.5190544972189548
0.5842950189242795
0.5832494225797094
0.5330690804935595
0.5457914851474157
0.6829954375406645
0.5458838875
0.5285247265608111
0.5135088526178431
0.5544216948523903
0.5793372594082068
0.6307741863641725
0.5349745054141871
0.5050074573888804
0.5867503093291422
0.6064849520504775
0.5773048185155201
0.570167090590514
0.5733548593446433
0.590519575132755
0.5675412755567758
0.6311599559531167
0.570757870489243
0.6136512230487604
0.6720565929326675
0.5897923407583643
0.5595886896968445
0.5375183834358946
0.604585976820956
0.5993680551564493
0.5969708129844367
0.5510306257468115
0.5576090853775311
0.68382310834808
0.6974757233391872
0.5524937124999861
0.5370535601420717
0.5329053543863465
0.5781123700085037
0.6069864950698484
0.6247996065277873
0.6331928228250137
0.5447553820204599
0.4993078612137033
0.5712169165222936
0.6095914322530137
0.580667918585612
0.5767472647685982
0.5674961006592705
0.5715205291469792
0.5872360036383552
0.5623365899518861
0.5671283507548157
0.6218237961532618
0.5685433323305557
0.6028114991017484
0.6752185808675668
0.58315659739852
0.5609220831537931
0.5350764285074585
0.5962590123450285
0.5970781384658416
0.5911249066360025
0.5432288522630562
0.565669589139915
0.6790195205098946
0.6969511715859
0.5564138874999847
0.5373013167513787
0.5291725028605114
0.567307187530966
0.5787792472852054
0.6137441394235256
0.6297408025660556
0.6375003976694639
0.5354022334284791
0.5099393997260331
0.5882464709841415
0.5836270428698185
0.6095867383767255
0.5745080148860436
0.5704836987592308
0.5724677083534546
0.5870167508204459
0.5909577006298016
0.568860737485926
0.5720593293623863
0.6314958745981868
0.575583993647165
0.6180932020463705
0.6730976730820519
0.5883313294634607
0.5590891077800223
0.5405515389116577
0.6063740439462645
0.6009135880491774
0.597293007698259
0.5572092107095793
0.6850723574509421
0.6953899143075801
0.5324414631031026
0.5391448020294866
0.5679917380058598
0.5803773283536864
0.604572583522403
0.6216202951630316
0.6314705320934332
0.5518332686244205
0.49661813342053873
0.580435450795861
0.5705360426322302
0.6122313958435207
0.5773310269211692
0.5832209546391923
0.5672450341915285
0.5704764958868821
0.5833944077348237
0.5568073690701049
0.5634381179204778
0.6096824938647063
0.5681613989581147
0.5949763076205569
0.6739068658429992
0.5802960780142613
0.5574285811620602
0.534046008746068
0.5928119251422606
0.5972249928179206
0.5870762309681107
0.5424327153459041
0.5658982590634293
0.676614077374037
0.6938501780631066
0.5553507062499681
0.5361545174642153
