0.5419682251005928
0.517164777444569
0.4963081459905075
0.4613388437829748
0.5049879646300107
0.5620697312050962
0.4485119871090874
0.5744823624980963
0.6079232133185407
0.5754817744063105
0.6075680897773386
0.6009784786914515
0.6257226388145449
0.6251999099066463
0.6192283624142599
0.6544863397584537
0.6714747146586424
0.6699090177872952
0.5447975765328981
0.6713058240160789
0.5605017968648496
0.6038339641816397
0.6354978421214067
0.6079993014715422
0.6619163090249719
0.6944169760113152
0.6664765611533442
0.6893331886038722
0.6944346386004524
0.6320886821216587
0.766559315677939
0.7271447208839552
0.7504565236502333
1.0322183293204965
0.8711079312604073
0.7690886680262794
0.7493947157362437
0.8423836020016857
0.7805311904968888
0.7829433228940094
0.7999498004006999
0.8271336112048546
0.7490822790574049
0.6082961582188787
0.8302553603757172
0.5383284001185165
0.5209112855347553
0.5002431324948061
0.4638252519455622
0.5840730791766178
0.44630483666133464
0.5752599300640779
0.6075181194416042
0.6062180697832742
0.6488631679133875
0.45560032816239593
0.613292191954983
0.6276345953390441
0.6195995122138307
0.6529179243984499
0.5915660617661691
0.6735604301212004
0.6812003421293448
0.5427032150718702
0.6735661400171516
0.5594511064082106
0.6112644181435497
0.6262158003612301
0.6081048197468198
0.6623535130433419
0.6954285291263089
0.6718590934801746
0.6871298519319504
0.7006439423126166
0.6367131467904499
0.7684357157153442
0.7210021181840333
0.744555136365363
1.0105680331891957
0.8825947903013285
0.767563634989943
0.7516636039903872
0.8342784502069991
0.7791660085323155
0.80455628468816
0.7943008945313295
0.825995523265547
0.7543423767307391
0.613692649640011
0.8306451807134949
0.5360940213195987
0.4972442231428868
0.5053360611521341
0.5592339032152422
0.4461310983934485
0.5752105909689895
0.6074678574338791
0.5781224732316053
0.6071815363849326
0.45412031771592093
0.6060395575132214
0.6280649224020984
0.6244348784113445
0.6160240066158077
0.652163612238961
0.5932587700993392
0.6771061883415971
0.5357473185030177
0.6677135689169779
0.5596321912111922
0.6050310650773453
0.6623787312468143
0.6931679947921947
0.6691489029883672
0.6859663794266335
0.6312827218103161
0.7684995302514817
0.7188618136742315
0.7456617974386718
1.009047919891385
0.8762415517335964
0.767661516833782
0.7516779513800371
0.8314130612898123
0.7789473829216579
0.7845381289858381
0.7914858722490588
0.8193331011771186
0.7450591592632277
0.6026991437487257
0.8308735713701718
0.5558541343684369
0.5318339379566502
0.507268875418815
0.4901435029133022
0.5816244854692378
0.46831838819699384
0.639173529104857
0.6078970218960187
0.4712984877822146
0.6241472336280707
0.649293829452351
0.649617330682487
0.6879828430563009
0.6034537788078308
0.6963681902036264
0.7201359543019787
0.5632562576516019
0.6929037096810671
0.5878117768494898
0.6208932774062419
0.6609205955196885
0.6322990649534722
0.6937830538542107
0.7128530153253391
0.7150308215700344
0.7347041957199841
0.6548940068512223
0.798234344355351
0.7559011471986851
0.8003677855916966
0.9181015395625067
0.8014412468542944
0.7723741104666837
0.8819949867914196
0.807303681378095
0.8236974050516792
0.8199184008508982
0.8506204815893809
0.7878188260215947
0.6305226567869485
0.8416925126329831
0.5526989555825733
0.5328293145254202
0.5076342537316866
0.4821824630099465
0.5318104542496457
0.5815607340736031
0.47369672987176253
0.5893617456556103
0.630121540046617
0.598125105348422
0.6262924721171437
0.47508957123955836
0.6212852707088441
0.6551907531143124
0.6404898378108236
0.6813177327672703
0.6097265874101936
0.7125496021698544
0.5695823697685295
0.6899476855498456
0.5923106138605443
0.6118223049166691
0.6599844460644838
0.6932212188193699
0.7183736973412177
0.7232207377382146
0.7347297742398075
0.6561896857856343
0.7926126298234865
0.7486887829355415
0.7798812488641582
1.0653298636459796
0.9182216460687378
0.7944641597503871
0.7743036710998439
0.8770749061949257
0.8150710895534667
0.8266300662164549
0.8323985598959919
0.8529366792258486
0.777739285664003
0.628499596134001
0.837261475130072
0.5228350301896307
0.510883018264953
0.503207957858093
0.5424245366786845
0.5787181869488282
0.4742629157165818
0.5925317246111695
0.6484666757248135
0.6140541154800045
0.47584552435816807
0.624731323784283
0.6449506045537903
0.6630641651057984
0.6547218231784279
0.6959968074002171
0.6084231200602739
0.7362263341539779
0.5943470566900217
0.6317695822187177
0.6936098446125654
0.7149577858828237
0.7281439660404823
0.7374562249673079
0.7411425734842507
0.6476680251414997
0.8046843379014684
0.765336091179109
0.8073189605692898
1.084049808270646
0.9280935489505922
0.8017139290425296
0.7787549835579644
0.8952856412026804
0.8119593823003336
0.8320795347600434
0.8326169158039193
0.8643320222449169
0.7973375160585446
0.6261530681603353
0.8347422097494976
0.5534331048128394
0.4902319908255347
0.5376079101692683
0.5747165410646388
0.47882462447370966
0.5881893150598669
0.6323386742329785
0.5976235379503023
0.6282265887929162
0.4824394361871786
0.6285849366299472
0.6400215865299786
0.656427433564122
0.6420435000016737
0.6902833009893661
0.6154123512993273
0.5841061916121045
0.6954127358228059
0.5936666738626395
0.6104078003853047
0.6716821552741944
0.6225334482486633
0.7023428569280572
0.7201537701517485
0.7166384929030841
0.7316779856588651
0.7468204386098761
0.6570730300891067
0.8004705199020289
0.7540609863250081
0.7852391490781561
1.0850225499387611
0.9280300518161841
0.7976638380053814
0.7806572212758187
0.8874973786826317
0.8283120196777254
0.845837576489262
0.8654478207092555
0.781304560010551
0.6292429602996189
