0.5957077276631124
0.6272164318968103
0.6419715791379704
0.5436325225478758
0.49671223880138843
0.593071044158907
0.6180491565640222
0.6078985280735645
0.586525631411311
0.5866372170206574
0.5914934137912101
0.5944388706412125
0.5882529320066286
0.6401692579119331
0.5650101026320997
0.6100835226027518
0.7055517993087023
0.6159097080164304
0.557160260543603
0.6018152432818079
0.6125240907782277
0.5959696294168343
0.5490188273229757
0.5771589312828783
0.7128914768952324
0.5604169187499675
0.5594584100891796
0.5444618342311304
0.5922793335245651
0.5945722378626832
0.6260582701249351
0.644630221891132
0.6403103426333852
0.5438023055250676
0.49959710424684595
0.601872603439347
0.5939949789976422
0.6153686342361956
0.6066017225607515
0.588453210732066
0.586609712417911
0.5929445591458983
0.59441485439937
0.5887017390856213
0.5710059639710788
0.639646455615102
0.5642214343001819
0.6108623932555615
0.7042792914104937
0.614273641760777
0.5551068309279673
0.531081073976312
0.6005246733985067
0.6142680953748842
0.5942888710140752
0.5511421195127546
0.5816271301344909
0.6996398080798709
0.7108940912330762
0.560481212499943
0.5575831404753395
0.591939477161545
0.5985802815249073
0.6262325741695122
0.6451538847327326
0.6405300910805508
0.544402745506728
0.5017025583788746
0.6014376653067189
0.5935039425562747
0.6176423843387359
0.60711755343169
0.5876914632457069
0.5839459403394587
0.5907514805340384
0.5955331818052817
0.5899995976502382
0.5691648125687353
0.6397045813909289
0.5648952845697054
0.617055983661607
0.5568618843046652
0.5362137513255685
0.6029079675378188
0.6126080666474303
0.5954102039604321
0.5472451389586835
0.5763790634298988
0.6990456404666502
0.7126472131851461
0.5628643000000001
0.5579845634361617
0.5428960969826699
0.5915087503590541
0.6258015914223768
0.6442151466881492
0.5461328040528106
0.49992421729169256
0.5994582166865501
0.5921097796788858
0.6159920539141727
0.6064812349247918
0.5870429240304699
0.5855247416450936
0.5915463674588576
0.5968624602105279
0.5675511635178262
0.5635631403838519
0.6082118231280893
0.7033493977018
0.6151884259618396
0.5536707937961509
0.5333064270245671
0.6011752773055067
0.6147663889681593
0.5929393277787746
0.5504659025678129
0.5799221947714683
0.6985392412337927
0.7119467503903462
0.560992525
0.5612305693114245
0.5405887794418627
0.593145567365508
0.6101044642335687
0.6585182114712497
0.6599391609787774
0.5594731892543664
0.5193095080206194
0.6203201267978228
0.6138050997231611
0.6345371031753305
0.6177834382867952
0.6046870569662943
0.5999645653414322
0.6110896727860999
0.611777456995633
0.6039806422972205
0.5854019553107372
0.6548731786756941
0.5853386572314034
0.638033766036656
0.715045576960454
0.6329662484450916
0.5523285119891006
0.6231620406489116
0.6299867049694975
0.6146248664176566
0.5692806150818003
0.5900162596954881
0.7151054296346077
0.7261774390063649
0.5713543937499118
0.5681537650622904
0.5624194586353334
0.6077327319734562
0.6130833323756039
0.640102686169492
0.6569264972554042
0.6596516680668493
0.566564728324701
0.5132959689973152
0.6074398202653233
0.6355936354713826
0.6201151687215294
0.5964231506089278
0.6053689757052997
0.6079362712368667
0.5985362423528594
0.5790609741152634
0.5841112616920542
0.621713600646222
0.7171523738580655
0.6302458964728117
0.5652070962075199
0.5538505583231228
0.6171896379596157
0.6301194484335979
0.6083780178100328
0.595473771904476
0.7112656565198816
0.7246178191994033
0.5739501062498278
0.5645272687209542
0.608835955185271
0.6089128985923002
0.6439599168213589
0.6576011348132373
0.5526078335162261
0.5199435994042828
0.6190479067023343
0.6137057958714315
0.6313662329302552
0.6145283646996679
0.6037003799685943
0.5973821939004055
0.615065539800069
0.6106270471775762
0.5864457864126306
0.6555180688541612
0.5872353143311982
0.6384020117772817
0.7137100986486766
0.630763477284744
0.5633808926232197
0.5538474138811355
0.6237522469574796
0.6264961218039298
0.6157871990807156
0.5741997892321437
0.5826098822169921
0.7145991239729635
0.7223464614438919
0.5690187249999867
0.5821370239635082
0.6053731341568307
0.6110802757819733
0.6361710585819148
0.6547775754588757
0.5692728406656269
0.5075421505522469
0.6088559975483918
0.6028043045077105
0.6152571886223515
0.6169600360938177
0.5937646197112291
0.5987612711170546
0.6078050249893333
0.590215556523345
0.5767943383123868
0.6358351617500453
0.5778774761443315
0.6129744302891305
0.6232000510613851
0.563899166538363
0.5449969051810578
0.6092859040513642
0.5570080978305042
0.7055145350899712
0.7188436796197604
0.5694679937499953
0.5675341304805618
0.5801203048761466
