1.2353745773144693
1.1465450270903863
1.1420068922284616
1.2267655403741744
1.1415808756813792
1.092491032652562
1.1196797276028436
1.2155061322481326
1.1732104608637055
1.0836378430003089
1.2302861017330906
1.2031695582143531
1.09929364907846
1.0461876749632626
1.1512684359778085
1.130724492999389
1.1621971770160922
0.9616947858270996
1.1706249538722593
1.2348161931423471
1.1439758029213387
1.1858103085360334
1.2313239744301634
1.1449818630228443
1.100640361284403
1.1857495845927486
1.2148937962952082
1.1888196182814936
