1.053282114638413
1.1434486914744886
1.159153791562753
1.1031341712327196
0.987270995930981
0.9930229441705671
0.850089147619199
1.0260764407103418
0.9193764788507006
1.0095697931346097
0.9662967857749685
0.9290232552405769
0.924675367909416
0.8659165890921963
1.030761326664378
0.8552635937530656
1.019220986330768
0.8461439595120941
1.1278795185726842
0.9639716788527897
1.0623183619232375
0.967086966272739
0.9873522773596127
1.0728671939207826
1.0600208108654807
0.9699413628325646
1.0355464986051044
1.0994349299680475
1.2454847200019665
1.1145621532792496
1.0136696824855107
1.1660481614956861
1.2131413817368308
1.0589409437961812
1.0488822659758141
1.0336266038079098
0.8919643894696105
1.0721050326844885
1.0188462003808327
1.000358568964797
1.1047242857772963
0.9470747204881832
1.1961445843843925
1.0317093892820168
1.007782751099265
0.9968707660602316
1.154552804315963
1.1542454546637078
1.1125554483413305
0.9699922945876245
0.827379304230428
0.9388080463592777
1.0180864175061406
1.0660789533121224
1.009794868281689
0.8172148278655565
0.9990666976308868
1.0096947332939523
0.9905916480060988
1.0730822965612572
1.121015771167016
0.9503619672814089
1.0314158545532641
0.9294883439119643
1.0683921011230708
1.0435746866559346
0.9553990350947952
0.9474357047518348
1.0717935850979394
1.0258475076739602
1.0750472607683814
1.104256410640672
1.080231203808088
1.0690558229306446
1.133669560975176
1.2351626445302268
1.047287866576669
1.1340981101041416
1.22382549064541
0.9822747825261344
1.0496523063594818
0.9945423538639795
1.06359023642041
1.0672151732537727
1.0724081054918275
1.1580072979346578
1.0756485650600294
1.0611105777329755
0.9763731048196089
1.097317659006793
1.0048830868491174
1.054795288255434
1.0537008696430574
0.9260975147028484
1.0393789460767893
1.174210946622676
1.093986060051949
1.1808121371297116
0.9827110049369017
0.8710907670779621
1.1227104658757165
1.101470298256706
1.1106859298802905
1.0906535854782204
0.8899643376424433
0.9208087429561276
0.9408949359315952
0.9346548684461264
1.0435748969389265
1.057690196652033
0.9366190406562936
0.9010909502532187
1.065076448534335
0.936696255096169
1.1152936306654064
1.19317567053117
0.9091192713240888
0.9860635006183116
1.21297070042806
1.0152905159689518
0.991144421933942
1.3763354659084366
1.149470109639047
0.9917849786175188
1.050846129070932
1.0793653782067574
0.9502726480087751
0.9920079530219232
1.1768311589553246
1.0033365143632142
0.8681677939188911
1.2269553091708294
0.9675561159465808
1.1551846719090753
0.9767451988880542
1.2718554648357212
1.1817992985649588
0.8340966831759287
0.9773049739788137
0.9967437447460942
0.9681980031175031
0.9869995368269981
1.0634608814573001
1.0570094044022038
0.9753591880869917
0.9918268188494842
0.9546403392066851
0.8973318686594826
1.0466437921837493
1.0834676754604189
1.0431789314056357
1.001120799893644
0.9564046686163931
1.0653642137455974
0.882868776147042
0.9559910313347122
1.0294186996030263
1.042574601234809
0.9639748046475188
1.0777300165856794
1.0572274180300825
1.038978003957664
1.1395986475556141
1.0401394005312568
1.0545665338950008
0.9989482576684403
1.2031556034906847
1.1210646246764688
1.0711121161497255
1.1564079058057182
1.1630973680134928
1.0558500664046826
1.1727612754696575
1.0781379606247385
0.9375857498879803
1.029535278774456
0.9881273515221378
0.9311781766248414
1.0632477302433416
1.1907758262639954
1.0082880483892742
1.0975991174607838
1.0517152193682897
0.9200238889867
0.9800093775028047
0.8857545358282849
1.0561934936347401
1.0363152869294774
1.0566020136922731
0.9386740857761015
0.9019072726582509
1.0227174776255474
0.9673458598529638
1.1261410311586708
1.0700624753668742
1.0763197785778624
1.0797503647261897
0.927979849175089
0.8644597090845586
1.0554761007172107
1.0197078648310263
0.9293057476701563
1.073430452787078
1.0696350486256967
1.1003478901689379
1.0332151831531506
0.9952080731691738
1.0290231828571554
1.1436614052375456
0.9481546928659763
0.995643486967537
0.9939389510337836
1.0084432949516375
1.0323811693754275
1.3601672863128462
1.1107820286060284
1.2763488562911682
0.995672726893294
1.0925902723076049
1.2358181825440477
1.183117285895988
1.0723046254937345
0.9874399475518433
1.0844047790060956
1.0356455969522846
1.0248737553298524
1.08637400823118
0.9788913357996079
1.0161647275093013
1.203498305480676
1.043935601095977
1.1572053808613705
1.090786564678988
0.8780752351341324
1.0429846297783252
0.9844149026628177
1.0531305740299817
1.0995929500431232
0.8689960625518727
1.107169089925866
1.0456415205823866
1.0585266511949476
0.9933570921864083
0.9494727042052832
1.026950469937499
0.8935629804030898
0.9881950055703334
1.1297031987576478
0.8485744820265706
1.0798520247451604
0.9347952384245564
1.09006721081649
1.1571047495988842
0.8515155994847343
1.041538916940281
0.8964398840270763
1.0194808116371619
0.9876032124177243
1.0706101059727517
0.8902254061731489
1.0521503085558248
0.9915103859258375
0.8112685035334093
1.036356883283764
0.9974829674503112
0.9041745635483851
1.0155827041297056
0.9690921368219606
0.943799665671525
1.054136914395628
0.9314316108106756
1.1468404509374273
1.0900817574827122
1.166916305712139
1.0975166580227211
0.844228129973648
0.9811581040434052
1.0444868597697012
0.9895218252715947
1.2469410834948333
1.0484409482715609
0.9754125166292046
1.0727391238080457
1.223445932825438
1.0270431860886367
1.0961291734631973
1.0824042077855451
1.004258718783959
0.8447951548777842
1.177000362737307
1.0878603007839887
1.1793356522633756
1.075870844105534
0.8753724447987934
1.0809556981772919
1.0351610062677492
