0.7924396487598906
0.8105422639117209
0.834880105426869
0.8350207433368605
0.8286592217097125
0.8155185919830912
0.766553381791131
0.8507738833785782
0.8278389406266634
0.8506872403785053
0.877278508089832
0.823213552262486
0.8329272943875787
0.8487848807678536
0.8279188635604428
0.8523092734546498
0.8370978443901882
0.8288164260871527
0.7910716029703084
0.8335073913742685
0.8471752307636617
0.8773266199314841
0.7678829295526742
0.7817792479880609
0.8319416913281624
0.8281366688997377
0.8404025273150837
0.7758186683818818
0.8382252786950803
0.8413926621775389
0.8605896640498303
0.8413473726965237
0.8372963668935505
0.7815219495644778
0.788213819062169
0.8324898100895504
0.8289330548415041
0.8277852490228885
0.8422957104121385
0.8219365193637608
0.7850470822559741
0.8530519250532144
0.8552952239618005
0.8357059803525091
0.854710308357654
0.8522488505155669
0.8363060391398622
0.8585428045323067
0.8458205881045203
0.8232869194042064
0.859365834473696
0.8251948490349053
0.8452173867832171
0.8510917017080797
0.8031830909989793
0.8758652335408526
0.8632516825510848
0.8666230704445365
0.8314853151484007
0.8237020323742603
0.8482819118956936
0.8488838202238832
0.8273668352918883
0.7837262403518523
0.8442916793118955
0.8417568059799286
0.8752581203543772
0.8341856020595082
0.79711677905188
0.7588922041791167
0.8344857754559637
0.8243644624489311
0.8413885277743112
0.8618667051593546
0.8290260034642817
0.7769354715998196
0.853699002474149
0.8519384074757401
0.8466285513077833
0.8742927893017417
0.8509027801797812
0.8569146983177763
0.836671907155276
0.828303907087346
0.8340376082133799
0.8254511081313328
0.8335087184278439
0.8268236636741263
0.8052886557689388
0.8501723952005569
0.8571859317355982
0.8385278849161817
0.8302313397881187
0.8293472361950839
0.8335645712199885
0.8357278736147855
0.840387141751276
0.8683318601740329
0.8545925035412261
0.8378368634404855
0.8642067157171363
0.8473909341123648
0.861820956634196
0.8387891771240431
0.8482399809443063
0.8263423967356534
0.8355655389411629
0.7907320875407429
0.8462935366319926
0.7813270174261929
0.8503179858830515
0.8292034667749818
0.843567386134933
0.8333392022329917
0.8365223976043874
0.8352511030281483
0.833147946705473
0.8287547028397796
0.8454156939603474
0.8291253083602222
0.8329147393045391
0.7821320080964291
0.8571460445937334
0.8847230311243474
0.852010150720103
0.8501572931472067
0.8603852408160237
0.8374195311340211
0.8174420026421728
0.803548250775674
0.8434812715469654
0.7705070520049787
0.8382496387920636
0.8611754467909614
0.8986796934362246
0.8245318779548895
0.8352717342182623
0.8461404716087506
0.8366459393583923
0.8244388608163135
0.8277637672994899
0.8093992232721476
0.8079636280978802
0.8394918470840421
0.8471020826716739
0.8435838893960972
0.846428788829651
0.8411890310121092
0.8234545261661919
0.8543661859616691
0.8420519433284839
0.8301963666661097
0.8247490886340821
0.8275330142691896
0.7831977733658622
0.8290781247572708
0.8352516288456785
0.8372573415979323
0.8378687440584317
0.8297691622961877
0.857931265220526
0.7985280198749022
0.8364464126938257
0.8844343669765561
0.8430475256188932
0.8511648475694178
0.7753419167669997
0.7844428207079952
0.7891881719846826
0.795590868146928
0.8406989725108861
0.8424314869885945
0.797699491133639
0.782011190101392
0.7869067179690504
0.8444615567375129
0.8626002731039556
0.847578813259954
0.8237009261012119
0.8259354226354833
0.801206851383598
0.7746519868068427
0.8244010808785698
0.8556176543449268
0.8498621891424515
0.8132591087794822
0.8328570736504359
0.8426400964631038
0.8388633796317628
0.816271223519963
0.8366240803562035
0.8318402031098938
0.8366392545213371
0.827137211537214
0.789571112745508
0.8473240559837389
0.8497448788315539
0.8577610554767553
0.8296764784335646
0.778959048254115
0.8450746742031009
0.822104539996691
0.7709868575031525
0.8406194932118622
0.7837785826904003
0.8452084862538056
0.8357919905181185
0.8642955509739048
0.8472294513742503
0.8061108327345995
0.8241625631951909
0.8373688553808203
0.7794647839739848
0.8312182521368928
0.8321843432295303
0.8263879166816472
0.7685600870092557
0.7816027238905988
0.8477160235692275
0.8488175041007383
0.839584830769725
0.8273129738577658
0.8313189456041223
0.8301708416904077
0.8416887670303804
0.8356240866043112
0.8485838737468386
0.8308971643106587
0.8396404167199146
0.7777181000509058
0.8425134111045537
0.8970882605720919
0.7823600315001892
0.8342360515389251
0.8293534616979938
0.8446191661494068
0.8387729134570091
0.7801511540899805
0.7816692226464163
0.8456258204120485
0.8518009393381721
0.8374836425068376
0.8434618676962691
