0.7175077817321558
0.6826194389845368
0.6933107646818918
0.9509822533348331
0.8036158557089422
1.0866093787579882
0.673142516418064
4.128747514542548
0.8158100112099093
0.7669071572349223
0.8063196557911908
0.6982285682343894
0.8889487934365318
0.7665904168036092
0.7438308284250724
0.7193787543247033
0.7460310897944723
0.8558044903097551
0.7081674049614961
0.7832254807227481
0.9702625050417891
0.9719899643578702
1.035284390992397
0.7301529897557792
0.8874837787847087
1.008245426070408
0.7704971892378837
0.8097516653807126
0.7601556395343301
