0.4978926812296136
0.5501406739003728
0.6576569558178217
0.5343800082599924
0.7235456392320782
0.6793196264237813
0.6695194791294694
0.6035786068402177
0.6196746586491702
0.6655328811698286
0.9638185219667204
0.807406737227391
0.7752775739604252
0.6749132054519041
0.782072369291035
0.8103698915616983
0.7206160301031257
0.5843854486306183
0.6677694979137556
0.8131050057088401
0.7071870788490866
0.6768410078032452
0.5059284212411932
0.5021190608829571
0.7037278316465015
0.856567009485081
0.581879979696667
0.4949295671020638
0.5565731478557965
0.81027380829698
0.4929616650081707
0.5749780221350753
0.5158883226554717
0.6384947118335417
0.7320923542756765
0.43823976638440815
0.48147799808660313
0.706972199094039
0.41089428891277957
0.8720401190124146
0.6778393626539055
