0.23585997430664254
0.23219082773744265
0.24528942885428567
0.24710449589855235
0.2671806072093564
0.25733345218954634
0.2645820124325535
0.23091468296779388
0.25502437676376977
0.24261707076537686
0.24464389793000624
0.24542094993313315
0.2423119277286105
0.24495635883389583
0.24812075118818755
0.24302361718654192
0.24752173032012567
0.23174811154675912
0.2335765883972254
0.2447026840575589
0.23756154905494553
0.25715215227112936
0.24100207268041568
0.2431139317351958
0.24536255422354009
0.2434438395611601
0.2513353725416756
0.22137402066054515
0.2554044051385436
0.25536778334159693
0.23180781948834633
0.23094413870474667
0.23599468000499027
0.24601224178939873
0.2781115344394226
0.2454005439062987
0.2362095316700463
0.2523049283418144
0.23365604561224268
0.25472169797042554
0.24935218942741214
0.26555304434800864
0.2644345374407752
0.2528967729894207
0.23944606144207747
0.2501480713304064
0.25023421569543763
0.24392687832929655
0.24412160148690945
0.2355580075218634
0.2365280683267877
0.2335913460169793
0.2455823474703737
0.26017949473609175
0.23870009447653373
0.25098229905440084
0.24863004526312027
0.2667328004137234
0.2480725853554948
0.2481392168100227
0.2309221949429549
0.2561586499522195
0.2577702596066242
0.2213112046005694
0.23729619400031027
0.22853676367060813
0.24477125777448006
0.2524897726931351
0.27989049699973617
0.23728722129691393
0.2584966367749976
0.23701941321802739
0.2324090971405233
0.24811440507941449
0.25101738428340165
0.252653977147755
0.26766324268590735
0.24890256568743782
0.2312317271273445
0.24881910158835022
0.25590329200233236
0.2640595020377786
0.24522918343184566
0.22354086275240498
0.25522365154242843
0.2338529001509595
0.24772428260953125
0.23417067512531442
0.2640574437473707
0.24906834742575226
0.24006961146024297
0.24335357867332405
0.28062360434469685
0.23536518000505025
0.2544841990061098
0.2603442239760906
0.26854424691655904
0.24775831325515726
0.2403131309694079
0.23810999953920736
0.23873673172674323
0.25246821758292837
0.2518613898398787
0.26105669779171503
0.267065951301943
0.27158133027008174
0.2605407546253082
0.2608230653999002
0.2366210040244483
0.24089602962847645
0.239842497509607
0.25247355904243785
0.2683650865627384
0.21724904329112527
0.2518420105341711
0.24118085197553701
0.2452762037265239
0.24974676697323744
0.2340268262942359
0.2658172914060285
0.2584923651745297
0.25637997064472723
0.24806705096711976
0.24791325924418897
0.26293863396793643
0.24643904991550403
0.25871238569502253
0.23312456254518757
0.2631080334596842
0.2634986080064118
0.22963398709471822
0.25195196108758955
0.23326926221158897
0.2485226069742951
0.24681273330475126
0.2372089171606569
0.23988857966331892
0.25455391122307847
0.25398350405876385
0.2569379924540422
0.2531520561367715
0.2399912524766898
0.25791732425453656
0.2448454201302753
0.2541929657567575
0.2646030846822356
0.2475534715574519
0.2517170713254747
0.24151485552241894
0.2564848163721086
0.24594596352880996
0.24625804824982286
0.2622112230338435
0.2672833921546446
0.24641643253051382
0.2539746225002096
0.24157757378487643
0.2426896353287666
0.24589671982885072
0.2430390940613817
0.238980641755005
0.2401055599762197
0.2572709265269889
0.25895290001202526
0.24340725535475077
0.23956563793062668
0.2312511606830231
0.2363188333546287
0.2499936246871765
0.2576952044206631
0.2748361715260999
0.2500292009552618
0.24793798669317663
0.23991571748034263
0.24931219867983945
0.24679338449337998
0.2563882945434889
0.24463153205483834
0.25076845137758536
0.23984996593196473
0.24353377210127988
0.22841812950508678
0.2542853671886851
0.2484106314474501
0.26706016059807086
0.246893542192898
0.23563196025350813
0.2548743951903908
0.2429745109847228
0.24780969457203839
0.2608847418025026
0.23901644796274904
0.24953549742540942
0.2373480493836806
0.2473446398010305
0.23234599422987087
0.23967704507055249
0.25152579688128673
0.2432763371801489
0.24168733265666484
0.2554164388598696
0.23156756245536989
0.2764092567167834
0.2538627273154509
0.23654734354164297
0.22925450749362977
0.23288284498094364
0.2550686889741274
0.2652864034055438
0.2496475324673647
0.2773534145783645
0.24709447259887687
0.26159066483282273
0.24159704923343817
0.23177657203401517
0.2479029389416502
0.252174858293015
0.26080469631061093
0.24370789578634833
0.23176826975884793
0.2407174453187355
0.25006817899255723
0.24246760482037927
0.254315476907149
0.2512180909318796
0.23456838322140092
0.2486418160022542
0.24020411399885463
0.24544268512781406
0.25890505466789027
0.24461740355081243
0.25067550885291323
0.2661082076645237
0.2632982054107184
0.2621433161420748
0.25525646858432216
0.2701468128110028
0.23098731547353268
0.22804071186975639
0.257684676913362
0.24930643196558194
0.2352208269696424
0.257325456572794
