0.4353763914359116
0.3530766298939891
0.416212386737969
0.34901685189170994
0.43008929746328434
0.4573476990436157
0.4722609227596387
0.29929636628070966
0.3149743910706897
0.4850745617784684
0.38166126140678885
0.34922995388793443
0.5880857525933048
0.4685853795111874
0.53928498318823
0.6027385226491586
0.3642352672835537
0.48700108789852314
0.5302197613539437
0.6016396168338174
0.45462958998025377
0.5529655889580716
0.46532999148713383
0.2918505903623907
0.29093236173883297
0.39094450274851067
0.40727239527915177
0.4357996287719311
0.2781324807598994
0.4335340329426341
0.44192421718935326
0.3859845562379544
0.5215010092506801
0.2984965446756671
0.49054668787841416
0.43871637495063853
0.3269282210780732
0.5997093380427289
0.2989555662516243
0.44563325292092754
0.33405080315430447
