0.3145735727152351
0.3274312820689337
0.33515214468436194
0.33595721034644466
0.33953384192180985
0.3056631711593612
0.33571027867471115
0.32185406816862594
0.35971130827764597
0.30760478592654217
0.31366305408423434
0.3311317163198383
0.3207392528575028
0.3292804324202748
0.35930909983679815
0.3244733900549611
0.3366437341463995
0.3415627936570578
0.3771885044605865
0.32017822695239795
0.35351279694125604
0.31987195606502783
0.31282340432324046
0.32440491850887776
0.32913467224912896
0.3551260940774117
0.31990947050139773
0.3377115666426541
0.30601395499469086
0.37917559397515166
0.31192156435877383
0.34058412524220816
0.3189928357889532
0.3123106634752645
0.33013407406856266
0.3286209275466204
0.3172384987585285
0.3713375829858251
0.30876927324830117
0.33695803903917787
0.37240921627659995
0.32472386368757655
0.3054443709349682
0.33220843844698156
0.31505115983324006
0.32805857426836005
0.3282473914498384
0.3257807347633931
0.3054552597468744
0.32474809326995024
0.3186929196988969
0.36829859481524263
0.3686213935189224
0.38311569124410066
0.3382544276139239
0.302290493164996
0.33439620670212533
0.3328222274618342
0.33629557332184834
0.32951880589589444
0.30983348980761394
0.3441098138039265
0.332492195807068
0.28992572728152965
0.3004245862741568
0.3745257896476255
0.3269123144342446
0.3824500069668887
0.344098738621906
0.33570759740246314
0.3517625204743304
0.3141657255882244
0.34788502733482196
0.3405592598456335
0.3269277958397583
0.3769116568644615
0.30334559184767296
0.32280460192900173
0.3402038597200252
0.3396351773091286
0.32657510556304914
0.337037110280938
0.32407767270980437
0.3237282105266832
0.33372233138735286
0.3281529365044106
0.3771104071018261
0.31105256733025505
0.3714414158519308
0.3203948174353053
0.339489910319528
0.3455293641303371
0.32857788123929493
0.3403105974038384
0.3134058229511867
0.3314631146707087
0.3562191388437558
0.32886068851010863
0.3250561382459025
0.316007723705962
0.34200148427460997
0.37710516347452727
0.3352845828301225
0.3300868927154912
0.354011302524444
0.3579251166175389
0.3209605023645895
0.3338880546688309
0.3437139387793158
0.3122730583752201
0.3027245414387858
0.3274595151356508
0.33212844455818785
0.32104025619927523
0.31954668158571875
0.3513883551782655
0.34854430725444374
0.33129016423003765
0.3338974957176446
0.3184822258059654
0.32479718192680207
0.3146178923931385
0.33203588420652985
0.3136573921801056
0.32377476924099935
0.31956370354625974
0.32965199951615376
0.363109135298594
0.32293525889625674
0.30097386669946213
0.3291106147341617
0.3211257256051795
0.3116976823081978
0.38521451470703827
0.3515998345290757
0.30779821677111807
0.31885102214547184
0.3175511145087775
0.3038951631466321
0.33176101940543057
0.3211910250750173
0.38092911191697343
0.33760533449220065
0.32051951678961743
0.3478282852320018
0.3365120024847673
0.32204424272216803
0.363326067520399
0.3124806005203813
0.320987374275276
0.32120155044138987
0.30997481795039383
0.3287981027526364
0.3366173417256655
0.3487144085268027
0.32159444319054764
0.3125956911786305
0.37298565689904417
0.30918189499055726
0.3339128202072321
0.32635248784860427
0.34235239910442705
0.34936590898424846
0.33082598343631237
0.32286157162385465
0.31547110774313025
0.33398410966645964
0.3368190413530967
0.31781268853306543
0.32875167877902617
0.3538234557632422
0.33914291544800956
0.3117207298081027
0.32795307878961943
0.3159405502450903
0.348338912711165
0.32437820158921327
0.3207068564649306
0.354645976507957
0.3222865655629088
0.3039650431962248
0.30831325838830514
0.32595465085870523
0.2934742562037884
0.3281531228010503
0.31877098202639925
0.3165397695943347
0.30480718779254234
0.30836885422405275
0.32933325360545396
0.32879836683595004
0.30293347304189766
0.3472872311004197
0.31721315909511183
0.3462169724792603
0.3674867004570017
0.32317931052806725
0.3265375894236102
0.3385265881071974
0.3753495958752482
0.3376085874312684
0.3112183575917365
0.3392551517002903
0.3235833714556159
0.2907978995164449
0.32530431597636045
0.32361311346765853
0.38038339769575946
0.331084788561378
0.3238571267346696
0.3290362373836283
0.3281436383823543
0.3003657374429875
0.32059837050406126
0.3167940078115008
0.33876463630461595
0.33156002488496616
0.3084421859120281
0.3201761208035534
0.32797412224665845
0.3084490542684748
0.37313611308707295
0.3420484799954716
0.3248901291954882
0.3313012127847036
0.3230450217110512
0.3373393627619907
0.3077852065872146
0.33438758072672603
0.3264980525025515
0.3283112424569985
0.3098618983684583
0.312265943753286
0.34234221577880597
0.3404333954039968
0.33633645029724546
0.30133429073412143
0.3619804602661273
0.3219203457764588
0.3334337247691786
0.330575289154028
0.30900496973787583
0.3355987048602379
