0.5840093838088404
0.5379766885662778
0.5481245249144577
0.5893651956901585
0.5527888751076266
0.5224828391235963
0.6111351358666617
0.6111655784874244
0.6336692399987076
0.5596031163841316
0.5791363045124102
0.5440447958416823
0.5291137665427015
0.5550315904012585
0.526632602110513
0.5432324606839795
0.5727167192047592
0.4271746930931525
0.604105872256755
0.6004452154172671
0.5995597930830698
0.5438008729710675
0.5607184593354841
0.5348429701504922
0.5537865127967911
0.525522753341084
0.5832967740741745
0.5740067876913639
