1.1305420593419486
1.1081658759169506
1.029243812866307
0.9467334989564574
1.0978400240517754
1.1505278464313742
0.945827313558085
1.161968267815154
1.16779917986456
1.163238027563276
1.159540237281864
1.1524182680533577
1.1732747898454787
1.1352963155328064
1.1683414105137928
1.2109344676374532
1.20045010984934
1.2004797995337981
1.0476835437905907
1.2184595522785848
1.0104518319355296
1.1836552109578695
1.0888680202053413
1.195820752788634
1.267956677558386
1.2327963880526505
1.227908364544036
1.2511166556777293
1.2490455508639444
1.1883856628841052
1.284768199989982
1.2768566692065955
1.276896226493463
1.678049255647879
1.4557661421900199
1.2882104825534908
1.3604735655165814
1.4304378199374979
1.2922226359566742
1.3720198428551496
1.3031216603978257
1.2234809184122515
1.2874615524769568
1.1233675538665908
1.4076402961089438
1.1305331951529882
1.1114160707157816
1.034992849963093
1.0171149902052146
1.1767455435833196
1.016271556783528
1.1576507831529468
1.1687839270366853
1.1730934650623608
1.188389458739315
0.9565603645708219
1.162091427031101
1.1735968744448366
1.1701889487982982
1.2077887145594766
1.067093288556722
1.198678235362053
1.2083472843695058
1.0366220237459836
1.2224151085304746
1.009409944198036
1.1893446022180065
1.083234944802312
1.196487582298604
1.2678581997511713
1.2341213516704834
1.2332303413748995
1.2638144427885627
1.2507416580654191
1.1935102978505114
1.2848918749974452
1.2731376292142678
1.2730566858978563
1.6605600421562652
1.4624808380554595
1.2865194062748628
1.3631834269915284
1.4650914470175276
1.2894836854472218
1.390018057255394
1.301086060980376
1.2036618786202118
1.290323887386144
1.180276984905385
1.4076160763488992
1.1080556090905742
1.0303895672070533
1.098261776223802
1.1366814626543718
1.0137577294826203
1.144712753883082
1.1674124600506541
1.1498506508976136
1.1613231183544594
0.970858731515907
1.1568688026266039
1.1748994684494376
1.1330649870013711
1.1671312688538675
1.2105530406098337
1.0708048857421328
1.205725773705657
1.0451241666578257
1.2150327524882405
1.0100390568099775
1.1817247659330758
1.2683136478688681
1.2346341030422212
1.2286922653717456
1.3231378212905094
1.1917344673362886
1.2872456259642253
1.2712959208536967
1.2730471090598439
1.6630349406609395
1.4567617322173572
1.2949286573779597
1.3648424066370428
1.4215879680806087
1.2912401082550997
1.3731925594229997
1.2981932225905908
1.219235657993754
1.285889069822048
1.1200336285673502
1.4079634209352867
1.1537233376450473
1.1480808204129123
1.096453034988797
1.0931740774517487
1.1805666176545135
1.0925755415012377
1.1944552263151205
1.1889087516940324
0.9774021449120093
1.1743039160555562
1.1938427529610927
1.197003103929231
1.2341141522282006
1.1220379707448689
1.2357320589889262
1.2423385627436816
1.0536058727667368
1.2392455583880495
1.0327967693549933
1.1981004656670249
1.1634339950305996
1.2122719916445297
1.3021890778343186
1.2665000758593765
1.266717461518596
1.2772519920313716
1.234623859531695
1.3089206272047482
1.2998801213949087
1.3137592433935634
1.532003198716633
1.3714863741963432
1.365986458352845
1.500530889171173
1.3136890503581902
1.405109544694061
1.321625746762428
1.3479294997191806
1.317115137018953
1.1924894048974606
1.4253236569777772
1.1442508267395937
1.1246033468476355
1.1004866467439907
1.01851765658536
1.147052645741491
1.1913714622817981
1.0928740236072256
1.1769714215340166
1.1925654696261097
1.1887842633908607
1.1912613537692254
0.9797220290905355
1.1743382326533223
1.2282863932238595
1.2085631659539662
1.2325212360656055
1.1311084132387514
1.2446317866577734
1.0597374215750541
1.237574508488683
1.0828017906591887
1.1997635646075147
1.1617680712794285
1.2981169644419253
1.2714162035913927
1.3521350600757656
1.2777176991603456
1.2292937737176304
1.3043321760411328
1.2961243300672307
1.301963388602028
1.69952659085854
1.4905068652113167
1.318631176813108
1.3799618948004544
1.4989683771154112
1.31527814606015
1.4480321941919567
1.328600272464847
1.2815171897666442
1.3105289419725534
1.1948072479755796
1.422460715702267
1.1420122316989043
1.0999272127850461
1.100778120626078
1.1396103957132977
1.1729230524286711
1.0898385565836528
1.170216324483623
1.2602264329160728
1.188307061542261
0.9818646704387682
1.1730097316672143
1.1929709291393167
1.2147163009692665
1.20059207389532
1.2393612881920733
1.1297529168862108
1.250359850486702
1.0891033622789634
1.2144637370751652
1.304417172306925
1.2652835488519063
1.271229620638786
1.3669961018699586
1.2829159072411747
1.2266655043067154
1.3125973883591933
1.307591209187641
1.3163017762010627
1.7132733775573286
1.5391236462434983
1.3771239926587762
1.3702220501660045
1.5069321289237538
1.3152643580455228
1.4531468042240365
1.329270903273938
1.3589302936064598
1.3213324336595735
1.1889170813846148
1.424584626987082
1.1415156071070123
1.0253970736243048
1.1464279682929996
1.1869147858987672
1.027183000072317
1.1769460497482649
1.225665858468763
1.1889046356861543
1.1887244901312264
0.9812443690966671
1.17994413465951
1.1830473197020703
1.2137588485880937
1.213666581967527
1.2373012879194347
1.1321069994503334
1.0668522892869152
1.241440815810737
1.0871285374840283
1.196482999617243
1.1691445778777878
1.20971248334833
1.3314911197164028
1.2693508073814352
1.2712478400197116
1.3664117322386402
1.2886268794669082
1.2297857404293269
1.3088374923717057
1.2990911559608769
1.305955780438605
1.7643513247615412
1.5395876169735883
1.3232135060182797
1.3857918816953934
1.5055769560516823
1.448965146088165
1.338391413578012
1.3564475311759523
1.3145013930169278
1.1963343834712827
