0.6494531745130402
0.6161400156256497
0.6673851729139094
0.665721485105382
0.6996061833131725
0.7017222036375934
0.68259628146527
0.606890060292738
0.679875304779086
0.6415065436240324
0.6779517059953944
0.6997584523996545
0.7061783187511738
0.6910430368296688
0.6893835348518828
0.6691334222235809
0.6607166456193746
0.7068542647811209
0.6987783577984695
0.6535378672165021
0.6574616138371057
0.6405598673962938
0.658786722488766
0.69774858133848
0.724451261210063
0.6464997837845662
0.6689340344926383
0.6852959958025839
0.6980722582886546
0.6913688532379819
0.6540938871868371
0.6741063434100381
0.6847151189161372
0.6654733507275483
0.6012972448095326
0.6167076642512254
0.6485291494172019
0.7206493211388207
0.6873312463627804
0.6626757282340454
0.6460660526366162
0.6516529071461734
0.6586358073261451
0.682860745859224
0.6948361445449963
0.6545069546476747
0.6586287420429364
0.6863196451415317
0.7037280281218383
0.5953348982274844
0.6610553470110269
0.6508355773778972
0.6969399995822975
0.7239442699822486
0.7386489309852726
0.6675224284145652
0.637100359022677
0.7020397849282877
0.6965751579506603
0.7036638656749881
0.6639322366081016
0.6060521130002631
0.6977287672711199
0.7004714344658902
0.6202977368659898
0.5861477398277581
0.6102803058202488
0.6942614621726643
0.6955187208513715
0.7253253108628552
0.6865585635296522
0.6969807467521689
0.6482307307186155
0.6635751124914617
0.6488318560055648
0.718031157467267
0.6981639649766829
0.6558746636092939
0.6978423110629144
0.6441356733176214
0.6882687898149707
0.6708858191395263
0.6837365336592076
0.6601114201992632
0.6747520300984725
0.6969922772738624
0.6517193098384085
0.6960111895146868
0.6570921025958927
0.6887914363535642
0.6658509882527621
0.7207669053317393
0.7034313498892766
0.7047300529736795
0.6513068304988248
0.6767411126382146
0.6954557280227565
0.6574101721452368
0.6794197625246517
0.6998286506446567
0.6607670831071519
0.6143520447176541
0.6301560368345083
0.6976075874838243
0.665578050150978
0.6881932278181049
0.6888895783073534
0.7096382467520751
0.6459563062234783
0.6892079291574869
0.6807229267239102
0.6476384893708553
0.6881743260907566
0.6733465390813194
0.6910766710476629
0.6626232909138267
0.6649140245661304
0.6540350995512924
0.7130327734337885
0.6709118735019474
0.6922138258957314
0.6687293073387998
0.6520002788838422
0.6632342898755333
0.6501295923501594
0.7047709720309886
0.6531816797502975
0.6586804385639563
0.656782490046683
0.7064157262387404
0.7222023880689699
0.6462160065158888
0.6395758022665632
0.6638074394554767
0.6870819406767609
0.6984102972097289
0.6015094787713504
0.6647127947407756
0.7068273096769885
0.6820510737196065
0.6632132755133558
0.6795802409331252
0.6559319982855949
0.6896597911123123
0.6481218452123086
0.7121381657842503
0.6538267308151001
0.6555386957825688
0.68650096182215
0.7155231435650804
0.64759874580133
0.6916975874945259
0.6435456894979714
0.6655384095885193
0.7080093892188948
0.6503493997167542
0.6214529343548385
0.6507317961925181
0.6548230490171694
0.6788764058635115
0.6992389030208265
0.6906413813619385
0.7297369700679066
0.6519318964707592
0.6571052745186046
0.6954364710019204
0.7251908784382715
0.7118073153219455
0.6548594040897051
0.6476115953329822
0.7050757886391705
0.6996143963165634
0.653839601478959
0.6886630236356924
0.627594797622369
0.6715575981081514
0.6534341251326446
0.6894638053515973
0.7042400966880409
0.6792717731557376
0.6492917410480403
0.6431403887908718
0.6119252571536332
0.6512676540383394
0.6498817043616367
0.6606220786863032
0.6206772539389891
0.6720966657965964
0.6632678270578373
0.6626352516938716
0.6904702408029866
0.6800438344184064
0.6627569254398759
0.656513075806447
0.7013064041862095
0.6497646105481568
0.6967804365223454
0.6230906100068783
0.6866024455009075
0.6616348257151896
0.6452605906841016
0.7040832484016555
0.7232623092584566
0.6596834331560814
0.6803432681067297
0.6974430076485519
0.6086946426637734
0.682531329249927
0.6268308098826755
0.6199723735899377
0.6987362364273012
0.7286207215529454
0.6619134370789779
0.6093856306608945
0.6058942909546705
0.6603518624076132
0.6279628676978813
0.6494477766440414
0.6907122743190586
0.7006471710506533
0.6718336095359153
0.6085537116002295
0.6596035539423027
0.6415796501929771
0.7286699045984286
0.7016380259191493
0.6977359391192628
0.6574985617422084
0.6520339614173478
0.6690118943086246
0.649124263462277
0.6925737417387396
0.5946264461956257
0.6522807102802471
0.698804861648718
0.6975436541060034
0.6357163270764757
0.6992219454246166
0.6859168797244657
0.6148575448436238
0.6893828054132365
0.6823275164902147
0.6481881839322409
