0.9275686528075944
0.9672688129364149
0.9956878921518058
0.9510423097846673
0.8428309518647992
0.842015432588536
0.7476534428575968
0.8707408913359055
0.757361021077804
0.909740984800119
0.805899023991572
0.7900448137063758
0.7615634915647385
0.749381050295457
0.9257093943577748
0.7937986510421683
0.9349281703354733
0.7567892063498367
1.0158913753901833
0.8658555234835267
0.9366027567936772
0.8269489722127126
0.8536667144608496
0.8961699951320612
0.9180969277455617
0.8624089167805224
0.8443821294441466
0.9646483625757505
1.0253171891604185
0.8932671068965723
0.8770195187209
1.011417212633072
1.0521367207622752
0.929330776186845
0.8805458318700012
0.9260909023328207
0.8184076924552663
0.9021487186068257
0.8997256681170944
0.8988655462057253
0.9002187049588664
0.7812764256420768
1.0502357531531776
0.8594138821317646
0.9630163948907153
0.8645427293344554
0.988601809174304
1.0150631217048312
1.0043789072045712
0.8293109008386474
0.7684945009265787
0.8026946308811118
0.8263592956404566
0.9496848634466788
0.8904801104630442
0.7240880039246507
0.8560803897931503
0.8406931206441441
0.8714776467209993
0.9506210371815766
0.951543944373531
0.8912485248055315
0.8338963844690414
0.8287273874671186
0.9228148234456945
0.8721799083432548
0.8189251667777969
0.8166138026731227
0.9091199759358336
0.85952701294575
0.9038315374071847
0.9260208598556159
0.9541316408360282
0.9125829141700847
0.967571219650158
1.0579976566162648
0.8833353201919554
0.9528676160267107
1.0210859448044476
0.8790864170228476
0.9166790402905665
0.8627799469600652
0.9477033976933136
0.9185158974308572
0.9139505069516732
1.0129782271373065
0.8991686688379745
0.890663995151518
0.8755922404399492
0.9445864041759784
0.8712124070441676
0.9324319029221044
0.8894260216275846
0.7868927897225803
0.8436488838924683
0.9842822577084038
0.9775321099804084
1.0296190200847866
0.8403077544899954
0.7654870942721006
0.9543893257455427
0.9689199211189254
0.9765163842593099
0.9395854595225468
0.803169766641169
0.7906295714867669
0.8194895342296411
0.7657801672980338
0.8789476927435613
0.9133006064850243
0.7638683688706924
0.8110754664709091
0.8551721814239008
0.7759143343120761
0.9968607285570241
1.0451670397625243
0.7975629629084365
0.876279630567806
1.0893788928129693
0.9707751598815242
0.8501314922169207
1.1218598261874362
0.954194184532114
0.8914684296797168
0.8691017574440665
0.9000174772386571
0.8255105690263251
0.8941032885328541
0.9760493380259032
0.9110246122019916
0.7428410843487607
1.092176856083917
0.842022335974218
0.9766269543591669
0.8560324420249874
1.1872206696001002
1.0546770367991711
0.73195078245858
0.8386086542199055
0.847691192340859
0.8979693434494929
0.8804828184123987
0.8946210655937652
0.8993537213440439
0.8873312772654598
0.9174976239304267
0.7833626675194518
0.7618696182358533
0.9396604787184305
0.8950133404564794
0.9374196770997897
0.8814975369358342
0.8237304516027385
0.9607121951262018
0.7991445023541695
0.8076091457282746
0.8348591220648924
0.9023931200462559
0.82799966975651
0.880954325697745
0.9094739566074099
0.8647360118729917
0.9756725695325144
0.8906540537338482
0.9436575280371315
0.836673088794795
0.9798287444822068
0.9228539030149139
0.8934886330183143
0.9797096604223359
0.9402971477054753
0.8957995676351003
1.0231577852467448
0.9648195358637757
0.859411860875514
0.8830059786273368
0.8340282886455871
0.8169101241692942
0.9159314348025492
1.0646545778672838
0.912239478501156
0.9328685831515822
0.9160248805546848
0.8526766053856653
0.8831673339202828
0.7262171278128356
0.85351773090422
0.918852022793355
0.9308321790078542
0.8915862234299993
0.7490914819166236
0.8377176502679469
0.8469795364411471
0.9799596418119867
0.9262955512982194
0.9716730501414536
0.8818149121585916
0.8462535360529919
0.7821773409941337
0.8954547855580189
0.9186781844211362
0.778815618054038
0.9427789615179418
0.9298350528538344
0.9120071056678234
0.8629684945315209
0.8281930192413869
0.8399943155012543
0.9606267458331184
0.9022962763531404
0.8476171606558328
0.8715938600055209
0.8873062424846978
0.865087483434924
1.143925295148173
0.9235175019671534
1.121729932946512
0.8949376308963322
0.9400597516444804
1.0401212440156586
0.9521999985655624
0.8949465266360025
0.8321047888920887
0.9214352559372052
0.879308562410146
0.9639222645630234
0.9229184067160122
0.8602174934669351
0.8566609916094315
0.9806485607094336
0.8598200134700889
0.98232001174299
0.892234735654086
0.7295354231249317
0.8402930575592744
0.8336498254944484
0.8933063022426169
0.9727867324823105
0.80105856051374
0.9349071096759458
0.9284798997141454
0.908947637233158
0.8496921428125467
0.804555173645512
0.911045668827619
0.8217571919479778
0.8232425346263099
0.9890633408417389
0.7653268194059035
0.9180791797631194
0.7594673544489267
0.9701090398568772
0.997729343136275
0.7107182742471911
0.8946210667466086
0.7681098511623927
0.8486740951431462
0.8537430726012986
0.9271425082056683
0.8331562034818529
0.8901692975046585
0.8264591418999963
0.73931112488008
0.9031799689530385
0.8372463240820569
0.8046261854905161
0.8661937587979568
0.8554614237648949
0.7968051262784888
0.894113493186884
0.7918371370250971
1.0221125094387877
0.9247066585166137
0.99285883502498
0.9462330097824494
0.7923238927751218
0.9244535273200889
0.8834333398192596
0.8469513313802872
1.0181190862396738
0.8320204127159173
0.872959524279419
0.947181852388904
1.0586366951624737
0.8806268707659103
0.9142719094414001
0.9015850458918468
0.8276669787071665
0.7137525189990859
1.0085333653974218
0.9486220734407125
1.047055832690024
0.9516185463493446
0.7555188836712039
0.8955697972345781
0.8447346832327779
