0.6066105037164897
0.5257560897810332
0.556468041645474
0.560505196344903
0.5126548045405535
0.4856865532211466
0.5552638848967293
0.5776509503476689
0.5390833386477389
0.5840507254120264
0.5246889592936925
0.48512279712910955
0.5366259395182134
0.5299754815840241
0.5344246160214194
0.46363990755649814
0.5945806526229461
0.47377314238038676
0.5366029964575967
0.6090170783235497
0.5723719179122628
0.48389339206739684
0.5239199294525188
0.5235874629221262
0.5448206137164008
0.46074817467828943
0.5774826614370561
0.5983097354645011
0.5244565615606878
0.5020939522415846
0.6553739444159368
0.6039831125542976
0.5262270122181822
0.5566760202783039
0.5595691842665463
0.5225711325346284
0.4793287017998866
0.5480557023682786
0.5533795721179497
0.5690011980304057
0.4943910762454453
0.5436531784730196
0.5350665070021421
0.5354833432481115
0.46202991344543104
0.5986621061505314
0.472619828470789
0.5346403819113384
0.6042914662041721
0.5688529230099673
0.49822790898969505
0.5091323050718617
0.5189933733485428
0.5223112314221574
0.5573340996390388
0.44460387790308564
0.5805404508030736
0.5780130010493658
0.5974026742714933
0.5021146241241203
0.5015762838802913
0.6530178803398257
0.5951743791001611
0.519927472173417
0.5582536487396891
0.5601151698409259
0.5079164503206306
0.48088640599530713
0.5504060462179444
0.5708905178268973
0.5451355963672675
0.5771106467915605
0.5272933383476315
0.4823026555842668
0.5405253471280416
0.5331757513611912
0.5335106093948138
0.4592315446037391
0.59598276918924
0.4740351843245142
0.5314571040933114
0.6073100963556167
0.5728874861152933
0.48979665126480465
0.5047980044612607
0.5286525719144097
0.5234349055741097
0.577012808464315
0.5977084662132264
0.5208923261433918
0.503552166723826
0.6540780720848759
0.6175141904582622
0.5485638037684096
0.5816771940212392
0.5929570577684415
0.5001614845641867
0.5686577312085468
0.5918209914912668
0.5800256737915142
0.5786376053727733
0.5053286745175439
0.5559904871544605
0.5657645423140251
0.559333896243299
0.48437771674942254
0.6123171226674944
0.48233764089571174
0.5678601516089834
0.6197223602327988
0.5843568939347656
0.5116068876794692
0.5321823248303302
0.5536581986248601
0.5654205546427904
0.4692990017716105
0.5935047173275843
0.6217442918639846
0.5075454202584804
0.6537705613850846
0.6093797053091522
0.541158318007575
0.5879184092525631
0.583144562245217
0.49748954362789083
0.5655424959944586
0.5944467393715742
0.5758204735350092
0.5849734769649065
0.5437124236193621
0.5029958711735223
0.5580677871688362
0.5540282907110624
0.5628174919109992
0.47724684803764644
0.6003766541429744
0.4888278644438479
0.5714556838493212
0.6202650146123805
0.5851606885681495
0.5112788915877053
0.548326400455035
0.5376926384901031
0.5489175103076183
0.5698136423432605
0.47351529175015933
0.5965388435818482
0.5845120248658487
0.6275524786582661
0.5135866261068073
0.5248849927182047
0.5510155042858758
0.5956168719290142
0.5527350836930213
0.4936200967063412
0.5649560263261404
0.597588800738549
0.588421098855402
0.5471503754430749
0.5040125287476889
0.56073142688364
0.5633011769138363
0.5509782945572173
0.4924272135182132
0.6116783828105085
0.6251265694646724
0.5881435391723702
0.5114379647886746
0.5332249144052189
0.5407212911179187
0.5568134543404867
0.5656609937604988
0.47499074899209065
0.5942988011229816
0.5157153359154866
0.5260583252099258
0.6400312867712148
0.6229286487729546
0.542827390270813
0.5880520229320918
0.5888903529531435
0.5429962710594105
0.5016542318137385
0.5627484662319575
0.5911351128544924
0.5860373646109678
0.5823681253080186
0.5475238563641396
0.5604936735991077
0.5530892148631786
0.5543660405721453
0.4839109935420383
0.5975256400847377
0.4925416338264359
0.5734527177674666
0.6313567004589301
0.5917072118173232
0.5469283897116517
0.5428979368047572
0.5532814397468726
0.5708785603485484
0.4701234135489962
0.6110518750798405
0.5910110112876246
0.6315900500785551
0.5206065551779936
0.5309754457308835
