1.167608321560827
1.1908195719206283
1.2612372188780758
1.1421589230347309
1.1745960858573485
1.1683616455070638
1.2503311007344933
1.1699769236116686
1.0714595421862503
1.1693100085818062
1.1934842642377284
1.0741255171897601
1.181210246008726
1.2810303579025417
1.1717782008372488
1.1709093154167975
1.0597108528476522
1.2484688833195707
1.1769790161243425
1.1796245857800716
1.0660734511739922
1.0692926012218578
1.283391065625686
1.290833001020945
1.0735750903136978
1.0635513576889526
1.056865277376973
1.1656595132760013
1.168551596702881
1.248312901874897
1.1916922307836963
1.2614549944851086
1.0647781961402571
1.0510599257222544
1.1740253627450339
1.1680912511714592
1.2500303881317003
1.1697841729863099
1.0714989566125366
1.1682170472680786
1.1720986050366213
1.1721137310921155
1.0749641899843718
1.1947259882292491
1.0737379831203793
1.2108472853572174
1.1712315934484683
1.1705013125520347
1.1543033922525001
1.1808759676575107
1.1778353003088597
1.179065737527909
1.0689988554821759
1.2832292200074717
1.2901352997513416
1.0719388038915791
1.060942715364002
1.0565677089215626
1.1655539053291224
1.1688391163214384
1.2500740701079387
1.1914510842413477
1.2617807340929985
1.0621824838088147
1.0506755361183366
1.1737962666481736
1.1679640009600778
1.2506044963060199
1.1688460298749141
1.0706679376370014
1.1668588685350179
1.170175524739755
1.1735008372721651
1.1675069194171552
1.0746598365599498
1.1917958864904372
1.0741233959555294
1.1811963123860338
1.2811076749607642
1.171697406922867
1.1688944073811667
1.152304482998331
1.2508151908263248
1.1768905243375989
1.1789836316235385
1.0664638105027482
1.0695644964955062
1.2827722787837712
1.2898914727318407
1.0713180534334699
1.0652677627922058
1.0555445929455265
1.1649115546086177
1.1685831384027061
1.2490326334504331
1.1914781088872717
1.2608078751331047
1.066168898466302
1.1750623300057654
1.1687306369969261
1.1675291072130127
1.0714201829817944
1.1686118202115625
1.173293650702551
1.167239212680552
1.189972487839491
1.0742028348162187
1.1810581788548866
1.2100180547462238
1.1714675024327934
1.167479159078283
1.1529051378549657
1.1814871396630058
1.17768797028051
1.1795087338859889
1.066228586644126
1.068858595983373
1.2903311784940805
1.0715831224550838
1.0633737383072255
1.0543729657109018
1.1656474795000704
1.257644691121583
1.1974496465391877
1.2683610922492372
1.0653366297581006
1.1500242805684007
1.1823890609914618
1.176440991794644
1.2555828788462573
1.1747219428295717
1.0777142997616442
1.1755550403797523
1.1772124402035589
1.1806924206297753
1.1745902622923052
1.080955768952982
1.2012422798145308
1.0826165245665509
1.1920113262076066
1.2848175006150817
1.1780452608816498
1.1735885150077159
1.161481171663448
1.1877015952351218
1.184379196137482
1.1882624808177027
1.0739611407766265
1.2918216691618112
1.2972403101164418
1.0755372978416262
1.066568677242417
1.0634495639472459
1.171500189697733
1.1768136414801162
1.2555336584911942
1.1959477328826134
1.2683340263752152
1.072440731468225
1.055457859732176
1.1789642629872612
1.1743377602827487
1.257035199790804
1.1790969961013247
1.0801575029195702
1.1721525104706676
1.17235998961945
1.249860489285724
1.1689011607260182
1.0795472813626024
1.1950605827201697
1.0824135231158363
1.1867998923872225
1.2847439672476935
1.1766261077548719
1.1747312089564161
1.1601853166120977
1.2568868385728473
1.0726618368335799
1.077686726231644
1.2887859660201126
1.1696867495124923
1.065751292280453
1.0628347400388538
1.171786515965609
1.1746131243446976
1.2581351942700332
1.197181221471982
1.2707976425040788
1.1579888873551962
1.151903135802073
1.1827899532680508
1.1793567883886085
1.2575399515705945
1.241654722949098
1.07900125482352
1.1748823423797934
1.1821066439341255
1.1720072576800464
1.0812243987069068
1.2028244456512693
1.1978004974416252
1.2849607126317395
1.1731407321148106
1.161557987919988
1.259186056167453
1.188324839486548
1.0710079728552921
1.2906960613602978
1.2960909310302786
1.0751622789902218
1.0653957738909419
1.0669078361855264
1.172147733646634
1.1768904155099824
1.1603000185916161
1.1934248734113428
1.1694751066485345
1.1502382344789233
1.1825543107466023
1.1737342204262224
1.2587714650640192
1.1755998710842914
1.177836924014344
1.1767432629113328
1.2492491149305647
1.1682810870541558
1.1920087178719485
1.083619225080187
1.1858685386195718
1.2850127107344498
1.175774089835465
1.1739547959107888
1.1607663772007935
1.1844652435630851
1.1842901785061735
1.1821124721402407
1.167367382378018
1.0767344086612225
1.2872219240292502
1.2953907486294411
1.1688676375683043
1.0693003220868933
