0.37067050104748345
0.3777021652374185
0.3345525930743425
0.32406843392607493
0.3665722590891651
0.4238167059324237
0.3393932972697807
0.403574816415194
0.38444723019632754
0.40349223346867297
0.4026727491698937
0.3912797250847704
0.40987828236357393
0.43121995235865646
0.40398991839518017
0.4614043596205373
0.4224486776823221
0.4252059863545018
0.4516808566498961
0.4287871465124333
0.3630253481015493
0.4191582003104416
0.457235108604539
0.44016822866704813
0.42649887779630447
0.46851865600502896
0.4483514444978866
0.5055964383368138
0.4674792386360605
0.4373658301863663
0.47939248091094244
0.49639118342557464
0.475091842006019
0.6474957061287334
0.5494626700015561
0.4815664228745572
0.5150709413885237
0.5255715576642893
0.48027319584889827
0.5086452126017083
0.48560015825369024
0.5540456689772151
0.4976783376915858
0.42200665422754763
0.4929201450737918
0.37382933324502576
0.3798768872053945
0.3425400116493972
0.3349713801928597
0.4256782922359208
0.3517099223637512
0.39355917555086717
0.38730411134617493
0.42622037669380086
0.4218598716985545
0.3483968853298592
0.3988004965360025
0.4104197952019204
0.40972545821842
0.45462269377424075
0.448657493279723
0.41912627303632294
0.43399021144744215
0.4306199178097201
0.4342816660826143
0.36233892554696023
0.4243422699145051
0.4524554602459367
0.4401808519882549
0.4261711857048678
0.4705082809338388
0.4582534637689665
0.5047612481896515
0.46540027158338515
0.44412684494475996
0.47681914104208656
0.49193507158640387
0.4727796588958959
0.631770048134062
0.5544808996155064
0.4801894769958203
0.5165408450167487
0.52308758359279
0.4760359875043652
0.5270173418722063
0.4862024467433467
0.5154161513546451
0.49970063335076226
0.43395661385939344
0.49295178441426024
0.3632466483642661
0.33547400386731996
0.36740238791805074
0.3987827863270074
0.3470207114711197
0.39977905037710426
0.38440189971530137
0.4049626451077666
0.40566879324114485
0.37836390611193854
0.39772052117044276
0.41103119998341897
0.4259550569124809
0.4046526449156676
0.46090992585297497
0.4548329316038243
0.4313120415617826
0.45354665990463927
0.4259529691918595
0.363522770614745
0.41412630040238707
0.42670439878378996
0.47183694630681106
0.44903424404273407
0.5129651240660208
0.44388821121554384
0.47972078929626855
0.490708164807595
0.47105805099288
0.6367754703336157
0.549078631512692
0.4796792519261254
0.5202029638344448
0.5187740129599328
0.48039085647888985
0.5102473599666955
0.4831245146828937
0.5535900080349009
0.4978522041336423
0.4188054464217145
0.4931949055157717
0.40447467403741344
0.4108020261067982
0.3636012703428907
0.36817923841201816
0.4348296413569792
0.3887714661827909
0.4105756358987677
0.42511395282477327
0.3773362037695278
0.41618180194494664
0.43325170555152726
0.437154379436806
0.4769139433191402
0.45229284273920123
0.4418760985931033
0.46579141828625953
0.4483718114779728
0.4523480074023877
0.38552323995243026
0.43162028907856437
0.4883196310012522
0.45363618699216296
0.4527825957426071
0.4872977235448629
0.4854478722944973
0.49148767035013163
0.4757659773848312
0.5000257591770909
0.515027604225637
0.5051697283633347
0.5832143623775252
0.5085169435092045
0.5208972427470975
0.5503465915808947
0.4986334354596986
0.5391581143249875
0.5031559611780012
0.5586424935029316
0.523235000850993
0.4427975417188824
0.5184461337800339
0.3881625691478104
0.39643550830044416
0.3699962668352591
0.35528824823659316
0.4096692319540909
0.45690416176895343
0.3850166237541743
0.4194658665651436
0.41363163446516316
0.4330762337496255
0.41600477164471167
0.37746130133169564
0.417270409089186
0.46146932983237576
0.4332335566945697
0.47902941687470857
0.46601921742126334
0.47585360945694877
0.4560540951686364
0.44952258161189723
0.38633994492389284
0.4437104466296307
0.4854936791733136
0.4453270471357575
0.4928608302213793
0.5369792496227813
0.4931431905905412
0.46596777371842923
0.4939893887748583
0.5130202993952344
0.4988118258695001
0.6601773032043492
0.5794123178758777
0.5033486439550969
0.531610974898386
0.5519999807141277
0.49512665380605836
0.5435668425975559
0.5068749170287979
0.5532054346127913
0.5175401453157161
0.44995578885625365
0.5166147972540714
0.408104337050919
0.36711781943851163
0.3716277792500616
0.38596767089836626
0.4228894467025317
0.37910034977942686
0.4031052649687986
0.4212639935075593
0.4202895214508603
0.3824762875841678
0.41375927504862586
0.4346445351436504
0.4594405828523419
0.4387488592358153
0.4802573066511372
0.46361032182730966
0.4685337663637663
0.3970329722677038
0.4571026643259892
0.4562847402190271
0.48291167269952506
0.483848075171759
0.5395637468714203
0.4965711118019672
0.4675853414808515
0.5001891983769973
0.5242423375039287
0.5061272412594751
0.671570145286279
0.5881002498992676
0.5036337937390039
0.523339702633949
0.5523561517075648
0.4983820435770512
0.5477290857378259
0.5084368100665089
0.5685449726583844
0.5235634381771731
0.44047362203537854
0.5224799178008446
0.38193352444089246
0.3625893714902929
0.403805981331269
0.45258633913282453
0.37806066272905614
0.4203915802668478
0.413587812117014
0.4333679561755298
0.4097755661021607
0.3757527589926141
0.4222260265636235
0.418144907544677
0.46412175923237353
0.4433675790857112
0.4807949148097607
0.4614710344334896
0.456789097859348
0.45392030781313897
0.3952641154207776
0.4397694530190524
0.489449322144468
0.45521158594089184
0.4550518402376065
0.48713571995373883
0.4933860269620161
0.5413625774825658
0.5016402076498241
0.46536017190478735
0.49780334727118347
0.5163559952950272
0.5025378713377897
0.6771790641148773
0.5881005281576204
0.5103827472858837
0.537860909300618
0.5555700914182808
0.5429143998081528
0.5142658749108213
0.5631285642846098
0.5217346257475188
0.4523667304384756
