0.35898324481504185
0.3724082594009732
0.3774122051070718
0.33460849182086905
0.32135150971817983
0.365255592416754
0.3705692629687949
0.3652771926013633
0.3595570233772769
0.3563214372368437
0.35919370683353113
0.3600579835765585
0.36174717152690405
0.3799201869789471
0.33858165112065786
0.36998124423370166
0.40807870232874355
0.3751330583402974
0.33660337952881303
0.36416334787149507
0.36578165036969584
0.36415233944230774
0.338543578780739
0.34774740410108934
0.41357953795249636
0.33492937362722947
0.3445000281127718
0.3328065063595689
0.3626504640226137
0.36037580152523263
0.371751079009924
0.37978310162128387
0.376882217803898
0.33890614683697035
0.325597220007694
0.36902993380084365
0.3656137558094428
0.370914566948285
0.36616585823976333
0.35855856984917217
0.35633593753363707
0.36207497647863685
0.3587193918823796
0.3609858334524816
0.344593394283558
0.3811928604862308
0.3377923346337156
0.3705747391769043
0.40750229787171127
0.3730534560263191
0.3438986619106702
0.32587864462937893
0.36179364569345396
0.3667659605535353
0.36146302380684214
0.3382982567343509
0.35657658260328107
0.4062745323798079
0.41095157151730105
0.3424052691676922
0.3469741321265235
0.3611334063041981
0.36061906745042693
0.3714897336312197
0.378946207906316
0.3769077182398375
0.3370067020322942
0.3231080641890605
0.36980885368315464
0.3633749277691915
0.36905224440849305
0.3652080973284864
0.3620639167480736
0.3553015618071112
0.3568965505004585
0.3603709212625913
0.36004116484713433
0.3440076388481214
0.3819731467882714
0.33835362972026234
0.3745985820381876
0.34081020220593233
0.3348984193925603
0.3615345702237992
0.3654452862196649
0.36183412511135066
0.33473088006006846
0.34747842463008427
0.40586690504372536
0.41340246935212843
0.3431879801850844
0.3416552506599568
0.33376629300079963
0.3623422926411094
0.3723420784572266
0.37892085679105636
0.33908386565497634
0.32127750354758633
0.3682824369054494
0.3660486783727792
0.369490468951731
0.3659858641913892
0.3591253367654075
0.3551905946106499
0.3591770263139691
0.3605559775196271
0.34376119629687124
0.3373189277333897
0.3676958207613311
0.40779888039409495
0.3735450281805267
0.3389716803484131
0.32773424541515245
0.3626432505687426
0.3669139684138979
0.36084477871605275
0.3383930488382819
0.353443463810606
0.4055716602783628
0.4117077152604592
0.34264150442260444
0.3466475190655745
0.33172236903199853
0.3617321353659294
0.36475058143322153
0.3847992410493499
0.38451728003551155
0.34534203966860727
0.3327023130989583
0.3770914982922301
0.37427442164478486
0.379209867324629
0.3697540126291336
0.36564343553675405
0.36428297621732136
0.3662335921357428
0.36648273936329795
0.364132596778257
0.34976826562066826
0.38853059148871427
0.34738325775941165
0.38412358055457263
0.41196267924326774
0.37734108819781853
0.34052400644518377
0.37389700614438987
0.3712529602366079
0.37018357500335913
0.3468616098776255
0.35641882289813154
0.41468762636872525
0.4191930369929484
0.3470985288767004
0.3454381685991132
0.34101210021344586
0.36780588464357
0.36653351085543356
0.3789889934173777
0.38621037604980846
0.3845120727142169
0.3405483252247017
0.33251616277315565
0.3703164213020432
0.3783201978788801
0.37821927226069335
0.362872094715079
0.3656460876464528
0.36400524170053894
0.36550980190367344
0.3485555043609
0.3551080673137038
0.37080604473165424
0.4142764645313979
0.38269633379649626
0.3467361105555079
0.3419690082080224
0.3730387950961454
0.3737635778530552
0.3664647477691962
0.3621955323103597
0.4120510514500813
0.4203556801057358
0.3487860677016979
0.3499832188261847
0.3705062687962534
0.36654658503162363
0.37977470078637476
0.38396886302077715
0.3387074371183227
0.33158503790317573
0.3745476076571778
0.37282068864195855
0.3733693429611775
0.36887918628112143
0.3738035329552346
0.3617035160715258
0.36842963875393864
0.36478150189339015
0.3513753450777436
0.38982002373509983
0.34882896785321416
0.38260886838165764
0.41279316503661456
0.37943156820791446
0.3480082073723185
0.3420227000926074
0.3707167143634844
0.3709398571133159
0.3707049636235024
0.3451781173014912
0.35125601964518627
0.41336801908155674
0.41665582338682783
0.3448788835051487
0.35852647293837964
0.36798059352207085
0.36625581095122994
0.3799943293519404
0.3831921970995376
0.34310484770324157
0.3258691049049413
0.36792931553529196
0.3769590007549875
0.36820928520971646
0.3806154154096819
0.3618655099075251
0.3612337749572715
0.3666843062486401
0.3572413967689963
0.3475802365965501
0.38077274842455644
0.3499023455681842
0.3676377584910755
0.3827251779268588
0.34530784213299226
0.3366257498709011
0.3707234520849332
0.34553306768404574
0.40894226178780246
0.41566018158622664
0.3467986092245968
0.3551478322358982
0.3516414168564418
