0.8118302116718527
0.7680175915083439
0.7973794756265006
0.8105186673009053
0.8154195763185946
0.7376794523208008
0.9428889981968768
0.8745500684211148
0.8972400948864461
0.8443166699840983
0.7805977207368276
0.7917043830564068
0.7432642485240981
0.8664115581599158
0.7421585946660894
0.8092246319757967
0.8335934666542403
0.6554977244256559
0.8443054843333997
0.8925307175352807
0.9191249600439161
0.7060778120966128
0.737897168794836
0.6929338931725727
0.8031710151817647
0.7069715457450829
0.8407465013043145
0.8101295493816201
