0.5925710588390156
0.6240296365649087
0.5966492252069755
0.6200195730293402
0.5936617310195961
0.6006469309260358
0.5451903770560766
0.6167473268625997
0.6139363524529269
0.6553323390414745
0.5636803997569281
0.553022465087296
0.6103574834805211
0.6130992390908252
0.6043527567966024
0.6591141152839514
0.6063975486642355
0.609120562057101
0.6211077393379322
0.7158380242939623
0.5567635606494694
0.6607796785031924
0.5868046394924044
0.5710934830512632
0.5965039807829268
0.6134334559023402
0.6551531952796102
0.56837606172482
0.6371376777472486
0.6284612757015561
0.7141982270638533
0.5636429826452237
0.639832865174482
0.5583036854790868
0.5885017980619147
0.5453825158012802
0.5920716788701945
0.6180249876848692
0.5713605225950928
0.5834580860385522
0.6346260898001702
0.7120476921855002
0.6031238702209775
0.6184793751433847
0.5477957734114022
0.6089484458488933
0.5797962241799419
0.6001049349092594
0.5617780370319846
0.5699724244672598
0.6148214324825695
0.5598719982765128
0.7096451602942369
0.5911100972688565
0.6955118045607522
0.7046332020227793
0.7095414945164354
0.629350548096231
0.5223186504394346
0.5937225222637174
0.6315414965412323
0.5977540776818241
0.5903366228063774
0.6071012742941416
0.6260272634242448
0.6044955431419056
0.5100802563161914
0.5469741200931071
0.7186270095733358
0.5939902408236549
0.7119375674897366
0.6062652141231084
0.6175110983098877
0.584834954862974
0.5565099567579901
0.6127213011078266
0.6577269055082968
0.6153305302329883
0.6163126062934777
0.698303746689801
0.5449667958823388
0.5925402720212104
0.6168842917271776
0.6021598164685187
0.6126324437696654
0.5861545335492039
0.6189221784844096
0.6136315999664045
0.7072823227477373
0.5838125407539363
0.7043465127324516
0.5676162951464943
0.6131234597542224
0.5662000245411798
0.6455545923073299
0.5902440232796893
0.5665171221729914
0.6601371238847054
0.6001558351501407
0.5935723065876861
0.5718565795263987
0.6401352841734387
0.7089947105035198
0.5833672999987404
0.6197278334580005
0.5766865355037857
0.6401445224386566
0.5766659557414928
0.5844624748016989
0.6421430012547832
0.5563434142906262
0.5732392520740636
0.6055005409528249
0.6211195917620042
0.6127576425127135
0.5651715341798496
0.6408849962850853
0.6134117308013386
0.6346392061341264
0.5910623225085929
0.604997741187877
0.5647284264014317
0.5892433822738344
0.590686977335764
0.6055539393155733
0.6276364573809917
0.7043081379433034
0.5786086593761979
0.5036677264422413
0.6184596056730506
0.5996120254938923
0.6124488257442354
0.5909656258112495
0.7235111792149573
0.6585416769418225
0.5631325491249668
0.5959336319164562
0.587579781201919
0.548934035401654
0.5950325584226436
0.5925709798328763
0.5511170951255269
0.7119129530153491
0.595149587406374
0.5700896811206897
0.6451187105277929
0.6065485001413996
0.5629677994447314
0.5541154697027323
0.5837956736550212
0.5635426957512857
0.562620161648939
0.5998801051541695
0.6062932402696704
0.545329503062613
0.641614838308876
0.571046626291772
0.5882284455154109
0.5814860680073174
0.628737079956765
0.7155991783957762
0.7209422400021388
0.5681172904422975
0.6050384745024354
0.6406146891435384
0.6353952399637943
0.6054133257417434
0.5740516557719146
0.5909121075166339
0.6207445703289132
0.5908108245871759
0.5650213695175234
0.6198592649943022
0.5867892316530599
0.6248534098868972
0.6359280074414453
0.5630735595315903
0.6062792306661159
0.6360234547633971
0.5802042135354498
0.5344015994159306
0.5894843136509647
0.56561115800465
0.5025962858752033
0.611077674008796
0.5021309823375983
0.5873019436347442
0.5905502448985851
0.5344797190114473
0.5354436391416588
0.6068921849955332
0.5721187652001153
0.5514606520211165
0.5777482469021805
0.571637582785645
0.6451327248985361
0.6100700070782331
0.5554171473504985
0.595035772131756
0.637096439898637
0.7037754909646103
0.6083065316120101
0.5615987118032787
0.6024245513327952
0.5878637427734653
0.655527809165095
0.5143719517956014
0.6096002366574563
0.6133864509460802
0.7076926899163288
0.6011320798933183
0.5950293419732138
0.5567705716659038
0.504484873515239
0.5954526932522743
0.5914511107118808
0.606958848187282
0.5909618532294776
0.5943838117456886
0.6113721172849671
0.5551297134193872
0.6317161570176845
0.6054381260954642
0.5879895858264694
0.6116726995816718
0.5804816536450546
0.6016164165746809
0.5669577863693438
0.6101123812657485
0.5445080663975217
0.5716716679564579
0.6266026910069764
0.6079319025170267
0.6211866773967079
0.5206476420328701
0.6264627803636608
0.6971318967887573
0.6090263051115233
0.6139561893349881
0.5967970995153022
0.5542596756910879
0.6115644054494234
0.5914813359098295
