0.5604552300526071
0.5880989233750036
0.5714112081294835
0.5924724940518658
0.572606343892485
0.5821215636255728
0.5250399756175294
0.5721505560403911
0.6313726236010209
0.5335364647516085
0.5392490646171324
0.5806354738588685
0.5720694390121421
0.5731935779291782
0.6325513899564922
0.5716664348262761
0.5863505779107556
0.6046958489424776
0.6905693310129635
0.5527085237280284
0.5607256822009723
0.5418185873521782
0.562468703255772
0.5791007928753746
0.633598497804034
0.5464723646935616
0.6138984079849572
0.5442970783168427
0.5953788279224808
0.6701913288763639
0.5497697785094715
0.6143679895976171
0.5563682360995439
0.5774861431503869
0.5312655059778936
0.5764284665113261
0.5524464157551721
0.6629086182125565
0.5462771785787871
0.6025528936456254
0.6693605928118094
0.5708041942333274
0.5904804676665087
0.5235470263100661
0.5811126681626761
0.5680461062386478
0.5698609807465096
0.5725897558237081
0.5721761478575786
0.5296193786364435
0.5718334951267182
0.5443611414828042
0.6806370941917322
0.6600470956610315
0.68075448526351
0.5966577925365133
0.5104817325308736
0.5789251651824167
0.5890070940165315
0.571290640087165
0.5596265885131707
0.5502314230314995
0.5912563343866494
0.5916782134334277
0.5674049806362834
0.49627243083825767
0.521245062402316
0.6923106163986023
0.5692666888699037
0.683713767471015
0.5808344153025172
0.5610404935316157
0.5355678658804514
0.5977751725998065
0.5567255905452919
0.6297773954833943
0.5965204309101976
0.5739359127806053
0.6673537052468548
0.5183232691804216
0.5628764020182021
0.6144616060843648
0.5942976304276619
0.5713675362599776
0.5693248913922672
0.5743263712279333
0.5716797468306619
0.5864210434268464
0.5744152455057975
0.6796470331638581
0.5579177934539385
0.660991192185694
0.595267622606519
0.6161703230797252
0.5517249337186968
0.6153935135406344
0.562092990519882
0.5620476118805502
0.6301336424054159
0.5747298543729947
0.5714141247125766
0.556219161784541
0.6123729090970887
0.676812853650042
0.5886193229561434
0.5638808905459781
0.5595095005930741
0.6256119879626475
0.5476616649862245
0.5709594228315764
0.6126328899355102
0.538148209265233
0.5545595791634218
0.5231267384560793
0.5668665134436501
0.5802638446457237
0.5812766746507722
0.533687518653877
0.6230403265709579
0.6142330620858037
0.5821202010914496
0.6058743765440867
0.5581138782477706
0.567051035857491
0.5341105319341992
0.5767528560329057
0.5380125770010753
0.5574374891802412
0.5643672271113591
0.5843828376309499
0.6619096868714741
0.5465947072158572
0.49032040356134854
0.587476979311312
0.5658338465952775
0.5873316175819999
0.5517105382303094
0.6932262309390869
0.629166139557281
0.5405524459650211
0.5568857963519586
0.5250454366040894
0.5770083125018162
0.5685786099781583
0.5356285592083545
0.6820911205894331
0.5789875598434036
0.5644376657684348
0.5485100624999432
0.6364243414095271
0.5348389712003746
0.5610688330125451
0.5333534348353779
0.5639645170386501
0.5856085683460017
0.5226960783477613
0.6139498940636762
0.557842263749968
0.5619153764301718
0.5490895547248923
0.5884577514077561
0.6724167583510486
0.6959858082817628
0.5389424850580343
0.5844949427806202
0.5747592337942916
0.6185271807693601
0.6091890024960513
0.558033401249913
0.5544497373759218
0.603092951404043
0.5955404366561122
0.5576146579181709
0.5593402174286475
0.5979372324415755
0.609908193515206
0.5594778050804238
0.5472137136216051
0.6118669966509491
0.5480202375
0.5649764512327533
0.6154261443524135
0.5672314986647481
0.5533628772823046
0.5516460447413518
0.49058896855029877
0.5847629732411942
0.49100736153719715
0.5603253970308795
0.5575507817548241
0.5668518988795481
0.5217456429485755
0.5716354180309807
0.5564117699999864
0.616550791505997
0.5678420539891365
0.562128987156813
0.6142115149530426
0.6668534348297188
0.5772354656184752
0.5508744815627944
0.6072373264048136
0.6758977498357234
0.5916631518793114
0.5501879999999859
0.5836804181435792
0.5563375724107962
0.6298806269650298
0.4999664472047455
0.5767207307037825
0.5810255271465234
0.6823672994470263
0.5822996353968822
0.5610045571897839
0.5508660399909864
0.5595066596818563
0.4886027095711064
0.56605251819006
0.5595936538357942
0.5900734421985232
0.5209230297462657
0.5591673643633708
0.5884736760754534
0.5341784348100276
0.673319097959509
0.6103204159445391
0.5740197061894919
0.5798203780004884
0.5456360401665964
0.5820154932873196
0.5531265002046233
0.580238429736343
0.5164819833756095
0.5420734736477589
0.5999467107151218
0.5892688933524931
0.5054744603150079
0.593297873121342
0.6662391973604885
0.5718835288165858
0.5741042985926506
0.5428728254233383
0.5583835543765701
