1.4317347437119243
1.3607196543964672
1.3791283495503306
1.4081540643053998
1.386656031034891
1.2810685427635529
1.4410858342650597
1.4485505794970261
1.3848648032621464
1.3563128014125319
1.3901911060757777
1.448724929507055
1.2876028951163376
1.3579716053351314
1.3526015080601594
1.3900947550065617
1.4061966179358847
1.2057224534303073
1.364654201348034
1.5190493529469098
1.4583884437990435
1.3245685342157743
1.3621920758447272
1.2599539054097941
1.3253965355225095
1.3287464107620228
1.447592355324843
1.401413164234416
