0.5188837881824206
0.5433905581419636
0.5548667837739769
0.4745048508705699
0.43801129684552426
0.5181250343458166
0.5375524551053505
0.5283655218349945
0.511742157764353
0.5118289465716224
0.5156059885042744
0.5178968993876096
0.5130856137829333
0.553464978375948
0.49113185760274414
0.5313569620243624
0.6056100661289907
0.5358884395683348
0.48502642486724673
0.5236340781080727
0.5319631817163992
0.5190874895464266
0.47869419902898097
0.5005809465533497
0.6113187042518474
0.4875593812499746
0.48681387451380626
0.47514987106865686
0.5162172594079949
0.5180006294487535
0.5424897656527272
0.5569346170264359
0.5535747109370772
0.47463690429727473
0.44025508108088013
0.5236786915639365
0.5188436503314995
0.5354676044059299
0.5273568953250288
0.5132413861249401
0.5118075541028196
0.5167346571134764
0.5178782200883988
0.5134346859554831
0.4996713053108391
0.5530583543673016
0.4905184489001414
0.5319627503098812
0.6046203377637174
0.5346159435917155
0.4873053129439745
0.46474261309268705
0.5226303015321718
0.533319629736021
0.5177802330109473
0.4803456485099201
0.5079322123268262
0.6010118507287885
0.6097651820701705
0.49148538749995563
0.4853553314808195
0.5159529266812016
0.5211179967415944
0.5426253354651761
0.5573419103476809
0.5537456263959839
0.47510391317189943
0.44189265651690235
0.5246324063496702
0.5184617330993248
0.5372360767079056
0.5277580971135366
0.512648915857772
0.5097357313751344
0.515028929304252
0.5187480302929969
0.5144441315057408
0.4982392986645719
0.5543955633040558
0.4910425546653263
0.536779987292361
0.48479435445918395
0.4726106954754421
0.5244839747516368
0.5320284962813346
0.5186523808581137
0.4773146636345315
0.49997438266769895
0.6005497203629502
0.6111287213662248
0.4933389
0.4856675493392368
0.4739320754309654
0.5156179169459308
0.5422901266618486
0.5566117807574492
0.47644951426329707
0.440509502337983
0.5230928352006501
0.5173773841946889
0.5359524863776899
0.5272631827192824
0.5121444964681432
0.5109636879461839
0.5156471746902225
0.5197819134970771
0.49698423829164257
0.4900064425207736
0.5286091957662916
0.6038970871014
0.5353274424147642
0.4823123951747839
0.46647344324132983
0.5231363267931718
0.5337071914196794
0.51673058827238
0.47981970199718776
0.5066061514889197
0.6001558542929499
0.6105839169702693
0.49188307499999995
0.4881922205755522
0.47213749512144865
0.5168909968398395
0.5300812499594423
0.5677363866998608
0.5688415696501601
0.48682536942006266
0.45946295068270393
0.5393187652871955
0.5342515220069031
0.5503764135808126
0.5360537853341739
0.5258677109737844
0.5221946619322249
0.5308475232780776
0.5313824665521589
0.5253182773422825
0.5108681874639066
0.5649013611922064
0.5069429556244248
0.5530960402507324
0.6129941154136864
0.5491546376795157
0.4851443982137449
0.5402371427269311
0.5455452149762757
0.5335971183248439
0.4944533672858446
0.5144570908742684
0.6130406674935838
0.6216522303382838
0.4999423062499314
0.49357692838178135
0.487824912271926
0.5282365693126881
0.5323981474032474
0.5534132003540492
0.5664983867542032
0.5686179640519937
0.49234101091921173
0.4547857536645785
0.5293007490952514
0.5511981609221864
0.5391593534500784
0.5194402282513881
0.5263980922152329
0.528394877628674
0.5210837440522239
0.5059363132007603
0.5098643146493754
0.5391105782803948
0.6146327352229398
0.5470388083677424
0.4951610748280709
0.4863282120290955
0.5355919406352566
0.5456484598927983
0.5287384582966921
0.5187018225923702
0.6100541772932412
0.620439192710647
0.5019611937498659
0.49463232011629765
0.5290946318107662
0.5291544766829002
0.5564132686388346
0.5670231048547401
0.481485648290398
0.45608013286999766
0.5370372607684821
0.53288228567778
0.5466181811679761
0.533522061433075
0.5251002955311288
0.5201861508114264
0.5339398642889424
0.530487703360337
0.5116800560987126
0.5654029424421253
0.5084181333687097
0.5533824536045524
0.6119554100600819
0.5474413712214675
0.4937406942625041
0.4863257663519942
0.5406961920780397
0.542830316958612
0.5345011548405564
0.49827939162500057
0.5086965750576604
0.6126468742011939
0.6186725811230271
0.4981256749999896
0.5083287964160619
0.5264013265664238
0.5308402144970903
0.5503552677859336
0.564827003134681
0.4944473205177097
0.44643456154063643
0.5291102203154158
0.5256953479504415
0.5340889244840511
0.5354133614063025
0.5173724819976225
0.5212587664243757
0.5282927972139257
0.5146120995181572
0.5041733742429675
0.5500940146944796
0.5011398147789244
0.5323134457804347
0.5415587063810773
0.4941437961965045
0.4794420373630449
0.5294445920399498
0.4849080760903921
0.6055810828477555
0.6159481952598136
0.4984751062499963
0.4930949903737702
0.5028842371258917
