0.7757357850231972
0.6884594833698784
0.7174948239264537
0.7372671825742967
0.6325173136020401
0.5609082414039228
0.6894776811263156
0.7194069556868989
0.711348608620439
0.7136360689960697
0.6679029298477498
0.6360222854180037
0.6876231486644013
0.6904785299746701
0.6828723865422209
0.627969599670323
0.7409778720510107
0.6033588927426752
0.6750416316171086
0.8029997821858044
0.6000766065452083
0.6256645477053084
0.6580690663496918
0.6866222659171191
0.672434753362696
0.5908772717957902
0.7534984353729304
0.7596651637193192
