0.47837839730046106
0.4577948269013314
0.43769700243706133
0.405330656275647
0.44832397249000827
0.49272090204840807
0.3953542121959568
0.5036671708318526
0.5296767214699761
0.5044444912049082
0.5281085142712633
0.5229832612044621
0.5422287190779793
0.5379461521496137
0.537177615211091
0.5646004864787972
0.5778136669567218
0.5765959027234517
0.47024300397003177
0.5789743075680613
0.4824573975615496
0.5264961943634975
0.5407876549833163
0.5297359011445328
0.576193351463867
0.5956576480088006
0.5752182142303788
0.5917035911363449
0.5969633855781297
0.5471800860946234
0.653060356638397
0.6224045606875207
0.6405359628390704
0.8751878116937195
0.7414819465358722
0.6550276306871062
0.6448781122393006
0.7191408015568665
0.6639273703864691
0.6709714733620071
0.6790307336449888
0.6898376976037758
0.6394671059335371
0.5247987897257945
0.709707724736669
0.47554742231440167
0.46070877763814294
0.4407575474959603
0.4124325292909928
0.5111266171373694
0.39880553962548243
0.504271945605394
0.529361648454581
0.5270584987203243
0.560226908377079
0.40086736634853015
0.5325605937427644
0.543715796374812
0.5374662872774238
0.5633806078654608
0.5066184924847982
0.5794358900942669
0.5853780438783791
0.46861405616701013
0.5807323311244513
0.4816401938730526
0.532275436333872
0.5335682891698457
0.5298179709141932
0.5765333990337103
0.5964444115426846
0.5794046282623581
0.5912818848359614
0.601792844020924
0.5507768919481276
0.6545197788897122
0.6176269808098036
0.6359459949508379
0.8583486924804855
0.7504161702343666
0.6538414938810667
0.6466428031036344
0.7160667946054435
0.662865562191801
0.6877815547574577
0.674637140191034
0.6889525180954255
0.6435582930127971
0.5328720608311196
0.7100109183327183
0.4725175721374656
0.4384250624444675
0.44859471422943764
0.4905152580562995
0.39867040986157104
0.5029415707536584
0.5293225557819059
0.5052063680690262
0.5278078616327252
0.39971624711238285
0.5269196558436166
0.544050495201632
0.5373511276532679
0.5346853384789614
0.562793920630303
0.5079350434105971
0.5821937020434643
0.4632039143912359
0.5761803313798717
0.481781037608705
0.5274272728379352
0.5765530131919666
0.594686218171707
0.5772967023242855
0.5948989617762704
0.5465532280746902
0.6545694124178191
0.6159622995244023
0.6368067313411891
0.8571663821377439
0.745474762459464
0.6545636242040527
0.6466539621844734
0.7106081587809652
0.6626955200501783
0.6722118781000961
0.6724476784159346
0.68377063424887
0.6363380127602883
0.5204455562490088
0.7101885555101337
0.48917854895322865
0.47049617396628346
0.45009801421463386
0.43677828004367947
0.5092221553649627
0.41980319081988404
0.553982522637111
0.5296563503635701
0.4130770460528335
0.5410034039329438
0.5605618673518286
0.560813479419712
0.5906533223771228
0.5197404946283127
0.5984672590472649
0.6156612977904278
0.4845997559512459
0.5957726630852744
0.5036984931051587
0.5397645490937437
0.5644369076264244
0.5486357171860339
0.6016245974421639
0.6112887896974859
0.6129826389989157
0.6282841522266543
0.566209560884284
0.677696490054162
0.6447706700434217
0.6793558332379862
0.7812625307708385
0.68471274755334
0.6621049748074206
0.7531796563933262
0.6847504188496295
0.7026690928179726
0.6945618673284764
0.7171492634584072
0.6695955313501292
0.5459620663898488
0.7186032876034312
0.48672452100866814
0.4699783557419934
0.45038219734686735
0.42541836011884726
0.47047790886083546
0.5091725709461358
0.4239863454558153
0.515240024398808
0.5469420867029243
0.5220559708265504
0.5439639227577784
0.41602566651965645
0.5387774327735453
0.566440363533354
0.5550063182973072
0.5854693477078768
0.5246193457634838
0.6097608016876644
0.48952006537552284
0.5934735332054355
0.5110735885582011
0.5327093482685205
0.5637087913834874
0.6011876146372876
0.6155826534876138
0.6238745737963891
0.6283040466309613
0.5672173111666045
0.6733240454182672
0.6391610533943101
0.6634218602276786
0.9009412272802063
0.7781259469423516
0.6754101242503011
0.6642517441887674
0.7493529270404977
0.6907917363193631
0.7081800515016871
0.7042686576968826
0.7137827505089933
0.6617558888497801
0.5443885747708896
0.7151569251011669
0.46349702348082383
0.45290901420607454
0.44693952277851673
0.4787333063056435
0.5069617009601997
0.424426712224008
0.5177055635864651
0.5657325255637438
0.5344452009288924
0.4166136300563529
0.5414576962766645
0.5571838035418367
0.5712721284156208
0.5647836402498883
0.5968864057557243
0.5236055378246575
0.6281760376753159
0.5126574885366835
0.5482238972812249
0.6014898791431063
0.6129258334644184
0.6231817513648196
0.6355926194190171
0.6332917793766394
0.5605893528878331
0.6827131517011421
0.6521089598059737
0.6847623026650032
0.9155011842105024
0.7890340936282383
0.685570833699745
0.6670678761006389
0.7635168320465291
0.6883715195669261
0.7124185270355893
0.7044384900697149
0.7278137950793797
0.6769989569344236
0.5425634974580386
0.7131974964718313
0.48729552596554165
0.43167910397541587
0.4749870412427642
0.5038493097169412
0.4228067079239964
0.5143281339354521
0.5512505244034277
0.5216658628502351
0.5454682357278237
0.42174222814558326
0.5444549507121811
0.55335012285665
0.5661102261054282
0.556214722223524
0.5924425674361735
0.5290416065661434
0.500816371253859
0.5977241278621824
0.512128301893164
0.5316091780774592
0.5728070096577067
0.5410402375267381
0.6102202220551556
0.6169671545624711
0.614233050035732
0.6310984332902283
0.6377078966965704
0.5679043567359718
0.6794357377015781
0.6433394338083396
0.667589115949677
0.9201337610634808
0.7889847069681433
0.6778987628930745
0.6691933943256367
0.7574592945309357
0.7094882375271196
0.7147212261583149
0.7286816383294209
0.6645288800082064
0.5449667468997036
