1.223966453058151
1.2761843257802217
1.2792090763860866
1.242669448471497
1.285518637195948
1.2275223214616013
1.138275941216713
1.2360203014727884
1.304114624115683
1.2608687501805682
1.227230069965039
1.2290622626854277
1.2542058936424119
1.2169014259363737
1.2130766149004972
1.131051713919583
1.1590235998688985
1.2799878804258567
1.1966624604587444
1.2544610161742624
1.2000119758373373
1.2739093607803897
1.2105175749382127
1.2201745322221385
1.183350219724642
1.2754499180076946
1.2505924656497562
1.1271635247397374
1.1562782924808774
1.1330856490098753
1.324826187564025
1.1463245853778017
1.3103741541425922
1.2399440417649934
1.2251459495410821
1.2374043811234752
1.123949810984925
1.260291617023081
1.163467094314503
1.2044219868612958
1.3145114318362656
1.259084721730484
1.314354465584878
1.2273229073311918
1.251061056035605
1.253047579521081
1.2998180083559634
1.248466697640756
1.2369699375014713
1.1018749517076827
1.260720044261927
1.160375985199208
1.1840099735405114
1.2429384167560855
1.2901740919317342
1.2110225317842658
1.2032695029939549
1.06259406425045
1.2032235943628893
1.3034608395063174
1.1798191099135362
1.1494445815795264
1.1368751705271853
1.2744638350223183
1.2128756307620008
1.217072648214054
1.1736284618746493
1.2538300866717502
1.172117351706671
1.2175975314240566
1.2487612672550803
1.1347906847337235
1.2613152085261827
1.2721625534697973
1.3053090926288242
1.2585531750045955
1.1772488185531536
1.2124593563848058
1.1778236444752908
1.2745930248462076
1.1896792293108303
1.2043521414650338
1.258912796058234
1.2086973545223436
1.2663034448481476
1.2502917375796356
1.195334850873227
1.1331275190631955
1.2032403009926718
1.2290244971474098
1.252065340493906
1.1635850857572616
1.18142562895252
1.2238383698056956
1.2438722226243217
1.2215884193640236
1.1535140850641064
1.2622593981369716
1.2453000519146245
1.2153324379751376
1.2315507731794555
1.2260221120472292
1.2246604217784116
1.3136138548545375
1.1269859808795983
1.2341020580083946
1.204547419644219
1.2779388062248893
1.276074504443271
1.269949970329142
1.1593792687409206
1.2611097129816655
1.2313450760478934
1.2874089811211953
1.191118068747897
1.227237053905011
1.1177254760634285
1.1121286542943518
1.3977924283450602
1.2762372255547927
1.2062536237804484
1.2814850537088829
1.2037602083518046
1.122489524025625
1.2002707528442835
1.1518400977210121
1.1543434454518737
1.3617941957611803
1.1926052187629077
1.2125339692585064
1.2276971066699716
1.2046122692884285
1.2482697124991955
1.2246538240932634
1.2081313134519744
1.3254481581612985
1.3201937782257067
1.3120344417401442
1.1756378884332181
1.2182761064043914
1.2430991501692334
1.2860222126106462
1.2120970782935587
1.2037541764660193
1.1774416102451082
1.1839573219163613
1.203771040070221
1.0502551496836119
1.2335588259297328
1.3004589992310678
1.2163442507611928
1.2752691516626031
1.2133669229877424
1.198846529890293
1.1477987869026693
1.1520652179013269
1.1312744747573447
1.2401647234986921
1.042424275909984
1.1829757382165984
1.3218886987843035
1.2430141852272343
1.1314651042392698
1.1302644712246575
1.2356845069092128
1.2222260925888957
1.1625247620512629
1.2437509457887783
1.1942029342723008
1.1274990891603027
1.2624674012189168
1.2025295029723968
1.1230283602122852
1.217064611504936
1.2451745156210596
1.3058628477798468
1.2385343247640457
1.1964043578724644
1.2501766747915042
1.214693116345424
1.1670225554869689
1.2192726078920535
1.234179454382368
1.2188417946001298
1.121288092065751
1.307064616968658
1.2201836358561369
1.1979155167431437
1.1505327613550749
1.203397803695425
1.178249336301243
1.1522292024189271
1.1875164447513664
1.1878875207645498
1.1037180439796894
1.168105528302935
1.3230383204403944
1.2671653868451547
1.289965843050155
1.0788607511739619
1.157379696192612
1.2511424540178973
1.2384779616564985
1.309970952938094
1.247023011498302
1.2056859270073694
1.182670630528974
