0.8329239591950885
0.8208033933721814
0.8327387120212063
0.8318101829616675
0.8395153367051966
0.7656218087466486
0.7829707038276056
0.8266701452446545
0.808056101539808
0.8292382106420555
0.7646651586673745
0.7939960115329638
0.7805749641283308
0.7634758202572581
0.7219824790504443
0.6613547615039794
0.7909724466632757
0.8664535085772744
0.7742179044484481
0.8313338792467142
0.7473358118497705
0.8093024232930619
0.7816158532376613
0.8566190646277667
0.7992914199948018
0.7971878841217477
0.8400162939106381
0.7783811275787236
0.7751038217441824
0.7382904567025717
0.8554859789297329
0.7888182611346986
0.8843266299200919
0.7695824097343431
0.8172531620704179
0.7969155235004299
0.709871647036654
0.8161930110751507
0.7805219013981332
0.7824030817954795
0.8943375564759355
0.8092529217691558
0.8604405793971919
0.8004002699699886
0.8027377834381151
0.7794362820019076
0.8457338659497795
0.7896130873165497
0.7758424172356402
0.7554130323526904
0.8168462610851422
0.7362791601208218
0.7031069389735652
0.8090764982347008
0.8171455088445099
0.8711896767242508
0.8320093553311249
0.626934964507529
0.7819351721820389
0.8992934515378133
0.7331494094806301
0.7301388779836655
0.7342525110325577
0.7853478112846084
0.7438341609104839
0.8414507931775248
0.7519602463304051
0.8964790385427903
0.7531050647685463
0.7734663352272679
0.8755514695452566
0.779245664781097
0.767997132633449
0.8423563746472369
0.8406537497453531
0.819208093837875
0.7571921267196207
0.7093088747466855
0.8230922613463999
0.8521828501177113
0.7796857916982296
0.8160880230757156
0.9160747108392575
0.8376267525868432
0.7869630423483858
0.8286265775194358
0.795800080392542
0.7844014883510932
0.7822804117935371
0.8336406352767218
0.8132041917866558
0.8331804677431189
0.7883788659511008
0.7855777710209241
0.7458945671448853
0.8139298731605775
0.8153164079980433
0.7926852982821666
0.7879833239651399
0.7522533420213875
0.7485863515478323
0.780310293160623
0.8799721498484904
0.8476197415321072
0.767029143841084
0.8533592787986792
0.7555793303591886
0.8257134687795891
0.7710836909588263
0.812381882426098
0.7442534689472023
0.8062702230212322
0.8720924120670223
0.9071478935392784
0.7630536129481602
0.7585826342816193
0.7026046168215565
0.6598862163343457
0.9140691332449198
0.8680777606742229
0.8356086582549198
0.847532579166026
0.7766464880456411
0.7261110137243076
0.7808998491792586
0.7117942900939888
0.7896821229387557
0.8487127961640274
0.6929720621781108
0.8683808476941772
0.870668258649292
0.8227908216748582
0.8208436477219203
0.8067521848601908
0.8147084531346589
0.825482909655144
0.8981805130010034
0.8497210669486306
0.804028478134133
0.8904355232839701
0.7979595799389178
0.8651086742848733
0.7937464984076494
0.8039532327862247
0.7744951678080267
0.8638878410159447
0.7870801626073409
0.6616320872713254
0.8163075957177846
0.8502905867337303
0.7859215117407183
0.810132573065683
0.8051453297479472
0.8212727856210991
0.7538965778253007
0.7580207124766494
0.7756936642948709
0.8190537199939458
0.682684478630695
0.8003549238396117
0.8265629273253938
0.837800568530028
0.7543703240313075
0.7523821803217963
0.8228374196786787
0.7678624567151748
0.6940243208499296
0.8519787019259759
0.8382930541507289
0.773573124186282
0.8420818412502107
0.7161274056936857
0.7235417984123964
0.825668611870392
0.8175964851603439
0.8793387642266857
0.8107199014680775
0.8319352160365594
0.8445734044829708
0.8509405278426196
0.7450795182410719
0.8608300871000011
0.7736120482390774
0.7931283799494452
0.6219906201388887
0.8514073520036903
0.828103779854201
0.8124680136302251
0.7664848148701979
0.7855469214986206
0.7732223254377676
0.799010051396648
0.7728095512079025
0.77719839216822
0.7636043040566753
0.7369424394843622
0.8398036096589441
0.8010159085356809
0.8933112689419762
0.7347535203565239
0.7973009931244575
0.8395192394656935
0.8716106153706932
0.8632748236768759
0.8086491796961531
0.8223755598605408
0.8018672790200609
