0.4031775758996355
0.39638572036457276
0.4228703648160714
0.4190074540770776
0.4551116832102807
0.4387200340845344
0.4522637096271712
0.39412645485112724
0.4378015396664897
0.4103963958273742
0.4143449181049277
0.41663910646399127
0.41831581064499085
0.41793874373693385
0.4250898084778517
0.41104988405962856
0.4223858332122211
0.39958373566314165
0.39971412429742925
0.4150755042475094
0.4001044945884406
0.43947847274241003
0.40847015619750887
0.41505109245359
0.4151436633837198
0.41261424261676016
0.4299692562505943
0.37494732390589425
0.44097311566988273
0.43343675077209737
0.39576658803431264
0.3942594715161192
0.4067180194771861
0.41768090352813303
0.47742905631920046
0.4161255805385959
0.397127953297266
0.42495121558123616
0.40115600885174085
0.4323670938986295
0.4242699879433103
0.4526284283279548
0.4467947939990942
0.4333121216171904
0.4085643798380416
0.4252466162687839
0.4266598553139013
0.41354053989531947
0.4124724707491203
0.408502555065593
0.40293222160776554
0.39753117650542835
0.41836024741112376
0.44205166890924186
0.40328988311365005
0.4275305739231275
0.42434748954610524
0.45729250728010573
0.42521051904692914
0.42488124464448784
0.3941054411817573
0.43714067788956734
0.43733940967308327
0.37644917245585496
0.40759733857510216
0.38797303057177435
0.4160398495734409
0.43375951567780097
0.48225827410751515
0.4006474489137496
0.4410617909680459
0.40780873174256427
0.3982914010137597
0.42120578639386774
0.4289753846342951
0.42782410128977544
0.4592470215298523
0.4244688272558742
0.3948086638820336
0.423014248700748
0.43719153465576754
0.45308624986513873
0.41461968297008567
0.38078171167273545
0.43621663093957397
0.4060632769998481
0.4212441571655984
0.39850313230838363
0.44782059323581525
0.4231972476258172
0.40736676755343526
0.41218888822918687
0.48163144302025623
0.4024503385012613
0.4378568575459575
0.44139061226286225
0.461995431135103
0.4218694743789815
0.40599041418466114
0.40705853570317807
0.41013990402647854
0.4315150682985692
0.4285889944074507
0.4445796983415766
0.45952957980091397
0.4663440514434203
0.4497423149224528
0.4426722798828775
0.4006102293543512
0.4081509116937443
0.4056706521616714
0.42691141313745695
0.4549851375052012
0.366374413313717
0.4365355432455468
0.4098614623339841
0.4168076779263186
0.4254578259930359
0.3984279945397876
0.45373802458689894
0.4412141567768617
0.43423866557369184
0.42261002220269384
0.4233819408581353
0.4443789437006181
0.4170250332257164
0.44101743202518107
0.40086262763560787
0.44878872778545165
0.4493696245252965
0.39334250106032864
0.4377974261988944
0.4000316617686806
0.4228065670085541
0.41862908865526516
0.40833361119931927
0.40691881648995964
0.43285292392652264
0.4314014144637011
0.4375108800123065
0.43774640735434867
0.4089965519652219
0.43646557836000216
0.4150325791377089
0.43366511024547416
0.4563212942033472
0.4233437587907156
0.42602660866013364
0.4109076122164632
0.4392822991187564
0.424730458487267
0.4190331084994694
0.44528410288994913
0.4599833019566253
0.4192947747073511
0.4316897066937231
0.4078541535702356
0.4121794106537131
0.41631807880898164
0.4110024726355542
0.40439419637718865
0.41245014287994036
0.43540069110076507
0.43963162111821874
0.4124867800950459
0.4046744390656434
0.3933966001061717
0.4086584651715077
0.4321681027199913
0.4350113734572827
0.47397166776528354
0.43084535850252537
0.42608554151114497
0.41207978456135674
0.42369169113351934
0.420694907842186
0.4345756359121644
0.4139234953654678
0.42361029922051063
0.41124746534161616
0.4110613418690632
0.3878202408667305
0.43755599887999835
0.4230896033138142
0.45453803408585575
0.4191148720438566
0.40312427221917724
0.4338369073754254
0.4137675134436202
0.4243027237844481
0.44282338599369897
0.40947656335392213
0.42522460052978556
0.4066351334082112
0.4197541912981058
0.3899926524889927
0.4076138428096978
0.4274180599459544
0.4115589442957368
0.41050625387005346
0.4353245739381332
0.3951670823561121
0.4715047664159113
0.4286193922644457
0.40493661414360915
0.3931964278850755
0.39725059600366225
0.43771684481381534
0.4519298602029526
0.42574110590776704
0.4750973852929718
0.42204502714085823
0.44578552686457296
0.41753702690290717
0.3978076290855177
0.42369476003015727
0.4288528996601698
0.44047836471465596
0.4132299607977503
0.3952515892254874
0.40687906451808364
0.4258277740725833
0.40907772588313096
0.43221656516363727
0.4289645712376494
0.39994908289851205
0.42453572319583055
0.41164215527971115
0.417481867996789
0.4389388199217133
0.4127101434056244
0.43234183710525464
0.4558782779143534
0.45046393362373965
0.44487812053923076
0.4346920977104213
0.46405246961993546
0.39346364856556315
0.38763396754267854
0.43855337460715915
0.4188842039312154
0.40238743550818223
0.4353930201064722
