0.42738232019325584
0.3847843474815393
0.433562856634908
0.42783701080105996
0.45359522472586944
0.44728287788092025
0.464898021860899
0.41550018945714773
0.42628787614321106
0.4323775140608057
0.42927683275664885
0.44535135862274505
0.4541380047836152
0.45472003798089
0.42845143498496063
0.43318116355258796
0.4153199940789474
0.4461845893942672
0.42745702591005186
0.4208529593859609
0.430820904839019
0.41104337467560254
0.4146219009072478
0.4641806458404467
0.4454058686981629
0.4094157836175587
0.422832385509957
0.43746955764318357
0.4442617290426803
0.40494086613132624
0.4286374447643654
0.4694346090221923
0.4323851985419953
0.43341255330190964
0.4006418033832715
0.40562508214964493
0.4184607576053316
0.4733415975656393
0.44464219635696645
0.4023690527754352
0.39231050095457165
0.41752154158988075
0.43524080374022744
0.4886080949231559
0.4568836598349951
0.42850392147304006
0.44234590940363827
0.4409596730531398
0.46032868642866487
0.4049865153585527
0.4250539738514542
0.4268300397749045
0.4014155451381048
0.44866702343331877
0.4479166230769183
0.42691719585972476
0.40916895860677027
0.44909977022557634
0.47729630825029695
0.4510307409218094
0.4345074692384677
0.40176264357776736
0.4304874647801771
0.44169427389112936
0.38969480845818727
0.4077106111193872
0.4124153077733713
0.4241061721656517
0.48160132045124004
0.4204223157104895
0.45293792901682284
0.4484346952335415
0.4315613539310068
0.4178885385869281
0.4209025708408197
0.4542086181886833
0.4271542071853575
0.45959793173246544
0.43581426154253644
0.42614375080897193
0.44414277697351867
0.4387996068104514
0.4507301586483863
0.427374823737078
0.42699123413660456
0.4605224303630368
0.4106819331699534
0.44239991976254517
0.43056198027650117
0.4281387360202128
0.4453000080681366
0.4363522151543682
0.4850346899748384
0.44743038689466463
0.4678276855575068
0.46794167603703374
0.45113642496343165
0.4375567626440112
0.41816485165120865
0.4627307563745494
0.44114123620016793
0.4177728744203657
0.4157422551027601
0.4336920064434385
0.4620693766927336
0.45979411933926373
0.461318525452605
0.44695470005027127
0.397557809878252
0.43565021609288
0.42526362888993696
0.4138959670592035
0.432923119808059
0.46049609245682277
0.41605071596033627
0.41474679141395865
0.4241756067649235
0.4403670142899395
0.45155466673710426
0.46161503231647993
0.4594432292893368
0.4216084859769875
0.4246013768689335
0.4326562178876153
0.4419060190804277
0.45709466014184225
0.4401121751119278
0.4543992178278058
0.4223817070652128
0.4589623644144539
0.44498838881656255
0.413790774648529
0.4663592436222146
0.42242661734273396
0.4349370421409856
0.4478398022902952
0.3978495213441083
0.4205001067310842
0.43039594078946897
0.45820309990182473
0.4578227690295062
0.4458915480312047
0.403298845147935
0.44228271697154026
0.4241831598329757
0.4607682851798356
0.4145655709397069
0.41240384414146736
0.4324432407346198
0.45969179131676596
0.44872048601417514
0.44197454053840246
0.4281360144381745
0.47215346130509606
0.45412317417427417
0.451121006371156
0.38773460738230386
0.41113901410018727
0.42568070874384323
0.4314772111558349
0.4510620928830428
0.40752990835768205
0.4511538515197874
0.4304129894295071
0.41613034290341827
0.4406753699687179
0.4639127959824383
0.45190007601687493
0.4576944468039146
0.4528384074114671
0.47574064888488427
0.4535164265244166
0.42568229133799207
0.439906436288128
0.4062606316132245
0.42542088116112875
0.40928005976609927
0.461262428955363
0.43724163356523604
0.4333599366544755
0.4224776203093691
0.42421168697992084
0.40433908070487085
0.4307984250427995
0.43913773104599585
0.42685900880817335
0.4037635598792602
0.45519619520094
0.44592785755647263
0.4378673871181785
0.4494200735846339
0.45562498583674443
0.43074034585277826
0.40264660911927574
0.4189200896843021
0.4261132633347739
0.4478458206712475
0.3882776371817753
0.4372692199529171
0.4306375790802397
0.4534933311516598
0.43432931827441323
0.42619834673849155
0.42639831391217364
0.42807492240457684
0.4539154603063138
0.3983355561478136
0.4694972020949354
0.4242171008909445
0.4130132675549496
0.4802664818146162
0.448237819095862
0.446324002367165
0.3999861521212378
0.40373949531229103
0.4292609820397617
0.3954672829584035
0.4154008093474545
0.45443693843022875
0.45110597203741165
0.43339170941255134
0.40287993711611114
0.41096680234793925
0.427279207893683
0.44159024184059037
0.4540797537874558
0.4545672498374411
0.42157499574491375
0.4424527902557477
0.47678268771738835
0.4166818936143567
0.46408776972212173
0.3976048780633378
0.4659030433352053
0.46955445410675856
0.45753491381366984
0.46641075572013674
0.4435023046153898
0.41655320662717665
0.41555891030210673
0.4218838794651418
0.44602687918110906
0.41861938328119996
