0.6931058542321271
0.7780176473578733
0.8051103367717158
0.71155129686219
0.6607124140675635
0.6285504719951963
0.5731691739200144
0.7291637899231576
0.519575680742838
0.6842230295623281
0.5962157295976387
0.5362925618743408
0.6199354805959267
0.5751493180693268
0.657506668042192
0.5025765015528896
0.6026548748801219
0.5748421828692888
0.7634013747139006
0.560712207759723
0.6228091083630183
0.6731011531604998
0.6255801232120741
0.6570305573213967
0.6340645675353017
0.614794753730263
0.6753216092233263
0.708251082824138
0.7348676939924288
0.6721936472762613
0.6650574674570329
0.7834758833871317
0.8346248336565298
0.6627995973043752
0.600109562457016
0.6494226456974588
0.591563059407851
0.7562978854098874
0.6939996467529373
0.6104633901238068
0.7240450980218351
0.5782829462457515
0.7947761524779597
0.7211684627351372
0.5952928159018145
0.6622508080946633
0.8360747923886818
0.8395760464880468
0.7024707775915312
0.611089772935549
0.5344836935409818
0.6190487231387242
0.6465197791376993
0.6955924930096601
0.6312562488095487
0.5562992216707185
0.6601065756191057
0.705681825181776
0.6165315563828112
0.8213205839175839
0.811074025383549
0.6253611968629198
0.7420711308237041
0.6698822595605092
0.6831199621719919
0.6140035243172289
0.6246123020351828
0.6001941464176603
0.7647371895557051
0.6747985665187721
0.6948864324326135
0.7890369718565202
0.637843648454296
0.6886140492491319
0.6193809479783883
0.8008761190355106
0.7007002731258436
0.6973327708752242
0.7904626691237211
0.5906287085749378
0.5907863756928748
0.5980692523989948
0.7188217297460904
0.6733020873053459
0.6647597954765072
0.6952853200998731
0.6446550603403303
0.6985381537497112
0.5776253904645657
0.7830737849031018
0.6128059110298135
0.6555679950925725
0.7753790396242524
0.493335621668167
0.690535007574534
0.8481475614798053
0.7069633194635541
0.8008313221203394
0.6450069566153303
0.5811471528507254
0.7751150723036779
0.6692179170042525
0.7379663848465667
0.7237957940848148
0.5681877187689537
0.6176311563728438
0.6371541719866497
0.5637835547230012
0.6752698929363382
0.8055123308956782
0.7241377375201485
0.6013627715048429
0.7082049094578441
0.5688357740092861
0.6524813870234966
0.8117913342234282
0.6746868255316558
0.5397855172179803
0.7610934689834545
0.5774055524274428
0.6456976992022588
0.8661484350267913
0.7931021699286908
0.6425825689401023
0.7756103144419195
0.6144645569726916
0.5484741789829427
0.5511025017462667
0.7822713464567519
0.6670393290929646
0.5825057526300471
0.8916622251918422
0.6334018815456965
0.7599595087856689
0.6442135143621723
0.8344135783075228
0.7748381531435372
0.5282531679242014
0.5908929893029318
0.6418682371886268
0.5777481282931831
0.6888418751498749
0.7292812702789908
0.6279259126844874
0.7257341375267026
0.6881022359342834
0.5934132941369321
0.4958712308189783
0.6887481032417062
0.8286976072565049
0.6419808359392575
0.7026919066056377
0.6665262986065708
0.7281397352406607
0.6177867755725699
0.5882295962010142
0.65852439896301
0.7819103067803868
0.6331135206735625
0.6284102498722844
0.6443498040059433
0.6615648547272133
0.7170454233691193
0.6682886943163717
0.6480333153504052
0.650861568098826
0.7272089502112622
0.7124653111840027
0.6992801706599248
0.7075730236111387
0.6940324983851008
0.6735223539680402
0.7176259154013336
0.7440018362326216
0.5600385279427509
0.6042761360541057
0.6682552762635947
0.589186208109215
0.6540411690262302
0.7888197333379168
0.6598015522300072
0.6906648351913218
0.6204624741994851
0.6048750081046135
0.6281444692092659
0.48933323947030094
0.7082719067978847
0.6440549228765958
0.7591914004137172
0.6202808009590286
0.525225046366394
0.6648890187938977
0.648737668851929
0.7748415226986594
0.752608987774315
0.7398168094205608
0.7825655372609102
0.5588677559911728
0.5925110008029173
0.6873868974360153
0.6970540157058923
0.5881397964407304
0.7402881627740567
0.7208744165940596
0.6537847342521862
0.6326163202451357
0.6477981419766398
0.6900452427669477
0.6734767471426482
0.5384111945328609
0.5883190755123394
0.7292903847996022
0.60689433266552
0.6531975562081108
0.8724186443271951
0.6945995389250731
0.9106756611045721
0.6038546900345171
0.6993231249361441
0.7799344828408512
0.8244967505279109
0.7227866446632162
0.6359810809974442
0.6742945757152798
0.6148405036499414
0.683841285986919
0.755203928920384
0.6567143834929472
0.7293043326196758
0.7351185409347682
0.6723705019880788
0.7884466684706009
0.6850329797435459
0.5822055400245574
0.6683888335959833
0.6191916321655264
0.6420782565367537
0.7326649521570197
0.5461688506230591
0.7914249530571924
0.647301802199306
0.6594441752196945
0.6424063817397605
0.5549054869306804
0.7360577220085596
0.5400634673361749
0.6215787588636579
0.7689198022656019
0.46868949929727555
0.661545166178131
0.6048584589941304
0.7263296587825778
0.7823995566196907
0.548148244679631
0.7197890730616179
0.542651628500834
0.6483646652596448
0.5654773350781873
0.6937869913033862
0.6433076933482316
0.6879995729255285
0.6998598461819958
0.5104194436858005
0.6484630319845087
0.7122234017820956
0.5989900624548807
0.6699352236709527
0.6634906011080673
0.5109085873248125
0.6284298170997757
0.5884776209597302
0.7537324738357749
0.6587507673348647
0.9200458066454442
0.7368106913679857
0.5367318709736483
0.5982691915534357
0.619198567613627
0.5975279697375937
0.7244418215655157
0.6110304330481506
0.6567821217982417
0.6196083768044883
0.7383431791407338
0.5859709705537781
0.7304688100291643
0.8621754267582076
0.6319638659165595
0.6212234232245752
0.8532548513687198
0.7252727297243933
0.6815987802496453
0.7695205481370938
0.6077331301858526
0.7929643692468408
0.6777297879951067
