0.49774146063446983
0.48134752218571464
0.4549406956819443
0.4911389085166981
0.5277838716247331
0.5338166985492955
0.5085423853852369
0.47524519909210033
0.5104494079854097
0.4722730640451642
0.4805640165531316
0.48070777963769906
0.5141433376588247
0.4702334051962641
0.4793416197816539
0.47447476249998954
0.48286850235393963
0.4637457737999722
0.4845709368109605
0.4784086863756509
0.45331603779709584
0.5287520491649143
0.46092235161453765
0.4599681773688789
0.4858421083379464
0.4732937402594678
0.4978699053450156
0.4385229814056602
0.5787771656779097
0.4742589970938079
0.4792868294528248
0.4750715623260254
0.48554463542471893
0.4835547516002457
0.56852157166304
0.482466754590057
0.44911793999450556
0.47152499228302747
0.4798906088305057
0.5280521111602942
0.4968965902069351
0.5756237405624988
0.5280898490347891
0.5030862119208342
0.5186304618985198
0.5023838800316931
0.49789296800382277
0.4753269253599951
0.4817522977673648
0.4735102624999891
0.4302620464489906
0.49323235045475916
0.47589742499998944
0.4968931706073525
0.45421144567314353
0.5032344792669584
0.488170179834883
0.5712494765152512
0.47831025507604846
0.4803681336105902
0.47541455862764004
0.4690816132053546
0.48711088001529207
0.43194960523387416
0.49730939110044503
0.4714327906001951
0.4754584812499971
0.49659800933957277
0.570495843467697
0.44800405824385886
0.4811093530547936
0.4932581974336808
0.47648301825259576
0.49437211217257276
0.4980250986174277
0.46442489504134854
0.5745037476083829
0.4908777159139307
0.47629101249999994
0.4955606624722879
0.5230756608103367
0.4992476631874333
0.48632381737675506
0.4411135200507539
0.5189378143410995
0.4631034245395623
0.4896714636894265
0.4962113619293989
0.5197012033578216
0.497756868088932
0.45433459321725356
0.4738948525197204
0.5814864389426893
0.49479700588734776
0.5801602090592247
0.501385787587704
0.5740938707233442
0.4876366987252403
0.4625281394805213
0.5088991335561716
0.5042279100423657
0.5050749395286174
0.5093744587696097
0.4972959806860998
0.566436510408003
0.5354442086487637
0.5283708014857232
0.501988007898757
0.4403762661294199
0.4609266890787756
0.45828093476113757
0.4658693599605538
0.54209491960061
0.4237373421764508
0.4782451213882034
0.4575974750824384
0.47836351820709533
0.49688062471485317
0.4948253280002452
0.5743915263435035
0.5376379840150515
0.48294929140190523
0.48835873049481016
0.48356258784501216
0.5200326152346323
0.49108478646976095
0.540969930788448
0.4748308999998244
0.5048597823084485
0.5071574424764291
0.46335245642599016
0.5508485552484005
0.4797505967014471
0.4929092096668438
0.48920643267384506
0.49342787887697803
0.4730215874999889
0.5242052601105494
0.5231952688822965
0.5339052674715226
0.4888200707732005
0.4470823545855177
0.4922248671251407
0.48024087153989997
0.5168357273186596
0.4930087327241771
0.47951355065082224
0.4604845762300187
0.4574258224753087
0.5217293611016596
0.5315945692745224
0.48116391874999687
0.5080260908228165
0.5672088453061996
0.4819941445496293
0.5219705142490777
0.47003209693930925
0.46618570407117116
0.48750686930166326
0.4748397038000759
0.45318994567488086
0.511213310745018
0.488824788534117
0.49199419579166587
0.47336261210246955
0.4589250683798095
0.4820090964446019
0.48178024680369347
0.549893110772649
0.4952887103516372
0.5437544042728408
0.5554521725237896
0.5495650722103861
0.510438763976499
0.49867896352332947
0.48094695525871034
0.4817359633489535
0.4820586142185169
0.45881410243651055
0.5129084595444146
0.4803820116907974
0.47064290752206067
0.5027825104457773
0.4905021317776406
0.5286095188658319
0.4882600454132564
0.49528858877190557
0.5241176374279051
0.4633332980965766
0.4787735108453724
0.5021199310537015
0.5100709243001527
0.49532280123616623
0.5016562795554521
0.4910366092971666
0.43179172855796644
0.4487938037853987
0.5100128416029671
0.47544348372942735
0.4609988937219932
0.5246561102724051
0.47881524170554596
0.5717005700783733
0.47543418209630534
0.4989200640940219
0.4594932567614987
0.48605765143010043
0.5112957526444264
0.5752295833865291
0.494621244700161
0.5687444494971402
0.47920918588355943
0.49883626302070383
0.5088316919899175
0.47098489395316434
0.4822256653130853
0.5120052925178482
0.5103055941779107
0.4739799366272575
0.48082818908744157
0.46378927781492235
0.4991917446308995
0.4756574555811379
0.5238982549470377
0.5004087282810701
0.49522814853324176
0.48757548537584716
0.5155052816766497
0.4776839509480957
0.4941302269853904
0.486612372626495
0.48094479231910875
0.5694623419747351
0.5577347656993947
0.5088126640049759
0.5252494201654537
0.5847908787175061
0.4786701583251358
0.4669640980367416
0.48139144051693783
0.46013646875484077
0.4933575098917862
0.4894908040463161
