0.32258494392005954
0.3427357459546027
0.34589830088774187
0.32947927851871767
0.33333950203967855
0.3533203174882062
0.35971624703092153
0.34344160522380535
0.35900268048699524
0.3940400991728078
0.34315311818494726
0.35791294167508947
0.3324665336738906
0.3779815062499684
0.3445534688341371
0.34146756826054075
0.3704318275527402
0.33478570714432915
0.3273124937878479
0.3118376984327593
0.3520553537057245
0.3960140506681483
0.8555083174721272
0.3251839531113428
0.3169274376663821
0.35165091921563935
0.3277983322989211
0.3385042137169754
0.3703110295684599
0.3252006968899396
0.35106962786785145
0.3281382189434805
0.985905471976374
0.35412269542006347
0.34173840808696276
0.3505822672995542
0.3466704699379901
0.3400140949970115
0.3780536018375186
0.3256282871834428
0.3418213625379936
0.3521544621955041
0.35417217500525117
0.3644423032402201
0.3751140124998438
0.3234979586269162
0.3379118601614676
0.3742733499999435
0.334321307448919
0.34348510968612356
0.3124842359363064
0.35244418756170737
0.31227248090025256
0.3759117248189625
0.35869067101846136
0.3435589255736549
0.30917985381377494
0.355959249999944
0.33759871318581475
0.8182521663423454
0.3669006881517892
0.341940085449989
0.31695881022029543
0.32080321253001404
0.3786331372853847
0.3661844225135268
0.3592096866493858
0.3579923523059937
0.4957395516338274
0.3359672758637716
0.38861257123666404
0.3449280749098982
0.3192299806980088
0.32092613506335327
0.3318011504484119
0.40666244120463446
0.37321554505839416
0.3401061333249676
0.3416410451161165
0.35780971864566946
0.34323440802345073
0.3531501917628922
0.3478091080786265
0.3539427928817528
0.34523565760544817
0.31872733571734935
0.3665924578907108
0.3936065999866779
0.32849898732985283
0.307410629459009
0.8375171571278128
0.375283948051079
0.33214695759590956
0.3600751752122893
0.3072063149259572
0.3440913668708031
0.3401602946875849
0.3293779277441178
0.3322302403795937
0.5120643485492355
0.35435744057991814
0.36376088185239686
0.39308960857351327
0.34660969309000345
0.34312850467345524
0.3224087332946334
0.398724899999944
0.31695794834883173
0.333801790469636
0.3644577629383544
0.36102969233948345
0.36246751560669316
0.33705936302604766
0.37688964999994384
0.3491916868499194
0.3628953947853146
0.3811610776622404
0.3143904383864151
0.8369586870550123
0.3251400221341103
0.34052826521888924
0.3862017121275518
0.3406591252533705
0.3202659607605921
0.3744211059373963
0.37451541824790185
0.3303985405173754
0.35036697212698953
0.3190781553084621
0.357590500433706
0.4010678666992815
0.35928392823373767
0.3232289441276964
0.32026634265687465
0.5114902952161945
0.33365804180821085
0.3704500527957748
0.3487789868462082
0.3128243509382623
0.4166214934597167
0.3267334363710447
0.3545773732963135
0.3356980281975156
0.3209768330640676
0.42286951430438546
0.3569031611924433
0.3584645697915668
0.33719700564718424
0.3440014107537666
0.3436186914027067
0.31916692737585917
0.34546364264270346
0.31579336277950104
0.33866042257122136
0.3491564351133463
0.35092768325945534
0.3431065835162847
0.380156726461504
0.3431248219323263
0.32208509420530673
0.3813617794765838
0.3158601976989293
0.3332036178608363
0.3168434983559049
0.34505406113214865
0.3918477243299447
0.32617406883839467
0.7932807957120943
0.32214974756282544
0.3780923604885073
0.3788145790480032
0.3749535014011632
0.3592940530178443
0.31275961346008996
0.30841004832399327
0.3671856258067388
0.8687932096792654
0.3279149495903167
0.32515062738619
0.3686948007718097
0.3593915902593313
0.3401955435054678
0.32498766928306533
0.3463924031434119
0.3394629979706188
0.34882197354156114
0.3113509645908662
0.32236142894105446
0.3253084985902043
0.3439621407804892
0.34158575279897957
0.40675166205012003
0.3375067233650073
0.3724339227610003
0.3231000910082141
0.34935323843320976
0.33748551552918427
0.3242951690031043
0.3224553382503571
0.35958386259179964
0.3174779159906037
0.3418856514825895
0.35100182234826943
0.35663234533480315
0.3500223117972052
0.3518980770171154
0.3278097996833427
0.3910071372894075
0.3931496475145538
0.3680511439433113
0.3502561057734809
0.3169365535252527
0.395465033259414
