0.30308262976359346
0.28586497216368073
0.29419258087185746
0.3139529259934435
0.29652958213565567
0.2823541456653226
0.2623593290294771
0.3035200090489356
0.3179025274521482
0.28825050648215716
0.30420887900023014
0.2860605270676179
0.3143600479744314
0.2571150521473658
0.30124166746464887
0.24870392143697148
0.3083502276569404
0.2756742264674161
0.29943403386067247
0.2972901590199042
0.3442682646872619
0.3046690093172425
0.3017235922039328
0.3036334292616047
0.29346258577183776
0.31699294409108186
0.30122628668691076
0.3390593304450424
0.3674704301483488
0.32419972908957023
0.31729361512008214
0.33996644415495036
0.35715990279836596
0.29190374691848875
0.32200900190623244
0.2928458247556852
0.2665296750269131
0.30929547447374717
0.3338577596508318
0.2813577041643678
0.31883401127310523
0.31765398210602297
0.32122079487947347
0.2951475197776623
0.2829586041200287
0.3196729523891341
0.2960292581049421
0.31053411873602893
0.31834322808335586
0.3179506905530399
0.2795105915349241
0.33339025565472574
0.3173163419069604
0.30380840701839157
0.3001784174261012
0.2901487113664656
0.2717246256573829
0.3054201812626003
0.29837659796764615
0.2823410859537939
0.3120647928483938
0.2736578723286008
0.361898418625618
0.32223246564912966
0.3385217778149555
0.3498626070974184
0.32124182297690096
0.34318937794502424
0.3083208732418034
0.32898279466631397
0.3221622791913401
0.2875995851688234
0.3038298582027543
0.29095127274037036
0.33120178944112255
0.35689503989699556
0.3013027840020386
0.3170377547998235
0.35700663367185437
0.3017596721839693
0.31979378383772006
0.31756955166082784
0.2832774016239826
0.30427144686372587
0.3333698598257662
0.31294720763156236
0.3013899243180151
0.29807429772945293
0.2974101670192727
0.2739614188361308
0.32829598633345325
0.3037460826864416
0.2823900808280762
0.3330390727014569
0.3162862882759871
0.3065027905582594
0.3013046018140438
0.30678099131417186
0.31559007454423693
0.28486345648252437
0.30176419436785806
0.28992101293163447
0.308272126316987
0.29911542841709393
0.2805102407979781
0.2857266268426445
0.2787542520411248
0.29133758429578616
0.29876012247070294
0.2779740287369336
0.36171973165170124
0.322415180113895
0.3328968721309682
0.31875609707927904
0.3206616960348099
0.29943080625386054
0.26463428865431454
0.311042985831556
0.29650013380362933
0.28639942225824333
0.3040767800245042
0.3838028314881377
0.3142468467336288
0.30674283853357764
0.3085966686505084
0.34185905329529476
0.3126098596784188
0.3009968957106378
0.34266803346735675
0.327408533699299
0.29349768516071284
0.3464349493761035
0.3267998074040063
0.32630020023092565
0.2895577649462978
0.3142935569430828
0.31927904046164046
0.26926880227877004
0.32330900865606205
0.3147851748565144
0.3133545386488142
0.3181302634395768
0.3150078609602674
0.2954923527080867
0.25485270756873163
0.32376604084063726
0.32066148356261803
0.30865957997127924
0.298368082001873
0.32327058801980035
0.31210257716492684
0.274308571708209
0.2873463363186782
0.28520238474528864
0.29064942023597573
0.2965416028699712
0.33139416555571627
0.3650865175432755
0.3292879423067277
0.33286030537162276
0.3025850213853564
0.30821294102947067
0.2909480542778897
0.32462270246107916
0.2919279171337434
0.32668668134713075
0.35211591970952266
0.3455270587684477
0.3235340300733578
0.3515455721121419
0.35732311559811847
0.3206294426246544
0.352351546443196
0.29619482213137444
0.29445531661552027
0.3191681679882274
0.3071294346199559
0.3431271398603134
0.3341816406393292
0.33189444842159727
0.27749018237241807
0.3181379361551187
0.3131810449744959
0.28965113787199187
0.32660785621086763
0.2999923850627516
0.3022947165374468
0.2883070193875338
0.313336797231678
0.2714861177768399
0.28527516967696254
0.3265944075190759
0.32655145646327577
0.32816437915447283
0.2916455250351249
0.3267388453675906
0.31393885665037835
0.2875425778247645
0.27712265447953666
0.34697264279130746
0.29156951381776425
0.29193230863977393
0.2838527054480277
0.303892271124902
0.34024985896608084
0.3189576021215654
0.33848137604771217
0.28819337040349835
0.3308458580247108
0.30829153394147846
0.28820197704780276
0.346607685796835
0.3053444745495705
0.30997018480788685
0.37448639854258164
0.3834382040267397
0.30016558555253686
0.3300523524975506
0.3410819121899628
0.3537805729065719
0.34274509324021624
0.315429538299581
0.30338925468415845
0.2906144493717878
0.328738746192133
0.32560618577946376
0.2915030812304473
0.3484232314801885
0.3157912755852365
0.388148442401966
0.3575446899933232
0.31578031233501946
0.3410929281815562
0.3110160698958608
0.33238172863634846
0.3330500411451344
0.339838392128614
0.33300310357928176
0.2695343126283981
0.2965601148022109
0.2996012642220747
0.3151716075494669
0.3213414030841052
0.3070214780912646
0.2499304648992447
0.2798055087532709
0.2816187768693397
0.2860382631205495
0.29124454443626796
0.2911004286409379
0.28944724853437265
0.3058814471675999
0.30302371987610177
0.2844469746740097
0.28579956273072654
0.3145825627186454
0.3033180932791635
0.29147541723990217
0.2805444976429562
0.2593758210729379
0.31628557806003066
0.2960698888503673
0.3200735710437637
0.3019961466368228
0.297296989611453
0.32200374489441547
0.31395211322786376
0.253536407164775
0.28417626229021986
0.3205640384747402
0.32861760295512576
0.30539161131340764
0.34219692455453
0.3330355259303137
0.30688321757448234
0.24788069627012083
0.29654737166091527
0.3007166514101787
0.29758353355709216
0.4278365262605557
0.3283828622540354
0.330960811229831
0.3051446161725408
0.3613787930861737
0.3482378857683288
0.32055402120415233
0.31635388060263
0.31907717843620587
0.2667986570474826
0.29601478343063703
0.3588459251374606
0.35022656262141305
0.3039320564138691
0.3274261285937455
0.2975823224820452
