0.3036722634761659
0.2885065735123055
0.31274097989776256
0.3124421961204384
0.31237622369910917
0.3472177949113315
0.32647121824661357
0.3173385739884374
0.3505127159880462
0.35116181869936
0.33437609125037826
0.29383061863747373
0.3771817211068853
0.344839204571783
0.38692906553356404
0.32288040397626183
0.34045889238698046
0.3731116473488784
0.33818770588650643
0.3860056106591977
0.33621597730828195
0.35509246451362003
0.3577464234873997
0.3268502576732262
0.31503867852509443
0.3285394936914598
0.3862517014407685
0.31215485283229744
0.3460812818643469
0.3224503982635936
0.3631845411832713
0.3110524414505524
0.2861472216006654
0.31080116954244263
0.3363936695276128
0.26360298475759364
0.30063416409237026
0.3651211590412167
0.26793410577487403
0.33693451954145426
0.35612137546050343
