0.28256176439810454
0.28896367767183884
0.2907824319344876
0.2663679370688061
0.26400358897815923
0.2916304687720079
0.29144375060923783
0.28590869958320897
0.28553373116526887
0.28242232867553174
0.2836963193537212
0.2838924844887779
0.2877432781955366
0.2937659662266783
0.26530418025513447
0.29172544797850114
0.3084318729125584
0.2955128608285159
0.2648925385661106
0.28661997248257387
0.2855783499133573
0.28761629679803713
0.2696286007303914
0.2715600810588815
0.31197011717555684
0.26282902362724103
0.27270236487351845
0.26427656226717167
0.28687166993413254
0.2842638822171547
0.2888076613434153
0.2927427341959169
0.29057995938482406
0.2705990953686516
0.26750011206199287
0.29185817297044625
0.2917047386511411
0.29216296461679125
0.2872294021418309
0.2841181620178037
0.2822163901716841
0.28621320489880275
0.2825103263318845
0.28677458965990216
0.27428973102552323
0.2953661895151547
0.2646744993816972
0.2922860442676379
0.30846521405796806
0.29381953504171276
0.27660537868724
0.2604633937535619
0.2846974389773801
0.2861700372874675
0.28538408608141264
0.2688536243928078
0.28340249597438033
0.3080313544401222
0.31013038191724995
0.2745079441677144
0.2757751585133015
0.28548309636776903
0.28390594159338745
0.28829203882305965
0.29155579622269456
0.2907576769340561
0.26839198512897766
0.2639016722732272
0.29393587854850906
0.2890757559937465
0.28985123507521204
0.28625036507786916
0.2877212650022132
0.28149473306928924
0.2814741844468841
0.28402864482071133
0.2851500227997832
0.2740899180477542
0.2974355533730852
0.2652214498993426
0.2947212653796356
0.26957617984135085
0.2717836178134106
0.2835587071698342
0.2851700677318092
0.2855661944406892
0.2658941125738876
0.271726317521533
0.3076304641227158
0.3117522833745947
0.2742811801850844
0.2705624541639479
0.2656693174759719
0.28673349312604746
0.2894151006780882
0.2921707009979523
0.27017509102133686
0.2625211363818559
0.2927267516008034
0.2920768177516294
0.29057211502173974
0.28700102185049803
0.28507835263906633
0.280969212706637
0.28380312278864206
0.2839766476695228
0.2742790662728546
0.2643765858557612
0.28892752088503615
0.3092191262109988
0.2944438098274843
0.26834148115994905
0.26154242385767634
0.2851441612275641
0.2861004729306396
0.28508526899684783
0.26872466012778606
0.280798011992593
0.30750033869340576
0.3103381968049503
0.27449075442260445
0.27487528984290954
0.26428636452431786
0.28587900248578485
0.285153359689977
0.29479344180709455
0.29403614670248074
0.2736689512810422
0.2736876605087088
0.29668713505017197
0.29542702831665946
0.29564034283206575
0.2881758647853955
0.2878573960799008
0.28698695387145023
0.28641788701394527
0.2864315715558755
0.2863496726673733
0.2759514088543875
0.29916854746475563
0.26972518193191164
0.29967147959322527
0.3102835960040782
0.2938679918239776
0.2740438120717662
0.29131410167449945
0.28710328932482176
0.2897483003377309
0.273073036070972
0.2814576738030399
0.3129325487545038
0.31464380170455464
0.27640886637672035
0.27202428702726483
0.26760621425158604
0.2886910376962638
0.2864816866667963
0.2925339950342851
0.29649062978596463
0.2939053168569636
0.267224496888703
0.2746797895770403
0.29262672329783135
0.29455441163585894
0.29747590314385
0.28636530037743013
0.2869971039669804
0.2846452940045815
0.28890383910161616
0.2761497879052145
0.2813687285516141
0.2886866965529924
0.3120964269046524
0.299585009084128
0.2774778947989968
0.2747296008739405
0.2919003514872017
0.2894756580344646
0.287445863030102
0.2859505937550939
0.31101967310869394
0.31638982072418154
0.2777193177017248
0.28078465423288324
0.29134549890255373
0.28737308827145447
0.29271914659078563
0.2939658396794527
0.26856212197707363
0.2684073330145179
0.2932338225882658
0.292342033257481
0.28924785025375555
0.28800712280786134
0.2959369352427184
0.2848051534895609
0.28762451024065583
0.28473052649895214
0.2776705782885377
0.30009516114620727
0.27080081199150663
0.29774549753917623
0.31134348203365014
0.29633979956323053
0.27887230644491134
0.2750227969071502
0.2879623105452216
0.28770012651228977
0.2896389327893528
0.2699757886535895
0.27816177724986124
0.3115081953829207
0.31316224148745164
0.27464470850515466
0.2855673702964988
0.2894555336733522
0.2863937355579264
0.29473960771557167
0.2939342693026511
0.2689081766058312
0.26535521275176516
0.2889020102395064
0.30039057465859187
0.287235334703428
0.3000437441721492
0.2857593128686452
0.28405775571293174
0.2873813838322239
0.2823702058620439
0.27572349596271667
0.29557316544142664
0.2738450916377486
0.28756429339506795
0.3012979623132722
0.27622811511775447
0.27167855420624376
0.29122005730921807
0.27423227680930806
0.3092940619830513
0.3127815293761025
0.2765949967245921
0.28167585692160996
0.2752948591334301
