0.25988078162028216
0.27158717858802195
0.28189535074144667
0.24946313433685588
0.2653377498157516
0.2622228516741961
0.27783634450885925
0.261679316618028
0.24453231283676982
0.26236054361532335
0.273609906558857
0.24668114811930716
0.26714526417371803
0.2922410087372732
0.2622578228320913
0.2633603179157328
0.239277551135389
0.2759008338415956
0.2643878214229807
0.26637805959671346
0.24436394911370732
0.24357765541453538
0.29251550480528765
0.2964179790504669
0.24673751531370058
0.24253165170336713
0.23762139271773908
0.26012024873532447
0.2605995491174598
0.2760714184712474
0.27208700377203665
0.28162537867622595
0.24445689826851896
0.23761066624838406
0.26521830720507245
0.262144089816868
0.27764243151478046
0.26179785410191825
0.24494028092339756
0.26118797282432116
0.2652154278959344
0.26216839790825097
0.24598599831551887
0.2752130018671921
0.24617264479996115
0.28101267784346606
0.2621485706307238
0.26271439534141156
0.2539736797213533
0.26699626998106396
0.2651654053617438
0.2656287679852911
0.24402232328589643
0.29255596728137095
0.296150500878005
0.2452469663915802
0.24052699225673319
0.23781817535319183
0.25975370938262055
0.261078472230426
0.2767128396415882
0.27188496936539863
0.2820212643717401
0.24158607753357603
0.23663778507709066
0.2642257346704793
0.26179769495860905
0.27751560775956796
0.26095119153722546
0.2442947600107576
0.2598973470863397
0.2624943173740472
0.2635360804534955
0.2613616629742218
0.24575758188658392
0.2725587685042371
0.24672978648289906
0.2673053567749967
0.2922167866463704
0.26259783266438275
0.26100121325099845
0.25281603258632357
0.27729530615343934
0.26449098848275393
0.2655972631215154
0.24492983889052283
0.24401567408785252
0.29240550842123675
0.2959288290841798
0.24488057843347327
0.2440939043400824
0.23687661657593795
0.2591053220827193
0.26050641655440804
0.27626412537029765
0.27205326346915915
0.2814380088608459
0.24570534636291397
0.2663434808564475
0.2620195017582478
0.2593203397238019
0.24468411246791533
0.2608943853155815
0.2627272068024881
0.2613138554360048
0.2708968847309208
0.24677089114416179
0.2676599060200268
0.28084574478565816
0.26299171579742614
0.2603415710659206
0.2529633815361737
0.2671732641820185
0.2652677098575656
0.26633733298614043
0.24411218380052077
0.24315460999011473
0.2963248273983851
0.24516644745508692
0.2417533502242566
0.23606012086302738
0.2601407471185602
0.28061114009287147
0.2749813945516716
0.2849141756930436
0.24226915179188135
0.2524994502357947
0.26862006686364576
0.2654497508456277
0.27888040436929873
0.26409490781016365
0.247836184296561
0.26494612103299653
0.26512472373942186
0.26601689570497156
0.264759076923764
0.24887786156368202
0.2774941344606048
0.2507050402356795
0.27246919564476035
0.2937834835701759
0.2649780713061317
0.2639517135589794
0.2568134364461676
0.26936087085450333
0.2679043460369446
0.27091562586546014
0.24541732714702028
0.29788457004425817
0.2998352059094634
0.2471437103415508
0.24368873519927592
0.24125921085780203
0.2624698925673306
0.26536580149800687
0.2801221626805118
0.2749429214442982
0.2855218658908023
0.2462452221073182
0.23869125007166547
0.26625814067274056
0.2646127761875234
0.279655814687642
0.26740165986629016
0.24884706827820846
0.2623101021954919
0.262239143566266
0.2765588926995883
0.26121387557975856
0.24857289320038
0.27372708531112067
0.25083439973857424
0.269443209869343
0.29314297136554945
0.2642424448581659
0.2651489219708866
0.257001261490934
0.280916065265777
0.24781538059796765
0.24857679175545688
0.2958212744435813
0.2616780995124895
0.24316953677618414
0.24075287948621069
0.26349429537812247
0.26341099664185874
0.2810694540434196
0.27447387810044166
0.28643297350988967
0.25581369761907036
0.25370203284652876
0.26853795066806685
0.26704181478400885
0.27995839053420674
0.2727933566838239
0.24874978697192535
0.2642847093512455
0.2670934333501573
0.26265562743529924
0.24894489638666975
0.27866783052473254
0.27636472790194316
0.29334124951499585
0.26398897436190777
0.2562009871064409
0.28062589124092363
0.2700494646325884
0.2438913148964967
0.2961108049097912
0.298900423738538
0.24678710399022802
0.2433936955153228
0.2428160914727287
0.2630521168443344
0.2649794748861864
0.2640299080532277
0.27288651733963676
0.2630836371632919
0.2547668003050772
0.2700089347048503
0.2642420441161288
0.28014024798195525
0.26488227200128656
0.2657877993050044
0.2666808862221993
0.27609151451706204
0.2616739601606556
0.27262227124872984
0.2519797954624291
0.27018564984870375
0.29317046616870746
0.2646566641413395
0.26474273108263885
0.25725015564962783
0.26879457349074143
0.2681162278920012
0.267376739151588
0.2629553455103514
0.24758790742574283
0.2949133743993802
0.2986606562594272
0.26181982506828655
0.24755143160521528
