0.26229347922370494
0.2798360515935371
0.2841939406486618
0.2857000385215698
0.2427427806578461
0.2574777034938139
0.2690264289651463
0.2773928852956294
0.2634016445932316
0.2651262527945857
0.2627769434759969
0.27438665288091546
0.26032175112762423
0.2631889126286731
0.2699901769693387
0.2934262389085307
0.2758633170006367
0.2612836441585069
0.2555586311716848
0.2785746761899895
0.27654921719990533
0.2780064069817939
0.259135576020197
0.2602125625305524
0.29612655832385004
0.2988823543978777
0.25909842216285295
0.24665524158545488
0.24117334963753106
0.26287759256967397
0.2630370898156121
0.2851323889008096
0.24796251860982366
0.2598706886353405
0.2680646476439448
0.27847099455228885
0.27727114932894126
0.26384191092802756
0.2665916403360845
0.27628432117999296
0.2676613965893637
0.24654575354024796
0.27756667996425055
0.2614250408846861
0.2717938131829035
0.29346834423589674
0.27587800741887647
0.26307735789581277
0.2787322134657155
0.2768527619225137
0.26673279991351123
0.2613570137503391
0.24648761484710008
0.29591916693428927
0.2988467286171186
0.2582048322426812
0.2453341122111309
0.23926592328705815
0.2630466432302315
0.2634198265780917
0.2794957254724725
0.28414237676849097
0.28529784474870923
0.24545780833828695
0.25444370200629945
0.26937759530766453
0.27706027386629006
0.2794207935760936
0.27615954935204984
0.26398072440300446
0.26408543329114026
0.2636545984279225
0.2667918217313023
0.24571435591437762
0.27590273010590827
0.29362881574314126
0.27633052092372273
0.2626651254661374
0.2789160199602823
0.26875389139377226
0.24686124022128036
0.2960572544604639
0.2985596013027172
0.25889548025625786
0.2576578673340544
0.24010594195748453
0.2637852855713596
0.26350998707246
0.2796065673288505
0.28374422023971896
0.2851531925645313
0.24460704505462705
0.25464677241492756
0.2700704288858639
0.27673842801830517
0.27992618418967086
0.27699429163467504
0.26449287076394645
0.2656416723984625
0.26293518807140964
0.2751367055004688
0.26779584019780434
0.2760015623570238
0.26140464338753355
0.270089968878929
0.2939533440100643
0.2765334207478306
0.2620103240453526
0.25523179733755513
0.27747828751306514
0.2774088251747937
0.2619122182904566
0.2610220868556968
0.29866315396511167
0.2594874845112286
0.24731357701101864
0.2396338940824284
0.26437884575566933
0.27626718927284444
0.28734682699465475
0.24846835666692574
0.2555120026246002
0.27177210801597235
0.28248402400932154
0.2773112065804044
0.2653595285991123
0.2678109602386606
0.2785922509065013
0.24915254102026535
0.2786797469433099
0.2665597077649731
0.2756339616556147
0.296432611186157
0.28196177748669826
0.26242975705197324
0.25758154079806017
0.28189256856141925
0.2803277239550037
0.28248206454533675
0.26415324075972024
0.24760316386002829
0.2994536944729006
0.301965906680169
0.24676232372528314
0.2480974555468609
0.2446265522153907
0.27788796011104094
0.2825300119283425
0.27574809907799724
0.2883970431005721
0.26086739781069046
0.2562566552037482
0.2697006389307665
0.282930582506796
0.2814442961085195
0.2680960482266956
0.26600402587913574
0.2662795629825252
0.27821758289314225
0.26790940040562905
0.26285803521464335
0.2778142440640288
0.2673061446085674
0.28327131000303063
0.2955892132926705
0.2678672934512396
0.2657185931777567
0.25936365675385353
0.283785998208715
0.27914851146815367
0.28013706655620635
0.2658206521459252
0.264799767949252
0.29822268101661986
0.30123381987512887
0.26346695535712356
0.24661726366736708
0.24262386683875004
0.26539971218892655
0.2675454798805224
0.2846640853824943
0.28659825681722395
0.28927269101680386
0.2575849714147556
0.25435720751063157
0.27080352671037217
0.27822285324407453
0.28209186252149826
0.27730050504461384
0.26774520645325417
0.26674107252397505
0.2678353523767828
0.2786968046726421
0.2659717111030435
0.2643414456029408
0.28065743068808313
0.268375184356
0.2761337940507007
0.2957688120938995
0.26977512069553905
0.2633699101986202
0.2590216722762092
0.28295925040755165
0.28137492638453093
0.2719570949316979
0.2656172325280459
0.2991422751242779
0.300327185369735
0.24395437247292476
0.24508990102815362
0.2758545633241366
0.2767323638917106
0.28330271957198616
0.2750338876881232
0.28918466154960154
0.2618292384854754
0.25628560197694406
0.2684434352098721
0.26813616124663736
0.2830065548813509
0.28115306662117806
0.2706742810859464
0.26619086537526326
0.266777071677918
0.2768879432440649
0.263669739928076
0.2488464121205547
0.27613574223393533
0.2662700614105262
0.2809853976162635
0.2955643325672688
0.2683282024525014
0.2633524001065545
0.2580998434398578
0.28373026680987656
0.27914052105511566
0.28243660506236007
0.263362986633367
0.2645582266680686
0.2980503771564766
0.30010692429690655
0.2639896533307139
0.24991794370466996
