1.6882837243199995
1.6685238454314362
1.5319411925949775
1.3992632154116686
1.6603169036915588
1.704441821826331
1.4164825607222946
1.7141371168406403
1.6877555987041852
1.7141213984093155
1.6729747442254075
1.6635471644434459
1.6768336323571953
1.6001104692147616
1.6726874901619664
1.7216720334301716
1.679422188515181
1.6823097300336118
1.5083462742003333
1.7181172787731935
1.416239735224301
1.723481287547754
1.493110285342079
1.743502107607069
1.8319026947478743
1.7200987960175502
1.7393590803913086
1.7589865880607094
1.7519897941141607
1.702419086071615
1.7471122023565426
1.7732386089294532
1.7468683424842317
2.2480629776119425
1.9741919645237451
1.7491344510146725
1.9178259671677251
1.9564785706247088
1.7451561750089404
1.9038945422331366
1.7460362407511651
1.5476805076166316
1.7697211770288608
1.5947171156566795
1.9261618268660607
1.6922612130816597
1.670031916415402
1.5390563180307855
1.5402779424715056
1.7339303213256265
1.5604346258378816
1.7040635999122316
1.6906146168223357
1.6976155171607048
1.6832859467680532
1.4249379229420471
1.668478225770005
1.676684122542826
1.677945489887438
1.715552955443378
1.494975058449725
1.6752904059393978
1.6880704405777613
1.4878840079153277
1.7231774097578363
1.4157095651298823
1.7269457893186269
1.4906873464867436
1.743695822702036
1.8314348646550611
1.7218238220289863
1.7473912249027441
1.790686575927582
1.7485229485218063
1.708048712000267
1.7443140144915004
1.7705605404363765
1.7458473753549901
2.2371471529826232
1.9763576622531387
1.747988131073344
1.9191138450332121
2.0373300426639087
1.741217807501854
1.917199254094133
1.7479518020457552
1.5093044103854056
1.7704123507244465
1.703688525169804
1.9260357418268887
1.649429994696858
1.5327442577944188
1.6610203371351488
1.6800150675590588
1.5557533551670106
1.677605092916396
1.6877575670263474
1.6825589126180451
1.6762089092320953
1.4552247145926878
1.6685235324015624
1.677468444135218
1.5952626251640634
1.6740231801529355
1.7219931323996605
1.5007315271026611
1.6864811487064835
1.512399931953505
1.7159436625941193
1.4168387384448013
1.718201185247331
1.8320216848513682
1.7239391952356033
1.7391996240527243
1.9134441810679155
1.709269175565673
1.7474930033455278
1.769716920707846
1.7439996353515437
2.2427063092422577
1.9723024548761416
1.7640034413482089
1.9227132900817785
1.9519271626454016
1.7455133116983088
1.9050299016370098
1.745465180044068
1.5487747811465877
1.7708319492138185
1.5930111023743507
1.9262695351415084
1.7190380318875134
1.7313263552426912
1.6565339682750393
1.6655986863778935
1.7437370235085285
1.690642740024222
1.7068404279077698
1.7286907586979074
1.4501871485629747
1.6830130908140963
1.6944374021124329
1.6986232654024573
1.7299171357100538
1.5939585522317605
1.725499883229959
1.7114812753005253
1.5007262976532962
1.7366807813050185
1.4323214835048044
1.7323631822669816
1.6164955443558031
1.7512092400959152
1.8670877617102009
1.7675017521940894
1.7652260764664152
1.7664843168133506
1.7687328577196937
1.76062591788051
1.7857929153942282
1.7657352675111162
2.078694020234035
1.8830850788215276
1.9023342956414246
2.0541862387109813
1.7576961087883696
1.925257756445999
1.7594383273651073
1.775726547607214
1.786556055263036
1.7088934357363894
1.9490919554267012
1.7034556922465312
1.6838124412272042
1.6630723439693473
1.5235299209071156
1.7300483328942224
1.7657576836889481
1.6856212203043084
1.7268698272209546
1.712109763023518
1.7389037250518555
1.7150708453613928
1.4496605862734218
1.6849916885665979
1.7545965899666691
1.7299371533742693
1.7336176176518032
1.6060974161861203
1.723440602629732
1.5068290458438707
1.7348640669321251
1.530046175485735
1.746352299313616
1.6139319986025769
1.8597255204569694
1.771731686625607
1.9293237881411973
1.768009679197489
1.758311111639518
1.7561482419840608
1.7855394769497197
1.7640926700311268
2.2535265556801827
1.9932807214230268
1.7817018697334734
1.928879899163679
2.0568654777095303
1.752426671468259
2.0105214090373362
1.7602400180137652
1.6388110442381154
1.7833481070635764
1.7163805377668857
1.9482526528976405
1.730388346927389
1.6592839136956445
1.666168464451117
1.7038851403646693
1.7323154130806193
1.679469471189784
1.7098102272606992
1.829944888626541
1.722189430804617
1.4542739726300373
1.6803465939168956
1.696916087312892
1.718119191549745
1.6992577691140536
1.731484182199151
1.604120936758801
1.7104809280009363
1.540303317393844
1.7550246577342246
1.870813065169066
1.7626616561695643
1.7605402450632899
1.9448324804356851
1.7702239054026787
1.7619391655801704
1.7595988177666848
1.7925477986939287
1.764806196609439
2.260669540157436
2.081438331459966
1.8944676667641214
1.9034182564880835
2.053072154137303
1.756287384440371
2.0136764933154434
1.7616842665897294
1.782567196474912
1.7847100778273004
1.7073844276538592
1.954781285033621
1.6970811746575851
1.5289260226998143
1.7228068589962173
1.7632088256641136
1.5466390247154636
1.72806703159777
1.776980213204515
1.739372716874881
1.7083178800203884
1.4460220754567419
1.6882864238265796
1.6816840900657066
1.724159069791853
1.7395078802636854
1.733361635725958
1.6005342872893793
1.5044339773813526
1.7377935151801553
1.5384229887295315
1.7424985068752155
1.6153547183855066
1.7552857981969778
1.916596848648637
1.7656130097731315
1.7727558976959972
1.9482768047006238
1.7742488963416463
1.7576416011418736
1.7579179831824698
1.7873184605383674
1.7665440977135611
2.364051346890778
2.081616737709145
1.7879059995571513
1.933678340065343
2.058183254612968
2.00966574495184
1.764685449733443
1.776812676662768
1.786847185791334
1.718623380855965
