0.4592829118095653
0.41507364976831096
0.4288196113358065
0.42943149600576624
0.41697407105743356
0.3958258536615721
0.43335249499763717
0.4553118136115518
0.4250850366606299
0.4467423286156632
0.416884059090057
0.3966299134921222
0.42258655252707944
0.41157597951693703
0.4152806774847151
0.3578036563120598
0.46425030323737776
0.3716963599861972
0.4132453787154245
0.4633907877790493
0.3979222349000218
0.41189798049016263
0.41384174585372785
0.4087409174194529
0.43964018797509896
0.362601315078878
0.4251991123723352
0.4473131689080636
