1.6556932329556346
1.674685097471629
1.5387847736980467
1.4046837001467503
1.6647814255631157
1.719207594333932
1.571339084605693
1.704510931552653
1.6916098258829273
1.6815177664691388
1.6775919277059432
1.4212392543394199
1.6761219740872577
1.6052405621943129
1.674702915816158
1.714110748311953
1.4941708162636491
1.6751066484382446
1.6881181089337063
1.4924942139427069
1.7246422246185122
1.414541200536051
1.7309940950956537
1.4939255454686022
1.745307394079419
1.7218568650283985
1.743019858282832
1.7627549474781556
1.7492091449780616
1.710411565205982
1.7691777534328654
1.7464689582792896
1.7491389342925097
1.9152217251922687
1.9555201014477401
1.7426950818768956
1.916051838654501
1.7440248711764932
1.5113091132456544
1.7703486035405394
1.5879017309115906
