0.5777305804090462
0.5940777081696763
0.5991672171681535
0.5422696761257796
0.5313958065025635
0.5925107701138723
0.5948120737495823
0.5862548758448719
0.5819388362841167
0.5754304688001348
0.5795562757366588
0.5803030102727128
0.5857433657182652
0.6047839546539163
0.5430901346972825
0.5962912475998194
0.6406634048879196
0.6046528140084514
0.5417502055430918
0.5860549479823874
0.5857219371466491
0.5879814690790042
0.5483444151204859
0.5573720311078859
0.6492185169399152
0.5373166410044697
0.5567774528624837
0.5383892679754276
0.5862078168703724
0.5808941904295708
0.5931494013115363
0.6030227959455238
0.5986609880633342
0.5508083918322515
0.5389256052664393
0.5957689997885716
0.5929191186196715
0.5963961891511713
0.5884644756259427
0.5792994027876557
0.5754686375946372
0.5848350999086408
0.5776338322983026
0.5840710872097561
0.5571848005767563
0.6075035691007609
0.5417743911673705
0.597218613935288
0.6399347652732579
0.601038964799046
0.5610950468453513
0.5289937979333205
0.5817457335874057
0.5871092226487757
0.5831630906089926
0.5471460069644501
0.5776107884950652
0.639025728732992
0.6446283792902433
0.5563168008354034
0.5623507507612673
0.5832869868878812
0.5800447077258848
0.5925686092059352
0.6011744542350544
0.5986387394528246
0.5468093555623458
0.5332454755851628
0.5988284189307362
0.588605141352958
0.5919136273707408
0.5863770101797428
0.5865640124142448
0.5742878101677362
0.5752092741562375
0.5805641152567553
0.5817491304775225
0.5566270068399977
0.610401366446233
0.5426723645839562
0.603201769522506
0.5502633096436429
0.5493922550099312
0.5804331512683254
0.5850212168901863
0.583531515569224
0.5413102471339091
0.557094028116869
0.6384085299319006
0.6489458009758748
0.5570878603701688
0.5515791801745263
0.5408307536740427
0.5858483351625341
0.5944169597736608
0.6014366646860629
0.5503869966256825
0.5301771346646084
0.5964354015820486
0.5944173635192631
0.5933401865987378
0.5881446500745144
0.580903032187325
0.5735396086729352
0.5795052634749855
0.5804911349690782
0.5566720047544671
0.5410470086721619
0.5909877004799657
0.6408378948875899
0.6017171810404403
0.5476499627647758
0.5319632151554492
0.5832280753689829
0.5872391405050761
0.582376448172514
0.5475609968206261
0.5719128626973893
0.6379868401454611
0.6457897803908028
0.5566188338452088
0.5604817150273409
0.5375120115833762
0.5840824149433562
0.5844663414552534
0.6084257449416166
0.6073881730780972
0.5584565495857591
0.5506347901910436
0.6070995543185193
0.6036370767151826
0.6065973002574812
0.5919135458293354
0.5880578520847433
0.586911097320832
0.5871039600094523
0.5873729930613849
0.5852716461241072
0.5627358794710908
0.6171034567521971
0.5539171631083555
0.6152591724302598
0.6452667661663841
0.6033833602472731
0.555271842227334
0.5984066654058092
0.5908436854833833
0.5938255278674994
0.5582265480613176
0.5744988925644338
0.6506967095259146
0.6560168609837752
0.56207892650343
0.555755282177463
0.5474579808817805
0.5913675252959879
0.5870392442523324
0.6029437581115913
0.6117785863478155
0.6074735894061507
0.5465052743411697
0.5522670025472063
0.5978428358489786
0.604465783933966
0.6094234216142103
0.5852698058938488
0.5878358500578057
0.5836983929887889
0.5898408563563938
0.5624240173500454
0.5738457140633897
0.5927075559145678
0.6491920711101071
0.6150006354353885
0.5634031890418425
0.5576544969750038
0.5986810442057522
0.5958206728949111
0.5884701562683814
0.5842331406525608
0.646703484060202
0.6588620204783372
0.5645887666534533
0.5701240147453845
0.5964005525307499
0.5884555371991471
0.6032294292989633
0.6070706811038085
0.5474757963979033
0.5441190760049238
0.6010792464135775
0.59940611199344
0.5946166082789367
0.5912489176623534
0.6047069392542712
0.582612967509583
0.5901707642411876
0.5843539880609215
0.5656020946846103
0.619467357852146
0.5561763642626955
0.6121069995042214
0.6473728971903369
0.6082985773209142
0.5665561172035638
0.5577629288915029
0.591849346407809
0.5913810069586551
0.5944808608867663
0.5532198381922678
0.5666420785513753
0.6482262635054589
0.6522194262923583
0.5584181920103019
0.5813406045555899
0.5925034756585316
0.5871515299751355
0.6062649725099092
0.6064585357127834
0.5507156151846074
0.5368210262924669
0.59123996522112
0.6126731666740715
0.5896661742119824
0.6139108187880913
0.5841428132446405
0.5812137928755248
0.5891002708341693
0.5760776080302108
0.561229027088971
0.6079337762657644
0.561442399088258
0.5892840402191075
0.6174069388332559
0.5609826287531968
0.549919198014783
0.5966849361527449
0.5596603027579234
0.6424029452122811
0.651395736632533
0.5621078871991952
0.5753811543116092
0.5641729320875013
