0.706732084933781
0.6294761537366134
0.6686368983319608
0.6541099025643677
0.644006386391555
0.6077139428097666
0.5833636449523087
0.666728934227026
0.6820683865075851
0.6882802611833326
0.6093467150282699
0.6165121472198128
0.6703206495222765
0.6629353502293838
0.712156604072021
0.6734126525157211
0.6203571638964314
0.6352284494052916
0.5790548356164642
0.7003912614731166
0.6210506821323869
0.6912972414041576
0.619432118031493
0.65805788971107
0.6261635781639214
0.6772130351463286
0.7431600224235231
0.6162665374791766
0.6662067596389143
0.5536536166592556
0.5958360107423899
0.6292208647146309
0.7956337915563731
0.7527270152761668
0.642908611567081
0.6845309533644625
0.634017370260862
0.7485999911512358
0.6313325057355316
0.6478268546611405
0.6528071817258053
0.6132718980771849
0.626617303706506
0.6766802584641632
0.710725488824068
0.6367447005651683
0.7321217517769963
0.7088212942019857
0.6668334380975123
0.5512508321235599
0.622250806298765
0.6602738952774891
0.6731285039718674
0.5888393107012373
0.7739029603968178
0.6559418573595612
0.6505119773648773
0.6238294041928117
0.5803939386956043
0.7515121149505105
0.5979709009415533
0.7009693611852035
0.6549464101024566
0.5934063975321412
0.5550198193990518
0.6595493525381588
0.6429073573386673
0.691481366331731
0.704685121308938
0.664008830635806
0.6960374452951821
0.6732000246767971
0.7031145479314893
0.6297809163281051
0.6516042736280824
0.6703321360103498
0.6205330761390857
0.7357039916178991
0.5834071905183833
0.730863968541071
0.5687872565827077
0.7027542790300483
0.5747702367700688
0.6877224211104072
0.7201332638677507
0.5749135844873432
0.7016230554768241
0.604966726952389
0.6292965405253951
0.5850772340986133
0.6836558271599507
0.6554246431919851
0.7247637251554325
0.5674660997810843
0.6729850715660199
0.6588579380920712
0.6274237905609226
0.5659936137212599
0.6386736241194729
0.7412597732050015
0.7080757151723959
0.6773702191981661
0.6739560599082599
0.6843331606032164
0.6251089183480567
0.622833057396113
0.6434615363638494
0.6540816374389152
0.6874946092881964
0.7453441017482362
0.5389681910534612
0.6636390630475606
0.7082560456425349
0.6619280651512953
0.7667596784330406
0.7310821796288471
0.6561494310071873
0.6031396148025289
0.6174316668533624
0.6174056820922085
0.7039618409573724
0.6539000332964835
0.6627287566649962
0.6444117615624936
0.6218211112274611
0.7097575559094795
0.5677974129384084
0.7314246741661751
0.590256399187274
0.6460857186715768
0.6851048398371284
0.6072806870173862
0.6676059454245746
0.5847880459019408
0.7749893785103867
0.6872863733622394
0.7535472603452992
0.6497229182401593
0.6774952137310893
0.7017492070025606
0.6350949245134814
0.7697804896187994
0.6183045988243386
0.626717955736975
0.6287443268697782
0.6329241552032547
0.5827156305179786
0.6202819814746879
0.6579261948429749
0.670876944463229
0.5655886870204206
0.7655935517543474
0.5738216881204622
0.5349456601227117
0.6270631092685419
0.5533753268287123
0.5877791381453773
0.6363342115821635
0.5740170405339636
0.601792736850442
0.6396018095163042
0.6215013343180665
0.66010922626841
0.584650814544451
0.6611417024323325
0.6967465301551383
0.7241750246153273
0.5618179593175543
0.6344410602082077
0.6599654194006589
0.6203232700972847
0.5943714778107034
0.5530758782074923
0.7236198340523806
0.6240485370352573
0.7221302406889379
0.7188350188641361
0.5543183174959337
0.5789415802662908
0.5527461919278381
0.7261236661703496
0.6624025833532279
0.6599206531471038
0.6430777170655533
0.6447648018295974
0.6676174122505111
0.5564320646817253
0.6808023596214638
0.6495674580891291
0.5793472025765278
0.6324698095961694
0.6275784912262474
0.7216370444280431
0.6050262309660552
0.5600092786905704
0.6466568409835711
0.6708501423231874
0.6593214968892261
0.6386162737212565
0.5463346436045298
0.6215590941782311
0.6899079959173713
0.6608261378669018
0.6873996516085845
0.6219375159174293
0.6260941951242887
0.6244069362762535
