1.4434641890670117
1.4364772351270887
1.564628618784325
1.5769127334830955
1.6958938061153086
1.5954402313531229
1.6885471844802085
1.4339212897699856
1.586941688034442
1.5687397555111686
1.5723588970245588
1.5727926057098434
1.4518450414142217
1.5692683639072023
1.5737131418111847
1.5696349910932674
1.5745220801855866
1.4307238989676565
1.4381831886249143
1.571710900603984
1.5602540721208455
1.5937578344445376
1.5643648897047768
1.5651209358978169
1.5743770540179816
1.569473923862127
1.5811436279506998
1.417609690200623
1.4787047689251862
1.673165290757424
1.435638084715061
1.43388144608341
1.4396982539931211
1.5739830142547766
1.7141625468852382
1.5733352233957385
1.5582586612618676
1.6707746046027159
1.4367519570099945
1.592322626778448
1.579846137350171
1.6126893834936467
1.6946169355598928
1.5835637388126866
1.4518223473177163
1.581968655103735
1.5806002977917772
1.5703544442777895
1.572471208613198
1.4356976862609283
1.5524917916187908
1.4409127260085568
1.5713614787351833
1.6826847438446426
1.5611047587355404
1.5826531001539585
1.5767424791510947
1.6119044928259405
1.5733649157016483
1.574044993254054
1.4339782730401645
1.6719335462692213
1.6784056920938324
1.4155123639452165
1.4440465056317235
1.4315341445953655
1.570817980137239
1.5813210892818617
1.7156725135897157
1.5584474289536696
1.6768826864904338
1.4426348829453133
1.435057525735363
1.5784338377939444
1.581033408850035
1.6687176698725872
1.6133924848770167
1.5777296792738111
1.4344084960636723
1.5791597304283225
1.5913493965415575
1.6853647308777968
1.5744617628914743
1.4195072805350109
1.5897091102784167
1.431574412073628
1.576761429892871
1.4421386513118968
1.691791957214715
1.579974589397969
1.5618282207412584
1.5696177144142882
1.7194932544114794
1.4422913918528344
1.4786793366359543
1.6841790738013238
1.613704168542759
1.5761389476555112
1.5645250950357248
1.4480958988872576
1.446941166162401
1.5839744897861723
1.585022353390388
1.6832499428257746
1.6105584217792008
1.7005017021389381
1.5953323149224528
1.6846077637538452
1.5557170142243273
1.564313231381853
1.5629549425368752
1.6690814355088215
1.700983803727275
1.41090028632959
1.575229157703378
1.5634093181565347
1.5719834647283488
1.580038408397001
1.4416311162329092
1.6124342396966866
1.5972206632777093
1.6764026197629625
1.5765202407819288
1.5749359858019554
1.6913367103434243
1.576563000705391
1.5983778568095948
1.4348960212725386
1.6866528054553547
1.6875702144957978
1.429543222709813
1.4682009836218635
1.436514561497678
1.5781781693824413
1.576159502635584
1.4427829633702358
1.5351354173316558
1.5910297230748545
1.5904270936781035
1.5952703374323567
1.579207736025677
1.559509766250936
1.6800864775094553
1.5723580982633918
1.588533111464243
1.683675715483002
1.5734835374118412
1.6670108310493148
1.563522371967735
1.5912170359608615
1.4591467321078262
1.5733545128749102
1.6871995257755212
1.610909876030699
1.5736946331237118
1.5900377300141004
1.567515703073364
1.5668628675153227
1.5751673474092336
1.5697574253678575
1.5609239895181792
1.449820991936544
1.678694682517074
1.6805317686833934
1.5694772771952943
1.5630189547418247
1.4362153249383864
1.4386772371013323
1.466921532872135
1.6809383397494175
1.7047408985345143
1.4686864546993932
1.4657906160412812
1.449482641704214
1.5803863164472518
1.573553992470856
1.6760254500385585
1.57282244478181
1.6660115150259818
1.4502259559656556
1.5717466325820333
1.431226578545191
1.584162586877301
1.577365671425269
1.6960930719425826
1.5759024710834724
1.4425792794550671
1.5911624265011082
1.5661088348941425
1.573379064980279
1.684680063518129
1.448917400189994
1.5794431719583568
1.4454385982664109
1.5770006542510533
1.5508815118045818
1.5598905465821158
1.5850551915158615
1.5700658063336086
1.5647315757838158
1.5916026826584049
1.4353697429065708
1.7143105218115946
1.6727821066022786
1.444178291914657
1.4281405915861431
1.438303570082789
1.5872298381753118
1.6124321850528238
1.5792787002823043
1.7138535342739978
1.5731583804342713
1.684001015080061
1.44981822781355
1.4330132812594305
1.5745106499977946
1.5860059210806883
1.6872126777540775
1.569821613690312
1.4361027371640485
1.565123609972629
1.5809254663802754
1.5697286884499757
1.590814018579786
1.5818829029257047
1.4420284954354334
1.5765614605478218
1.4512191740978029
1.571853127147594
1.681179170100782
1.574246561743733
1.575494374869605
1.6110305255957498
1.6059397147823118
1.6874127810440298
1.5917091663441607
1.6178673682881461
1.435034021781809
1.4298816724607113
1.6765653626191472
1.6656961061628839
1.441766802307954
1.6789312667009535
