0.2288961038961039
0.28360517435320587
0.2098331629364369
0.22786016905444123
0.26882896015549074
0.3650990099009901
0.3183515388601036
0.24734019838056678
0.19460735371399696
0.26146055437100213
0.235506260206859
0.27440000924702773
0.2306
0.2952538045178106
0.22610736639383727
0.3110660324566312
0.38023166541117387
0.20126124364489636
0.2337526205450734
0.4038360989522701
0.23973075906302288
0.19901787530091478
0.2945736666666667
0.35978159701492535
0.3276608966365874
0.3068181818181818
0.28900613793103447
0.40758384146341464
0.29036258626135014
0.31214080459770116
0.3229095759917568
0.24965003683737647
0.2523407863042899
0.3396267150718435
0.26331425825627475
0.22752280680570802
0.31428716199114115
0.21883154112848402
0.2927272138905962
0.31349258558558557
0.2711876272843179
