0.2706289978678038
0.22075471698113208
0.30641951383577054
0.19486037554164662
0.24503230429799425
0.32500000000000007
0.3149784482758621
0.22221296631344115
0.2043084522502744
0.35991885842193616
0.24898081534772185
0.21101019999999998
0.45775961782178215
0.3133502552704303
0.38574648712931825
0.5169753977401129
0.22449266837234622
0.3635371850030732
0.359635454054054
0.5635331781140862
0.3522727272727273
0.4848164746268656
0.3618534482758621
0.19397889328558643
0.2075746595089071
0.34013529158405403
0.30674252911177224
0.2821479282798834
0.14883973668519454
0.3311296166446499
0.39163756994818655
0.24471886630727765
0.3804872139458573
0.18924557403127126
0.37426043678516224
0.23590995708502022
0.21201298701298701
0.5336509146341464
0.16052603856081346
0.3477360481320591
0.2405351648612946
