1.5956775874350255
1.5390931469598839
1.5164742333557328
1.6148188115097541
1.5763984277834324
1.547699529642145
1.472938281426254
1.5903962715548423
1.4850551317099447
1.4921510168759062
1.559728657030881
1.662496947599223
1.4325210226928335
1.4871174030857133
1.5012245755115645
1.6029926741474925
1.5556018029400847
1.513503373223073
1.5066685496713017
1.7423133551853458
1.5940568420540093
1.5438193431323752
1.6776300378680389
1.5407240524881338
1.497013149040882
1.6294374339936415
1.6280389985886943
1.608741278884729
