1.4046252016713296
1.2611359235413175
1.4185714836327512
1.3898212510353354
1.4290715883161986
1.3629574072246742
1.2099994437128445
1.481883556757359
1.2756838982173955
1.343040776083363
1.3813122159960645
1.3061369953183992
1.4348542489825764
1.1816233414362993
1.3907799900150715
1.1135447457712322
1.3714525018839359
1.2273064035248649
1.4697393714756686
1.326735555163109
1.462787670801109
1.4806449471047143
1.41959217520767
1.4699223945352062
1.2856699553543807
1.4438299834898323
1.3959711719870436
1.4014235088641638
1.6853431255558942
1.4900703729114158
1.4677666181755145
1.587792207182203
1.6660341981428866
1.385323290624065
1.4349229609270544
1.4133613185866736
1.2026679746349758
1.4949946232457278
1.4583596883911543
1.231709897934704
1.601734596342248
1.3743005804812072
1.4040262541299329
1.4490170349614924
1.3606428937596613
1.4684703632642215
1.4748290564968594
1.4996221917946961
1.3920451210852607
1.4146352231245276
1.207118665705558
1.4324992380180923
1.3300124822627029
1.3975027728309313
1.3661855083155399
1.3590703707039022
1.2875111649116686
1.4977097307024918
1.368372413791172
1.3009615368482996
1.5189010431663519
1.1881391952832054
1.50854004270232
1.387634627594261
1.3950501944421663
1.4633112047886427
1.4602917254515124
1.392792310369836
1.514533237909109
1.425728411581145
1.3876964486121788
1.4993106955097701
1.316681639580689
1.3957448776000938
1.5181597464143655
1.4846243656153577
1.3991090821962164
1.449173046696802
1.6530976733457368
1.389483639291563
1.4428002998144651
1.365116648996771
1.4400152569528752
1.3781552787673088
1.3082306115084643
1.521201200166455
1.2995004925867792
1.3718705401654152
1.3359081892740279
1.3079286808180204
1.3740386967269713
1.3840277618262535
1.514471018421373
1.2801780010258923
1.4128595057749083
1.4928729686635254
1.4195136377024147
1.389947855707812
1.4523612859317256
1.1920237012135624
1.4156780451009148
1.3350981619665183
1.435797873582684
1.3864767589457918
1.2825383094937342
1.4591670619213137
1.1777771485352135
1.3234602879463013
1.4031406177662846
1.4059700501153864
1.627055810388681
1.3201941223594513
1.563881427741642
1.3763983506215376
1.4439329677863852
1.4350419867970823
1.2911472482265187
1.2949329511388779
1.3400409962872268
1.36235072900256
1.4427980143937018
1.6992146370568937
1.6612637217171582
1.4857643926779485
1.715422600896643
1.5759833962543932
1.3486010899715712
1.3137878771568876
1.6432575838719736
1.4952021347968234
1.3099054331010107
1.5305476848435466
1.4239405123102853
1.6096876260033564
1.4743157245713707
1.3659371286538018
1.3619235067729711
1.157483479594988
1.37222295067549
1.4230967765648797
1.3685836502480888
1.5443260384330713
1.608804101054481
1.3104587960051883
1.3007981843681216
1.5169515091036339
1.343507401697033
1.3268243162611162
1.4195208325442263
1.5453800756847136
1.347220312151015
1.3300754521858669
1.4896449601223893
1.2939007883501796
1.2519290027658774
1.3905901833235295
1.541076091294939
1.5991836277424236
1.4629315577117517
1.4224590177460916
1.3443854673935822
1.3800074245453553
1.3402959344709202
1.4067449522652888
1.3797166540842003
1.4258791398138329
1.729000871333491
1.668521692553048
1.5629980199041495
1.4384873588683054
1.5625776557432425
1.38640015269977
1.5765815740950393
1.5053587695599622
1.3759533030510585
1.4628818637365135
1.4755118276223422
1.4084165275143017
1.5820830404272597
1.4152316497948108
1.264988587050012
1.3539245517488498
1.3205569186951678
1.3155263811356441
1.4177986906851983
1.3152904003698729
1.4978138382528845
1.3938193938746575
1.5518735064366551
1.2041804909508365
1.3156566394934905
1.3588730023376554
1.4533687515691351
1.4675411738585686
1.468064194504246
1.5069046897781755
1.4670764873697373
1.2178769699916616
1.2362904313636407
1.4100457278285496
1.3078155115112962
1.4259298178159958
1.2849798939883286
1.4602529376150246
1.5018846275830606
1.300763598278966
1.4226706877255373
1.4310212688963044
1.4157932532698754
1.3893876149750426
1.3360820718368986
1.5911736973945316
1.3679336738272563
1.3800063714579625
1.8837457604853287
1.6605609811834512
1.480109969276112
1.4155451284125067
1.5507026758547269
1.6238210817182115
1.684066374051522
1.433741883520221
1.380075995210794
1.3461290315975383
1.277401809466284
1.4733541166829056
1.4779148126777362
1.4935904884841174
1.5346975760379529
1.7420393219482022
1.6138953667729075
1.4273322543045839
1.4975223027434048
1.3213580123103754
1.5957156852767946
1.4011875452159253
1.5048815471541312
1.4474193516342484
1.1627034707094392
1.5033932724608436
1.219560288924705
1.5960584319944784
1.4324127744083106
1.3047322384178235
1.2272706903580684
1.282800208892218
1.2231439053807978
1.4565758525800407
1.2182140649776945
1.3320122987390959
1.428998053650011
1.4130494313042967
1.386389198139736
1.1397647628355563
1.4506770840769447
1.3692228519934777
1.3456399504649164
1.2772110137046555
1.3694765018584683
1.302731273374872
1.3725735456349568
1.4741780916188918
1.180268600644437
1.3902299665318005
1.4898474744250396
1.1801456774459482
1.4435574869654
1.1880113956691725
1.279562658108679
1.4597321118329596
1.389350963753727
1.418551077647206
1.3106968538619252
1.6337914157678224
1.3985163308514048
1.192369184367947
1.4359450323358947
1.3108997802220503
1.3636834905951836
1.659958614542262
1.4830587815759773
1.5097500314221652
1.4640047558548834
1.5930168424275388
1.2898066800896302
1.5774090040075515
1.6496763627624151
1.3771185509786967
1.2776152045505689
1.512380944178854
1.400995873114916
1.4776851375775428
1.5017178976357735
1.387506033141042
1.4914271018978875
1.401029516904596
