0.3583147231272076
0.35271696356098226
0.3480163254700477
0.36812664453974286
0.395891524946997
0.3892110176380857
0.3850058983186081
0.3495368738627309
0.37255630971244075
0.35772299820770914
0.35711433078610566
0.3623921298580833
0.36810054869424913
0.35624137389725785
0.3623089924676468
0.3555307999999937
0.3631138889570684
0.3383299554661434
0.35485589944997065
0.3598641788580247
0.34539804972675225
0.3858950652216003
0.3460043064261161
0.35007220470685196
0.3639613164892167
0.355491704159545
0.3694724134733085
0.3284900057317253
0.40500632438008843
0.3626675118899164
0.35020126022145626
0.34834970292654566
0.3523756735764676
0.36311476214648497
0.42031707029493137
0.36118378209300117
0.34324636795860897
0.36500612482482064
0.3498869721612013
0.3889175464754898
0.36740826164874646
0.41432285942438607
0.39386848319937373
0.3746894082052924
0.36974634927796746
0.3745132010801367
0.3673173350314145
0.36021516884949795
0.3632184663086572
0.34495722499999837
0.33450442297409455
0.3609413072487902
0.35553079999999354
0.377076960703261
0.3451716127412052
0.371843595685925
0.3668903924605702
0.4154766154476658
0.35990007718726225
0.36271216655151073
0.34705073940436837
0.36075064397865453
0.3714538504260852
0.3250626963043801
0.3586599736737164
0.3457246407674709
0.3555307999999936
0.3690254929677589
0.41807720386862013
0.3436224611112383
0.3707498498062632
0.3607552866288751
0.3487336685726562
0.36785289661269843
0.3673867505888847
0.3579305536816858
0.41428241651974185
0.36784145604755136
0.3453073249999859
0.3679410127740808
0.3819726733561091
0.37856908806530465
0.362288220792233
0.3302011894516541
0.38145076027285774
0.3384167146987146
0.36662276704860064
0.35510743489188135
0.39336659325224943
0.37152582379583887
0.34759514248787726
0.3547769385934587
0.4280725015484481
0.35491058913416335
0.40606441058017195
0.3811905707357316
0.4142956202443837
0.3657173570643469
0.3465011999715717
0.3661064766499289
0.3601163544330367
0.3755619963288206
0.3779891736201657
0.3792615543518789
0.40736204249064445
0.39843055537345934
0.38700002793878474
0.38038956810096547
0.33937404359968626
0.350787761814061
0.34283015554930873
0.3581384868890954
0.401351489598453
0.32054239728964395
0.3604055334134223
0.3430056370612152
0.3596945783210105
0.3713544470460516
0.36149586482352136
0.41444308609607305
0.39191743808924107
0.3709561512611639
0.36641338704565596
0.36029612911964704
0.39105843265519324
0.3684471828687458
0.39258443415181987
0.3452175999999001
0.38542415014835796
0.3872781921040954
0.33862389909644897
0.38862066886270585
0.35196087122800546
0.3683329345941915
0.3676780058584106
0.3627482185486878
0.35204239999999387
0.3834762538194343
0.3819952132578698
0.3892338278521621
0.36706847922353
0.3435143620521508
0.37441986264372656
0.3609575850274512
0.37731633243976326
0.37708688532402346
0.3611540810829366
0.35307102248106526
0.3425963402379527
0.3833815325433011
0.3791629767254576
0.35850069999997497
0.38724953707601206
0.4092093379680134
0.3608614634746694
0.38229467789358945
0.35164254432142045
0.35463295923063376
0.36733069910988486
0.36013991218047403
0.3480179255401753
0.36575984882797485
0.3720957706916903
0.376502284964069
0.3547826789619675
0.347621675605143
0.3499171101885541
0.3509724812010669
0.3885966859712885
0.37840608318211966
0.40222848723365734
0.3959445561081978
0.38849542260525394
0.37013058891274225
0.37053273327647435
0.3608832400073084
0.37115103626359724
0.36360872944484607
0.35563581802599153
0.37199590530961457
0.3610366251033029
0.3467686719016383
0.37658571818419284
0.36759346954561356
0.3927578817399031
0.36586194769389097
0.35772557330313376
0.38374494590841934
0.3510402936134498
0.362498478927439
0.37783756902547716
0.36979309824120876
0.37001311895268385
0.3656800675795757
0.3667389442185506
0.33414394138216896
0.3434778043955038
0.37429733694636425
0.3606665609048206
0.34586411326202093
0.38374116153374793
0.34828816670809554
0.4196698394455429
0.36351087185123887
0.36270326954268306
0.3396475274650178
0.3552347285024148
0.3755569494461152
0.4169871215577151
0.3688912260124423
0.4203106867620032
0.3607158818285878
0.3781510564294792
0.36270470401525845
0.3480811994799854
0.3647723162939932
0.38180168446987534
0.3874219004755881
0.3546259321775527
0.3498770274224896
0.3462089788435037
0.3707230582906831
0.36010485561836325
0.38333322804836467
0.3688797735288192
0.3606143233444151
0.364022129470564
0.36792799722368624
0.35940165139186175
0.3776850502021373
0.3656385339477044
0.36227079420737784
0.41278442795598835
0.40265714670670516
0.38236259044441234
0.38378665720249716
0.41893757161774514
0.35025480288476485
0.3409243363910761
0.3671210775955709
0.35810145821042544
0.36104696271156267
0.3714442286699127
