0.50235457622189
0.49429453186096506
0.48149827953691926
0.5411074869346275
0.5256865914079362
0.714429697837477
0.47377480074025613
0.5230380877967189
0.5124813201770185
0.5021006289825819
0.6304177341115846
0.5437450821706886
0.4660552640177299
0.5092051865502102
0.46455565600780024
0.5498265207785067
0.5095980818267373
0.5456553951185967
0.5104635026744758
0.6806191538923629
0.6816246526117511
0.5264572621705996
0.5874052174087891
0.6751895506050906
0.5095001449850657
0.5449342785530545
0.5213938263981457
0.5367544665819756
