0.4209745100066278
0.3939619952485367
0.40225780683612955
0.4099834807355133
0.3634435181720114
0.3429837832582636
0.39425290889323295
0.4111098444819711
0.40257817389155404
0.4094610197131628
0.38808869424221415
0.3789799386908581
0.3957994710469718
0.39453886570704855
0.37783068186920593
0.36837345704866375
0.4110436777288602
0.35095968364076435
0.3776697518906025
0.4453756520530869
0.35417474472720234
0.3614855850586596
0.38735544752848333
0.39551350454774825
0.38938350096077023
0.3515463633702257
0.39800955296369434
0.43299433249123404
