0.6885113281129119
0.6767914680255127
0.7044159335804232
0.7120374052104482
0.681941757992104
0.7063976582939644
0.6611884955968532
0.7302715423020737
0.7209734279164691
0.7164943055279932
0.7568600963947312
0.6881737510219111
0.703020645564619
0.7056037727571136
0.6868365639214605
0.7031207874057345
0.6971826935185185
0.7056631457214911
0.6771945818804042
0.6900259046937792
0.7203112982275832
0.7247357636018518
0.6447431635529544
0.6641080496515481
0.7113669732879011
0.6915008061263168
0.7410790569475771
0.6741738868031241
0.6813800054983985
0.7039861407258244
0.757511640583512
0.7087055518752678
0.712751414892852
0.6631027205192946
0.6728906554068891
0.7023424380769148
0.7377311681924563
0.6834184433352594
0.699426239904458
0.700297403760828
0.6853767474909085
0.7179032538542282
0.7602339027751397
0.7180875519478278
0.7305999719020667
0.7360832904334437
0.7146322874566239
0.7328195850083505
0.7266355681971992
0.6982019529023813
0.7301782948381597
0.6942474272767972
0.6745037051892002
0.7219284849306683
0.6696530102921684
0.7252496053981412
0.7016227182696845
0.7347357580014051
0.7016981162845437
0.7370888048681665
0.705843085864259
0.7163443417671155
0.7030937618718824
0.6590017805121244
0.7125604988216748
0.6811457622838464
0.7544020334169071
0.7021447669947973
0.6618883122339004
0.6612903244193259
0.7363897569314114
0.6811331788956664
0.7082434597285971
0.7309432423484011
0.6978016447164275
0.6631736874175252
0.7240247686135564
0.7024542563707767
0.7514729611866264
0.7316250041705943
0.7158377838442822
0.7323501384119966
0.7239208212737348
0.7062191025126624
0.708847158621791
0.6762507403577965
0.7164953104426643
0.6936597334674414
0.6847016432156136
0.7290585252274571
0.7198731331925349
0.7206412161331581
0.6825771569647119
0.7014109753095927
0.7010400138297224
0.7485469741085811
0.7127261675439451
0.7369876429939354
0.7643505224229172
0.715700525849335
0.7704816562393457
0.7163820621134741
0.7313262882930738
0.7250440579211886
0.7316060850105892
0.7078986218755954
0.7101067849141369
0.7205905364931575
0.735998714893767
0.6788659541088233
0.6969425381889784
0.6986602513126753
0.703907342001925
0.693349977570039
0.69318521344175
0.7323467532890686
0.6698508984952936
0.7000817589137431
0.6982178933221466
0.6934003191350429
0.7114064833225535
0.6794259866396857
0.7623911451397075
0.7668104453263549
0.7176346260700801
0.7213898629203757
0.7190257633908019
0.7202671201538215
0.7024436452485664
0.6924867316750742
0.7065977559934475
0.6603540598850028
0.7127484271994479
0.7128723845829638
0.7471599449796107
0.6916870574414279
0.7058646515514946
0.7270134204102923
0.7132726488712053
0.7012923663173036
0.6913087067544361
0.7141912365082788
0.6994552195326889
0.7327293949212953
0.7178391503460373
0.6927847166840249
0.7230662682028153
0.714782695023829
0.7183089055661318
0.7243148530486327
0.7047588596846732
0.6955632556216957
0.7190056660634498
0.6920489933408115
0.6798915749889921
0.6988094225373453
0.695310888939903
0.696615707299002
0.7090312123862501
0.7120703095576256
0.7066172590049196
0.6876841810545634
0.6981203053005299
0.7446145069512933
0.6949737462000869
0.7195111435536832
0.6669774050222554
0.7128672024429175
0.678782200517666
0.7028319057095033
0.7474549476254296
0.7498623160292293
0.6924051325972562
0.6725925137257325
0.6724113910947
0.7102667001946729
0.7376322433948935
0.701567379292988
0.7041937934439293
0.7002259837074245
0.6931628444546304
0.6692564139580339
0.7093109410575199
0.7472488012629381
0.7187643713657017
0.7065518901064725
0.6955013705983897
0.7109238145650545
0.7232360831444252
0.7046610251231251
0.7052300572143104
0.7141143403546437
0.7179881038006843
0.6975575061923474
0.6501934908881962
0.7020251830272689
0.731517089236865
0.7326329706649208
0.7076296316096685
0.7063255426445374
0.6921153747236354
0.7010547868701373
0.6618623892404631
0.717894093201606
0.6860390366556315
0.7027473365506454
0.752934311364402
0.7387683751694278
0.7244937123808606
0.6869905963949532
0.7181534896141629
0.708639173316793
0.6710240930596176
0.711462671294263
0.6743351917597786
0.7021584771806828
0.6673227383942348
0.6711186994895239
0.7072606550207634
0.7274280307825102
0.7098255509275767
0.7129035422460323
0.7141427922955003
0.7088609227070124
0.7131501957261178
0.7233040282756561
0.7615434774319183
0.6990072258169296
0.7104267908780997
0.6765723242067776
0.700090659188411
0.7904393125527298
0.7075715922006138
0.7122565074047008
0.7251153064237976
0.7540170792558596
0.7080471868321248
0.6683815400062293
0.666072167635549
0.7241575061130199
0.7027592451763219
0.7085048024740355
0.716955348780441
