0.5368536865492997
0.5217967766919741
0.5593166006851643
0.5005382264756777
0.5093506166693527
0.5558844081143481
0.6795895875536151
0.5449504778080673
0.5356261462411748
0.743990307563767
0.493514909868802
0.5349035998401996
0.5143731541065955
0.6874363439376185
0.5582238697099502
0.5464794533238533
0.7303548375578998
0.5039664063550946
0.5057502151959349
0.4955855947566785
0.5822743961514438
0.6882961845720347
2.591574691604797
0.539448344123277
0.5072154494868568
0.5778089515342274
0.49099438374963134
0.6306411387755753
0.7199283018365166
0.5461121936998345
0.5140073004987531
0.5524119247450546
2.555928971701117
0.5613474717752509
0.5330463383554285
0.5819577891982168
0.5685737723977005
0.5270880954810041
0.6899831803230477
0.5468529463698522
0.5555564359016413
0.552724793626307
0.5447398798053713
0.5912515130740617
0.682828190300814
0.4799740101390643
0.520881013571635
0.6898163519096199
0.5180162853934795
0.5474469400746031
0.49461844417075784
0.5785493999443635
0.4823909380204211
0.6698967809085035
0.5466174294630671
0.5496443341530269
0.48358082292261473
0.6612592253264095
0.5874383584086373
2.4578512133368626
0.6439001835484431
0.5587035869241016
0.5077327317526737
0.5223390177179522
0.6106148126968987
0.5733562458400381
0.6895750912772705
0.6790663031117089
0.5798051742995464
0.5575108153362747
0.7410475559020704
0.5475901607082954
0.5195927924694548
0.5365380332310012
0.49792836789534267
0.7551586488676176
0.5895342844201845
0.5304927175630552
0.5409104713368955
0.595882612727008
0.5470280290063246
0.5822813851406543
0.5653370626017125
0.6636902491021244
0.5441269846386605
0.5269367897880923
0.5662639811647171
0.7006179373169539
0.5535709144883976
0.46724474141985095
2.5234067985315085
0.6723751929462591
0.49852251927252733
0.6913197467807164
0.46044569915066347
0.5582246475719042
0.5030375951060881
0.5668046636997347
0.5712291549520622
0.6726129134754992
0.5638238687235538
0.5775618573066807
0.753200499149741
0.5555162654375785
0.5123883135196474
0.5366573359629141
0.6941233573650456
0.5012077237749164
0.5264783828454098
0.6038632214493032
0.5382016890701066
0.5698517671326552
0.5536983760118643
0.6740280577178964
0.583090084260042
0.6802107765545076
0.6986814311697305
0.5046693774873423
2.5257821709381028
0.5558222191878373
0.5279967224005352
0.5831015273703108
0.5034998471343457
0.5287814776186397
0.6830890806830898
0.6731257532895087
0.5663183614031436
0.5784186786404647
0.5240571414453489
0.6683879313510769
0.7019054912769531
0.5329612423658452
0.5366713626964905
0.5391642791768217
0.6611323549824251
0.512789156536151
0.6593081671464022
0.5798591917376774
0.4942454446712702
0.7675346336780091
0.4902760208931497
0.5560813091690971
0.5915441299329197
0.5304793241146777
0.7199823654039653
0.5708712163620895
0.6073546187346129
0.5628203087715606
0.5614150626582521
0.5417293078052963
0.5121764646451372
0.5560642875479295
0.5034385041921234
0.5686928564207845
0.5745640341103105
0.5312036148131924
0.5554324439840265
0.6852636771182459
0.5530136552910533
0.531975660586597
0.7007532605724448
0.5188572942082443
0.4987893651725721
0.5253462452912825
0.5618435110402226
0.6584825503716024
0.48803173207334544
2.4375818013922483
0.5331703715386389
0.6811856579786828
0.7057763433754387
0.738245288709024
0.6047805119590934
0.503844357301299
0.4823528721699335
0.5793580810568674
2.5980585576269624
0.5631781852939353
0.545146079884017
0.5198876887052163
0.5834517865959084
0.531594418254474
0.551240949530871
0.574605849954876
0.5471806109440055
0.570449607722237
0.49007795903228923
0.5293719810273759
0.49048511325571487
0.5477702630191115
0.5335804971081587
0.7581729005657429
0.5293279517349618
0.6739865344749637
0.528241102980225
0.566781730020656
0.5286657673755273
0.5344819247524759
0.5664440432412755
0.6093929599690724
0.529177529527567
0.555269879813084
0.4963558802634841
0.6036422791565128
0.549206712260867
0.66392231956712
0.5533995912214007
0.7460911991966686
0.743913584069047
0.5708695010320354
0.5244007032688508
0.5150062733205563
0.7471482661705486
