0.5132006808906596
0.49923978350653464
0.493060484635376
0.5837768171744746
0.543843905556947
0.7200732793459577
0.4822623737647793
2.454173377317291
0.563433136050584
0.5242282285148517
0.5475745892733002
0.5283659724855561
0.6168635458598364
0.5269848067716695
0.5026324272965389
0.5257894621225773
0.4914581143639647
0.5578503965679804
0.5033082241796785
0.5519349528829589
0.6639997772112305
0.69470704290161
0.6915373523961177
0.5119490283620456
0.5897461370726547
0.6698245531073904
0.5346350920878695
0.571797294135628
0.5393808411851502
