0.6956139215019485
0.6924277986326688
0.6324244091637959
0.5998551066622918
0.6779984758975546
0.7527487573445396
0.6075585939192323
0.739966826235474
0.7326069792166525
0.741228726767934
0.7460276093945676
0.7341918502750807
0.7616916060240763
0.7725615501401872
0.7546851555947759
0.8217704843525387
0.7901612041069306
0.791634664550604
0.7553466808907574
0.7984481916651818
0.6720616995476801
0.7663258547317466
0.7889131628763809
0.7885018065921687
0.8030930249323229
0.8428457860614256
0.8185179047396904
0.880609949708084
0.8459704479210248
0.7895952059199125
0.8792543011682533
0.8844059736713219
0.8712603977355786
1.1741757444538503
1.0039071244518922
0.883707708060827
0.9240365491004439
0.9697221052498519
0.8857307234611443
0.9286171139717179
0.8970697807734084
0.9508111722205673
0.8932521409913872
0.7579361116949308
0.931766209541974
0.6975938016938179
0.6964320289234827
0.6417310089784858
0.6244639614409675
0.7646407042461327
0.6336988697024692
0.7306125831090625
0.7350212354478531
0.771901223642713
0.7800324321233414
0.6225193260418453
0.7463305399161035
0.7619389357162494
0.7591616937420171
0.8155651922811655
0.7680708177815841
0.7863234383317521
0.8023825046583863
0.7340540277036475
0.804933813409393
0.6707547267629771
0.77374749687732
0.7820686180456837
0.7892654936496222
0.8027606320787017
0.8450332626849766
0.8278559538262715
0.8800877307523537
0.8459331323263224
0.7975346538506449
0.8779788822431955
0.8793478994324561
0.8669103735753512
1.1512286186475769
1.0117046691820288
0.8814434718115348
0.9273903495081344
0.9721264683494819
0.8810225891981489
0.9532676843024603
0.8959919620032538
0.9118040838129144
0.8964600627483672
0.782121247490287
0.9316789472623436
0.6827706064390031
0.633971696104263
0.6787719447913765
0.7266889964339013
0.6288444070661259
0.7335153003412799
0.7322212435638278
0.7411301072066361
0.7494275729705069
0.6519610888122507
0.741130568827385
0.7636336905170464
0.767906299583403
0.7541428589303352
0.8215496068096637
0.7746606492934636
0.7989663480588987
0.7548141326345782
0.7939345837853
0.6719484260323785
0.7617553585567414
0.8035094902945521
0.846603700660023
0.8192220773981076
0.899044911824467
0.7963690551191251
0.8819221276369893
0.8770843812076194
0.8659769267356157
1.1564830952820684
1.0039579596554278
0.8833253780520641
0.930849051677932
0.9585965494033092
0.8849267641042542
0.9303575102415045
0.891855812612625
0.9471130485670479
0.8922350444289574
0.7537491797545259
0.9321431885060409
0.7341723535888041
0.7346739980342579
0.6747200191263167
0.6759734206406954
0.773365129408778
0.6878969115133489
0.7688054402690052
0.774184131042986
0.6559857191934966
0.7658104614626042
0.7910614540173089
0.7963147366304595
0.8490727200832277
0.7852972468607493
0.8194120006039058
0.8480792003939444
0.7574590215933847
0.8285159490405589
0.7024475111073956
0.7852120568005158
0.8379617672085014
0.8088066116924875
0.8403829586894189
0.8711809519564213
0.8702604997518035
0.8814241504380469
0.8399202883915419
0.910163586145003
0.9137065790920228
0.9175568771491214
1.0597202088336504
0.932213913607107
0.9363386061735572
1.0159940085266639
0.9134671047523751
0.9723884229170603
0.9222749104449814
0.9857927735227876
0.931323164650471
0.7969361227656553
0.9609146346911275
0.7169086728628592
0.7165095674612377
0.6820228187286642
0.6465626170389178
0.7330068121886023
0.7951803041262724
0.6856846337593798
0.761336335144494
0.7695503511378688
0.7791661259167886
0.7697267764499217
0.6580423222272465
0.7668340769366213
0.8265146882071941
0.7944617426411011
0.8493300448915069
0.8004371213318117
0.8563520879726393
0.7666419444969894
0.8259365419547454
0.7141048784020563
0.7938697142643225
0.835014070580717
0.83262972467041
0.8782120469041963
0.9359819541463641
0.8826525387590903
0.8293793295373894
0.9033362970331632
0.9098240685420909
0.9049397236175916
1.1983848686986311
1.04819222592283
0.9158771116798449
0.949051844382294
1.0157711159701763
0.9124214817942795
0.9852678987106245
0.9296502814717296
0.9672027118857021
0.9231329955043417
0.8029975168590224
0.9576320421510872
0.7281364051625989
0.6795691696328683
0.6838623528516365
0.7124829658956324
0.7600107589689808
0.6795732921785448
0.7460514381139727
0.7943838772293433
0.7703317769445698
0.6624916567537869
0.763183028625662
0.7914289727957626
0.8237758967441389
0.8002209584523465
0.8551033792916487
0.7980933852656114
0.85560031448717
0.7255350209758855
0.8129060659422775
0.8444737048914579
0.8675443769366884
0.8724297431704312
0.9440623420878012
0.888957859942514
0.8285650870968005
0.9133267972425357
0.9247951085346053
0.9196348745057822
1.2157031476360465
1.0682128119734813
0.929007826040837
0.9411161784100461
1.0218382059924054
0.9143380502657084
0.9919600508817581
0.9310430365688027
1.0002138918439156
0.9346174725732239
0.7926092952115442
0.9630202695038925
0.7109861944358049
0.6561400849742121
0.7287613977911084
0.7894491987308241
0.6667825124300488
0.7619095655471497
0.7769459650710204
0.7795209941235948
0.7638134301414206
0.6577454068250382
0.7740873465728
0.7738893647349238
0.82583838348402
0.8043505220993696
0.8539821057824137
0.7986541430950234
0.7725592779775916
0.8312675734008149
0.7226200318487941
0.7886622530548508
0.8431019370705412
0.8082853824468188
0.8508345440407212
0.873087312268001
0.8785557888677102
0.945200134588952
0.8966813276377315
0.8295365410002635
0.9087264839629406
0.9136803862300606
0.9101578292953856
1.2312619982069297
1.0687659858281608
0.9235615057968553
0.9572810517280649
1.0230385833581663
0.9857730185640845
0.9416641384447335
0.9948538695073363
0.9288549859125947
0.8056460738992653
