0.6910302114486171
0.7027926667974953
0.6410325450067272
0.6071437814591849
0.682906029315414
0.7771275702677711
0.6464542572598226
0.7300750620537186
0.7376540368762483
0.7488516282709832
0.7610654867639418
0.6185483809409418
0.7608269093054014
0.7882071631622845
0.7603528389627152
0.813321586635205
0.767977191511598
0.78661202588896
0.7996607607228983
0.7385046498472044
0.8081440271017699
0.670487326575264
0.7755326661681219
0.7875688121251829
0.7925419826413791
0.8446808457812126
0.8231903660588776
0.8870584747101301
0.8434964211618655
0.7992996736232356
0.8808395610232722
0.8746183171401374
0.8812724837194937
0.9217843231010974
0.9690815968108151
0.8835369797634269
0.9500292732996118
0.8968825079892416
0.9154656824691941
0.8943545268063025
0.7515874309062495
