0.6565207776624737
0.6969459811053937
0.7142221581519934
0.7163182130013899
0.6052223908510468
0.6105503304662021
0.6674252666638011
0.6796376965190252
0.6541702478912572
0.6586967619224589
0.6539581645416475
0.6800012883767406
0.652620711412719
0.6518767127423527
0.6771357980308695
0.748143567900583
0.6819206920710357
0.6498784330423882
0.6254835143640547
0.6894755448708633
0.6870437494223989
0.686938680593914
0.637296673136879
0.6458643430784549
0.7549727887848048
0.7653861733932845
0.645913278412851
0.6150556053828871
0.603253608698679
0.6516967132820655
0.655796406511505
0.7148200386772636
0.6107988088333325
0.6127119383970663
0.6658477368863245
0.6793257074721624
0.6796969901309692
0.6554764400451365
0.659278827575462
0.68210871268698
0.6592619576279903
0.6300535934768463
0.701716091502784
0.6493341929506288
0.6792202316502336
0.7476611751586921
0.6811943624256221
0.6505140365418097
0.690446254180893
0.68714472144836
0.6688810916815205
0.6402900170172565
0.6227581674720403
0.7550433254047642
0.7654396727543555
0.6434558447426496
0.6128228003424884
0.601112689095991
0.6521105978026256
0.6582951635754681
0.6957522495696966
0.714905896186848
0.714910534796378
0.6083674836813588
0.6082240055068964
0.667886336548402
0.6772437096237183
0.6969442791604635
0.6781081303345136
0.656197027225462
0.6554350629877728
0.6547373924169454
0.6579375560395379
0.6279536340880872
0.6986680018265131
0.7494113814167838
0.6835559058018368
0.652281789965884
0.6906829189289374
0.6718089468623297
0.6226178664523121
0.7545552756690946
0.7642565375602228
0.64507868025625
0.6354588443648425
0.6002960771661565
0.6520275094777481
0.6573003484868922
0.6957982595163914
0.7140016055400713
0.7148928515002896
0.6075197542791212
0.6079518399355927
0.668699048787924
0.6769475402506397
0.6963429884488423
0.6788886228719002
0.6574024386533756
0.6578540354715824
0.6543437513135175
0.6809594766835152
0.6584831349451887
0.6988416085124267
0.6492699682438401
0.6779847762969807
0.74918094782755
0.6837813923126004
0.6504659150053684
0.6256136878645415
0.6893501849557775
0.6883089368922657
0.6404402800684424
0.6455485202815836
0.7646169390561439
0.6444663720112286
0.616134550307796
0.5996841658493293
0.6538017776311815
0.6853256590608863
0.7257931727754414
0.6199960710919374
0.617726447244049
0.6795435076333679
0.7074529998671475
0.684707526602844
0.6643238604417205
0.6676285237792132
0.6938941709484199
0.638845300370633
0.7112021123899954
0.6659827445369131
0.6980839327583687
0.7571332272285813
0.6966845387743745
0.65466209020856
0.637684084420806
0.704444208230332
0.7001763753641778
0.701382303939891
0.6527650958505102
0.631097847482185
0.7667653059114745
0.7766175154858544
0.6279728737252757
0.6212006818536266
0.6161319439142987
0.6871106228195825
0.7073840821532389
0.7058080432764866
0.72818658196529
0.6458584559737803
0.6154110925397178
0.6686884027231421
0.7088689172268245
0.6912172330592562
0.6714596194281823
0.6627864974735267
0.66524082524533
0.6910286091565523
0.6626183209826569
0.6608427689627042
0.7044709588256721
0.6650290239594432
0.7049935613594613
0.757526179043253
0.6730476254684341
0.659362566444729
0.6383303785362727
0.702323448446305
0.697414526980643
0.6961128078821227
0.6503514708245948
0.660668689165952
0.7626019219333098
0.775392602253886
0.6548808116070752
0.6202253293989464
0.6112098327575706
0.6623761823215086
0.6705039858270683
0.7133877909022223
0.7239595319352192
0.7303417695776522
0.6379514987843296
0.6193534700277835
0.6792095616860073
0.6895264391611702
0.7086517940546015
0.6838707112823545
0.6675790918945274
0.6662111050754476
0.6746538954778939
0.6940153836718217
0.6636586174320808
0.6652828989545552
0.7127804136061455
0.6705961194395483
0.7005953075798194
0.7571707081004603
0.677219293699848
0.655598017427812
0.641140886400286
0.7064013887089282
0.7021786545595987
0.6854497130427015
0.6569790439686427
0.7664832570526195
0.7733162944800696
0.6149431485846333
0.6197980224608131
0.6792550165782982
0.6868042334046975
0.7064264271528891
0.7031193032229274
0.7274720168102546
0.6501392139050154
0.6145506079981983
0.6721934183967293
0.6669578702799582
0.7102165401675764
0.6886419216410712
0.6769869496564167
0.6625910709186845
0.6646839606152319
0.6879458295232411
0.6551255278435041
0.6364071198922971
0.6965850514844625
0.6639567717798307
0.699189632397663
0.7571304981003293
0.672092305033459
0.6546201653446919
0.6358054467609098
0.7008041178539385
0.6974963191974002
0.6955281177182602
0.6471811430127026
0.6599991482678176
0.7610491270652118
0.7721286526374418
0.6552973220806961
0.6231627735089804
