1.370560328112912
1.3515355317197801
1.443871321761188
1.4527206350241129
1.424341757992104
1.377354101042056
1.3535464416428726
1.4890178901281605
1.4649095981292353
1.4774400328975352
1.4993970502742753
1.4310389831849917
1.444211510164945
1.439022401211566
1.4302003279664044
1.437331313721524
1.4360715824074073
1.4488449639033094
1.361509206880404
1.4367909881340872
1.4775362323593195
1.4726639659671608
1.3387501665261954
1.3502922736048102
1.4522852376673159
1.4352621081154668
1.4810231910257896
1.363184354230928
1.4214139038034834
1.4419533239528073
1.5167764685221832
1.4692264467770053
1.4533954826894622
1.348705905068651
1.356824197391622
1.4401381680249816
1.4799041488929567
1.4276085841803299
1.4337698769979947
1.4454934821922005
1.37345842135182
1.4546829148711775
1.5159743764891023
1.4844784570573168
1.483559213281377
1.4675393343894876
1.452440169230023
1.4606326521589856
1.4586673352388935
1.4419714233073657
1.458391662447414
1.4365027159107162
1.4150697429250494
1.4529653198556343
1.352037027866861
1.4763408944976673
1.4592972764092194
1.486270550047801
1.4387206657553215
1.4819723732512429
1.44053036120574
1.4488596791904285
1.4459535610537344
1.346214718908095
1.4489386471012065
1.443734375023988
1.4949891947072296
1.4391858037118601
1.3485951673935488
1.334056984924125
1.4824487381646554
1.4263813309548006
1.4456025101737011
1.4562350711421754
1.437953620400318
1.3540934660291577
1.4574635265203995
1.4605531080129057
1.5122810545527197
1.4570224937103433
1.4705439347876785
1.4605567218399194
1.4635991054560404
1.449270220723525
1.4496134902800826
1.4198378560239753
1.4578713707631166
1.4380885460729562
1.3666980524273054
1.4862887249248853
1.4802930265605452
1.4566484936720268
1.4252736130509984
1.4419372910990664
1.443871872236802
1.4872223344380253
1.4477410534189037
1.4893741754820495
1.5202782167704398
1.453498144896954
1.5200246251327676
1.4519974057469318
1.4635544050039493
1.4618087638035415
1.465662971238134
1.4505149401493647
1.451637600023481
1.4026055543269984
1.4952035854085877
1.3692228809380917
1.4264362090750544
1.439652898371499
1.4395119485278367
1.4349349448903004
1.4327161058902627
1.4698690349289971
1.412631647158395
1.4435306323972785
1.460651710016091
1.4354215957307874
1.4523037525033078
1.3650749996537408
1.5164377963024982
1.5071176138656805
1.4751553662275605
1.454927629221215
1.451705059737216
1.457449568190773
1.4454538968795076
1.3704138962320362
1.4419099811473615
1.354473089509756
1.4502043055594807
1.4723636566994251
1.484267216946138
1.4344546562842437
1.445086208437722
1.460329098376394
1.449192030428356
1.445879995183283
1.4340963427017743
1.385453946185698
1.3803687171507053
1.4697954002627682
1.4758390902602003
1.4305804825619823
1.4572921688844123
1.4492117607677735
1.4611155455907245
1.4533148530486328
1.4387690119689371
1.4354658242665144
1.4637058801962122
1.4357131960863239
1.3639352854566982
1.4436653145475606
1.459293615142062
1.4344163945842254
1.4461507776036415
1.4558645392799991
1.441157136305533
1.373819719516102
1.4613431006448558
1.485893716253619
1.4327873662717714
1.4529757104828172
1.3582868162323132
1.3978845608389074
1.3623631165681227
1.3848641944795568
1.4836748271435019
1.5099173259520515
1.3733380611686847
1.3595335294325388
1.3590174299296516
1.4471065996079169
1.4613491443429156
1.4352023525277573
1.4514279667690677
1.4432406895897776
1.3675932462931073
1.3600277590907774
1.452281064080367
1.4972443648834015
1.4776646245399994
1.4515685014021535
1.4354440260902293
1.4461587138939134
1.457247711051402
1.4500218498653932
1.4443811801682505
1.4537278669246922
1.4540524223305464
1.4398351972999914
1.3325103480310534
1.4640845393070199
1.4904199515223402
1.484492881112682
1.4495983990385586
1.3975880118294282
1.432423413792005
1.4475473241835703
1.352915960488887
1.4548023772252747
1.3721565556561521
1.4403038976366183
1.5134973304726822
1.4903694364471332
1.4587042386966502
1.3685960372090937
1.4632169109374404
1.4467613452624943
1.3575698086701278
1.4476281798223742
1.41506776016225
1.4455706393428451
1.3621106229496172
1.3584928298676204
1.4663026550207634
1.4868669820020224
1.4707576051771247
1.4580907080214334
1.455868770943187
1.4501867337084229
1.4500354416277572
1.4614886436602716
1.494424674812648
1.4388062984598973
1.474385644810684
1.36330994107597
1.4604764298609578
1.5265811520390862
1.3955118151623442
1.4533961542746847
1.463108191096196
1.490259287626296
1.4511402799252178
1.3574841114348009
1.354694443497618
1.484381026805994
1.4575326234754422
1.4474839617817006
1.4779681305492305
