0.5572957579227666
0.585303495019387
0.5984191814559737
0.5090686867092228
0.4673617678234564
0.5555980392523617
0.5778008058346864
0.5681320249542795
0.549133894587832
0.5492330817961399
0.5535497011477424
0.5561678850144111
0.5506692728947811
0.5968171181439407
0.5280709801174219
0.5707202423135571
0.6555809327188464
0.5758990737923826
0.5210933427054248
0.5627246606949404
0.5722436362473134
0.5575285594816305
0.5138565131759784
0.538869938918114
0.66210509057354
0.5239881499999711
0.523136142301493
0.5098058526498936
0.55424829646628
0.5562864336557184
0.5842740178888312
0.600782419458784
0.5969425267852313
0.5092196049111711
0.46992609266386304
0.5627756475016419
0.5564193146645708
0.5754181193210628
0.5669793089428903
0.5508472984285031
0.5492086332603654
0.5548396081296875
0.5561465372438845
0.5510682125205523
0.535338634640959
0.5963524049912019
0.5273699416001617
0.5714125717827213
0.6544498145871056
0.5744447926762463
0.5212060719359709
0.4979118435344995
0.5615774874653393
0.5737938625554527
0.5560345520125113
0.5157438840113374
0.5447796712306585
0.6503258294043297
0.6603296366516234
0.5259832999999494
0.5214692359780795
0.5539462019213733
0.559849139133251
0.5844289548173442
0.6012478975402068
0.5971378587382674
0.5097533293393137
0.47179760744788846
0.5630350358281946
0.5559828378277998
0.5774392305233207
0.5674378252726134
0.5501701895517395
0.5468408358572966
0.5528902049191453
0.5571406060491394
0.5522218645779896
0.5337020556166536
0.5970500723474924
0.5279689196175158
0.576917985476984
0.5208281193819245
0.5044122234005053
0.5636959711447279
0.5723182814643826
0.557031292409273
0.5122799012966075
0.5381767230487989
0.6497976804148001
0.6618879672756854
0.5281016000000001
0.5218260563876992
0.5084140862068177
0.5535633336524926
0.5840458590421128
0.6004134637227992
0.5112911591580539
0.47021685981483785
0.5612755259436001
0.5547435819367873
0.5759722701459312
0.5668722088220371
0.5495937102493066
0.5482442147956388
0.5535967710745401
0.5583221868538026
0.5322677009047344
0.5267847914523127
0.5684105094471905
0.6536232424016
0.5752579341883018
0.5179915944854674
0.49988993513294844
0.5621558020493392
0.5742367901939194
0.5548349580255774
0.5151428022825003
0.543264173130194
0.6493475477633713
0.6612653336803077
0.5264378000000001
0.5247113949434884
0.5063631372816556
0.5550182821026738
0.5700928570965056
0.6131272990855553
0.6143903653144688
0.5231492793372146
0.4893862293516617
0.5798194460425091
0.5740283108650321
0.5924567583780715
0.5769186118104846
0.5652773839700395
0.5610796136368286
0.5709685980320889
0.571579961773896
0.5646494598197516
0.548135071387322
0.6098872699339503
0.5461408064279142
0.5955649031436941
0.6640198461870702
0.5910604430623037
0.5187364551014229
0.5816995916879214
0.5877659599728867
0.5741109923712503
0.5318669911838224
0.5522366752848783
0.6640730485640958
0.6739148346723243
0.5356483499999216
0.5308653467220359
0.5251221854536297
0.5679846506430722
0.5727407398894258
0.5967579432617707
0.6117124420048038
0.6141348160594216
0.5294528696219564
0.4840408613309469
0.5683702846802873
0.5933958981967845
0.5796372610858038
0.557931689430158
0.5658835339602664
0.5681655744327704
0.5598099932025417
0.5424986436580119
0.5469877881707148
0.5804120894633085
0.6658925545405027
0.5886423524202771
0.5301840855177954
0.5200893851761093
0.5763907892974363
0.5878839541631982
0.5685582380533625
0.5570877972484232
0.6606599169065615
0.6725285059550251
0.5379556499998469
0.529579794418626
0.5689652934980187
0.5690336876376003
0.6001865927300968
0.6123121198339888
0.517046740903312
0.48801186613714026
0.5780425837354083
0.5732940407746058
0.5889922070491157
0.5740252130663716
0.5644003377498615
0.558784172355916
0.5745027020445057
0.5705573752689567
0.5490629212556716
0.6104605056481432
0.547826723849954
0.5958922326909171
0.6628327543543793
0.5891024242531058
0.5285607934428619
0.5200865901165649
0.5822242195177597
0.584663219381271
0.575144176960636
0.5362395904285722
0.5456532286373262
0.6636229990870788
0.6705095212834595
0.5335721999999882
0.545232910189785
0.5658872303616272
0.5709602451395318
0.5932631631839242
0.6098022892967784
0.5318600805916683
0.47698835604644174
0.5689831089319038
0.564249826229076
0.5746730565532013
0.5761866987500601
0.5555685508544258
0.5600100187707152
0.5680489111016296
0.5524138280207512
0.5404838562776773
0.5929645882222625
0.539508645461628
0.5726439380347826
0.5823793787212311
0.5290214813674338
0.5122194712720514
0.569365248045657
0.5209580869604482
0.6555478089688633
0.667395937439787
0.5339715499999959
0.5303145604271661
0.5415022710010192
