0.5857418494379518
0.5542062030468902
0.5552570330821589
0.6027782781957359
0.5382080961503456
0.5430674514524381
0.5894850133910287
0.6282081267672742
0.5766905426023119
0.5980058260309689
0.5687180760048676
0.6571069241567801
0.5182206275417083
0.5577369165013089
0.5280751167292812
0.5619359165836577
0.5863918102437582
0.5881897182141801
0.5477621077758745
0.5194387797738473
0.5365523121395878
0.6437351514540793
0.5721250340874346
0.6009641636894892
0.5565480171423605
0.50892409938128
0.6717386023171881
0.624937181875703
0.5951367335598023
0.5058178019116936
0.5592001240023848
0.6133581497122815
0.7397125927929621
0.5832417859605222
0.6060620907543333
0.5746927317434117
0.6303995844040913
0.6166395616626211
0.5724593413615611
0.598794469229948
0.6152460931490418
0.582148655853693
0.6060465044320398
0.6007166597539024
0.5747823100781763
0.4961093573788613
0.5658156261539595
0.5689119854013721
0.5417095042832202
0.5987345252571001
0.5296609258980691
0.523587179673428
0.5229430016108394
0.6321301961980159
0.5813766519816268
0.6467544147959611
0.5880375134266658
0.5034910784276547
0.5564763653901035
0.6727664831178032
0.5373082230893358
0.5611720014049397
0.5576002331785931
0.5289972136765805
0.5650889011229958
0.5927443544976082
0.507535056529431
0.6599847293069266
0.6830004295545261
0.5705914602272647
0.605818389666828
0.6535527668396218
0.49970073674202303
0.6156354553180732
0.6038481874439873
0.5772664957435373
0.5899163272648776
0.5234792955871523
0.6810046519503141
0.6371649323667282
0.5766320091438806
0.5983994301740462
0.6726921935213189
0.5866589139001319
0.6350956181996905
0.5984897546518091
0.5864699292256652
0.6241299940152891
0.5888393386079575
0.5953347109796262
0.5854581498231854
0.6756696836523606
0.6234713951123223
0.5017153723721776
0.514471800384217
0.5319664719342956
0.6492172486726566
0.48631865353751125
0.5832371300949728
0.6319457296125468
0.5355785476840544
0.6170554296309384
0.6464915316043607
0.6205430164148982
0.619016535573358
0.6428545851227188
0.5975746512102683
0.6289704396276494
0.568318908100645
0.5911970731458503
0.5623400662287834
0.5482393793943612
0.6548071776166662
0.6589003356008457
0.5774897306532455
0.5693576429931941
0.5480353449373361
0.5456840221943435
0.6208657901529069
0.6181403306829097
0.6280077668188562
0.5759164973963512
0.6070875645708879
0.5652579041601502
0.5924885340612394
0.5316398553683742
0.5713562204826161
0.5589558469435862
0.5327804797171412
0.6283190169454925
0.6373291757185822
0.6493882702762449
0.5901388723657384
0.5588642498407588
0.6746109581331575
0.562468699152016
0.6273933408816523
0.5680713536144351
0.6128987290887581
0.6994951644229979
0.5818645249932821
0.6648559417516272
0.5713294076747207
0.6222797475811306
0.6409175420049746
0.6743217749682153
0.5705109569427942
0.5874879656366792
0.5978354662883769
0.5810233176828321
0.5887688195678638
0.5761804472977442
0.5710831636434094
0.5932223106898966
0.5577727503475381
0.6070558206586818
0.5982873216647455
0.5876465577742359
0.5833999396108462
0.6284458818038835
0.5401893611851702
0.5986599085348953
0.5857098559469761
0.5537261207374378
0.6182130174686608
0.5816719231342151
0.4905474193652673
0.5807624706896346
0.6057516801062873
0.6497205683861069
0.6695035914342602
0.518140982399639
0.5055107195175359
0.5981109806703064
0.5989633889636833
0.6207190379681706
0.5363265371568864
0.6239754114430878
0.5682734057117019
0.6449042626694262
0.5700090130894379
0.617587728518185
0.5217449220651288
0.5898218854878234
0.49674741439864584
0.5922268765887835
0.5725466143170354
0.6708814694675659
0.585550737333464
0.5664923476454686
0.6174297506093972
0.6259032008010292
0.5707923819208743
0.5989368158777082
0.585112515492126
0.5859958306047779
0.5797186646954345
0.5148166828581495
0.6471985765532378
0.5816703562415894
0.5996760652442159
0.6223802145230706
0.6994881239643083
0.6557412836312686
0.6103261253050478
0.5501215221856539
0.6584556493632511
