0.4208168417806345
0.37187048691799995
0.40398572500375823
0.4109424698677224
0.4209743107133284
0.4124595998529689
0.44200575287525395
0.430537839364625
0.40606530035167937
0.4271882563641131
0.40045693159976226
0.4120264693900368
0.4090518470531517
0.4394876843047101
0.39239191639546883
0.40018953975281774
0.39571275679824564
0.41517525023655116
0.40962910034120437
0.3972674102929986
0.4115030678351466
0.3986793423960923
0.38309093484541307
0.44625927401203647
0.39874810014037326
0.3876282418111776
0.41006732937105506
0.4033583536477302
0.42275551534026107
0.37327415802174185
0.40731467707728264
0.47820771663640554
0.4036331544923758
0.4112151404494193
0.3905063469533398
0.39813522296258647
0.4026309694278113
0.4710944106469252
0.41269983893889306
0.38066706428993496
0.3790203296955279
0.4067570627531791
0.43548329583615886
0.4800745244024429
0.44090544825919376
0.4178915499089616
0.4342795542639405
0.4251489746746713
0.42409278425941493
0.40803344476844805
0.4020983713450607
0.407076886212612
0.3634290963452399
0.4218974200079122
0.4058225769230689
0.40863834171832586
0.38228170680441714
0.41285996362774435
0.47661832817885796
0.408157295475743
0.4046570659003944
0.395351911849062
0.39784012859671203
0.4115532600938207
0.35904875445457773
0.4089094717238014
0.3867147574186127
0.41372925986713877
0.47330220075206675
0.38718782160970044
0.4058161013466265
0.4100367191301384
0.41434254391059444
0.4017981538909802
0.4088356596694777
0.42318035142784616
0.39479175142969014
0.47084646412416725
0.41063308554103134
0.4021722365257395
0.42059898225228126
0.4333276661724168
0.416025043732335
0.40746480814784913
0.37771465825567896
0.43857542556241375
0.3957860669163653
0.41789526703000657
0.42044043358465044
0.42282297929902596
0.41791676562080726
0.4080076601779152
0.4804577461525671
0.42855474879160926
0.4791746500032521
0.47136293195818346
0.41810371902507415
0.42366445885508397
0.3926475381452728
0.4371223988356311
0.42919257541465616
0.41002713752176223
0.41221008361385725
0.4135327624981578
0.46582859773992186
0.447464296723493
0.4459133606793171
0.4244160902978526
0.36965078313042
0.40977959588224017
0.39091901166695536
0.3876597084953617
0.39681171357782796
0.451031997529048
0.37097097679097935
0.38727986189595204
0.39928361921138045
0.4167994571498991
0.4240043818659156
0.4711591275281088
0.4507919069715896
0.4033345918291811
0.4098564151258438
0.4075998957589231
0.4270528372270695
0.4196197288650323
0.4207354264283286
0.44640196692231193
0.40101715163042706
0.424439858003418
0.42025557904849503
0.39553655393740234
0.46010931305456815
0.40239800816964844
0.40938415245947274
0.4229801302539402
0.3983978194538105
0.40567886858281466
0.4044099013157815
0.44170800888030215
0.4431373180002165
0.4160622321283265
0.37885157042174505
0.4184673781586739
0.4022908753168643
0.43439469734962477
0.4028829782516435
0.38681243390223996
0.3953599466789118
0.4413110956469908
0.44368023542800206
0.40932574556568335
0.41613275007988426
0.46709601208145196
0.41409202071484424
0.4347643614436758
0.383065322603308
0.3896604051095075
0.4087028205128923
0.40860356544481824
0.42748948162374667
0.38038086363078427
0.4377971879824062
0.40753364695815764
0.4027497076814077
0.4087271697805991
0.41864253875860924
0.41813592916392733
0.45953139169436275
0.4629391755578627
0.46679928561627676
0.43535230108809486
0.40785022010147265
0.4105497866105411
0.39213113708587066
0.4068695820893572
0.38246356574240886
0.4369415033845865
0.4097789701137168
0.41031300917822405
0.4158089773190097
0.40358925035374005
0.3992537144038888
0.41857101534394714
0.43401583579240616
0.3985394119248354
0.3927689863674442
0.42423132262825825
0.42539600330378713
0.41140652275666323
0.4277295344057623
0.42931393153369957
0.40821014171943976
0.3636159861665348
0.3877834828071701
0.4227883403762448
0.4101174305873448
0.38102448176015047
0.4340969228619595
0.4137246184999069
0.4662332952760763
0.40229099855059186
0.3957840985357099
0.4195043570472986
0.40084172793816597
0.43263165080254107
0.3884865210453572
0.472108229580509
0.42021440660416287
0.40443101821642985
0.4724114543386195
0.42643295052562363
0.4425466032465757
0.39288039416656
0.39934845070090247
0.4026396766236466
0.362950099699732
0.40440286214244997
0.4310342236068397
0.42591017512517604
0.40733690974198156
0.39812045991655065
0.3919169402706439
0.4189627138358325
0.40952967970499177
0.4417989956804471
0.42704294598914727
0.4081163256649694
0.4316453098387962
0.4796440534245629
0.3989661995751961
0.4125928730662814
0.3887564244717602
0.46800395000311995
0.46641110316494383
0.4420122126779555
0.47714309028776203
0.4179874643623948
0.4004758504133153
0.4153283695511302
0.38849519126543236
0.4223586400718877
0.4072944475814431
