0.2685660999010501
0.2742354931191475
0.2902972688666583
0.2614305462729055
0.26946094314704194
0.26828932348019563
0.28769909731717613
0.2685308828900196
0.24675282905520082
0.26845420224244426
0.27455300976357827
0.24721766871495954
0.27142368391702004
0.2947774713524083
0.26909771589031856
0.2682878382888102
0.24351784790812003
0.2867551977972918
0.2706767935075541
0.2710108941811092
0.2445947046959572
0.24588634818204513
0.29563206230326944
0.29732287203261776
0.2468035624999983
0.24443489628586687
0.24294912624024173
0.26734615416386737
0.26842074192594423
0.28691963780705226
0.274450906170122
0.2902229121428312
0.24360987614901541
0.2404590406770621
0.2694187033244494
0.26823415972324877
0.2876537586249568
0.26836761134847975
0.24678001225828625
0.2684507580954327
0.2682795401870342
0.26951785702916625
0.2479210617656437
0.27464597966098214
0.247129060861519
0.27915274358580855
0.2689877766876838
0.26823659634300506
0.26453545678641066
0.27118450615504214
0.2706751949885642
0.27092305735259986
0.24577093307151962
0.29566953696924664
0.29718592237576136
0.24675101874999966
0.2441157887977995
0.24310369144021426
0.267228844322961
0.268663037562391
0.28715388817522447
0.2743843885078359
0.290360225681805
0.24372815276899307
0.2406018469245102
0.269642247281039
0.2680968777198543
0.2877272301937654
0.26854755200032715
0.2467335551297569
0.2680289280886244
0.2681286568002311
0.2697509102625615
0.26778844702109145
0.24793190644977298
0.2744864835882682
0.24724330686374055
0.27157457516169187
0.2949996859137747
0.2690999355715649
0.2684987635994945
0.26478291571321144
0.286958660648065
0.27048794356027317
0.2709767328609272
0.2446061194452614
0.24578588152176245
0.295577064111244
0.2971119555256964
0.24668028749999843
0.24440686365463501
0.24291882845630822
0.2672369799162671
0.26852654038729573
0.2870461476420316
0.27448919697159985
0.2901294204147007
0.24361459607302322
0.2696651141041545
0.26827859977596347
0.2683439060321137
0.24678575205195696
0.26827195548306954
0.2696848111682343
0.2675955738718485
0.2742449873319033
0.2472109762231416
0.27150524887778194
0.279143065651256
0.2692356376323552
0.26810321164571993
0.26471891291341554
0.27121560249459664
0.270474935803871
0.2708821802096325
0.24480395856692702
0.24577945169651094
0.29720720948311874
0.24660753749999853
0.2443788730331262
0.24283305031478217
0.2672103515528076
0.2889235364827634
0.2760274932838198
0.2922063715141436
0.24509886047305507
0.2632404938067427
0.27133715687092214
0.2700886227912349
0.2891083437775697
0.26954720585533615
0.24834470587502838
0.2698550079868965
0.2704314525072755
0.27168662026006013
0.2694867007401266
0.24946187835465652
0.27645403704162314
0.24932553298333682
0.27424655518278623
0.2960532324683177
0.27080987510678356
0.2692634657682537
0.26673579101886374
0.2733799132315476
0.2725643328481387
0.273034859197542
0.24728375505752018
0.2974492171230889
0.2991173361991465
0.24771420624991208
0.24532290835412154
0.24484982033492822
0.2689998347792405
0.2705820978581704
0.28841919782104897
0.2757038824662034
0.2920496110722535
0.2463806853936802
0.24169014263529326
0.27084389984940516
0.2693858309509045
0.28943108194699557
0.27018994465395724
0.24918597716106178
0.26945893036904084
0.26956296659895834
0.2869539102874159
0.2686523760877516
0.24906063714665067
0.27512252248545094
0.24893654419918398
0.27312463452238367
0.2961139506527489
0.2704555422370061
0.26940330788863026
0.26632114503118126
0.288368296922993
0.24617173819542393
0.24785742928905272
0.29679824750180595
0.26878944999999854
0.24511167638515735
0.24463020611478675
0.26893063371949
0.27026335420213293
0.28920093769202443
0.2758826421854571
0.2924469600138906
0.2661579517620384
0.2636425113938718
0.2716730247287065
0.27052566311622955
0.28954362357926305
0.2851570089204243
0.2486287933351331
0.2697283796199434
0.27175261302059356
0.26932911896381584
0.2496327063359289
0.2765164836580236
0.2748714041331002
0.29609572855820054
0.2692161199211674
0.26697391789184477
0.289325020263711
0.2733074909444923
0.2467387111682988
0.2974177829012292
0.2988294794049611
0.24734608749999998
0.24494271841634402
0.2454829438611722
0.26911911084935164
0.2706469323565513
0.26730848986949435
0.2754111652457821
0.2680026512425489
0.2623890844084696
0.2706931135062713
0.2692959400521647
0.2896423165043466
0.26968386003469696
0.2709089428135964
0.2693309393136313
0.2868596935076044
0.26797417768272536
0.2743046285960048
0.24915235245532638
0.2724113724058831
0.2962050049474716
0.2699897470577498
0.2691761952149099
0.26618554416242496
0.2722056591225287
0.2723482365794758
0.2716559604136481
0.26680612354882643
0.24784760324915073
0.2966157086064179
0.298784519162852
0.26866875624999026
0.24509118153687337
