1.9246779015963895
1.8890427133559646
1.7488572396112523
1.586259985955959
1.8836947662869785
1.9118822980168073
1.5929664870005347
1.941304500299287
1.931918075454586
1.9415521648763814
1.9010979451465357
1.8959025193880499
1.9053884109119739
1.797335450792466
1.9027432781675453
1.9308557068995593
1.9118588973759403
1.9130198519202044
1.6500832184382512
1.9541948219649943
1.6057942604768263
1.9493795572106756
1.6522257181778996
1.9598209936005544
2.0910044134108268
1.9345987960175504
1.9645813050653307
1.9538179663598296
1.9738610278184532
1.9186447670054672
1.9790545209406134
1.9879227774131003
1.9773825822923852
2.537159042174353
2.231994014247502
1.980551876916567
2.1555050999704064
2.2198429922373832
1.9797629971949107
2.152241785464285
1.9822948283800312
1.7009763867291028
1.9886367813069357
1.79279235703599
2.203156789968213
1.9262671242632612
1.8902959807093171
1.7528530972049328
1.7497661750296452
1.9521772372469144
1.7576601616918583
1.9364115965954818
1.9332586321362712
1.9136648998767538
1.9109922704550841
1.598495242090983
1.8998095757142224
1.9053930239060977
1.9052159857146347
1.9277789250892465
1.6486166810912342
1.9098518094481698
1.9168976331050056
1.6396860079153277
1.9570099856092293
1.60537381489156
1.951903236171052
1.6501299275551597
1.9600318455405352
2.0907975858122585
1.9355537991456913
1.9688585582360776
1.9922935189287452
1.9728135110218064
1.9219215443702091
1.9779599807960893
1.9861077420174043
1.9762062873215671
2.5292948696243025
2.2342032325123475
1.9797551336843102
2.1565622234115907
2.317254306469069
1.9776398600901859
2.161163313088732
1.9826539330143773
1.6816621398782043
1.9894857177670073
1.9175308070489985
2.2031015120005355
1.881383119696858
1.7494076165591783
1.8840604900988198
1.8993423195544978
1.7552848879633283
1.899984587943175
1.9318415188206697
1.9029936952267408
1.9027481873637297
1.6134696321402562
1.8987831734859457
1.9059672713439746
1.7949500474658995
1.9030355258319478
1.9309078610818307
1.651661587989491
1.9157376142237248
1.651192806112967
1.9526400155352956
1.605951306739916
1.9468814272855475
2.091123403514321
1.9365024987026858
1.9646743026954385
2.134657236685268
1.922054563693527
1.9797023265310563
1.9854019524538777
1.9754652759525861
2.5320135118290907
2.231437328393928
1.9994711080148755
2.15833379736012
2.2162524586742824
1.9797093463303435
2.1529304725394036
1.9810807165357454
1.7005650440573858
1.988766593649937
1.7914431666632105
2.203264498243661
1.9416158802840147
1.9454027061796588
1.8819041943077752
1.8848742900415072
1.9568641329343142
1.8947722043099364
1.9448832164261318
1.9525140538179693
1.6127632884075915
1.9080660195367498
1.9165435114371916
1.9188499269468289
1.9387896847296615
1.768967015041678
1.9606023650897688
1.9330602226689464
1.6482196936146656
1.9657774241996173
1.6166959472729203
1.9558213660401977
1.7862610167484412
1.966194094367272
2.123552920250944
1.983556716049511
1.9826899228902852
1.9853001251316145
1.9776739149942164
1.9892904925931536
1.997549190436673
1.9923019556831592
2.3471822478369404
2.13218330636788
2.1387830099271388
2.331084673318627
1.9890722535869858
2.1674050115172117
1.9913564802985286
1.9798765189867218
2.001301449509005
1.9220552552740477
2.215865513566236
1.9334884422465313
1.8984456458604089
1.885326266936537
1.7200914996799181
1.9446858623059873
1.967833365931939
1.8928232928431685
1.949398215195185
1.9466129991346293
1.9565743426989144
1.9475366088984023
1.6130166403274757
1.9088643219573036
1.9707519146314394
1.9569434945405009
1.9399512942738424
1.7756366491221984
1.9383025983834474
1.6518871026525588
1.9647165284705865
1.7355548283261317
1.9617496326469492
1.7849024136969165
2.119793601071173
1.9862319153685213
2.146808527271632
1.986003411511065
1.972439199399333
1.9865817320018508
1.996696656793334
1.9892857457328563
2.5436399404437813
2.2465776616114743
2.0112909832560106
2.1638243386255627
2.3318438665068943
1.9872822977993336
2.268235002453326
1.9930720616984754
1.818803855648575
1.9987010312199414
1.9255136647018702
2.21495720429951
1.9438137851107364
1.8836990080352671
1.8866230099056625
1.9327321352885272
1.950766775717982
1.8897554997926442
1.9412233558010044
2.088675242033831
1.9497931846302992
1.6152905231397683
1.9067405839002012
1.91736062075302
1.9301909368137513
1.9198215224246853
1.9404659305180751
1.7745749580807626
1.934264341297715
1.7409179994133304
1.9681586105087228
2.1254886605290113
1.9813773722382069
1.981718022153073
2.1676122125482657
1.9879287436093065
1.9733647670934111
1.9896150047785124
2.0017933613150998
1.992438833883988
2.54924649157444
2.349704061832686
2.1494918652374038
2.140063712628434
2.331919287439672
1.988823825385253
2.270519958170985
1.9937838872906795
1.9848129373112566
2.0014065178628346
1.9207371873384667
2.2179934394108654
1.9303915912844365
1.7236258238047866
1.9416643372570868
1.9659224874453989
1.731068209900649
1.949872022588761
2.0256932569755586
1.9567860138871833
1.9443280500344007
1.61186570400203
1.9113033964625339
1.9092830999666968
1.93241539763436
1.9617924684989794
1.9408049118742703
1.7736111148058185
1.652352048809924
1.9666615692342098
1.7397709029886181
1.959552002673535
1.7869468029297602
1.967312815948457
2.1841009634027353
1.9833713653855396
1.9866079270823411
2.1688730683279775
1.9906809344300402
1.9722697885426146
1.988190691747329
1.9980016154075224
1.9910647951731453
2.6705828037086192
2.3498682184783757
2.014689101026516
2.1669097123652157
2.3336926930555237
2.268079327198369
1.9968084626089795
1.9820145769002977
2.000895152919919
1.9267162290366424
