0.47881465596135353
0.43493254661420666
0.6232297004280013
0.5535249908353942
0.581422717376493
0.6467087181244363
0.5592279240079376
0.6833756755884449
0.7182715417251377
0.6477698066673041
0.6254855025167063
0.584179153944328
0.6999875431813165
0.7626199048705119
0.7772708220215199
0.5689946128121229
0.6467848163887571
0.7436181799812203
0.5729566490651538
0.7066055855969517
0.5849497981378188
0.589052922150086
0.6761223547077281
0.600692442454963
0.5417847046394291
0.5392720788940084
0.74238261613095
0.5629349353004388
0.6123890213554377
0.5164565533218282
0.5998249833821845
0.5065507040649488
0.47010452596923225
0.5315954186084542
0.6272222956141658
0.43809126607513504
0.49295559221428653
0.6278784236520201
0.42375576550532823
0.5729987505713443
0.7088301317046888
