0.8483293033308708
0.7366956861784058
0.7904929116840234
0.7735932960481495
0.7566577269422495
0.7105155648062863
0.6868906321122603
0.7908635339878306
0.8046130430640069
0.8183887274828369
0.712152560794158
0.7208485789223882
0.7944889018423743
0.7870283225072209
0.854042407241474
0.8071173839651846
0.7356388524164688
0.7451322203971862
0.6749574510100856
0.8376414356844826
0.7313826390673921
0.8191977410288995
0.7284680384989964
0.7825788139765103
0.7418470978028083
0.8023810395814803
0.8935185601600002
0.7322734874895863
0.7980064759157278
0.6469544493728348
0.6862491661051574
0.748529283285746
0.9050360218269589
0.9045343397741856
0.7587067506498029
0.815209862704992
0.7550733301493248
0.9002317265596842
0.7430509259759606
0.7745614202348828
0.7683992305708686
0.7170859150820396
0.7313988799865714
0.7971896034424137
0.84979857004664
0.7499297254567979
0.8745799093718195
0.8479911936683947
0.7909402148513202
0.6386656523519728
0.7360200630447684
0.7825119274859642
0.8102726989796208
0.6895371873375626
0.9253320221866617
0.7731680304065102
0.7735031951253848
0.7469525437511797
0.6831933830006901
0.901224249076287
0.7014657348444671
0.8384503951977742
0.7840645718836614
0.7007395778160327
0.6385635474889879
0.7704780501398282
0.765220288591162
0.8273933538833235
0.7887750034390618
0.7929164256962261
0.8258553869581867
0.8017943016347164
0.8456438246929663
0.7484350403990879
0.7703848304936445
0.7897267546575569
0.7244745266438867
0.8860188135376436
0.6827476183416918
0.8751992159086986
0.6612125651388209
0.8371102454335564
0.6645844446567897
0.8224002454427205
0.8659930260091314
0.677315906525326
0.8290257977786228
0.7048926831913771
0.7495122055760378
0.6877775163017217
0.8127202080324052
0.7757157431126058
0.8691263102140442
0.6636518086205325
0.8068740201632106
0.7772950174560949
0.73574379918097
0.6614126132564366
0.762334911345955
0.8378056213345131
0.8445547183036974
0.8032916937038673
0.796664148246927
0.8142017619924072
0.7344214453706799
0.7386328409886743
0.756088835641096
0.7827871654154543
0.8210603944837684
0.892466694814105
0.6156804050765489
0.7777867626958929
0.8433200429913902
0.7808329937585241
0.9248185317963223
0.88501065772234
0.7798397436903342
0.7202796382736796
0.7224851079007888
0.7301784438267763
0.8386176593955839
0.7560158291480473
0.7849602516174741
0.7707631749939553
0.7324097431136608
0.8502045554305946
0.6652770774471654
0.8747655721047322
0.7020744167907614
0.7659699150985422
0.8044077891852858
0.7052252283325905
0.7983818497881768
0.6876846907373401
0.8792631082913482
0.8173962352336331
0.9022408203158369
0.765580776672261
0.8119894755782432
0.827625561112761
0.7501657435066917
0.922713628893259
0.7334013683855032
0.7459800237757592
0.7290268192997602
0.741118044596444
0.679136537272997
0.7367148344873432
0.7784968378055597
0.7938672945986895
0.665202996728982
0.9216546008954436
0.6735855823148912
0.6149885644205069
0.735646114836607
0.6384077913224094
0.6870863671589812
0.7493594291663115
0.6733136730590751
0.7130031816042572
0.7529719266875698
0.7362163859089371
0.7830741490325512
0.6909769627914708
0.7842053220034912
0.825349192087866
0.8690251866665905
0.6570174416916986
0.7523293875239871
0.7843454256830646
0.7308970100484468
0.7051834080602419
0.639691851253155
0.871704596077548
0.7413148299778791
0.854045131360351
0.8520971608730034
0.6477002964758235
0.6780077818137711
0.6252013687551898
0.8686718174442436
0.7813647631850589
0.7883270875294718
0.7608611988560156
0.768934930421937
0.7901890510679085
0.6489381674549334
0.8191299454631398
0.769562425260937
0.6745939594054677
0.7477621160070487
0.7342496180726558
0.864767502392047
0.7113772844084483
0.6563905941160003
0.7676968440528613
0.7961670546273093
0.7858525514768167
0.7580031764815565
0.6323801501503924
0.739173449899751
0.8215610524072641
0.7755220937060382
0.8186099417062932
0.7296640618949862
0.7420151463324348
0.7442899799822498
