1.9713253993744921
1.852710813753945
1.889284262209255
1.8822152007615094
1.750337873966083
1.7636881615279743
1.8836638044307534
1.9716301325089005
1.878256462786052
2.059580322904136
1.8617649589175889
1.7160424336001372
1.8793461462274592
1.8506569491260791
1.7522923866429365
1.7306943395646204
1.929249133853621
1.6857948120995174
1.8720318861547194
2.0368009767882564
1.9064212573099328
1.7381686981338065
1.8875942947089033
1.8611841578381232
1.9108323914801872
1.703201359353641
2.0215228592218017
1.9878489613960473
1.7450010610910398
1.729470603967319
1.998929843516257
1.918398026180318
1.8559484557428063
1.8886808897394958
1.8809307335342176
1.7740216937614375
1.753136853937618
1.8788642038000123
1.9303814240978838
1.9957997593158163
1.8409921234215836
1.8888291249633589
1.8592016231830695
1.7536001114630144
1.6778885592615864
1.9330747584193153
1.6822008715436594
1.8727403966093505
2.032336453403251
1.9016631736526608
1.72262053633722
1.7601367916294794
1.8777317437238774
1.861067689868047
1.9193929564786292
1.6898360564337804
1.7615827542297662
2.0218948201822013
1.9878762526205387
1.7142930986862501
1.7259441909071254
1.9925431724782248
1.9110691457220041
1.8501321032711375
1.892053471850506
1.8820926032703564
1.7489684969699562
1.7570822907415264
1.8800318088285408
1.9176476781514937
1.8802631020240592
2.002010355163612
1.8683627723608374
1.7145260293722002
1.8840558411341106
1.8562788834006057
1.7518155339819765
1.6773381543524748
1.9313860096347348
1.684903261053704
1.8691899296120909
2.03741693461993
1.9068121174619261
1.715989813922927
1.7577548981462616
1.8773197468241551
1.863789225228853
2.0210380829281176
1.9881634532598564
1.7430920642152825
1.7308581524965674
1.997298614421747
1.9273993243098744
1.8655078586240628
1.9008856393229732
1.9490860801868446
1.7712376047810632
1.9104783762517
1.9299526971889827
1.9834092731607442
2.0451909486537647
1.8613111628531818
1.8913224250604597
1.898708475460355
1.9035489088388258
1.6911842021797878
1.9404773624847655
1.718725975240729
1.9028662513499914
2.041922231389549
1.9086084025234797
1.764101314822634
1.768943428158428
1.877424339081248
1.9159226057841905
1.705388030531853
1.7685122910445632
2.0470757683795755
1.7170844741377294
1.9973698083899771
1.9148656511042503
1.8579414621546897
1.895187979089902
1.8938073582324269
1.76978897495845
1.9100815484682723
1.9830510071874194
1.9777620687635813
2.0520202040403777
1.874760285426898
1.8437495350336308
1.8993241578956939
1.881080684373146
1.90708707944946
1.684633969501289
1.9344375994433338
1.730348371811058
1.9111590936124148
2.041451279510763
1.9105007557378038
1.7611034436833144
1.7915132619810012
1.8898253693502223
1.8728274602649546
1.926310594128766
1.715189010018657
1.7709625464669394
2.022388719684206
2.0537489672093434
1.7269643454103056
1.749267890756809
1.8632585205198917
1.9024136893478942
1.7938588124137054
1.7597434646004242
1.9024915301566732
2.0114153723293713
2.039471221812666
1.8749465231061206
1.8609246405657254
1.891727006690019
1.889624148559618
1.891300098560828
1.6940701737520736
1.9346742101323267
2.045100612650813
1.9899848345794613
1.7594970805981125
1.760549859192498
1.8850611697607036
1.877389351354259
1.9107671126530383
1.7068297012486233
1.7834983203800812
1.7231541351232296
1.744121131631117
1.988012580212693
2.010025905043981
1.8738391835560615
1.9081318973876678
1.9424865894772858
1.774413870007637
1.772160141476454
1.903979361989273
1.973506178079653
2.032890780134339
2.0510866247254342
1.8895869140253945
1.8978000422365753
1.8781713264677111
1.7853267633348509
1.6865675645494975
1.929638763718636
1.7327046060747513
1.9088768488107644
2.1767338027908565
1.9679907666387164
1.7836230607872543
1.893858210187386
1.8759119327382499
1.9233133629461927
1.7079892470731008
1.8048535880558423
2.0307870768753102
2.0542034361858685
1.7344835702669514
1.7521466041269165
