1.571616248052711
1.574238350727199
1.5735938303463288
1.4690713170006604
1.475485620295531
1.6146674071765768
1.6087863353560705
1.5741655299158281
1.5777569416659953
1.5729160606765396
1.5742670159365206
1.573920283313742
1.5802841741772817
1.578394611020316
1.4630114511895138
1.6118794470661735
1.6158997724255995
1.616335551858364
1.4643161774591558
1.5761110037653119
1.5724490072027177
1.5791962081005109
1.4722428225579454
1.4699056751714727
1.6199076512535047
1.4601630104408643
1.4750963393987842
1.4658550611682077
1.57896215075654
1.5743645258059509
1.5740179007372161
1.5757632589898503
1.5737009341036945
1.4754090920657104
1.4801974297067586
1.583571196535246
1.6146520678027279
1.6106825895961492
1.5762909048392337
1.5751940016438226
1.5728398159892965
1.5777617748631945
1.5719012864263795
1.5788390220221564
1.56406894247584
1.5806997527482072
1.462257813524483
1.6124070754193625
1.6159055976071424
1.6141364272090521
1.5715983152863047
1.4629676197389099
1.5733536214494743
1.5729540479195427
1.5761377908412928
1.4706663269250857
1.5758879949751419
1.616522894897704
1.6172475441501142
1.5666675912515748
1.4799402933941344
1.576901853527396
1.5726474686804952
1.5734212756340773
1.57410015724756
1.5737176273377318
1.4721392299271259
1.4749732966017297
1.6166548750433116
1.6113169868521648
1.6066538466844387
1.5746143672311141
1.5808394544733104
1.5726285104131077
1.571188540264328
1.5738149406483772
1.5765052439580312
1.5642015700636716
1.6135614873010677
1.4627930948611754
1.614895821989513
1.4709974324356452
1.5685841165990129
1.5714659382363523
1.5718711793533782
1.5761015761270587
1.4673511856987083
1.470066421866451
1.6161788968976831
1.619730227401583
1.5662777702776265
1.4718366495480808
1.4682071086353767
1.5789273723778867
1.5750266992752144
1.5747994754286327
1.4743390315866176
1.473242841831095
1.615403649734051
1.6161108962802002
1.608185991389635
1.5760502707056196
1.5768676579602874
1.571553093566149
1.57428020217102
1.5733832079274872
1.5647668789809313
1.4619280249351136
1.577954326480254
1.6169924222987941
1.6145335660001179
1.4699598236856537
1.4643736897775161
1.574137430157855
1.572845809782258
1.5759699342016882
1.4709971777609245
1.5722103832418055
1.6160436557433797
1.6176397468227803
1.5666679816339066
1.4775426665152849
1.4664971826533295
1.577162495557485
1.5722808327299573
1.5756323124101195
1.5743401707295175
1.4764150756405208
1.574853028677482
1.6169209427960614
1.6163693803705983
1.612197259551626
1.575382639116589
1.5769334415916847
1.5772366463346323
1.573958236626671
1.5739085442542877
1.574982703202068
1.5636764343542011
1.5831712302541168
1.46498864551141
1.617572468779338
1.6164901541517716
1.6101404625786553
1.5681776849303555
1.5787042611376787
1.5709216249125755
1.5780022289865994
1.4732778323212001
1.5710293221572125
1.620512976463929
1.6209531205090633
1.5674787870650997
1.4718308387517274
1.436671714612424
1.5781590781701658
1.573403984244119
1.5768770193036348
1.578599469940389
1.5743973231129877
1.4652473388580747
1.5778356268962024
1.613840240610815
1.6102950545984172
1.6185341932897164
1.5770889001887152
1.5762028726498098
1.5722451014864445
1.5800567248532107
1.565381076484501
1.5722985375041536
1.574943348276496
1.6187740007134725
1.6195632621284215
1.5703830151961087
1.569289116056938
1.5807935761910281
1.5745594297886885
1.575908560257566
1.576626930563695
1.6186265295511475
1.623681937490314
1.568667901552637
1.5755856487333135
1.581696371498521
1.5757162853485507
1.576040977716719
1.574795722943509
1.4702783276552034
1.4775959713418645
1.5821432270836067
1.582344684883396
1.5734971645634974
1.5758701411518663
1.5895718317016632
1.5747140066383483
1.5749905428520137
1.571868077508388
1.5656791735941766
1.5846373514841319
1.4661292119239901
1.6149311008057872
1.6184441288762499
1.6144458558629766
1.5731639638733432
1.5694908034878998
1.5735857598772154
1.5724583106788252
1.5779523415378607
1.4678594164139998
1.5675102939514538
1.6187062172294775
1.6193777834888239
1.565415137757732
1.5786937029917365
1.5797647451779333
1.5739725561604274
1.580732551617764
1.5752581871024738
1.4674420957103227
1.4758657332576028
1.577888766189093
1.6264249749697453
1.5744904242848299
1.5925439381207265
1.5769608909146346
1.5732576434283798
1.5763505426139373
1.5722195856896426
1.5652000564390698
1.5820770370341386
1.4728837686562442
1.575097936171218
1.623580069722879
1.5689111590081526
1.5663552913379972
1.5816508567167136
1.4779833626084755
1.6172109882948964
1.6197485775543843
1.568110332586895
1.48664168048312
1.4743509109226471
