0.7724886478915726
0.7191946558067316
0.7053729583089817
0.7044147009114238
0.7234743236052399
0.8080047885700942
0.8077795029888452
0.6227382972190578
0.6979662167088907
0.8353531508856785
0.7433586210196003
0.6335739846293115
0.9317489934386923
0.726424340347656
0.8781419284631307
0.8767254619334818
0.7361789319542529
0.8378714955973976
0.8615811336645278
0.9797859646333913
0.8212401663570543
0.9340717535332875
0.8297747481202323
0.6962287488614712
0.7029723292138591
0.805044852107902
0.8384788505584139
0.7446229057357684
0.7305464903863638
0.8145717529447706
0.894049108665881
0.7539163531275362
0.7788746399443749
0.6959897532784741
0.810633966885111
0.6763137768054085
0.7059457706623881
0.9636480313800966
0.6359450161524447
0.8272155685235991
0.734435775423958
