0.5313569296328848
0.4927502464536861
0.5525662685223236
0.5427486483735381
0.5838552899211135
0.5834345291368717
0.576953913831812
0.485470839595472
0.5487551656231605
0.5298049837739409
0.5654016084749948
0.5812158368712046
0.5932471790473262
0.5716598917133413
0.5616252439192164
0.5549230702858928
0.5379185543877448
0.5825930021806884
0.5541493947799148
0.5398298838886929
0.5424725839227134
0.5255326615184812
0.5437079952155536
0.5789455097404054
0.5969522998082095
0.5321938680740153
0.5396281147839311
0.5738865440554067
0.5736109116761234
0.5510216002660231
0.5416583820615734
0.5467023849171229
0.5687813492027542
0.5477297405650967
0.49217780460787236
0.49769445030324405
0.532910872915577
0.5812082075632179
0.5760318591909905
0.5349004466758858
0.5057536602470638
0.5307569236105709
0.5335369755307333
0.5778549904037789
0.5741527647940433
0.5357332436218921
0.5408584572613521
0.565260034460826
0.5897788312434347
0.4844158091144095
0.5435543657703823
0.5390146362462813
0.5551071552581561
0.5868385661845591
0.6000624641745781
0.5437818628785198
0.5318313426207707
0.585015640168077
0.5737826539068116
0.5900038510251023
0.5519222446688816
0.49209118290027964
0.5745957997309813
0.5782973252522201
0.5059289024972626
0.4834104799052587
0.5083169144053028
0.547206617211116
0.5793202753715098
0.5803572067738586
0.5760585417228403
0.5842919810862397
0.5384943489152345
0.5378583298970041
0.5318131777694648
0.5893324043786569
0.5733333977548414
0.5355538827310184
0.5610933740669763
0.5388926807138534
0.571442473912265
0.5421603650764515
0.5673207789708332
0.5423985424976431
0.5636216700872777
0.5795842561912533
0.5305385797895367
0.5739104054354603
0.5370896764215183
0.5440511884367293
0.5552160685480222
0.5820545769095216
0.5811531795848917
0.5755392926236934
0.5370561533761515
0.5500264311012749
0.5817827337136787
0.5419305461124693
0.548535606234809
0.5834117182365659
0.5432999057855411
0.5015994365735417
0.5037419256671245
0.5574015082906725
0.5439178558269627
0.5709795356401102
0.5735086983083129
0.5790537275106306
0.531010137162212
0.5698833060359211
0.5565825258808484
0.5367477556026702
0.5742673172689536
0.56468453659613
0.5739548013534302
0.5427520296275444
0.5455989394056414
0.5472890331837641
0.5847204333598521
0.5422781012722184
0.5701232847548419
0.5421944857253111
0.5357571341715051
0.5483053157430833
0.5416709183802857
0.589611678698351
0.5445564469389231
0.5453480738365643
0.540236714073532
0.5892014522432322
0.5837376768533671
0.5317530803343841
0.5424751769328064
0.5418451674825342
0.5687293492691443
0.5769453965089095
0.4852055873535584
0.5233792830014472
0.5738547172607505
0.5706750779754416
0.5518951276079619
0.5727295154026991
0.534541742488076
0.5713624240094477
0.5383203293564838
0.575867600777263
0.5308906356412634
0.5384606822668198
0.5740755465510303
0.5834481907121697
0.5378687325839512
0.5768854818656537
0.5327226444668035
0.5526285122546292
0.5910140880978704
0.5460371210798074
0.49099687642968914
0.5340760546695367
0.5383555907821983
0.5631951265289544
0.5777050415063992
0.5492118758263411
0.5821701373726647
0.542476116371762
0.5335224162262704
0.5772522207202738
0.6033464544289188
0.5879297072299057
0.5397867457256181
0.5309140050658473
0.5806730547067347
0.5757124440321266
0.5385079085885264
0.5732517113375615
0.505288875803201
0.5447198467682277
0.5372777893793296
0.578684451537888
0.5763834254429199
0.5641288424180328
0.5295253582842832
0.5208344236485847
0.49426911337873164
0.5364189263977447
0.5350890261982552
0.558439276898496
0.5002884956954934
0.5743549369020093
0.5507436060477706
0.5508445304141496
0.573110995300342
0.5745518062484978
0.5460109712365568
0.5426784661290307
0.5706109066585612
0.5291665137935044
0.5836289055718606
0.49319660158188117
0.5455354362062594
0.5424449353369186
0.5288938006243042
0.5778099428183839
0.5802480330202486
0.5345831417503143
0.5648581753494266
0.5768893953680334
0.49361964909433315
0.5529935535830797
0.5211927419407251
0.5021611272201235
0.5796438769016801
0.5854495259262921
0.5410343975472333
0.49292765992444015
0.4916445904508547
0.5469523621504431
0.5268180629295294
0.5293592257229701
0.5760305515717329
0.5791021489114397
0.5633499761071646
0.49241619735556724
0.535605346692396
0.5296768561154916
0.5887355204966415
0.5732948801056229
0.5807344192329263
0.535735085816696
0.5402390765917194
0.5510732659743608
0.533502224774433
0.584691697194647
0.4880950501403259
0.5418512153175873
0.573012420276162
0.5750432870008517
0.5316740613506189
0.575960368706875
0.5447984980407283
0.49672026097962063
0.5690099547455886
0.5702370740468915
0.5303275464404162
