0.5890983452566457
0.6015399632874754
0.6344969767577068
0.5863876179189453
0.6018898768590867
0.5972316611018055
0.6327126442578732
0.5946348182940057
0.5419332222895061
0.5969852218761929
0.6063380806222575
0.5465203694980832
0.5994614568530737
0.6476131408021863
0.5941030049349996
0.6006500005919573
0.5391088617736869
0.6306817103356195
0.5941766902387254
0.5988110020657034
0.5500606285572931
0.5425351735154256
0.6450182652027849
0.6499624490209297
0.5483458959411083
0.5452029699666338
0.53641527319225
0.5946965295505036
0.5918360796486023
0.6305357041855331
0.6021777866356217
0.6339844874573531
0.5542787902094951
0.5463434360369037
0.6017005083174194
0.5972160305576086
0.6323122600445141
0.5956435169118355
0.5430483937370476
0.5934812860912325
0.6062485229396661
0.5921541656080878
0.5416213478839816
0.6107754869576475
0.5453492909538072
0.610147459187164
0.5942150051414359
0.5989172006522142
0.5874996120184172
0.5999711853230232
0.5965158361309746
0.5969144745454736
0.5443308375716107
0.6449897539671261
0.6497078131309694
0.5440844241747419
0.5404654215790015
0.5363873602987184
0.5940661508560174
0.592303666441714
0.6315229662238667
0.6018377540648522
0.6346228903880002
0.5451932215247557
0.5428535675332309
0.5978286148872813
0.5967259739964097
0.6316379025036422
0.5923837666103676
0.5412976595132452
0.5912967289045216
0.5986887249212169
0.5953250003102404
0.5966516008382994
0.5408927198606597
0.6034507711596384
0.546563731993735
0.5993381696782225
0.6466516162840124
0.5951141557068883
0.5927289853550173
0.5830368349061247
0.6340512758680579
0.5952415912071688
0.596605257920837
0.5517126388905228
0.5442510961765077
0.644908268818734
0.6493386651497536
0.5432681853004261
0.550001858401707
0.5343021359025808
0.5920884465830893
0.591133488114041
0.6306077855427664
0.6019234025210778
0.6337963449237347
0.5580052547966489
0.6040903861527244
0.5966645061708893
0.5883057950429508
0.542256929195918
0.5933157340144662
0.5931627757345269
0.5972796708206202
0.599431104865149
0.5468163685399189
0.6006791225489524
0.6096853717519501
0.5957529968628574
0.592332266614882
0.5837348929548588
0.6003777825676686
0.5976237863572127
0.5992036781198911
0.548468317133854
0.5416936231843003
0.6501456442626802
0.5444167923652665
0.5430921585402648
0.5321957613299534
0.5953012351444501
0.6361392743475605
0.6045546105197354
0.6359170410225565
0.5417596134834236
0.588256775480413
0.6042319731072485
0.5997151613719435
0.6302078379976173
0.5978163000091461
0.5454773293895693
0.5991387311514034
0.5973687611891634
0.5950246060746739
0.6000508278107854
0.5441336712724198
0.6103866552153218
0.5501605887736911
0.604141766203136
0.6471375208372566
0.5954151134912606
0.5985216776039232
0.5872175452630478
0.5982833596373195
0.5971761067182788
0.6043278408062123
0.54246456121098
0.6538568416404189
0.6530362729318041
0.545921906025004
0.5451221721813415
0.5397259512336932
0.5951307385850296
0.5974894130613388
0.6366896967573397
0.6057336344680806
0.6383671533833927
0.5485605247472336
0.5446607796738232
0.5991192226206008
0.6000154047589519
0.6312431162749436
0.6051656009830414
0.5451448961903782
0.5928149851103122
0.5921859643029646
0.6318610369491009
0.5927525223882691
0.5448237310145372
0.604411565991558
0.5521046224189865
0.5995514915184941
0.6449731114856523
0.5946255656264732
0.6015539343581384
0.5894396043480767
0.6392750081053591
0.5541067890122071
0.5496482581101597
0.6502708333235199
0.5935968985374742
0.5444095047879229
0.539085413999485
0.5984807512564073
0.5928999731170443
0.6364046113621611
0.6036114655594964
0.6395110804741067
0.5865296858090575
0.5902564529640989
0.6026421530893744
0.6027431918871081
0.6317006772855679
0.6277520343697742
0.5470817875752436
0.5976610095739625
0.5979902479680974
0.5943708064506341
0.5436514638162935
0.6136579569421028
0.6133289671734286
0.6456408343121852
0.5988228434010536
0.5844276897519435
0.6345775926679269
0.6006388301197957
0.540066700016295
0.6486612831244564
0.6513833535957695
0.546324561970684
0.5457578128805922
0.5418640989734972
0.5964003071355964
0.5960710952323538
0.5844829646817056
0.6007352910357819
0.6009607065196799
0.5984644632813533
0.6109747500894657
0.5992627721397276
0.6318514779284793
0.5996317758650718
0.5974480266606275
0.6064393014120728
0.6308357695207685
0.5968455697510651
0.60436869936217
0.5546775765659816
0.6046318599225787
0.644691378716236
0.5977314041930191
0.6012438123882768
0.5907286902991835
0.6012814839821092
0.5986761373581
0.5992267758001715
0.6053619423357481
0.5467209092806256
0.6482772887724688
0.6508438921268735
0.5945048502048985
0.5576371686681523
