0.5924287589200996
0.6358202111711259
0.6385592479433201
0.6426055759808531
0.5470816938189776
0.6109051689035311
0.6092903767365149
0.6403828069081713
0.5985202111412743
0.6014525110814584
0.5963160135754703
0.6286682502460863
0.5880562451547967
0.5995466577950757
0.6051841940587912
0.6465048535319502
0.6327440509455908
0.5939052613684156
0.5916661469611584
0.6370033336252694
0.6312520258217211
0.6368734020556854
0.5958080103672452
0.5930464231533352
0.651302690602786
0.6534440079973074
0.5887735414885602
0.5540824737184188
0.5426928816636748
0.5985076411391086
0.5958339760901219
0.6416470468812656
0.5624555636506637
0.6182692260966408
0.6068976315379304
0.6447292133209679
0.6398727753452014
0.5991482694903953
0.6065553312167515
0.6341934503343892
0.6106339009371897
0.5416680286714651
0.614310670661925
0.5948779610013042
0.6103704647748462
0.647050767969454
0.6333809382512329
0.6002128907706408
0.6368254078250042
0.6323247181468639
0.5994099263261262
0.6018547986374834
0.547283442441348
0.6504581740264879
0.6532658305415662
0.5873438467280687
0.5508484261283068
0.537157397214028
0.5988189260327793
0.5952893701363738
0.635481957139638
0.6378163147707872
0.6422033822079926
0.5548827247404033
0.6012370232184205
0.6102559529304035
0.6410340729929276
0.634243592260785
0.6369197832701785
0.5990992909510471
0.6001067561161146
0.5990277200925491
0.6083890377473182
0.5401886852041651
0.6104261329412408
0.6462603946905097
0.6332112548686768
0.5972322047986149
0.6373345407059227
0.6047477898064706
0.5488154596790156
0.6513733464144869
0.6531212549021469
0.5886700407687796
0.5916629803775326
0.541002757705516
0.6016922375889677
0.596427832085834
0.6358663482365188
0.6370267524788749
0.6416678505449873
0.5523280077842858
0.6022264232282505
0.6122385507359436
0.640047994269048
0.6366451091616754
0.6394674099142449
0.600081117980296
0.6040852867368915
0.5966088736205426
0.6307518995549691
0.6117678447955055
0.610662810146749
0.5948518302775554
0.6048842207023455
0.6476779489762042
0.6338018849916759
0.5961966593680452
0.5903200395910763
0.6329373445850254
0.6335063861504034
0.603844365448981
0.5963752738263808
0.6532264338225091
0.5914095035336856
0.555720992395634
0.5396985048337645
0.6025283517665982
0.6315547919880999
0.641283404359335
0.5570199384607677
0.5976946121782415
0.6100293643540005
0.6374768913417038
0.6360165637232615
0.5978372803232502
0.6045089898835396
0.6335352166859689
0.5445404555805018
0.610951508472581
0.6010708538773671
0.6098720680846407
0.6507373407245314
0.6441071234299536
0.5944335646306501
0.5895927474959838
0.6376363939491274
0.6351042507376717
0.6423260021203667
0.6025003982065287
0.5448507846823594
0.6545117942678425
0.6561764329959584
0.5441555711758554
0.55464682559517
0.5455123832870458
0.6362857501662895
0.6377067796051101
0.6041265018751999
0.643359498209942
0.5955395069015995
0.6023765757424686
0.6108418657583989
0.638041079744365
0.646514538764969
0.6025274477188972
0.6015162603618943
0.6005998391373316
0.6344039276686987
0.6088912247552648
0.5911164786454811
0.6130475203827718
0.6046702903450014
0.6424361289239471
0.6472180672775454
0.6003877747399633
0.6031707609196921
0.5958477528356252
0.6465280344360729
0.6328327219944695
0.6376306066078858
0.6107674614948401
0.5986343268743959
0.6531646503165075
0.6543744337223808
0.5981999410714092
0.5498023784168378
0.5418398677811936
0.5995481204607138
0.6011997948843304
0.6410132917317006
0.6399057503572756
0.6449628102017326
0.5893918523486077
0.592004772518173
0.6066159121506083
0.635625690998547
0.635027642338012
0.6366453501436489
0.604298671006744
0.601577351530747
0.5989813826494594
0.6338355508185824
0.6006957682459007
0.593201334127531
0.6172040657297995
0.6042789650011613
0.6097623313288072
0.6481849194764497
0.6043001836831698
0.5972574048125073
0.5922998055293661
0.6401240405815536
0.6374817966135385
0.6060073503062906
0.6046924084316604
0.6535540398301601
0.6525902688209373
0.5439091365294074
0.5443402459383332
0.6348433273690804
0.6321395960647419
0.641409192651236
0.6035634906365261
0.6469241004402819
0.595769895120794
0.6031749611138287
0.6032604790801304
0.6062812765132553
0.6372516764150723
0.6474681158476197
0.6079028684014629
0.6023825916910527
0.6029358638839026
0.6318175207088537
0.5987747494518855
0.5453277101442701
0.6129779393013839
0.6015909759361349
0.6383928050236709
0.6474400652753578
0.6029034852927381
0.5979731481291533
0.5930652076627316
0.6475317195943802
0.6327369246515192
0.64683660506236
0.6039645947966322
0.5982521027244065
0.6537521315424415
0.6527033902182913
0.5998529849921559
0.5599950072705614
