0.6624568843708523
0.649837912554043
0.6757171748929351
0.6005292380829406
0.6281740932650973
0.609669651568058
0.7530889824229737
0.6204969900236781
0.5949669648799182
0.7893495054165877
0.5089718440299165
0.6269720980987747
0.7098263288058904
0.8019192143773226
0.713203819070564
0.7068520758590646
0.8749805836803488
0.5222686063550946
0.7306533755968259
0.6366768039874477
0.6836412281083559
0.7892580216670069
2.652337487051382
0.5948391292244273
0.5697447388788119
0.6535464235792555
0.6440938747351521
1.0272376939446368
0.775063953900607
0.6608748489605192
0.6643684017448765
0.6181213654852471
2.624824725861701
0.6354146826302224
0.5627706924236227
0.6550172691982168
0.6620018062093596
0.5652635349176238
0.8247921370798045
0.6528891250945801
0.7848853076486407
0.6200442972249229
0.6245354978646704
0.955394214092692
0.780578453013762
0.6102145908216582
0.5788731699035127
0.8807239190982319
0.6794857857737077
0.6438954520455826
0.6037299480005451
0.6323932472221672
0.4890780677951178
0.701035715602381
0.7161121379660611
0.6632120208786907
0.6123114919302484
0.7050372532661079
0.6278079093970416
2.65632414504418
0.7654670620200182
0.8120827930414101
0.5737881495961007
0.581452526099016
0.6381571846951342
0.713725247913414
0.871180193394814
0.8099163481013139
0.5095598841776762
0.6227312222669676
0.8768239945007965
0.593380910326616
0.610626619566229
0.7190174700292937
0.5693322628105969
0.8390736053093354
0.6223852220996537
0.5959963759317173
0.5664280891887622
0.6125662560259771
0.6487316012190176
0.6442969479424223
0.667132735186569
0.8019399472781414
0.5476761725904677
0.5451838120563471
0.6281133275815789
0.7636767736491338
0.6167236010092724
0.5126427536741862
2.618340328713818
0.7484197996237458
0.5628247192725273
0.8574691601647468
0.5304966541721755
0.6513582683701303
0.5549623423078235
0.7174192382091062
0.6589808958552471
0.6929665869825132
0.651727826358484
0.6075618263805208
0.9156690828509293
0.6121037031356602
0.5416139669520859
0.6668369610223368
0.7499391736524708
0.50856909719122
0.7828093715472023
0.6885097487122727
0.5477499664796608
0.8124891094855964
0.937736691180926
0.7071431771809836
0.7948901160033205
0.7233405532737505
0.7999055158566493
0.6356159929624792
2.6621989754005773
0.7601593950504
0.555839676125338
0.7184406371112434
0.5416269622221195
0.6652181888050803
0.8866209930846285
0.7835924759706192
0.67581415540592
0.7058657898330218
0.6607358233488518
0.7960882978973522
0.7434137115953949
0.5581930072438941
0.6374496383678332
0.7690324561207289
0.5988269220412485
0.6510920602659187
0.7917697708161269
0.7774383909132752
0.5877558129352587
0.839774572230288
0.5967574995738885
0.7233626530236845
0.737290284218634
0.6566052508403414
0.7672081390817769
0.6305553606929356
0.7037116748497209
0.9455118844169728
0.7649898394469223
0.5819101875555193
0.5387332609204408
0.6588417403419689
0.5728019818591952
0.951554351643874
0.9463656770226387
0.6059745507915302
0.6588884332540148
0.7018846185683143
0.6340439633467847
0.6316712144749259
0.8133985445674302
0.7245838249209873
0.5274534087356122
0.5970965121002473
0.6528899096448737
0.6411094278380132
0.6729408425512453
2.5677093682870833
0.6412908031246718
0.7354216022005626
0.9553285880262692
0.7911048366483638
0.6481092109485388
0.6860754884497485
0.6277449820355765
0.7377002815260756
2.6313650278160616
0.7338216676879503
0.6530162129373287
0.559573059267014
0.6667776166231563
0.6037946163478962
0.7198314011183565
0.7323329863859305
0.786028182497776
0.6817950297261661
0.5991228650517068
0.595686368395797
0.6501461833097943
0.629955562093503
0.5736078703183203
0.8660041718531046
0.5994384762093554
0.7886451253536249
0.5577857535065407
0.6259907166110076
0.5935801147046383
0.5771711634130032
0.9630262553998985
0.6838005463859342
0.6125703196139358
0.7012163447576164
0.49029519809713984
0.7325483595122122
0.6616208979092819
0.7208924230550464
0.6398211236136688
0.8410560495480144
0.8206385301665302
0.6216558283611465
0.5621222248431949
0.6473248062964638
0.7696314643665799
