0.5131054398011158
0.6421131576202403
0.604464413869817
0.5551060230748978
0.48222222464651876
0.3524553115590063
0.4219179036285048
0.5122618543775607
0.4605253439520428
0.6358743618312657
0.48359941651905536
0.37231278367657034
0.5353747291437753
0.4234878600746117
0.4348464108391692
0.34864730045691844
0.4314281653508889
0.47436195921923807
0.6141010659460253
0.3807735393054232
0.49864523905032243
0.42729298151227196
0.407573280556622
0.3816161657631711
0.4683424424101502
0.41855102449145587
0.4916848469789462
0.6599945401065612
0.4567374890144476
0.3960717336459114
0.5579469277072194
0.5969511705289379
0.5418208029672428
0.5841445663292381
0.3886746186532458
0.3872651508661896
0.4361609118723584
0.44113323867076937
0.6425046267379536
0.43784274990652305
0.44681698566631795
0.48695094397369
0.44688151875047033
0.6014064056412614
0.4852208706633818
0.47616617691844365
0.4130623139423695
0.6227637812171786
0.6438476965080484
0.5527242140640117
0.4708674584985004
0.5341301745824774
0.5460793793042387
0.5340181584603066
0.47472370874511866
0.6120294499501673
0.3548298895454197
0.42874129570502884
0.6306461997681301
0.5347523634988314
0.44569380119771945
0.685903845417979
0.7579630092504827
0.6704559951744224
0.7776011557042666
0.5593879892082528
0.5431087754380862
0.613309528765235
0.4549178951500241
0.7356827770792131
0.47378323289439284
0.43136367527245006
0.4659468217557409
0.45919347654022913
0.5172373652737448
0.6492036362678241
0.6271225579195763
0.4895923768281254
0.5788242054056496
0.503048870278229
0.36814632375667744
0.43708135660269415
0.33051013699990933
0.48735501691298605
0.6317464735685239
0.3711891724148694
0.48942381782000566
0.4056409899758964
0.6198556812796558
0.5355672753445231
0.5740797473629267
0.5064433112767399
0.29558542791481535
0.6439613168147963
0.6816999718662662
0.5017707685984101
0.4042355138178551
0.5877209801820606
0.7025994288258323
0.5015244048195423
0.5622459142318591
0.3262129351141601
0.4846141967092641
0.4043793338056754
0.5053713651479025
0.5334195080733188
0.4353958988772423
0.3837019855347929
0.4248453840004588
0.39304451175341326
0.6890604147186934
0.6224999675144036
0.44313601622835835
0.4535592289588276
0.598670681059823
0.5858688675338397
0.41385824477269867
0.6816279552158206
0.4617604425431227
0.31652076087551045
0.4167656089869059
0.5355758173938667
0.32138265673079514
0.44076830071816153
0.4219502434643091
0.39023540985015914
0.4258786756773717
0.6304256038951831
0.5183684252667419
0.7784949180918598
0.6583208599126283
0.6037341286872098
0.5314838586360304
0.407279210616756
0.3251435063381935
0.4551194332517834
0.49898698590001406
0.5776962255479461
0.48536466861351485
0.4833690910604498
0.5039319885873517
0.5192800113805509
0.4999152320763637
0.4291624041485424
0.3563071766896014
0.6659286244084401
0.5796123481182945
0.4026231540285672
0.39055775514317037
0.5928966510578457
0.47477959155072946
0.4723537362952015
0.45335730789153517
0.5111473005973162
0.5946801011970677
0.5435062817501553
0.6609537743043792
0.7038096095670416
0.5242411712071089
0.4515156985105613
0.37444905562016595
0.452528099436558
0.4688358430855851
0.5342131295095887
0.4662979124018227
0.5687398837255817
0.5737953917215262
0.35821550939073066
0.4075046151697122
0.5302349809148643
0.4206142938645551
0.4524566979999849
0.509682475944391
0.5415221135041121
0.5485243914620812
0.6253430148100525
0.4435805473083465
0.6534117272687081
0.3998048366831909
0.73950958449911
0.4097051866325295
0.5015027675453763
0.5212604168093875
0.5254547725771911
0.7733029332233589
0.47348358469545093
0.3148183230840938
0.4136641371774645
0.4288731415628401
0.6154596924148656
0.4578967266965586
0.60507165992705
0.5982058258531031
0.5279467575893803
0.4013922267227782
0.5923811803375747
0.6077940532109556
0.5556562384078796
0.45302681444900605
0.7438338328354657
0.5224557467123727
0.5702425431683672
0.5317110381443121
0.4261928446251969
0.5101714304589179
0.5155172702970172
0.6203485187689127
0.4327711558599332
0.4877754381686461
0.3639714580503484
0.38140486424964715
0.684851964134971
0.4936025784121857
0.7091942416705719
0.3733987777558614
0.5675810509693445
0.482872275870599
0.736420192968926
0.7211529506321264
0.4627212602048414
0.5652409206364674
0.5400046678420204
0.4188631411856134
0.4400789295205775
0.5199171378383387
0.6264456308463147
0.35247712039988643
0.795102951452669
0.5091120727581396
0.4681482464025217
0.5754057469127105
0.4673431026896518
0.4922677896493019
0.5764341023994761
0.4013209294522261
0.6806575196825786
0.5965289796819689
0.5121362699098244
0.4061617971938784
0.5839340212491759
0.44327560025355217
0.5620988088531503
0.7019352123364209
0.38024519447386396
0.590246635644883
0.3869689291384531
0.37661233211341716
0.4270096347307186
0.6069772985371511
0.40405299773206843
0.4427437388930673
0.3895544968043711
0.49800273858299793
0.5086788081487752
0.4555876314538796
0.5165166488594681
0.43715297013157944
0.468139431197371
0.3705423266847176
0.365632096152389
0.5343682005649959
0.4675472263168805
0.7199720819983026
0.4769543627070094
0.5390602118949688
0.6193044432057386
0.6779581777813825
0.3916030540662662
0.31621751895715955
0.4646965728338721
0.7592641249835679
0.6209157655333511
0.6809151494577895
0.4990165817700356
0.4022087562097704
0.42222449678479546
0.3890044966803809
0.6458623801373593
0.38341177712381114
0.6464758028791612
0.4245412479020705
0.6096587245666986
0.3850486526037056
0.5723651689193857
0.7411077941271798
0.43643930450026514
0.492294111174565
0.46149622253236544
0.6117380627632347
0.3672628119348388
0.693929155095297
0.6947736646499583
0.5399090166159286
0.5623095150321562
0.6538993151877934
