0.42187274092241656
0.37708386940648475
0.518395707219367
0.38452475919452533
0.5792308039706363
0.5031082749401892
0.45805728107935073
0.4194169381537522
0.4874207937397166
0.47912145515028215
0.6133798239000982
0.6733568452359285
0.5630611280277986
0.5602730287487707
0.6459705726980278
0.5363927008004413
0.59165210897297
0.4571174645327218
0.611590334211587
0.5981770283733322
0.5976105967807589
0.6327113190161742
0.34720672556561627
0.3517230812446407
0.5361511467109858
0.748868520618893
0.4292770390893397
0.3299051575433085
0.41846351727764014
0.604766751131063
0.3700819586023259
0.5693730182897183
0.3649063128376415
0.5130083057107648
0.4868654667968677
0.31473190843934573
0.35480303477824776
0.6307253440679714
0.28231616270210236
0.623004099014846
0.4947078421007256
