0.5368536865492997
0.5169523581051931
0.5152707809526076
0.5557491159517746
0.504374922585509
0.5068985433212472
0.5386168281143482
0.692147827553615
0.5417446766493001
0.5445452051884154
0.5279679328205167
0.7511360748330407
0.4940507073939856
0.5133097038293706
0.4967727732325832
0.6794459037006857
0.5501626547475813
0.5413805919799081
0.5175830429507184
0.48776611543308157
0.5085365610779763
0.5856032326006759
0.6879394227171368
0.5489706134710124
0.5129260919940742
0.48659667109512594
0.607279876584189
0.7199566499517454
0.5403084863810867
0.4792039461430759
0.6598880709231865
0.5891771596815956
0.7839857334016631
0.5446575650638643
0.5659873307076011
0.5340795413189839
0.5827674392932136
0.5632397857595376
0.5307896799880463
0.6726526399958146
0.553266464226729
0.5497635631249477
0.5560064421516185
0.5597822905969614
0.6801446748436659
0.4754155342920316
0.5562931007590519
0.6794655403012128
0.5082319028386912
0.5431740116702586
0.5049278356550717
0.5011365908030926
0.49375978493111916
0.6724195489733841
0.5257369784932563
0.6699449509762156
0.5446955676838414
0.48329140711350693
0.670698407667291
0.5999965984086373
0.6524453005746367
0.5440577727412423
0.5299418460053272
0.622963650986073
0.6597691687179266
0.559274605905987
0.4862978189876263
0.594186243029273
0.652777776079212
0.6829898757855064
0.6851382943617801
0.6848556211051632
0.47833621749072375
0.5515147245237888
0.5512218093170124
0.5501605557696235
0.5507081463551081
0.5001905858427276
0.7405894490051456
0.5745914511060065
0.5250682714442003
0.5511197773769874
0.6009194926717635
0.5344800223810094
0.5893564846266819
0.5529980448799513
0.6752353657438789
0.5701035627668549
0.5390530277920352
0.5354147080383835
0.5490870951466585
0.6114256093885921
0.5689569500613545
0.4707405667249248
0.4918233450848012
0.49998181047233026
0.6978143172049058
0.46765301242709234
0.5454172609168996
0.7683584056311137
0.500950348647433
0.5899242758321588
0.5817200545959396
0.5659827490227685
0.5832859101939678
0.7301873116593227
0.5771859941453996
0.682431011259262
0.6764242797119489
0.5638768282749955
0.5305810911134479
0.5340887387389083
0.7415641565783149
0.6004725722741864
0.5363414332996157
0.5331074251448256
0.5323362227555867
0.6608840215247537
0.5773850862597815
0.6798293452621221
0.7011985852252329
0.5414633738435617
0.5625518678700833
0.5265056110080635
0.5439594510128141
0.4970885504190301
0.5210245875221953
0.6646733131804798
0.6580956591773124
0.5812628506188248
0.5807072226256054
0.6943336310381316
0.685499582760429
0.5255991172877952
0.6457473374290068
0.5369989904666408
0.571572836273749
0.6640491271669424
0.5601463645276904
0.7707312456972741
0.5352416813716776
0.6154576456730486
0.5250155238485869
0.6849765567858872
0.6264698509525968
0.6239770388094532
0.5265077647832064
0.538781258156767
0.5486844825879424
0.5294910025775559
0.5744520767067128
0.569731443941811
0.5180300632917173
0.5564921303541328
0.5302047629567093
0.5553772053373687
0.690676073407764
0.5554364114946752
0.5457983394873366
0.6971420213188624
0.4987893651725721
0.5429989886003269
0.5447578399352476
0.6281288386317895
0.5724471212483613
0.6717319558636496
0.4781042966409158
0.5226467918861794
0.6686274179786827
0.7057763433754387
0.6044441351757485
0.4898061137280762
0.4932772892532067
0.5500119821009157
0.5646020961911791
0.56424516845466
0.516473930019907
0.5632538266553028
0.5207956195804546
0.5888234368062502
0.542688244281085
0.575428711547473
0.5058958374249951
0.5467592493202102
0.4852099350296413
0.5446114683851148
0.5341404700908162
0.7340441080976351
0.5423675488869877
0.6674383769562415
0.5704470579638129
0.5806172771638015
0.5235148610641055
0.5487012723002341
0.5308129982602185
0.5407015527024734
0.581897356170205
0.47878495899495144
0.5842828069043651
0.5348878701943867
0.6753783619511874
0.556902969603777
0.76416488697493
0.7475402607943016
0.5689960408452914
0.5003764345925822
0.7402989255256861
