0.3457566031272076
0.34015884356098225
0.3340628454700477
0.35417316453974285
0.38089152494699696
0.37525753763808567
0.3700058983186081
0.3369787538627309
0.35860282971244073
0.3437695182077092
0.3431608507861057
0.34843864985808326
0.3555424286942491
0.34228789389725783
0.34835551246764684
0.34157731999999374
0.34916040895706846
0.32577183546614347
0.3422977794499707
0.3459106988580247
0.3314445697267523
0.37194158522160026
0.33205082642611616
0.336118724706852
0.35000783648921674
0.34153822415954505
0.3555189334733085
0.31593188573172537
0.3924482043800885
0.3476675118899164
0.3376431402214563
0.33579158292654565
0.33981755357646765
0.34916128214648495
0.4053170702949314
0.3472303020930012
0.329292887958609
0.35000612482482063
0.33732885216120134
0.37496406647548985
0.35345478164874644
0.4003693794243861
0.3788684831993737
0.36073592820529243
0.35718822927796745
0.3605597210801367
0.35336385503141454
0.34626168884949793
0.3492649863086572
0.33239910499999836
0.32073555835871
0.34838318724879025
0.3415773199999935
0.362076960703261
0.3312181327412052
0.357890115685925
0.35293691246057024
0.40152313544766577
0.34594659718726223
0.3487586865515107
0.3344926194043684
0.3457506439786545
0.35645385042608524
0.3125045763043801
0.34610185367371643
0.33316652076747094
0.34157731999999363
0.3550720129677589
0.4030772038686201
0.3296689811112383
0.35574984980626323
0.34828961655183355
0.3361755485726562
0.3538994166126984
0.35343327058888474
0.3429305536816858
0.4003289365197419
0.3538879760475514
0.33274920499998595
0.3539875327740808
0.3680191933561091
0.36356908806530464
0.34833474079223303
0.31764306945165416
0.3674972802728578
0.3258585946987146
0.3526692870486007
0.3425493148918814
0.3783665932522494
0.3575723437958389
0.3336416624878773
0.3408234585934587
0.41307250154844816
0.3423524691341634
0.39350629058017195
0.3661905707357316
0.4003421402443837
0.35176387706434686
0.33254771997157173
0.35354835664992895
0.34755823443303674
0.36160851632882063
0.36403569362016575
0.3642615543518789
0.39340856249064443
0.3834305553734594
0.3730465479387848
0.36538956810096546
0.3254205635996863
0.33683428181406105
0.3288766755493088
0.34313848688909543
0.38635148959845306
0.307984277289644
0.34645205341342233
0.32905215706121516
0.3457410983210105
0.3574009670460516
0.3489377448235214
0.4004896060960731
0.37796395808924105
0.35595615126116387
0.352459907045656
0.3463426491196471
0.37605843265519323
0.3544937028687458
0.3786309541518199
0.33265947999990014
0.37042415014835794
0.3722781921040954
0.32606577909644896
0.3760625488627059
0.3394027512280055
0.3543794545941915
0.35372452585841063
0.3501900985486878
0.33843775999999387
0.3695227738194343
0.3680417332578698
0.37528034785216213
0.35311499922352996
0.32956088205215084
0.3594198626437266
0.34700410502745116
0.36336285243976324
0.36208688532402344
0.3472006010829366
0.33807102248106524
0.32864286023795275
0.36952151048722637
0.3666048567254577
0.34454721999997495
0.37224953707601205
0.39525585796801344
0.3469079834746694
0.36834119789358943
0.33768906432142043
0.3406794792306338
0.35337721910988484
0.346186432180474
0.33406444554017534
0.35320172882797485
0.3570957706916903
0.361502284964069
0.3408291989619675
0.33366819560514305
0.33735899018855414
0.33841436120106694
0.3760385659712885
0.36340608318211964
0.3872284872336574
0.3833864361081978
0.37593730260525393
0.3575724689127423
0.35657925327647433
0.34692976000730846
0.35615103626359723
0.34965524944484605
0.3406358180259915
0.3594377853096146
0.34708314510330296
0.3342105519016383
0.3626322381841929
0.3536399895456136
0.3777578817399031
0.35190846769389095
0.3451674533031338
0.3697914659084194
0.33708681361344983
0.348544998927439
0.36283756902547715
0.35723497824120876
0.3560596389526839
0.3531219475795757
0.3527854642185506
0.320190461382169
0.3295243243955038
0.3603438569463643
0.34671308090482056
0.33191063326202097
0.36978768153374797
0.3357300467080956
0.4046698394455429
0.34851087185123886
0.3501451495426831
0.3270894074650178
0.34275639573645733
0.3616034694461152
0.4030336415577151
0.3549377460124423
0.40531068676200327
0.3467624018285878
0.3632435063524376
0.35014658401525844
0.3355230794799854
0.35081883629399324
0.3678482044698753
0.3724219004755881
0.3406724521775527
0.3373189074224896
0.3322554988435037
0.3567695782906831
0.3461513756183633
0.3693797480483647
0.35492629352881916
0.3481689852993024
0.35006864947056404
0.3553698772236863
0.3454481713918618
0.3626850502021373
0.3516850539477044
0.3483173142073779
0.3988309479559884
0.38870366670670514
0.36736259044441233
0.3698331772024972
0.4049840916177451
0.33769668288476484
0.32847899834596334
0.3521210775955709
0.3431014582104255
0.3484888427115627
0.35644422866991277
