0.6457947356674468
0.5426120665381058
0.5190798499626474
0.5792695409490562
0.6712416186464217
0.6002001866573254
0.6528509174736398
0.3962882072595625
0.4830055586746388
0.6026889000721621
0.5590252685334176
0.5327574324051804
0.671352377635203
0.6289365122480408
0.6857739744421586
0.5792060924295392
0.564595329264964
0.6007381458873755
0.7111381120480907
0.511938888638628
0.5452720735902891
0.5412040398076395
0.5531718000600171
0.4500574750294038
0.42369433582103866
0.420901686961599
0.5289108241596413
0.6184449282358988
0.5127935575302149
0.5363207005473439
0.45852613216375865
0.5793110730967064
0.6328030663702633
0.47399702235788443
0.5820913380360662
0.697200625411139
0.4971723426886643
0.5606696038070177
0.5158092599658223
0.5349681636617181
0.4655855025515893
