0.06976740000000001
0.0627906
0.06976740000000001
0.06976740000000001
0.07500000000000001
0.07500000000000001
0.07500000000000001
0.0627906
0.0741630043956044
0.0702046267332917
0.0754372267332917
0.07542761148442273
0.07500000000000001
0.07535460992907803
0.06976740000000001
0.06976740000000001
0.06976740000000001
0.07500000000000001
0.06976740000000001
0.06976740000000001
0.06976740000000001
0.06976740000000001
0.06976740000000001
0.07500000000000001
0.07500000000000001
0.06976740000000001
0.06976740000000001
0.07500000000000001
0.07500000000000001
0.06976740000000001
0.07078780816326531
0.06976740000000001
0.07500000000000001
0.06976740000000001
0.0627906
0.0627906
0.06976740000000001
0.07500000000000001
0.07500000000000001
0.06976740000000001
0.0627906
0.06976740000000001
0.06976740000000001
0.07500000000000001
0.07500000000000001
0.06976740000000001
0.06976740000000001
0.07500000000000001
0.07500000000000001
0.0627906
0.06976740000000001
0.06976740000000001
0.06976740000000001
0.07500000000000001
0.07500000000000001
0.06976740000000001
0.06976740000000001
0.07500000000000001
0.07542865890998164
0.07500000000000001
0.06976740000000001
0.0627906
0.07500000000000001
0.07732172470978442
0.0627906
0.0627906
0.0627906
0.06976740000000001
0.07500000000000001
0.07500000000000001
0.06976740000000001
0.07500000000000001
0.06976740000000001
0.06976740000000001
0.06976740000000001
0.07689701897018972
0.07500000000000001
0.06976740000000001
0.06976740000000001
0.06976740000000001
0.07500000000000001
0.06976740000000001
0.06976740000000001
0.06976740000000001
0.06976740000000001
0.07500000000000001
0.06976740000000001
0.07500000000000001
0.0701234528992879
0.06976740000000001
0.06976740000000001
0.07500000000000001
0.07500000000000001
0.07500000000000001
0.06976740000000001
0.06976740000000001
0.07500000000000001
0.06976740000000001
0.06976740000000001
0.07500000000000001
0.06976740000000001
0.06620107503045067
0.0627906
0.06976740000000001
0.06976740000000001
0.07500000000000001
0.07500000000000001
0.07500000000000001
0.06976740000000001
0.07500000000000001
0.06976740000000001
0.06976740000000001
0.07500000000000001
0.07500000000000001
0.07500000000000001
0.06976740000000001
0.06976740000000001
0.06976740000000001
0.07500000000000001
0.06976740000000001
0.07500000000000001
0.06976740000000001
0.07011740000000001
0.06976740000000001
0.06976740000000001
0.07500000000000001
0.06976740000000001
0.06976740000000001
0.07167216190476192
0.07500000000000001
0.07500000000000001
0.06976740000000001
0.07168520821917809
0.06976740000000001
0.07500000000000001
0.07500000000000001
0.0627906
0.06392145621970921
0.07500000000000001
0.07500000000000001
0.07073692908587258
0.07500000000000001
0.06976740000000001
0.07500000000000001
0.06976740000000001
0.06976740000000001
0.06976740000000001
0.06976740000000001
0.07500000000000001
0.07500000000000001
0.06976740000000001
0.07500000000000001
0.06976740000000001
0.06976740000000001
0.07841047503045068
0.06976740000000001
0.0627906
0.06976740000000001
0.06976740000000001
0.07500000000000001
0.07500000000000001
0.06976740000000001
0.07500000000000001
0.06976740000000001
0.06976740000000001
0.07500000000000001
0.07500000000000001
0.07500000000000001
0.06976740000000001
0.06976740000000001
0.07500000000000001
0.07500000000000001
0.06976740000000001
0.07500000000000001
0.0627906
0.06976740000000001
0.06976740000000001
0.07500000000000001
0.07500000000000001
0.07500000000000001
0.07015737214484681
0.0627906
0.0627906
0.06976740000000001
0.06976740000000001
0.07500000000000001
0.0627906
0.07500000000000001
0.06976740000000001
0.06976740000000001
0.07500000000000001
0.07500000000000001
0.07054865
0.06976740000000001
0.07500000000000001
0.06976740000000001
0.07586206896551725
0.0627906
0.06976740000000001
0.06976740000000001
0.06976740000000001
0.07500000000000001
0.07500000000000001
0.06976740000000001
0.07500000000000001
0.07500000000000001
0.0627906
0.07208912470978442
0.06976740000000001
0.0627906
0.07500000000000001
0.07500000000000001
0.06976740000000001
0.0627906
0.0627906
0.06976740000000001
0.06976740000000001
0.06976740000000001
0.07500000000000001
0.07500000000000001
0.07500000000000001
0.0627906
0.06976740000000001
0.06976740000000001
0.07500000000000001
0.07587774294670847
0.07500000000000001
0.06976740000000001
0.06976740000000001
0.06976740000000001
0.06976740000000001
0.06976740000000001
0.0627906
0.06976740000000001
0.07500000000000001
0.07500000000000001
0.06976740000000001
0.07500000000000001
0.07064514294670847
0.0627906
0.07500000000000001
0.07500000000000001
0.07075331549295776
