0.06976740000000001
0.07144004038231781
0.07719023779724657
0.07743224461431551
0.07701149425287357
0.07196635287958116
0.07219584752818735
0.0948640910081744
0.0774376088218224
0.07918180882182241
0.10610199816513763
0.0768421052631579
0.08033898305084747
0.07500000000000001
0.07746623605402232
0.07788263555250516
0.07618644067796611
0.07500000000000001
0.07451638236092267
0.07500000000000001
0.0801328583679115
0.07976795809935207
0.06976740000000001
0.07200740000000001
0.07500000000000001
0.07500000000000001
0.07752252252252254
0.07588628111888113
0.07500000000000001
0.07626126126126127
0.07920034035087721
0.08033241016659548
0.08006399554813579
0.07092922572614109
0.07266895440414509
0.08557601510859303
0.07923728813559323
0.07746478873239437
0.07595628415300548
0.07500000000000001
0.06976740000000001
0.07825278810408923
0.08017893994111876
0.07674420000000001
0.08006173554502372
0.07500000000000001
0.07500000000000001
0.08091397849462367
0.09746561385634234
0.07777777777777779
0.08818136769078297
0.07662130862767806
0.07500000000000001
0.08352272727272728
0.08512884578313254
0.08469874545454546
0.07989735315315316
0.0786620082191781
0.07814465408805032
0.07500000000000001
0.08433333333333334
0.07665354330708662
0.07911039342337053
0.06976740000000001
0.0816836409929981
0.07674420000000001
0.08367489306930695
0.07955284552845529
0.07819436629213483
0.06925198876535986
0.07527483313702396
0.07628205128205129
0.0786008230452675
0.09471830985915494
0.07782542885973764
0.0707349190048376
0.07767686424474188
0.07788333751017089
0.07819347536231885
0.07596818810511757
0.07967000982236155
0.08126398210290829
0.08396084337349399
0.07531674208144798
0.07500000000000001
0.07685348631950575
0.08022388059701493
0.07500000000000001
0.07094585117845119
0.0787132576652602
0.07854925415162456
0.09140346408558331
0.07536344755970925
0.08208502024291499
0.07500000000000001
0.0775672371638142
0.0935430463576159
0.08399182726488354
0.07923235165876778
0.08783749363219563
0.08608485934065935
0.07784842319430317
0.07500000000000001
0.07500000000000001
0.07808370044052865
0.07578651685393259
0.07500000000000001
0.07499128059701493
0.0798043092896175
0.07277330445517982
0.08168257756563246
0.07782828282828284
0.07578037904124862
0.07761519302615194
0.07500000000000001
0.07573761854583773
0.07500000000000001
0.07777777777777779
0.07674420000000001
0.07860979802320585
0.082996953541508
0.07858034964028777
0.07674420000000001
0.1160424456140351
0.07674420000000001
0.07787179487179488
0.08295454545454546
0.07841701534170155
0.07536213140196586
0.07705906666666668
0.08623701605288009
0.0705097117709438
0.07591463414634148
0.07674420000000001
0.10504384328180738
0.07702078521939955
0.07500000000000001
0.08433333333333334
0.08001992031872511
0.07538440417353104
0.0763738959764475
0.07418380378548897
0.07432601070911724
0.07744072524407254
0.08253730344827587
0.07779441117764473
0.0836231884057971
0.07803358613217769
0.07536496350364964
0.07500000000000001
0.10247252747252748
0.08246382330540747
0.07741171403962102
0.07783236994219654
0.07190480458015268
0.07539615166949633
0.07699865292620867
0.07500000000000001
0.07606382978723406
0.07629390018484289
0.07500000000000001
0.07103781742286752
0.07674420000000001
0.077734299009901
0.07792580982236155
0.07845849802371542
0.07217911403962102
0.07127927904967603
0.07185695223880598
0.07770114019180471
0.07935684647302906
0.08084256065573772
0.07249113540856032
0.07102866126126127
0.07340943954214361
0.08590651558073656
0.09368191721132899
0.08482751704773367
0.07500000000000001
0.07644927536231885
0.07400127096774194
0.06976740000000001
0.0777450980392157
0.07870361217634711
0.07843502125603866
0.07500000000000001
0.08343373493975904
0.0792832167832168
0.07500000000000001
0.07554474708171208
0.07886740331491714
0.0759421265141319
0.07847394540942929
0.07604321907600597
0.07410176532507741
0.08084256065573772
0.0785163518987342
0.07674420000000001
0.07567567567567568
0.0703512198498749
0.07911039342337053
0.07500000000000001
0.0712018262295082
0.07500000000000001
0.07039295853440572
0.08433333333333334
0.07817452284429915
0.0789782425531915
0.0772340425531915
0.07432024552845529
0.07691991223258367
0.07573839662447258
0.07203644376012967
0.07790155440414509
0.0825161059413028
0.07786591606960083
0.07004201749705767
0.07472139858457184
0.08334797358490567
0.0784380898971567
0.07674420000000001
0.07712858384013901
0.07500000000000001
0.08111888111888113
0.07775590551181104
0.07792580982236155
0.07500000000000001
0.07500000000000001
0.07674420000000001
0.07227636057347671
0.0779927136741974
0.0883624572614108
0.07224439929228592
0.07839989206691853
0.0816193853427896
0.07713740458015268
0.07500000000000001
0.07588628111888113
0.06976740000000001
0.08039003333333335
0.079624858436214
0.08107287449392714
0.07710783636363637
