0.7362061546634651
0.5890187640334023
0.7436806312035247
0.6594373476969047
0.7861669166249746
0.664272694037187
0.6868823925170603
0.869153050099637
0.5595915477275603
0.7418171417591038
0.6871316235697547
0.5792004998162363
0.8160581020006085
0.643441744573817
0.7078216306786025
0.5608755620509155
0.6549200235721838
0.7239173578040597
0.8419377266239674
0.6380817219503535
0.6699045945626834
0.8795969062259079
0.7372893024786643
0.6702971379548542
0.5281959132415757
0.7927613715075917
0.6735615302207476
1.0168885103931138
0.6965189994053143
0.609243864687404
0.781916241778329
0.8359256752657022
0.9236215908368164
0.662485482451722
0.5863210647750754
0.7240091105363359
1.0005334603201166
0.8213047036433117
0.8438305427901034
0.5562155271759078
0.827840740760474
0.6530847794832416
0.6778057120867904
0.8120381443214717
0.9015692897669445
0.81448653300397
0.836234032689537
0.8688166545100876
1.009154276201174
0.7269943785586581
0.693367282162173
0.8041810042442564
0.5982659193142367
0.7056899045368552
0.7050082157895332
0.8707038107382958
0.6922200384421299
0.8454167039987913
0.6851409391690286
0.8250345769746698
1.2329727169755405
0.6636976136782011
1.1208731982495745
0.8750028071235694
1.0044479142563467
0.9120572642405678
0.8357923720070249
0.7278942867158071
1.0973536906047443
0.7313874240003515
0.9248048829266174
0.8741677473069371
0.552271245966051
0.709375323824789
0.5678416653786369
1.0287869627248636
0.722663082289819
0.6562813716514503
0.8003758666370814
0.6593475143900238
0.6176409281903299
0.633910476290144
0.8178991698571313
0.6488461062930541
0.5738010968415006
1.0012367287466661
0.5195501887753855
0.6743289623403969
0.6146650444669187
0.7127045150988371
0.6943581698401209
0.6593307365300294
0.9179687070895755
0.5275149115531044
0.9819507858359058
0.8343128609139764
0.7252209526924963
0.6958955527867807
0.8009989386256948
0.8884161594363328
0.7343105851316182
0.5973906381595244
0.7448872596462879
0.7144361160278179
0.702542314413073
0.8421847502770093
0.6375775639637206
0.6347339722592098
0.6984079922917342
1.2318030183157687
1.0774212361438453
0.7553301239039888
0.8218340227331196
0.6652727637809022
0.6499691709700599
0.7393197568984596
0.84187232456971
0.513692060709611
0.5684156916076419
0.6480648872704864
0.7595300521316761
0.696609730044007
0.9073651211817925
0.8201616784201718
1.066052625866413
0.9449409485429431
0.6223351803777111
0.5581252422806555
0.835677940631458
0.8670401635995942
0.7441346266695468
0.8955824147466639
0.7791099076795829
0.8293032297388804
0.8096692793262354
0.6631156458581837
0.6374391942510771
0.621482289982384
0.8816674569002301
0.7288638213570227
0.6749532124423572
0.9387684206047147
0.9047470961871117
0.5647412114418606
0.8262745638898192
0.9308868488361154
0.6563438773129462
0.5862026658667863
0.7581432889779716
0.9595103468296644
0.6248015913824404
0.7569798188605075
1.2287491822919256
0.9366421576015314
0.7681034839892423
0.665990998158783
0.7751917634711515
1.0342210821501618
0.8248662877207729
0.5804344156038118
0.5863605478063842
0.8990150021663712
0.578215555764082
0.7175744475962816
0.6787382605592104
0.9483264826726436
0.7878551865537446
0.8277448119683471
0.8163978738752102
0.6313223368447078
0.6512066361505614
0.6721793192051881
0.7225587713024462
1.1193814775567266
0.6872744781401193
0.934626718273756
0.810854607473785
0.7598185766824769
0.7853787287648213
0.9607495767275777
0.6729552530647646
0.6115151059798783
0.5528203024590469
0.7644587541060814
0.7673660028487022
0.5674567642468129
0.7740071994634078
0.9448711045198874
0.97510835956613
0.913793419797663
0.6112148348051754
0.8987839515795374
0.8165257686260933
0.7984238706407981
0.8348903649806151
1.0837760567635588
0.8194992243598781
0.5780006512532135
0.7405163034626292
0.7049434778923589
0.7244881755485971
0.7598843126016135
0.8995257038623006
0.7977585163267551
0.9961646777836747
0.5525168660639178
0.7404268658575234
0.7337559745696502
0.5552124058045483
0.6846294913268735
0.6168125128929742
1.03866183973193
0.6364670857950379
0.661589383341816
0.9299808852120383
0.8280133188607133
0.8002252065656515
0.7248946697595355
0.7871394171732936
0.7393600144341679
0.9382259809968265
0.9938949327079096
0.9281177667782663
0.5933074223532931
0.5488529318032049
1.08126670372986
0.8031200022726998
0.873623573795995
0.9241319245613187
0.7892560943069463
0.8272685528803557
0.9691482333180665
0.6881413527966682
0.9399646497719863
0.8282909603140962
0.9457932411051315
0.7115211875383843
0.758725717458255
0.6149212357043703
0.8575895371823463
0.5457419364731206
0.8368216036890632
0.7517785939347629
0.5851459013979498
0.6876337724528274
0.6645290823849331
0.5584942978608258
0.7937310999264118
0.5565036714532421
0.5902671661506712
0.7454256401959611
0.7361779759263363
0.9112112255314342
0.573959678437925
0.8405572552604045
0.7158676242014669
0.6292633983388849
0.520630163695395
0.6744344197449363
0.8422169687094305
0.6733352933595995
1.2100433287460224
0.6594745883748449
0.6788772212238892
1.2332321158689747
0.6377935621276885
0.7809198334515106
0.6281268400578347
0.4996224045499919
0.6699801505071896
0.9492989048955118
0.6875772352376488
0.5627032246081858
1.0610588743707234
0.9640693085794356
0.6630228090010275
0.749394939155648
0.5662782183818063
0.6174571799543577
0.6950108251077162
0.6251597424964035
1.2311928526511575
0.6488482267673069
0.941011547676375
0.5140215768717914
0.8394391372046788
1.1068953470906038
0.6509983941179808
0.7997263568843442
0.8492729783547374
0.7322659558515864
0.6470254865697848
1.2419767913972208
0.8359009303689133
1.0924204932953712
0.7138359065483422
