0.5500216262624238
0.483568425779813
0.5303022824901569
0.5526419938199618
0.47921352807798684
0.5543252496747691
0.5311907176587033
0.5747183200214349
0.5864655737246658
0.54868241024707
0.5695617956236732
0.4962928120517452
0.5209175639178854
0.5010469889616509
0.4957608324962901
0.5013189519205423
0.49941456652536764
0.5483143134618144
0.5363878768328152
0.5132441482316789
0.5425796850444805
0.5088609066797338
0.4836960794689609
0.5097375313637509
0.558143277671798
0.5026976280417298
0.6438794888136484
0.5427621304936675
0.46101402106907363
0.5213462318406926
0.6575392292613857
0.5134723256668351
0.5587120348883848
0.5009510905629097
0.5177578481027773
0.5196663310404468
0.6439852703977537
0.4938849845196497
0.48918815837759544
0.5343945274363928
0.5764522508861636
0.5514656147817427
0.647825203790411
0.5729844265196712
0.5509816368577669
0.5759196966093997
0.5483448643013917
0.5514628603896482
0.5568802557443686
0.5385678038642008
0.5500102708787794
0.5041713155182397
0.44454940712240604
0.5380141311458826
0.5014395672546764
0.5210374783790511
0.4837284510886223
0.5497445013387721
0.5087668559670644
0.6536287734313141
0.5101192956340485
0.5309706943763498
0.5313823498784522
0.48915044153413784
0.5313207466775101
0.45243329632215196
0.5523918615976536
0.5084735357548908
0.5004489273273909
0.5440995171210475
0.6483538841115921
0.49376044923765905
0.5376521542453259
0.539608903705964
0.5177363487520362
0.5268733104767568
0.5508633973995114
0.49089573692790583
0.647558969960451
0.5352935669715861
0.5076922290814821
0.545969672166684
0.5772578770905152
0.5404414568539546
0.5364173972989473
0.4636363611289081
0.5656718178045117
0.5129015340419419
0.5422916624349386
0.5601486152929614
0.553167396622218
0.5614656190279784
0.4783577720294784
0.5275479965765789
0.5222420683703126
0.6565807121340879
0.535549611268759
0.5606536246252376
0.6586756682169067
0.5532551967427947
0.6487168610370005
0.5417324545786051
0.5645043148519957
0.5656175541044146
0.5703976792761195
0.5516728024969872
0.5533801426887723
0.6466973861512281
0.5882555527761212
0.5680743684271861
0.45579846077406855
0.5130243075921739
0.5110071846558025
0.4949482375802078
0.4906395893020634
0.5893983801157879
0.44484170345410606
0.5365242355495877
0.4945226782847451
0.5087007628475987
0.5559589132714934
0.5465972698814567
0.6472524660254322
0.5933709063782284
0.5362644423617072
0.5468164416288301
0.5289520947480922
0.5615750674982343
0.5406047471864507
0.5475350651153679
0.5080714005074987
0.5369809655384166
0.550599031989973
0.5284052911529167
0.5173654146288498
0.5057244888029714
0.533101452014237
0.5637104061354724
0.5363276007105169
0.5506722158798494
0.49944134585372174
0.5741679223249854
0.5766723094811559
0.5892337171683311
0.5402262882801905
0.49463566524805064
0.5593772202632312
0.5326276228179663
0.5730621600479117
0.5329426323826413
0.49783395596794167
0.49499695871814864
0.5897670732009072
0.5055515617773302
0.5512635553889176
0.5303363977464363
0.49546420076926506
0.49194493369220677
0.5375990936131905
0.5693309351318515
0.5173896869596003
0.5652014617352703
0.5042243039779296
0.5216535599222628
0.49099210558350603
0.5348206968767931
0.5358402638453786
0.6386778959646436
0.5356705460145986
0.5925319029490526
0.6441323184762288
0.6390821419716007
0.5656044803477976
0.5369546741317612
0.5329922045818928
0.5338972132973479
0.5506711857836208
0.48506755788991135
0.5678947916392392
0.5323252417511198
0.5359994585334273
0.5509408631028957
0.5563735118926536
0.5763794068188307
0.5440221202623288
0.5506940354233387
0.49535139236359566
0.5314221040332942
0.5506617178970721
0.5538646638725226
0.5295007848219616
0.5499259423996473
0.5565337039891991
0.5236742556263063
0.4446562405147077
0.4986606867638376
0.5757691546823105
0.5430491008329441
0.5380563297502113
0.6489209552629246
0.49140920734197197
0.5522073775784061
0.5287541585492587
0.5531153261192093
0.5633539906120414
0.5111770262899104
0.6581652421550372
0.5606720447850775
0.5580216104880618
0.5512641992201174
0.5854647623772006
0.5355983437142581
0.5253311245545287
0.5331538450364103
0.44530618596805255
0.5413425123723792
0.5608983240576204
0.5225925058076222
0.5001299157884326
0.5694924535230824
0.5382023354126633
0.5739187231278712
0.5603892594414314
0.5515676744919547
0.534665458294628
0.5651683339746855
0.6593115421960568
0.5078690035571769
0.5450209221829155
0.5467674851752935
0.5012044760998512
0.6488030680084449
0.6391747475901651
0.5504578799279624
0.5766235857585719
0.655044976456023
0.5579610038906176
0.5233394404377691
0.5156859752943954
0.5602373745570046
0.4788912292893607
0.5376727933718844
0.5349431172554397
