0.5236504270362171
0.5110554680122101
0.46908343230760735
0.5143316502144214
0.5532559311307431
0.5617714896856928
0.5287632712168682
0.5039002661911446
0.5242983968529917
0.49092344596734555
0.4895539442687377
0.5014289921806874
0.5456685345620605
0.4875897912688301
0.5012419330522053
0.4859909999999859
0.503052950153404
0.4786846997988228
0.515868073762434
0.4957411024305555
0.46319231188519266
0.5543105967486006
0.46455638945876127
0.4737091605904169
0.5049596621007377
0.48590303435897636
0.5173596303149441
0.45654481289638205
0.6287065298551991
0.4785019017523119
0.5053951354982767
0.5012291315847277
0.5102875655470521
0.5030549148295912
0.6082134081635957
0.4987102097092527
0.45835102790687027
0.48376378085584637
0.5046879873627029
0.5611111795698521
0.5127152887096795
0.6182731337048688
0.5487040871985909
0.5290978684619079
0.5493715858754268
0.5287014024303076
0.5125107038206826
0.49653082991137043
0.5032882491944787
0.4935960562499963
0.4389893439994051
0.529560241309778
0.4859909999999855
0.5109231615823373
0.4626828286677117
0.5226947902933313
0.511550083036283
0.6208690847572479
0.49582187367134
0.5021490747408991
0.49830646365982895
0.4741889489519726
0.49827116345869166
0.4488333666848553
0.5244272407658619
0.4953227417268096
0.4859909999999857
0.5163540591774576
0.6031737087043952
0.4591972375002861
0.49668716206409214
0.5292957781198999
0.5020930542884765
0.5137157173785715
0.5126668888249907
0.467843745783793
0.6181821371694192
0.5136899761069906
0.49438378124996835
0.5139139787416819
0.5454852150512456
0.5142804481469354
0.5011951967825242
0.46039497626622183
0.5443109106139299
0.47887990807210784
0.5109479258593514
0.5164340285067331
0.5475748348175612
0.5219798035406376
0.4681357705977238
0.48429481183528206
0.6256631284840084
0.5159911255518675
0.6310872238053868
0.5201787841553961
0.6182118455498633
0.5089107533947805
0.4656743999360364
0.5411818724623401
0.5277040974743327
0.5310611917398463
0.5365223406453729
0.5158384972917276
0.60261129560395
0.5589687495902835
0.5567967628622656
0.5183765282271723
0.4496382980992941
0.47531916408163727
0.4574145499859447
0.4683115955004646
0.5655408515965193
0.438662693901699
0.49695915018020015
0.4578093833877342
0.4953595012222737
0.521594205853616
0.5308079958529232
0.6185436437161644
0.5678609357007924
0.49715134033761865
0.5104768208527259
0.4967129905192059
0.5423814734741847
0.5150528614546781
0.5693616768415948
0.4941818999997753
0.5297043378338053
0.5338759322342147
0.47934607296701015
0.5918388049410882
0.5093542602630124
0.5147958028369308
0.5133222131814239
0.5336257917345476
0.4859909999999862
0.5488682710937272
0.5455359298302072
0.5618228126673648
0.5119507782529424
0.45895401461733937
0.5049446909483848
0.4982012663117652
0.5350084479894673
0.5109454919790527
0.49864338243660744
0.4569098005823968
0.4568884655353937
0.5488109114623029
0.5705589976322797
0.49267327499994373
0.5338114584210272
0.6067677104280302
0.4979849928180061
0.5462097252605763
0.47724242472319606
0.48397085826892594
0.512540772997241
0.4963615024060665
0.4690870324653944
0.5404019598629435
0.4997154840563032
0.5096301411691553
0.484307727664427
0.46819547011157175
0.5047557979242467
0.5071303827024005
0.591784843435399
0.5139136871597692
0.5675140962757291
0.608317551243445
0.5915570008618214
0.5502361250536701
0.5197453498720673
0.49803399001644394
0.4975898315930937
0.5041663412509036
0.4626805905584809
0.554433086946633
0.49837910648243156
0.49767181177868614
0.533364565914434
0.5131320064776306
0.5462052339147819
0.5092360823112547
0.522324839932051
0.5494728282939436
0.4758873606302621
0.5016682775867378
0.5126345303073236
0.5494767710427197
0.5185762176435387
0.5402224520540454
0.511209324491739
0.4378705681098802
0.4588717598898835
0.5282157081293196
0.49754646203584635
0.4642409548395472
0.5494643134509328
0.501090675093215
0.6067571387524715
0.4803994616652874
0.533524656471037
0.48164923679629007
0.5168534178538375
0.5310498362537591
0.624267723504859
0.5160519585279951
0.6081990452145073
0.49765743411432256
0.5134939601712588
0.5335278840343315
0.5006249988299671
0.5067844116614847
0.5451004900572195
0.5341992760700732
0.4839550473994937
0.5046656117006016
0.4650169023978834
0.520173581154037
0.4962826251413174
0.5485464631088205
0.5160261904398431
0.5290124974497462
0.5050964913087691
0.5452802937532941
0.49470041563168893
0.5122913629548089
0.5087334013823349
0.5011559869666002
0.6148116629009739
0.5920252800900865
0.5228158284999278
0.5495666787056186
0.6286562361399265
0.5055156064907209
0.48471002680473324
0.48852242459003453
0.4682282809734572
0.529797966101016
0.4982495145073036
