0.24818807405769794
0.33424324747243467
0.22599746196127007
0.26751981775459505
0.3086708654720994
0.4706201520895436
0.3939274716461073
0.2774539514607022
0.19727612074122408
0.3064306764715231
0.2684101636146605
0.3407264200192948
0.2607892388267894
0.37847845672068514
0.2533564200882761
0.3924454803314697
0.5253322594692152
0.218956508714901
0.2711994119439293
0.5575788674426255
0.27690080618257074
0.232156190101878
0.35666323377844406
0.49692425446692157
0.41022476289299925
0.39028934734131215
0.35478690443884053
0.5515500420125933
0.3600500937657206
0.3921139725847944
0.41554011190228834
0.30157503164465993
0.3069263157586685
0.42820728976819006
0.3102516923873704
0.26862755457074644
0.3932546680657729
0.25744755723377394
0.41165805740246114
0.4030604697850965
0.3360454418601249
