0.7535420771277639
0.6667857699260831
0.6924361763690746
0.6742358484942442
0.7516411355169821
0.7376604069029069
0.7394752983324281
0.7834243274357907
0.678435728295988
0.7576674458965564
0.6959590612592607
0.6438783690549122
0.6947670228798077
0.6520413486453692
0.6956504941813563
0.5091331597317126
0.8082548015890211
0.6078575377698825
0.692617286790194
0.718621827888452
0.7096469069902913
0.7379772903441061
0.6895009016275149
0.6413592558143933
0.7808928123629574
0.5765631689867002
0.6653981154090909
0.6970853448403602
