0.41756382558118393
0.43892830836906166
0.43529732579668795
0.44202144371274704
0.43781711083802577
0.3911363510217982
0.42994495607553096
0.42953405858732924
0.4786898965853941
0.3949134297721685
0.40490074978026763
0.43339502694834786
0.42558749835224824
0.4287015940905474
0.47784727750577477
0.4231083524361482
0.44124263923512097
0.45949704386326795
0.5213161955434726
0.4152998437061548
0.47202885407956185
0.4140040473424222
0.4027949183744901
0.42015581199620533
0.4310932506266356
0.4736210505441419
0.4130315747356981
0.4569190665026665
0.40244614274291934
0.5035355032870282
0.41300543949153923
0.4606932002594439
0.42249380448690027
0.40207614270098857
0.42080128696961694
0.42956242686341506
0.4118987339190814
0.492503767983535
0.4063264381332532
0.4443729093585694
0.5019984102632871
0.4240177578678583
0.38334799874521314
0.43322226981013473
0.41935025554862504
0.4284626367255838
0.42785013324235593
0.4246968593998118
0.3918826788661499
0.4301575325150288
0.4104657228351701
0.5081371745264471
0.4948270663062239
0.5104038437186347
0.44582000456383664
0.3849826640186038
0.43758300770520553
0.4356987076183353
0.43933508775465363
0.4283769260296794
0.4095257602988256
0.4434473124664288
0.42617575381869643
0.37607627596567
0.3927030328091352
0.518575687420573
0.4259042342450071
0.5160615361461681
0.4429693108639102
0.44157032235074545
0.4565444992980134
0.41506392638129036
0.47190942046523776
0.4494657835427481
0.4250233344715106
0.5001506176350397
0.3864154741951764
0.418552287220982
0.4600520435939215
0.4475647894244059
0.4251354632336786
0.4308213441391161
0.42286781449013683
0.43230120716523046
0.43682571209186916
0.43527093919861093
0.5098141027454676
0.41281178521826284
0.4920594810795179
0.4157081429828927
0.4467613349284877
0.4578162156122623
0.4185837391958992
0.4603103467902551
0.4157961979486433
0.42503467829733504
0.47372581054214496
0.4289819719423578
0.42406279069352554
0.42020432723796314
0.462115227836324
0.5087860796200799
0.44040975771118335
0.4213682360205514
0.4698194515335024
0.4662610779277375
0.4129218372743159
0.4287919190717074
0.45401649292218504
0.40196687052140323
0.3864266658563775
0.41815586601653953
0.4272136296710044
0.42975471800408316
0.40826667412880846
0.46628754390462607
0.4620901076914165
0.43313480118471787
0.4507425334271149
0.4131601147132049
0.4227884720449528
0.396751138718321
0.4341542132039614
0.40273800194811604
0.4136105376159343
0.4152431617369911
0.4313311407883943
0.4963720233766336
0.40918012405039556
0.37268997448927066
0.44043026510676425
0.42518972848295555
0.4115027704233288
0.5232723919696929
0.4679675288752326
0.40432581200883566
0.4162119038563519
0.4114351238974065
0.3889581649825211
0.4349791848157344
0.4119298180154717
0.5145105912901937
0.43554919053681884
0.4160987010245902
0.46079414245959266
0.4283048112344972
0.4162446640773221
0.47753818666372533
0.40113025411772607
0.4150815360728284
0.4266536752758362
0.39752283137580346
0.42030197888291804
0.4407954275674671
0.46211496701679144
0.4182310797577052
0.40367100179876036
0.5026615804522768
0.3977105811843462
0.4388973512561547
0.4255550774613373
0.46288994819291307
0.4550411787791837
0.42334335491557884
0.4198904517398406
0.4080243514639443
0.45075875772150426
0.45121699289843603
0.4211179576058236
0.42156178672908856
0.4582955031951472
0.4576975578123053
0.4126152411902166
0.4389017503636514
0.40825679217972805
0.4609755493948318
0.41278027402415346
0.41693541058033173
0.4635436994484186
0.4299827728128611
0.3896278355646981
0.4081698765399955
0.4215842807636095
0.37000678304346574
0.41910688395399287
0.41300516972387075
0.4205636184025211
0.3899114860294649
0.3941861975235954
0.4280385364077002
0.42028283723472665
0.39788173401518667
0.45967590897689004
0.4214687534445863
0.458901441783083
0.49556512053353274
0.4188487521375849
0.42623269289598614
0.4465042675246196
0.5064487670966679
0.4442313486255381
0.41194381616971376
0.43802717129904506
0.41235985720530405
0.37758939178442413
0.43366758119429005
0.43288518047247326
0.5132676606134314
0.4347664225522538
0.42039874268262856
0.4196457786330559
0.42673484840172815
0.37168139181014187
0.42493668447698313
0.419570897077139
0.4443373571635725
0.4344420486151164
0.3879817475331873
0.41528175230344305
0.4400862530572844
0.3962876055989732
0.5030504192476858
0.4530887875147344
0.42380703313119683
0.4325991318705245
0.4322805070307258
0.44236518372064837
0.40601335058472154
0.43822738759481183
0.41657687089727546
0.4304885435410337
0.3936116765355473
0.4016183221492756
0.45185328668420066
0.4399005458415944
0.442357440039989
0.38295311744627264
0.49700322484896065
0.430462144600109
0.42672687061929365
0.42489611600060284
0.40798040516305034
0.4321772569652237
