0.3456390940872191
0.39600995501381603
0.3044702911574055
0.3315128897347568
0.3738780821922776
0.4940026912717097
0.38697726888810896
0.4157994667639873
0.32904624390756876
0.41524126388449945
0.38970308660855785
0.36238361899768373
0.39655770760483344
0.48019097527411464
0.38526340431277484
0.5249767199215674
0.3939709593088428
0.4031992162940388
0.6401986599248299
0.4059394711627853
0.36035041994355166
0.4370260357696658
0.5749697050125162
0.4962264432271676
0.38397195216984314
0.5111975920351003
0.47013371143457305
0.6283104195231783
0.5020971208197362
0.47238681027552537
0.47219976754494375
0.558968880891612
0.4745682053521566
0.6621238260990642
0.5548698295999763
0.4772940502255558
0.5695936687300879
0.5083182980240684
0.4629587056459394
0.5203945980039775
0.4614153062445986
0.6957492570083207
0.5434711455015719
0.4677037485547388
0.4204237275278164
0.35837060380011526
0.39953570424297424
0.32493907771327685
0.3359994198267322
0.4732268108086769
0.4008381799678106
0.3852912064579623
0.33780120301679983
0.46313226888931036
0.411159246162044
0.4097412075862217
0.37429375165157575
0.3959504423591078
0.40134998812048217
0.5066539715950191
0.5896468716164308
0.3814580048612518
0.4184864961010336
0.5791440158306557
0.42054966781288616
0.3590706307364091
0.4458366849324034
0.5694695308366553
0.4965795997270738
0.38251428699572676
0.5161876898245632
0.4937077831388219
0.6200192658528378
0.4903247720436127
0.4883517592606492
0.46319609637382336
0.5518866777106977
0.472836926776826
0.634188872681888
0.5591141839878596
0.4743022569247562
0.5726309333096675
0.4915515577174965
0.4514515098270441
0.5557703901990675
0.4683593421542662
0.5808733617852131
0.544537967363771
0.4796924865812186
0.42002994330648435
0.33495373939371603
0.30658179805931934
0.3759603683429554
0.42137563112723986
0.38686364474138635
0.4104511957792339
0.32920723046404976
0.4242482600186988
0.39933926220092053
0.5009395940902381
0.37652778263435793
0.39793923385292196
0.46557040572445496
0.39002166894784585
0.5261568074349795
0.6065829324316624
0.4144493663784839
0.6541941155880862
0.40035461930588573
0.3624323402993736
0.4209018864182289
0.3842099323768312
0.5227517835370424
0.4693098908200193
0.6228322509011256
0.49296757487563836
0.4724273603199991
0.5499237779236285
0.4669279895010019
0.6509882133108487
0.5484251627167097
0.4698615493630842
0.5834855656068743
0.49729373323304105
0.4644945541325484
0.5235586614692311
0.4615592871047815
0.7009490364715794
0.5476546095554006
0.4635780761709827
0.42063914407871184
0.43478036698202377
0.47636000861144745
0.36232748448460717
0.3926461654285597
0.5030798281654865
0.47302655147701567
0.37945527877881524
0.451594927155691
0.482202017436715
0.4159203241828855
0.4446625855753478
0.4567932077161706
0.5420891733808919
0.5704601788436867
0.42265480274029865
0.47980465586420873
0.6134458033838531
0.45702827682083924
0.4028740394733772
0.4596699969875311
0.6260201439263302
0.514308771649117
0.4305452063389149
0.5447535766773354
0.53738446008509
0.537197016990173
0.5614436008903421
0.5057826863357324
0.5899332807035668
0.5201971586781462
0.5971515852622589
0.5063437025503513
0.5701411627114205
0.5313156082066708
0.4944999279795068
0.5755210027495723
0.496900348863372
0.6431531524554125
0.5854813220341339
0.49146323239746187
0.48672679457433193
0.3887058844930624
0.43835847318799903
0.38163684200431514
0.3864966842686258
0.47268160696491557
0.5692240028919153
0.45683829553089655
0.45054287849344843
0.39707305382481395
0.48432621480959354
0.4070701636487666
0.4795890644387354
0.4222381103517846
0.5187425306037975
0.44772162441607616
0.5545678820595281
0.6056763665000848
0.5171572137520328
0.6305219780703646
0.451883210787327
0.38163504529067643
0.5037699319605653
0.6184831670164743
0.4086148796855318
0.5563229157653855
0.6620480980215248
0.5418918937678276
0.5302260477594056
0.49328950393254145
0.5906245942122113
0.5196591886587946
0.6710163418331672
0.6020575624691585
0.5170155124218717
0.5971709194035915
0.5405141778243323
0.47700209027436913
0.5695656312426924
0.4966759486581095
0.6501964656553116
0.5778503658144232
0.5144948216638022
0.48518620299154247
0.4757858174880836
0.36973763871204335
0.39142783799314296
0.3919362908816232
0.46958810088651337
0.43836688517384703
0.3986541974407886
0.3807990704385018
0.4310313539578703
0.4934948442406122
0.4079052078671801
0.45294310774552765
0.5120948925714766
0.45738803160684327
0.5450048677604535
0.5998938308736785
0.4733950294083153
0.41193727074871545
0.5256414099194529
0.4415749396182411
0.5297518802018429
0.5205849359470133
0.6534054966462095
0.546898134392102
0.542887128133859
0.5010252615097143
0.6084644721455154
0.5162071186697799
0.688375177480864
0.6030852021744918
0.4881869365816779
0.5719156006954649
0.5251900416698689
0.4893618869909785
0.5776160569198046
0.5010292917775592
0.6606429112771338
0.5778872755835318
0.48806333593850326
0.5052282613127541
0.36940151606146737
0.4010124431896838
0.4497587614706954
0.5628503277656568
0.456979679060557
0.4543840812135579
0.38211433886694185
0.48577883972515734
0.3864754200127528
0.4673368938229077
0.4305389023812506
0.4081701603294331
0.5318054838986916
0.4763065840567826
0.5518367191552919
0.5874749195458808
0.6200118119055624
0.4597109222522031
0.40671014894088986
0.4927500221537922
0.6200852676825057
0.5283775608909971
0.42027546778907715
0.5375693083214471
0.5596677366193064
0.6646610821465397
0.5574937165065051
0.527886827482265
0.49715054923522156
0.5951306113384253
0.5259068005079538
0.6848097801458719
0.6034705138798281
0.5350357961755724
0.61019393553094
0.5420876323408254
0.5664543254106206
0.5069848737158134
0.6432215528504766
0.5874584373254972
0.521061065350575
