0.677585029150243
0.5747784426120757
0.6076459909093654
0.5994295190431542
0.6310790862226112
0.5878449361415878
0.6294721509667273
0.6665731285218048
0.5927122336588125
0.6432010412413202
0.5864267467146522
0.534036876911615
0.5926454268932393
0.5640248879818354
0.6118962432811184
0.4397216704259647
0.7024393471559032
0.5139871439597695
0.6031630101420722
0.6426249760235757
0.5836354534567161
0.6177556854340193
0.5748947861732738
0.5516379607240356
0.6530105914208408
0.4800512269831527
0.6216476594764813
0.606633282464813
