0.23978889335671427
0.25300521927777936
0.24465821694643713
0.2540187884674959
0.24449170839666
0.248720694944699
0.22335110027445748
0.2459170560179516
0.27504748724496797
0.2281969873960234
0.23003824066958958
0.24842401973989484
0.24425308400539653
0.24505440117802502
0.2718316310917743
0.24477165103390047
0.2512979368492247
0.2587537106411012
0.2976173826724282
0.23634591276801264
0.23990909431154328
0.23150594104541256
0.24068377033589872
0.2473781301668332
0.27159933235734846
0.23357428653047185
0.26354141688220317
0.23190981258526344
0.2546128124099915
0.28856049283393953
0.23590796056851152
0.26375011982116314
0.2372747715997973
0.24735818806683865
0.2277459226568416
0.24781834956058937
0.23622942033563202
0.28462605253891404
0.2327898571461276
0.2584989660647224
0.2891215168052486
0.24438843299258997
0.25313344340733723
0.22268756724891828
0.24827229696118944
0.2431626161060657
0.24396922699844872
0.24448433592164803
0.24430051015892387
0.22701431050508597
0.2448459000563192
0.23263596510346854
0.29320305519632545
0.2833542647382363
0.29255754900600445
0.2558789211273393
0.21757845001372159
0.24730007341440743
0.2521456309529825
0.24390695114985117
0.23942060822807587
0.23617521912511089
0.2527805930607331
0.25494340350127653
0.24380791139390376
0.21219344481700342
0.22329239217880714
0.29839128728826764
0.24300741727551278
0.2938727855426733
0.248846309023341
0.23935133045849588
0.22872784261353393
0.2563755344888029
0.2381312757979075
0.27151503635455887
0.25512019151564336
0.24578030790249128
0.28729932677637987
0.22106357741352076
0.24016728978586765
0.2637917271486066
0.254829960190072
0.24463880722665673
0.24373096506322983
0.2452561649901926
0.24477756748029417
0.2506315748563762
0.24629627221530412
0.29276302807282584
0.23866114375730604
0.28377386319364184
0.2545633878251196
0.2638534769243223
0.23590876165275412
0.26420590824028195
0.23981910689772534
0.24049661861357788
0.27075707662462933
0.2454354908324421
0.2446595132055896
0.24173804685078257
0.26379365737648386
0.29150339273335196
0.25230626798050815
0.24061372913154583
0.23867088915247742
0.2680497724278434
0.23410286443832198
0.24375974348070062
0.26297896441578233
0.22987466189565908
0.23647092407263193
0.22250077264714638
0.24194067264162233
0.2485927220647661
0.2490428687336765
0.22789213273505646
0.26690681180931464
0.263690152038135
0.2487200893739776
0.25997518068626074
0.2390460703323425
0.24272036260332933
0.22808013863742188
0.24633460268129148
0.22981438088936681
0.23844767519121832
0.24314811805100464
0.24972570561375554
0.2841820830539885
0.23362866098482546
0.21024951841691597
0.25179855969391646
0.24148170959790113
0.2510362744808889
0.23683260365791528
0.30069059237572776
0.26962939535879155
0.23024553154000937
0.23902734756916838
0.2233535273795953
0.2471458188896961
0.24270160443473704
0.22875481742593534
0.29384928915085917
0.248025484374846
0.241558864785971
0.23378224999997477
0.2728552628486787
0.22840388942238873
0.23936392578335336
0.22774365103794572
0.2413485764616223
0.2531720853225429
0.22300704815456057
0.26449453958385605
0.23862757499998577
0.24043784730229856
0.23403980209995212
0.2515367784034472
0.28954957260046604
0.2993270259030057
0.2302276733591264
0.25047321012472007
0.24544854835301855
0.26490096923082673
0.26075066777602285
0.23871252499996132
0.23711978550040969
0.25804131173513023
0.25468463851382767
0.2385264168525204
0.23859565219051
0.25737780108514463
0.26176798822898045
0.23935448225796613
0.2332060949429356
0.2619408874004218
0.23356455
0.24213011081715682
0.2651506508232949
0.2437308082954436
0.23663673656991313
0.23587369988504525
0.20803954157791057
0.2515225747738641
0.20822549401653206
0.239731189791502
0.2384980274465885
0.24193417727979916
0.2218869524215891
0.2454225483312295
0.23799179999999398
0.2640225740026653
0.24307192621739399
0.2405685482054363
0.2646108155346856
0.2870769843687639
0.24724677583043342
0.23553078291679752
0.2598832561799172
0.2903989999269882
0.2536590808352495
0.23452799999999377
0.2494135191749241
0.2388890632936872
0.27261993395976636
0.2129049898687758
0.24794824475723667
0.2482335676206771
0.2932743553097895
0.24949751795416986
0.2409632787510151
0.23645727110710504
0.23936730652526947
0.20785443980938065
0.24227657697336002
0.23870829059368634
0.2522548631993437
0.22152134655389588
0.24014674860594254
0.25224153603353483
0.22811031769334558
0.28925293242644845
0.2620002963236614
0.245119869417552
0.24839562577799482
0.23320258674070948
0.24937123257214205
0.23653168009094366
0.24858142654948578
0.22117546816693756
0.23161922384344844
0.2566429825400542
0.25189728593444144
0.21535299569555902
0.2536879436094854
0.28755076806408336
0.24579837725181589
0.24515746604117805
0.23127681129926148
0.2397069592534365
