0.48643528349161735
0.489743767507702
0.5549430556126788
0.5346818390253403
0.5746602257302527
0.5289700765929688
0.5794481410610841
0.4887916539048331
0.5514400759428901
0.5273763600973228
0.5292360205313802
0.5357518334123582
0.4964626536107607
0.5414212983605825
0.5519989444055868
0.5310864811038097
0.5421527381543082
0.5044467916373901
0.5036458291043725
0.5325334567466554
0.5360189629687763
0.5354448456689782
0.5317204814439463
0.541856178901331
0.5313751509702036
0.5405702832981094
0.5393867650135323
0.48893504237016605
0.4876335618277323
0.5854332764888607
0.48632966714695064
0.4934701477486242
0.49674223527718536
0.531082389145124
0.5775504533945814
0.5338162446539573
0.5261394600921064
0.5758469412837031
0.49099481643961695
0.5323231438377483
0.5463111193885949
0.5292767100490703
0.5576263280551238
0.5434839130873668
0.4827852792479453
0.5342999827777186
0.537868294635128
0.5336412770115838
0.5247677557880908
0.5054403322168491
0.541142525533391
0.4953067027282379
0.5486708197321248
0.5852256506161357
0.5353433069774919
0.530190774670708
0.5412898719056145
0.5381069200852363
0.5471135197901766
0.5442214912602387
0.48583081531449723
0.5833361319105161
0.5726237079354004
0.48211641632336316
0.48792724226974543
0.49656191977193354
0.5364893475797233
0.558853579855544
0.5850797582325236
0.5347557865690686
0.583856037213149
0.49325476218799974
0.49882586757521213
0.5366353872374346
0.5399385016695286
0.5834185409533105
0.5316796016287517
0.5374332069508514
0.49340765536040654
0.5377866225043882
0.5371947334120585
0.5848370455460943
0.52940009703048
0.4905922819474709
0.5397392717392162
0.5083840709314053
0.5475050276649369
0.4813550014837058
0.5782175617819486
0.5324052283827279
0.5398851379429308
0.5375644306727612
0.5757507249138066
0.4931275222793974
0.4854784843315249
0.5701972617347841
0.5473550609131013
0.5375975453997548
0.5312891038376769
0.48582579799206155
0.49738051659797694
0.5513770574191613
0.5363861221525941
0.5750859981094186
0.5476905864761802
0.5874300987898534
0.5467105481820451
0.5718550667798291
0.5400734388740575
0.5312505041986856
0.5275558849149288
0.5700273800285692
0.5662894143468462
0.48260524089400736
0.5551093458738229
0.5438753243338798
0.5411361241589623
0.5377819204383196
0.48734197340719937
0.5295192765290223
0.5344298017481646
0.5669775371681474
0.5388086003249999
0.5374172554949957
0.5630855835003027
0.528710551560569
0.5338707475388266
0.505912114559553
0.5744043727838984
0.5687492209658083
0.49507194656164377
0.5005138571702341
0.4905685847023648
0.5496190928757043
0.5388811028937569
0.49221596743377183
0.5201798823018209
0.5299555102475358
0.5256288451728596
0.5338674537930388
0.5519950848913211
0.5547527171230889
0.5706052740516928
0.5317405607240437
0.5413555044638454
0.5909491622088103
0.5412055286804234
0.5800690486690371
0.5357934949151464
0.5386802795893514
0.4954491368523843
0.5330351301602494
0.5706685840479506
0.5436787065837122
0.5421594670837532
0.5307013236014617
0.5268949637671397
0.5475791110464954
0.5271110442945751
0.5331188265884232
0.5341372829377461
0.4967425909817369
0.573819493964163
0.572437428187996
0.5327225540596506
0.5292478296061535
0.4878494984664469
0.5047377558777214
0.49421520002944286
0.5655762424059212
0.5907455114454606
0.4953827818287314
0.4864926507875663
0.49327363780705225
0.5314494627561984
0.5440217101158666
0.5702059977230469
0.5297921537071402
0.5762075020054406
0.4899286655816713
0.5235433087150531
0.4809930814140226
0.5466119530269178
0.5291638509168684
0.5709715050960151
0.5320056083656293
0.4879567931189047
0.5279995300104544
0.5351608628826842
0.544288028200865
0.5707430577157102
0.4847351478747608
0.5420492931191476
0.4889424109641641
0.5379591403737094
0.5384096592614444
0.5387690110616199
0.5327787260646913
0.5345315909680282
0.5487222579271503
0.5371361069141483
0.48574276272935624
0.5720306030941082
0.5665804121853202
0.4820979937558263
0.4957573250206383
0.4876168312777866
0.555889731669666
0.5302321477047768
0.5373332677766978
0.5747270297153738
0.5414245711574753
0.5685855571753786
0.4980099480141523
0.49339984243959123
0.544330167065901
0.5345877502209064
0.55971800965293
0.5325883636702675
0.4889108131460747
0.5277025410595936
0.5470902357167023
0.5326542759856802
0.5311700659575179
0.5398900686200594
0.48618141595586395
0.5424583428689039
0.48571782535118246
0.5387845433439148
0.5697093784642632
0.5282619278329188
0.5471554755862176
0.5325282347829181
0.5392794428607622
0.5726545241710632
0.5358972012299407
0.5316194356712476
0.4960965416084998
0.4857004656220296
0.5767166544155721
0.5648895164956076
0.4862586043721642
0.5702321983279994
