0.565089982093224
0.5856275760136318
0.5883949760332807
0.5881263333989722
0.5811925550430459
0.591866444400394
0.5357673997757911
0.5978584341032158
0.5798602172224081
0.5970386645886581
0.6297661901299838
0.5755918082081259
0.5858636728541365
0.6043120046163695
0.5801309422121281
0.6075724313493867
0.5908015480938918
0.5810891533598799
0.5629667279703084
0.5845856968941658
0.5947669193864162
0.6280172191430479
0.5365472618949274
0.5530511733369736
0.5849689365350241
0.5802162349033543
0.5937544826223463
0.546148512572614
0.5915473125933854
0.595403601101878
0.6075013880702732
0.5878404077292779
0.5904150109613471
0.5529875547146925
0.5602359717339248
0.5865579001068614
0.5815420612746707
0.5797218687411984
0.5975144980476262
0.5735378265533032
0.555686524302337
0.6074587047142312
0.6033817327238129
0.5802423453160127
0.6037238945645507
0.6084301691968855
0.5903700785487292
0.6159384488154283
0.6018099990906223
0.575363762602545
0.6166280452706111
0.5777764194902656
0.5983620408712674
0.607412756733091
0.5757217518074152
0.6255014705076772
0.610693496504573
0.6161114730957379
0.5858111319914748
0.5754075095799014
0.6033861534485332
0.6047120410827789
0.5797469022312709
0.554655260886529
0.5988322965520516
0.5875606017332148
0.628395733257603
0.5885052564871539
0.5682144939986641
0.5346366506775171
0.5857994483782157
0.5759484117625531
0.5956021776259433
0.6201027622280965
0.5823086782363182
0.5466288787292756
0.6092194165052013
0.5992387902616971
0.5930258535190855
0.6324936261218255
0.599334063198649
0.6141791705084687
0.5901124790945074
0.5806202010170585
0.5871154976606161
0.5775887362426066
0.5863833649876931
0.5786807261389546
0.5779565193650417
0.5977623286347475
0.6037126339462614
0.5931921257365588
0.5826658544260231
0.582505130931926
0.585953951750962
0.5895027535049708
0.5953821797929564
0.6175363493446615
0.6026166054253852
0.5919043237579458
0.6143590594193291
0.6021858195678789
0.6177449177305709
0.5932009418299254
0.6035543522017913
0.5788036239777302
0.5883886005713816
0.563393748262796
0.5932252464603858
0.5512080418164369
0.6071534289210262
0.5822059177553739
0.5983658506262958
0.5861442131262379
0.5900121001215499
0.5894103424815055
0.5855543638177725
0.5809384116786012
0.5912710883956995
0.5817848828283073
0.5859489829109543
0.5535823370917441
0.6057971608728033
0.6379539749445722
0.5995032373342762
0.6056447043802602
0.6161588087005524
0.5916920484550373
0.5697719187651924
0.5775725292566868
0.5983771964956608
0.539134042130061
0.5924310126720527
0.6080116894188076
0.6529772694473821
0.5769426783406175
0.5888645485895198
0.6017019122867168
0.591339478839342
0.5762429845276537
0.5801678886503772
0.5856449867130078
0.5809924622252082
0.5938031786368845
0.5944354360336195
0.597651967436778
0.6016868219357854
0.5963793424307943
0.575852312824661
0.611366185961669
0.5973818925670626
0.5835621771178369
0.5765156839231614
0.5796449466873522
0.5551832032099602
0.5807928274205324
0.5805907201116256
0.5913237791695245
0.5921622223193013
0.5818377523887298
0.6130846394536548
0.5698161737210561
0.5820388142457171
0.6373412972091143
0.597109652261665
0.6066766585930399
0.5449054463636471
0.5561037012426653
0.5613278666345305
0.5682467718902436
0.595292346004862
0.5890798170143203
0.5707218482764962
0.5530308515324567
0.5580380383574001
0.5988482569330982
0.6213613061212815
0.6030338221816977
0.5746228683261658
0.5782638540080324
0.5763967174374391
0.5443948717625948
0.5767443732042874
0.6056191331381056
0.5968954380843522
0.5649202383475885
0.5862095218198229
0.5975617966868174
0.5941928369961039
0.5678176152725403
0.5902403727048903
0.5853023609198778
0.5912844816780497
0.5797113145013325
0.5621321603645556
0.5933042705571553
0.5967772580697289
0.6071410853275016
0.5823535559572679
0.5485382251924849
0.5983053278469778
0.5732736942255467
0.5406356670870114
0.5949833985373061
0.5550727430235602
0.599356299225148
0.5822709841486917
0.6137618638813364
0.6024926092689872
0.5789090191298861
0.5758080894207651
0.5913281313989198
0.5506162121038148
0.5858297492941891
0.5852734870953732
0.5785838626275932
0.536964125490795
0.5524780137645667
0.5947020235692274
0.5956711870275676
0.5859408126865423
0.5789172519326321
0.5840769527215601
0.5830622380232708
0.596060351729834
0.5895625481427728
0.6042901412865954
0.5842974734296695
0.5849874654090532
0.5488055610945085
0.5890514875470381
0.6517076474099731
0.5530466238462791
0.5871895025822638
0.583355833473861
0.5992050966925947
0.5910752157593113
0.5504502969471234
0.5521284640257267
0.5922179801810572
0.6002098132384653
0.5911572560709492
0.5897909404400058
