0.9951163693194662
0.9096993273231245
0.9038572637661885
0.9981638026010213
0.9031431391971899
0.8777246798854712
0.8925437999271865
0.9838200240764687
0.9776218312042793
0.8610511074742897
1.0028011161423125
0.9361407702080407
0.8855067633457292
0.821286373375961
0.9113115533437139
0.8861745559419538
0.9267353611349685
0.7266589647280222
0.9668648259261313
0.9712032733111235
0.9038991278850242
0.9567286890217598
1.004816882165485
0.9398172136721951
0.8860045222039432
0.9565381873583048
0.9706715226508198
0.9539054624373378
