0.6964782110890452
0.6897709548099805
0.655406193216355
0.7772391312980207
0.7516882555313567
0.8276894613013595
0.6589348490279262
0.7424811859280773
0.7449122922591079
0.7276090367378772
0.6875314310764993
0.7301112993675944
0.6420325963343569
0.7449469871593636
0.6113855565062357
0.7806447905163975
0.7142473669377087
0.8013528666956254
0.7466311785986618
0.8530353360602665
0.7822362323372556
0.6953583963317835
0.8742813297594121
0.8072723930719236
0.746408533178055
0.8199709705180477
0.7517131208440544
0.777922244397385
