0.8023271530820387
0.7452818059939419
0.8536082625566563
0.774291683322732
0.8159757263387197
0.7391408978897396
0.7033825016861828
0.8916048200650782
0.6155424584650082
0.7959217859374723
0.7273374591952775
0.6515678492765127
0.8081660758478852
0.6756664474594083
0.7766155460291354
0.5833969129555288
0.7196241268439763
0.7212471311479611
0.8714931630469689
0.6803062910830168
0.7498473735887816
0.8716786648248809
0.7754055496116946
0.7683892469756719
0.6636914778661478
0.7960482347332533
0.7683650417281525
0.7847938698055432
0.8450290235533706
0.7548315886701696
0.827049107327859
0.9187175016445802
0.9849391426950632
0.7535431563921899
0.7047261484127264
0.7771222004858265
0.702182327770926
0.8943805850490236
0.8563595706421334
0.6600043613093064
0.8837796290161931
0.7143482292297911
0.8162383049559194
0.8560731892065381
0.725740499060266
0.836507299295776
0.92018732062642
0.946147540624045
0.7734887136157711
0.7656184807697105
0.6876065635525519
0.8055154790643335
0.7121857419752693
0.7960336038341511
0.7432709245853895
0.7886901112608082
0.732353356784704
0.8802236724297506
0.740549599252109
0.8770617314874943
0.9365457182942017
0.6989195942375122
0.903183752976888
0.8551153807810974
0.7700435151661635
0.7377457128943856
0.8157824927965736
0.7595236925090563
0.916732301094344
0.797947933754069
0.7666119260897166
0.90960968612861
0.6765828557321212
0.7725695606831378
0.7168667290738282
0.8310397386271946
0.7993425065714976
0.7610739703218767
0.9088318963869773
0.7336465421498757
0.7094957583787569
0.7117597331297695
0.8462891668682387
0.7498759745357575
0.6964838766673
0.793659640199746
0.6616721793668894
0.7713832580819855
0.6951166527622163
0.8131399424523876
0.725594000403576
0.7498370935237777
0.9395973649627904
0.5919098749152815
0.7903245082997529
0.9228754891567936
0.8024547441902659
0.8235582964145917
0.8146502714701691
0.6880660854971374
0.8407164025354741
0.7054574676346028
0.8290733351982061
0.7944086903073967
0.7161208824167187
0.8317107807122615
0.69248853919743
0.6780548061873015
0.7755172487450642
0.9186608270806126
1.0157217228953972
0.7648350461943989
0.8697163975609236
0.7132969419579662
0.7408834301275509
0.8529257648715582
0.8183695234037373
0.6221481235448714
0.7410254859483784
0.7021059131450411
0.8053172474611214
0.9026607820658241
0.9663277783600551
0.8375552489913158
1.0437260390439493
0.773051581911957
0.6787124829658855
0.6447753777389766
0.9253313660242242
0.8648352444944782
0.7482606839776931
0.9750550932408273
0.8017411394921841
0.9037041289319125
0.8363402293587616
0.8107416547563094
0.7868695578208167
0.6358945355697218
0.7164739471098005
0.7843395222944218
0.7278330263458165
0.9212266634830295
0.9313545244808112
0.667054100233351
0.8450362302103559
0.9129855877483951
0.707978499742677
0.6394013932007758
0.815770200291462
0.9882792781035485
0.727880590797434
0.808492754387746
0.8784870596579131
0.7808007000970665
0.7601845946234007
0.7339533820572008
0.8303508909492756
1.0071070633358858
0.821256064602939
0.7016957677035198
0.7064554020622299
0.7478157094544264
0.7265977422606267
0.7767945170374126
0.7430144258676687
0.7901196625134415
0.8861338547372449
0.8982567962810488
0.8658580767907912
0.7538017000720183
0.786168488538276
0.7581942706891169
0.8371068792288172
0.9006460483041694
0.7292994790319756
0.7437639090878821
0.8455502530435406
0.77147859688404
0.8407934301026696
0.8254582275741165
0.7291091044600144
0.7314328301459573
0.6746644100949962
0.7613380505038487
0.7938468470882869
0.6256881468599733
0.8424311405188459
0.7557910348335228
0.9522239732412274
0.713267424603846
0.6573983216156217
0.7471693419356215
0.8362813078531115
0.873108348091455
0.885600523762351
0.9007969595850291
0.894598333123374
0.6483528886553858
0.7361207649646131
0.7864613603072216
0.7843535167465937
0.7692630832962395
0.7759292815796808
0.8478310764797112
0.7605095390004559
0.6783023716940113
0.7858900683844172
0.808323016485287
0.7100521689840913
0.7161446798193296
0.6794750970076785
0.9815571589943989
0.7175184513824295
0.7450255568606661
1.0311419752610602
0.8843408274918088
0.9309551896443027
0.7544266917573459
0.8535770508334416
0.8760459093318286
0.980215290894159
0.821957431741293
0.7587363555432753
0.7181805568359649
0.6490153106829311
0.8679678786785454
0.8769361223178641
0.8597819496484331
0.925085686911178
0.9018088355931249
0.8787155341022668
0.8374344771281175
0.7956332959912533
0.7402331923185612
0.859208629808789
0.7548714226044342
0.7886742993330491
0.8389276690199217
0.6470864209171256
0.9144882568132411
0.6601342229911404
0.8565698237343766
0.7938349016548975
0.6563674007280502
0.7749499310275882
0.6876280313376095
0.6551434916686837
0.8601691200019081
0.5992505647434532
0.6998140207984729
0.7779042066480545
0.8218259842318225
0.8138557170129663
0.6248075110620999
0.8572734417641508
0.7167733948270891
0.7284281722181312
0.6323701253973845
0.7674054989595969
0.8194938378242824
0.7685734032767996
0.8741313736795571
0.6527350818730372
0.7536709771933034
0.8939219416857382
0.6821356982642419
0.8141558948557175
0.7115015960385283
0.5971521872169498
0.7486653841995514
0.7521768374069704
0.8170819022591309
0.6775671096402134
1.0877600179829705
0.8107865613074
0.6736064746924963
0.7826547628537066
0.6645859694265928
0.7101461471743815
0.8161692217307672
0.7274322592586941
0.8759640720215792
0.7403075481230462
0.8313779021411167
0.6324170036075564
0.8906652740172729
1.0843548383484842
0.7350598396175501
0.7870163456254273
0.9440858946350941
0.8094201163563801
0.7455813976607577
0.9248914136814712
0.8148904098696597
0.9224152249801678
0.7742261129029652
