0.6338312750165694
0.5706604881213417
0.5914000170903241
0.6063537018387833
0.5248877954300286
0.4737384581456592
0.5713877722330826
0.5960881112049278
0.5878404347288851
0.5919660492829071
0.5559772356055356
0.5332053467271455
0.5708936776174296
0.5721026642676215
0.5608557046730149
0.5241311426216593
0.6090041943221506
0.5023992091019109
0.5560928797265062
0.6599501301327173
0.501715861818006
0.5199929626466488
0.5497836188212084
0.5701787613693707
0.5592142524019257
0.4951449084255644
0.6113028824092359
0.6289968312280851
