0.5896687196002978
0.5564592065395373
0.5581542297730135
0.6117580044387094
0.5441978925935883
0.554778010198393
0.599449087441031
0.7869532351546078
0.5928509746705681
0.6009280261190271
0.5813489024349763
0.8655484958640391
0.5340780909247365
0.5686327083754473
0.5460526683694533
0.7736275312498421
0.5948593441706858
0.591057841302704
0.5561950357216461
0.5217359689392393
0.5475604921637969
0.6556247685286225
0.7591382533407417
0.6026637655567142
0.5613811883319106
0.5227116614946057
0.6808930685848772
0.8282991478422997
0.6027474844496981
0.5227881393392575
0.7297589704615497
0.6174350947174025
0.8717430872987331
0.5953332236547353
0.6150889771003175
0.5909585404348142
0.648259336497771
0.6301538496899506
0.5837904749850579
0.7623600091875934
0.6165134359172141
0.5971873126899684
0.6125153109775205
0.6129075162011006
0.770918062499219
0.5128377931345812
0.5732793008073385
0.7667147499997176
0.5476514340091149
0.601145548430618
0.5391651796815324
0.5342269190066118
0.5381064045012629
0.763278624094813
0.5841493550923069
0.7633388366794531
0.5898866278682748
0.5226432690688748
0.7565402499997202
0.6763655659290738
0.7182234407589463
0.5934204272499453
0.5615380511014774
0.7065408542352213
0.7453046314532088
0.6040160626500704
0.518695842884874
0.660605686426924
0.7030131125676342
0.7660081874979998
0.7829669332469293
0.7783337615299687
0.5135827581691371
0.6173358793188581
0.6083603745494913
0.5917894034900443
0.6046306753167665
0.5427257522420598
0.8501712060231723
0.6451457252919711
0.5842506666248382
0.6050067255805824
0.6727685932283477
0.588264040117254
0.6494709588144612
0.6082305403931328
0.7697139644087643
0.6299839414562267
0.5982702880272412
0.5965436785867467
0.6120302894535544
0.6813292992104194
0.6308669366492643
0.5137971472950449
0.5403696320474581
0.543001287979548
0.7931083760614468
0.49969407462978604
0.6056303343540155
0.8462769490340405
0.5496374734379246
0.6425291387205889
0.6495232018979686
0.6329977427461775
0.6414774092619843
0.8375400428675667
0.6120436664731672
0.7749305269542206
0.7726924999997202
0.5981085294613915
0.5847897417441589
0.5643569523481801
0.852723623956332
0.666764314691772
0.5842164616974174
0.581231078033466
0.5690168151302386
0.7565402499997195
0.6296784342495972
0.778139473926573
0.7895253883112021
0.5835796919320757
0.6184326106705518
0.5747333260944464
0.6054290606377589
0.5477711262668524
0.5780738038029606
0.7558255296869818
0.7446690912395095
0.6301902025868772
0.6471828606349479
0.7748710021685301
0.7727793334964078
0.5638596411686887
0.6946327206384822
0.5897037132843734
0.6301274760809725
0.7359702639788742
0.6159869342310416
0.8738034672985837
0.5897458664815676
0.6741296409875781
0.5816281653203382
0.7771400715219273
0.6522468059622165
0.6804033489578345
0.5827865282359214
0.6022735537688332
0.6018134570135337
0.584206636879296
0.5994102132135174
0.5901036128561069
0.5786296755667315
0.6148814107234524
0.577311416297277
0.6196019175814236
0.7830501323075201
0.6124256096616316
0.5973439710265338
0.7789008973829191
0.5497380893041818
0.6052659709158301
0.5987524917795247
0.7211495319749576
0.6206183056607433
0.7499346216497238
0.5145903441919735
0.5845857378141275
0.7625538024425368
0.7777928952400164
0.6801902650892216
0.5405420673004501
0.5304222416199664
0.6033681290336942
0.6163187479515837
0.6257531369309501
0.5513250038590484
0.6298054512966565
0.5730697175273394
0.6491120157170596
0.5853954898530943
0.6278298677078059
0.5334988229543314
0.5987256447052726
0.5233439929510214
0.6035307039024461
0.5800207639948981
0.8404428102506005
0.5828816168250366
0.7589711138050016
0.6272246319981881
0.6377536921660489
0.5827755776459214
0.6083943450155216
0.5890206912517856
0.6019245799530186
0.6047762574129475
0.5224491117413474
0.6552537266740162
0.594587058986026
0.759490385085577
0.6259674984167136
0.8634651864470375
0.8494682375727692
0.6236842197165566
0.5550580288674045
0.8494171662970703
