0.41153994204792876
0.3634530365402246
0.3991329181947433
0.4057366626486496
0.41580139096938923
0.40809806857080333
0.43523053231059905
0.4189852130963868
0.4015489122028818
0.4137332395180754
0.3981100996011023
0.39985818251441557
0.4038659311663099
0.4311589884235627
0.38786895715027825
0.39516892103433976
0.3866870624999924
0.4102101684931161
0.404220330698549
0.3854227071084082
0.4065738486202596
0.39264055916357854
0.3749147698817721
0.43592387380445313
0.3856867580593408
0.38346172461138706
0.4037560052455119
0.3959686726359585
0.41507013268830406
0.3688725311801724
0.4010274526505758
0.46957865239881513
0.3942165852723847
0.4038464299667037
0.3835145862918279
0.38822867079629797
0.3968191766194784
0.46752369756637663
0.4054363241723342
0.37575573187427025
0.3732914103955469
0.39948792113917597
0.4305807800772672
0.4733665796880388
0.43361766452164985
0.4127508526944953
0.42354656921917866
0.4205310298129974
0.41393204379320814
0.3993959291402197
0.3976793171323221
0.4014053302139372
0.359117547468238
0.41767732771534766
0.3954080624999921
0.40063820990208543
0.37477080971334276
0.4089183107628389
0.473836507529542
0.40135719182059243
0.39931383426763256
0.3847629984678672
0.3903734240720923
0.405043972038556
0.3527887413168812
0.3986902177156499
0.37505906249999293
0.4050533879472642
0.4643967761497052
0.3845071369703075
0.39683315609506653
0.4061408770217723
0.40903015069102067
0.3961767864317388
0.40258498409300547
0.4138500750102901
0.38818000532729496
0.46427415995100474
0.4041200478306449
0.3916588749999921
0.4133712087840353
0.42244067929647766
0.404792364614067
0.39793566315543727
0.37161341057869
0.4306354971680583
0.3859178138782954
0.4120072379462392
0.40870312334490067
0.41956117306642393
0.4113426481337116
0.39763749241916374
0.4769420079933262
0.4172390328806805
0.470763010913126
0.46424174844540955
0.41281083130139345
0.4132248584696827
0.378139665759063
0.4290239836310712
0.4150597426547663
0.4027018109315501
0.40523531554288517
0.4079853357767159
0.45554955443808554
0.4383373318785872
0.4376513619901985
0.41948690949437367
0.36520338332488916
0.4017266963024319
0.38466907520432225
0.37406278133131177
0.38856014562263835
0.4416256571452093
0.36772198540707324
0.37442544712353154
0.39212081459035364
0.4105113608280241
0.4211938942530158
0.4647352246616665
0.4427926607685541
0.39821215507298824
0.40526551758509755
0.39485281978347997
0.419974031679176
0.41475382684730194
0.41560923077640954
0.4344130267471251
0.391150062499969
0.42107302392567636
0.413601499265701
0.3857837527849274
0.44956583328544275
0.3987634587656298
0.4056644291025764
0.41752472683321107
0.39246022365346034
0.4004619696064795
0.39540806249999244
0.431224994795572
0.4306855736666131
0.41358703284464987
0.37537969237769286
0.41254874201770225
0.39637159903981045
0.4187258377044216
0.3999688272393872
0.373975820759919
0.3826943001636467
0.4335209978514602
0.43551738724428757
0.3995192812499511
0.4127493445590381
0.45563300427702924
0.4049388170703983
0.42290174400830816
0.37208354199322574
0.3851998783613808
0.40382176395293656
0.4062228432867668
0.42126026329676025
0.3773252807080755
0.4292562722741763
0.3966643554213878
0.3980720300541989
0.3974115292532946
0.4084189556438683
0.4103669027192133
0.4496611060359411
0.4588582155906038
0.4584174470934136
0.43109046383531474
0.4034798513697533
0.4047562609366514
0.38540598378225727
0.40167069081358264
0.3749118106038122
0.4338659916238582
0.40484014030239185
0.4064676673051846
0.4125874281849907
0.3954035612749621
0.3921579475568891
0.40923824641917905
0.42359863036213574
0.3914156618716071
0.3875578968934303
0.414148737591369
0.42055764279097696
0.40512561761731924
0.42020483832810507
0.4252217892546339
0.40101498610515907
0.35916172661575685
0.3843585991334905
0.41283059117668786
0.4057408703520849
0.36625543514487385
0.42355610813021405
0.40465733317285535
0.45651106613658565
0.39458485157973494
0.38836660330788403
0.4159791742253419
0.39773415858725764
0.42357823741580086
0.3792176673442405
0.4677120148012063
0.40846263200290867
0.3961769527755385
0.4675848037807261
0.42157766953231585
0.43306104850694427
0.38628602912475113
0.3907155650765174
0.39725935680804336
0.35908172311646747
0.40139776282551354
0.42679635211769934
0.421168865906986
0.39738961984103655
0.38780189328427705
0.37767146500111526
0.41126084123927054
0.4063022952492555
0.43337247149276864
0.4213223038244049
0.3997402359750817
0.42223147502592817
0.47161179208457427
0.3920763190035864
0.40382499108455927
0.38336234983591777
0.46203761012797395
0.45844597018726096
0.43227482087080954
0.47028869049429545
0.4126412200740698
0.38905622238178683
0.4038348105259655
0.3858709312650313
0.418021009288507
0.39643622174342075
