0.43964217725801724
0.4303884080362873
0.4175994170908036
0.4641913295697442
0.4537267985605729
0.46910732944554157
0.41161402546114656
0.4513884278359037
0.43338625682162246
0.43378435144115546
0.43046718557299557
0.46236564136332137
0.39941254505533863
0.43883902280380893
0.4028478748873955
0.46666456672295664
0.43946327129272506
0.4607513165932904
0.4378850065704577
0.5082059650099418
0.46530521025419447
0.46315827758798933
0.49858637807963047
0.47544022110327
0.4386171928728051
0.46577009873685116
0.45329786333984956
0.4704369608373311
