0.3955161506439835
0.32278658821000356
0.392368729447199
0.3728091565944247
0.41541301286995874
0.3749104412614277
0.35460934315078374
0.44301528340233304
0.3288364120623929
0.3878114474375389
0.3799515295976387
0.3472810455595615
0.42379889036661467
0.33547192561649664
0.3902414746720263
0.2981498414527227
0.3726629262692769
0.3659614264755445
0.4203267837933457
0.3583001248021035
0.3935549796048483
0.4484187254964207
0.4022087920037717
0.3945090788766491
0.3227727960656646
0.4195657052454146
0.38093462474432616
0.3809106855956495
0.43777648437143746
0.38467987668802606
0.42454461573289504
0.45364537330067634
0.4839411839111989
0.3752273718266682
0.3721065781228123
0.3954057184247315
0.347677932044667
0.4379528948960534
0.43123983151044315
0.3217863774982687
0.4533614200035171
0.3772696374046102
0.3730319524779597
0.421992638559313
0.37706272740623925
0.4307197301656296
0.42643328295471944
0.44257301158668116
0.375300683213337
0.4005141962012907
0.35698721118804067
0.42232741166331433
0.35095056827094645
0.39049157155288083
0.37676186678707674
0.42349980028363277
0.3534713126501008
0.4453869732259085
0.37985588070713555
0.38767835968580167
0.4478042704016182
0.33423673053736813
0.4485639250433573
0.4299223006672286
0.3794541560534451
0.3894883004905141
0.4294493611859881
0.3979510795334842
0.4500409375443277
0.4008309003297887
0.37324427324893994
0.43719260013356664
0.33223915433664886
0.3793068240390479
0.3823037033897561
0.38832755273962627
0.39099491333905056
0.37619815658950984
0.4532532412167445
0.38601992524160444
0.3783940470215462
0.3689485379535148
0.4162522013301291
0.36928175392205637
0.3344026526193643
0.402868020099873
0.32002823279781617
0.37307612080475333
0.3625359716866223
0.36420816666722455
0.37325916325911285
0.37516719731832765
0.45960523010044285
0.32395984272079864
0.3905031363416573
0.426332938944594
0.3931138563056593
0.373761756902948
0.4218963287750027
0.34173907271451653
0.3937725775890901
0.3410308060883177
0.4005252285166152
0.3800071955099929
0.3711574820214946
0.44026346835055974
0.3260183688027369
0.355775352550534
0.38572000151793007
0.4270759077551824
0.5295670360902154
0.39257524029465174
0.4460682952213343
0.37971783663554876
0.3776882577438684
0.39181853183989623
0.39742814042527297
0.32863537662392084
0.3341176343044341
0.36940055795421317
0.4154440652399947
0.43243740970161904
0.4853744955971399
0.4390403430141765
0.5396062545486598
0.42139906895040746
0.3634487289829427
0.3399478845772289
0.4637856285305656
0.448008853298664
0.38781133844177973
0.4466144537632708
0.4150267991462239
0.4546729496927187
0.43662078145178373
0.354023243735032
0.3579669874993654
0.32458936773841407
0.37448343497222303
0.402735402466739
0.38430597479948325
0.4783356172720614
0.47906902622754394
0.3291925625940715
0.3981901742980031
0.4709563131875023
0.36584790178280735
0.3547756518608578
0.40593076578040593
0.4742869829835308
0.36292678188520344
0.3879040007232848
0.4551492735697519
0.3609600216511574
0.37760487122474384
0.3870241893044625
0.4363847943118472
0.5045664066304617
0.4302646695107719
0.3606527618449184
0.34998546670617214
0.37182065472721326
0.3391818203840447
0.38889857991948457
0.3731303121283108
0.4035910523093524
0.4677326197544093
0.47220229379269835
0.44647099430721926
0.3679365588442994
0.4036210262304838
0.3747538624700645
0.4265177810187669
0.4462285534585724
0.3911868100404001
0.3956769940405529
0.43474687660782885
0.4095903285529551
0.44803859705970306
0.38116404060343867
0.34927835223000725
0.3511987417001976
0.3367539153301692
0.38907316430102806
0.41151640832243597
0.3478128180832152
0.4235921914132692
0.3829741822634833
0.4755506486895793
0.3454954160828878
0.3548571989549498
0.3681498883591151
0.43294164895143145
0.41759019116141693
0.4311973532501291
0.4477241699164992
0.4272103763286127
0.3290854737731996
0.36998757637543633
0.38897707439280926
0.37369047259576504
0.4105939233839162
0.35366293346176825
0.41872771212178767
0.3946014812495752
0.332996141047629
0.4017924649307316
0.40266539673454216
0.3512015302751782
0.39175785503526606
0.35067550616767257
0.5050731110630653
0.3698459900331131
0.3727496525044071
0.5223968687316419
0.46888023868618156
0.4108767060613444
0.39653059782672484
0.43826932557691306
0.43490531194093535
0.4862997770868024
0.4008412062731233
0.3854972100297022
0.34782064598555007
0.319396705905307
0.4423648237900573
0.42668790523844813
0.44808163860130645
0.46742081373422684
0.47554607675049393
0.4672102220721516
0.38927256192854476
0.40440353741298696
0.3846915482041885
0.4555328420071983
0.39064887101444734
0.4140824473764482
0.4088619286276079
0.32607873040373075
0.43964898685642995
0.3095934812609916
0.4567551907496863
0.40888627385667814
0.3442764381751401
0.34802478001553905
0.36366879844634803
0.3148406748245699
0.4109379459127382
0.32854181006321026
0.33982609180627166
0.4107817847673262
0.39744076989368904
0.37343729246874735
0.3105663258148563
0.4232526034888946
0.38863172038444804
0.36116389305887264
0.3247543052388606
0.3720080022052692
0.40863739410011124
0.37471574454269024
0.4411343003923729
0.34176097335342465
0.38009144080069945
0.4502068271964603
0.33183784469120103
0.4132573220134941
0.3299149303229965
0.32159706236969576
0.39089341709977576
0.39695868461807027
0.38727557689416237
0.3259262839818541
0.5122898764401655
0.3865874770822715
0.3469044261371148
0.41614524471799264
0.3304562570798528
0.36805324153705654
0.4220119072986729
0.38680139515641265
0.4588471407483057
0.3893279064805347
0.4189904083804999
0.32008614555377823
0.4526129126684605
0.5293098833129204
0.3731837377728469
0.3943471560087598
0.43877077930048947
0.3895225009961224
0.3753780383572901
0.4517540930752829
0.4259538298511556
0.442288693571165
0.38403927927027454
