0.6515310586837546
0.6977461571790999
0.7034735646203217
0.7070028265119963
0.6000044275673349
0.6559534879455794
0.6666948173334036
0.697584288749715
0.6556849501638687
0.658875708335315
0.6539581502637319
0.6887207780039586
0.6473730737050225
0.6559854415262109
0.6656054739987343
0.7166786656745057
0.692235342473432
0.6512594748427146
0.644414904652264
0.6970763430026242
0.6921752301107659
0.6964431080096366
0.6500627812038196
0.6497589741072199
0.721777903625243
0.7256043583965313
0.646508392907133
0.6074172784446642
0.5962405904693684
0.6551546131392283
0.653977277860673
0.7059559123414424
0.6129111004351555
0.6620285016836609
0.66453666341291
0.7008356012127728
0.6972075370015419
0.6564392456732251
0.6628925059444603
0.6933810463471876
0.6660015470579586
0.6011005678759804
0.677745215295213
0.6518872213853382
0.6700022455703265
0.7169937282206237
0.6925684765444928
0.6562070032811331
0.6971449173782175
0.6930151209959455
0.6594609630765742
0.6553076130690807
0.6038501360677739
0.7211482539475331
0.7254796438879016
0.6448999556067154
0.6044791252752842
0.5915654218940721
0.6554793062466211
0.6540877116462785
0.6972367040422914
0.7030505341538844
0.7063995358527054
0.6066199707084886
0.6480854136155096
0.6675287717728662
0.6975773103627538
0.696542589706486
0.6946194409871391
0.656553569878528
0.6571620113491975
0.656191658474197
0.6640095406049613
0.5995294985164601
0.6741389965765286
0.7167590130883961
0.692936148358061
0.6543044278654448
0.6975832903132435
0.6641509862970075
0.6049897700607881
0.7217439276677072
0.7251202287537906
0.6462537006406476
0.6465125575228207
0.5943281208102424
0.6576546043658434
0.654747103115377
0.6975397414471098
0.7022575964791564
0.705987117837025
0.6044918489467699
0.6487831840290528
0.6692129042538356
0.6967624251528292
0.6982487387705085
0.6967279965917975
0.6575566297540943
0.6607075157669082
0.6542628248816809
0.6905126552779534
0.666702962595557
0.6743561674303983
0.6518537585263112
0.6655552792301016
0.7177923184981664
0.6934343632436685
0.6531318537293751
0.6434150171330932
0.6939469598055779
0.6941620182499953
0.6568576010149471
0.6522329237688871
0.7252763708763663
0.6482154362780713
0.6088948732088356
0.5932039464993106
0.6586662216389685
0.6920445852668944
0.7079885291743222
0.6106991258973096
0.6473825087137209
0.6698099901929725
0.7012224696801734
0.6953194884420351
0.6573013687607374
0.6630886551804304
0.6953598592494856
0.6051435688105162
0.6771787011796003
0.6601183347036567
0.673593195697935
0.7218012815484226
0.7040153392016749
0.6526697393672982
0.6454011145460521
0.700710765535983
0.6978798493238394
0.70364506560552
0.6584266398629846
0.603749356201208
0.7267095916068218
0.7300541231781481
0.6025609093132108
0.6091416683444459
0.6011035438589135
0.6960308351941856
0.7013834017308974
0.6708345500155971
0.7100767922055431
0.6516603512614902
0.6504681430749825
0.6681447718099659
0.7019511223789785
0.7047015654910039
0.6623829720861442
0.6597853560600828
0.6596026825511909
0.6954195467274915
0.6653782127832615
0.6514394745373838
0.6773612042554147
0.6626644897810681
0.704489374465004
0.7191982469314432
0.6610843808212212
0.6603271736376027
0.6503107331716661
0.7070500154267514
0.6955648724653883
0.6989523698601492
0.6642275828933453
0.6571401313864499
0.7248050061748735
0.7284210367363192
0.6555901258928281
0.605239252875786
0.5972646007293468
0.6581969724192833
0.6611685773226875
0.7051707312483446
0.7065511319958618
0.71175409611767
0.6453040975890594
0.643382793769718
0.6671346827856762
0.696035698743348
0.6996056836905042
0.6956231801164382
0.6629177419566261
0.6605529482893485
0.6603492437015125
0.6956145800819332
0.6593427952259938
0.6539653126667062
0.6822826635529828
0.6635378668565806
0.6740381597151043
0.7198612718321243
0.6649484125371239
0.6550218126048738
0.6481947750408923
0.7030212706983285
0.7001158246913002
0.6679839700848431
0.6609866367438761
0.7259192950393579
0.7266223197802035
0.5996297407376284
0.6009808239973202
0.6932762270086767
0.6928021619240815
0.704007315897604
0.6698388330063861
0.7126467117697425
0.6527373860458724
0.6508962825338585
0.6630968747499373
0.664299999503265
0.701632393088887
0.7048871245449879
0.6676489152866778
0.6604053612207896
0.6612682036198692
0.6927967035984917
0.6560803146540187
0.6052310671926897
0.6756479118846273
0.6600887493785935
0.7001818001280989
0.7192843652049477
0.6628031450988704
0.6553621741711311
0.6476556472712235
0.7074961266070666
0.6955089833808753
0.7058549075935401
0.658368484031683
0.6567074780302719
0.7249264429276973
0.7264586194060522
0.6569393458267918
0.6136362473399506
