1.0898045732454604
1.00241651772792
1.028411085241462
1.026574771040271
1.0109642506938943
0.9783042093108018
1.0479708034679085
1.100836521716029
1.0220307153284975
1.0817491769334886
1.0131596171696238
0.970896820165554
1.0232131506296995
0.9934117982233668
0.9926281045387607
0.8692503422699349
1.1121751955372143
0.9031389639666709
0.9915986207843599
1.106279382134051
0.9730465360067051
1.0001788951889379
1.00983491324641
0.9891285020143091
1.0683653974332914
0.8871227694437137
0.9974203032903137
1.0783264980107812
