0.7805672319272192
0.8117480322980979
0.7012896948599165
0.6783912820289224
0.7937196303464983
0.8917817803585442
0.7252459885269616
0.8378009083436672
0.7642384445554761
0.8372505646798416
0.8032157144958542
0.7806100367759607
0.8081408914262358
0.8429257406667339
0.7989196592317918
0.9141407032064817
0.8042598650512524
0.8120443512772328
0.9325355228246633
0.8259508317761884
0.6987405523314012
0.8543553919957886
0.8749245623414766
0.9035453894236329
0.848835604795906
0.9011481940263252
0.8795241712389188
0.9988171254928236
0.9051722237626558
0.871177267239718
0.8777136663666724
0.9514195764268852
0.8802040341100407
1.165997337293093
1.006728847338104
0.8817968247182194
1.0060306851462253
0.9690340127117141
0.8694506181414692
0.9637973268874092
0.8674671858690159
0.9684190032000048
0.9376805569871416
0.8331351907263989
0.8962978140947861
0.7913099972592855
0.8145197460352731
0.718200918697884
0.7286504485909794
0.8853316501458637
0.7834108670488696
0.8123294065018465
0.771563894605632
0.8643245103089581
0.8195162727780175
0.7437822461151982
0.7900546387665732
0.807608381087695
0.8123772431767632
0.8988774938733302
0.8886693423915684
0.7938128018915529
0.8244512758121529
0.8817120118729918
0.838030962933968
0.6977258481714679
0.86143379027309
0.8706358575932833
0.9038016883760557
0.8476118546681963
0.90527577881007
0.8990821706874497
1.0037459778890467
0.8951332977827096
0.8843274032605158
0.8701090891280732
0.9456764074925094
0.878983239099331
1.1435202961905764
1.0098903528612904
0.8793781913880842
1.0084240107930613
0.9845165363855422
0.8599126060761171
0.992520763152001
0.8734534411313886
0.8727311565925102
0.9384017920015477
0.8778482239963167
0.89596707239304
0.760238742045287
0.7029996691621099
0.795450199775381
0.8313680973477104
0.7717769671578809
0.821648649321036
0.764398446950876
0.8329688037096763
0.811234807584873
0.8198372367938942
0.7922660164335769
0.809205011785313
0.8307290931424232
0.8030100788713782
0.9151602412351494
0.9027271688803318
0.8212087920252423
0.9445041496113336
0.821452788008826
0.7005229710769728
0.8408712937945634
0.8490140899511471
0.9107821859192408
0.8787800787936572
1.0469251603671679
0.8883329870928018
0.877750858647235
0.9441353175697054
0.8739981718252301
1.1575400586897198
1.001228935278639
0.8814648286889797
1.0174789205659849
0.9602851519103404
0.870807898283394
0.9663937106507263
0.8678966970827474
0.9730716458982853
0.9413086349484912
0.8298625249838072
0.8964593765079577
0.8543313510382671
0.8897668309901017
0.7840605003470875
0.8098468222396129
0.910281316411222
0.8777051814649046
0.8051050648249304
0.8663195478067373
0.8036184431552277
0.8244137787758373
0.8474438845191314
0.8574815750149419
0.927130605525865
0.9072009027278064
0.838974861125319
0.8740640182139461
0.909592654557205
0.8677578861683299
0.7332232977209749
0.8725584058540403
0.9514923717484287
0.9177741516011593
0.8923513254838146
0.9400727005802907
0.9338414218518823
0.9330248585834977
0.9561471720304953
0.9045397273954774
0.9761068230064526
0.916399524922588
1.0694345751452412
0.9456161631395874
0.9997890148907083
1.0158524888511802
0.894721873585322
1.0082421245265727
0.8962511851808184
1.0052898786518054
0.9712732944026159
0.8870165145292671
0.9511358168609816
0.8160480383697968
0.8464522525743969
0.8001006700196415
0.7584517238150681
0.8867274405178043
0.9654151610474411
0.8640276853787424
0.8661779648829709
0.8200881723130549
0.8939443522836656
0.8286047409680701
0.8012687713020245
0.8297422660684856
0.9205142356204629
0.8618230477289414
0.9377590732336266
0.9363476584070246
0.9054369124371668
0.9236174551484293
0.8635211773212644
0.7503319575478089
0.9096637823037573
0.945237167715186
0.8741021194570471
0.9495270724525819
1.0782012039509261
0.9369570541690829
0.9301404919396465
0.8942853829405111
0.9769248557373512
0.9166828536432312
1.172158063993076
1.0443722017576453
0.9197695775551349
1.028080969821752
1.0237114389695672
0.8798587545402394
1.0323299267240245
0.8956259396512269
0.964510943536254
0.9652463122826349
0.9063045527803595
0.9500148765427223
0.889661644024389
0.7900956818642212
0.8083436057675845
0.8190637206992885
0.8825003943462038
0.8486321495789552
0.8228190838104389
0.8466416261252313
0.8490066385555617
0.8128678579255935
0.8177319109087323
0.8544850640890816
0.9030352967966042
0.8577591470498166
0.9292627766608781
0.9315533624942781
0.8681545654078471
0.7755056120517935
0.9271990810523405
0.901518407033708
0.9274910521170607
0.9193848134153682
1.0763392564283667
0.9408561816907627
0.9409875453437738
0.9002958526263718
0.9912605727985511
0.9128740203650603
1.185945407402146
1.073996036444509
0.9363031031996172
1.0010214724514233
1.0102839646012174
0.8902881947707928
1.0388028102620828
0.8992571584826945
1.0193593130396779
0.9646022366698817
0.8843711221115736
0.9667926187959437
0.7999309287326748
0.7702694318397767
0.8674253319725866
0.9603159149336
0.8173801667028251
0.8694205654146728
0.8308342322646846
0.8951624812877168
0.8113864800025585
0.7908358560945367
0.8363956904679608
0.8173281152965798
0.9197259490027652
0.8856226439249398
0.9351559012923127
0.920927775901191
0.914304823214886
0.8698841646621253
0.7712186545761242
0.9005707687161845
0.9461279084897525
0.9298046617925081
0.9009320434647587
0.9338328034348813
0.9523597877713077
1.085872679796228
0.9494392683356818
0.9281360269113281
0.8972615576439865
0.9805413810692415
0.9217047516511732
1.217899106700483
1.0742921450252556
0.9346877963969967
1.0387047654982684
1.0246260050343412
1.029646452934701
0.9037121488490917
1.0048152145190925
0.9731048444298303
0.9117493749225924
