0.28873741599983493
0.2879904795467431
0.27917070425955615
0.28754812417219716
0.30997101957533624
0.3121874803573233
0.30644785924908613
0.2639567717441302
0.30569026000330246
0.30844599056011734
0.3470772623863484
0.3081964119541434
0.3311682699998918
0.2851577095985171
0.34083189254006585
0.29336740841298437
0.32994035439527675
0.2995337569890488
0.327905836596375
0.33334787357777373
0.3248121319538104
0.3309548657160387
0.28116701351151324
0.286068403807547
0.32248419266992856
0.3581102380268847
0.3198175726755607
0.26425591269792903
0.32366754872900416
0.3385555872881753
0.3061926486469094
0.315838613782675
0.2509453802245783
0.3147198305748674
0.30049456968970956
0.23921431123908066
0.2800465736725355
0.32843756377499994
0.25229830101025363
0.34550300041262616
0.31585435164339226
