0.43696904226944994
0.42572805984053685
0.43972562433237355
0.4210210828735367
0.4426505636674276
0.3959188966130168
0.381564557115472
0.4138653435586457
0.42612768846181825
0.4294443939839878
0.3885670101102242
0.3790568178237558
0.42484987926869644
0.4023164814575253
0.40171773314851683
0.3514006706600427
0.39522321074006905
0.43904664808329563
0.39097255760332067
0.4549650819024744
0.3907946774224502
0.40840334128130673
0.3970138241422575
0.433037354098122
0.40995138418361915
0.4377741316849494
0.42518622134778317
0.37605436359384237
0.3951537393323773
0.3774471350476535
0.4355447189677736
0.3879421452638182
0.5489544175275061
0.42393021834444
0.4117634675192998
0.41891828411499543
0.34421775239171076
0.4311654394532112
0.4109896435130295
0.38160895183294996
0.44464208469007793
0.40454279168002827
0.42556828847625955
0.4269568833671282
0.42797194664674715
0.42141612271961715
0.45941736635291086
0.42114852044714957
0.41443610233298533
0.37146058047621733
0.41435765295297167
0.4101345903134136
0.3702841620040543
0.37366015133312913
0.46261623683857056
0.4402354031396285
0.4226822300540909
0.3377485922164609
0.37858385316384907
0.4570484313678317
0.3779438773230694
0.4049993775319228
0.38317939698960857
0.3799087961753895
0.3672832839687791
0.4567090838832622
0.40471838152166273
0.43865699883174836
0.4840992687353862
0.3948085992695668
0.4625563069254719
0.3952961824120868
0.41748242714479844
0.3954061553712799
0.4130611633244787
0.4354071324688525
0.3951267706748657
0.40215548654003114
0.3746612276084744
0.4390997041732511
0.38283349506039666
0.4378546091157616
0.42438885068581056
0.43761581410890676
0.3921115226718987
0.3772804071190476
0.4451668413255446
0.39992648422652466
0.38026857800813657
0.39415409425854253
0.4240280960744406
0.4118851883150214
0.4197065552769651
0.395662212232617
0.39199855294980096
0.44505377355481657
0.4096874871944841
0.39772431113801526
0.3796667951202234
0.5027696121743631
0.41738809833637336
0.4005925305925289
0.44899769779875887
0.41914212018035435
0.3937640279756251
0.3984797272966613
0.39138153448489815
0.38406217760277345
0.39682962625954943
0.44159872795508465
0.376451973626545
0.4414810770358838
0.44895612643554095
0.4443933471200322
0.43214238895193036
0.39967877505932325
0.3845198867655268
0.32495542581150766
0.42545962798600034
0.40783339944410246
0.43903164382494503
0.46605302472532195
0.39923691994248184
0.37422664618388335
0.39097561920656726
0.40673108973164157
0.3854192421102427
0.449531046857574
0.33091001994562963
0.429656023785614
0.46392983877265176
0.4058073169660129
0.40847482258255285
0.3915337611674128
0.5412934448326309
0.42631141683887974
0.4723207545411514
0.4326396377461737
0.40710304780843876
0.4588730621470942
0.399791701351538
0.45521906292974207
0.3903906497350687
0.3804871877159025
0.4030505123816597
0.4280583918296095
0.3917269729226929
0.341402123560167
0.4173024451732025
0.4368679524333236
0.3598697365854666
0.4459016039982926
0.38441698332283186
0.3907664273085417
0.406261614549695
0.36780073585711814
0.38867863677785847
0.41529972703422446
0.3455580516576741
0.3724321554571204
0.42255246014775893
0.40375697988633674
0.4032790439794957
0.3736395449555643
0.4118813629770206
0.4193912526337492
0.41360636420511476
0.3989689059545838
0.41671675486017595
0.390487962135491
0.38640225573134224
0.3526044485496336
0.3841571726133476
0.43342519406501595
0.3895083718310458
0.47021346910854334
0.4667813809160648
0.3788267002325929
0.40657732454212747
0.4195125207189052
0.4211356926665441
0.4453841035955699
0.4050047830676575
0.4012032503730074
0.34458815641973617
0.4302841839789008
0.3931015069182449
0.38406090067198234
0.40229688466169977
0.391388696541943
0.3833964902291042
0.41210953634973757
0.4268539060579408
0.3814123592157466
0.37054210457864223
0.37782385392420403
0.42271715160286527
0.4194767442283809
0.4167593474149301
0.36796416383830216
0.3910983738279925
0.42730763458868143
0.42786769798480245
0.41707137639893643
0.39763557905643204
0.4201050781552331
0.36781567879114924
