0.20370911079589613
0.2080756545878046
0.22738718325457566
0.22098143462766076
0.23198800317319174
0.211373255515437
0.2325729232856483
0.2063392109564138
0.23252238810046158
0.21134955330621233
0.2135051200746306
0.2200970057516605
0.20855738890121886
0.22147378113638058
0.2326019355011549
0.21687249911108283
0.22359480929980866
0.2164860503864864
0.2253320082315015
0.21624665849012312
0.22590565360035786
0.21711839585146314
0.21410119159140933
0.22036931754601205
0.21815830262088134
0.2278032431110522
0.21841429653108888
0.21043979747906344
0.20191195498603814
0.2456374014644489
0.20299668949154862
0.21265401225958921
0.2082021683297312
0.21376189539140875
0.23052818192222524
0.2188235368012544
0.21340868696080742
0.2405055268663967
0.2037131525106888
0.22046760608940094
0.23409481033736404
0.21634597309403947
0.21771497179985927
0.22289535770818864
0.2026401467194811
0.21883762870434004
0.22005029425909065
0.2180403777763767
0.20994882159847267
0.2125117635292448
0.21867623096174185
0.2203382111437877
0.23389650222569605
0.24657689277473463
0.22178454061425987
0.2109094002129217
0.22273868653064607
0.22129766846166626
0.22512458715666547
0.22244846587334408
0.20230011276772966
0.2359888856710519
0.22952333520177964
0.19599884327824035
0.20057892637464872
0.22233972275279085
0.21925902417837823
0.24075443189928436
0.23655502722132574
0.2209417540509874
0.2381148700088564
0.20583015269893845
0.21626806422667783
0.22279537203651276
0.22038849527074678
0.2444012106072583
0.21166495243239627
0.21851692847558649
0.2125364092715977
0.2229348066556453
0.2194029989415564
0.23467059794174724
0.21622104453576071
0.20740588837915386
0.22206043233572917
0.21434276300430785
0.2356862096400026
0.20115122792196616
0.24130564150603168
0.21626018454594562
0.22358244945554243
0.22436908655360369
0.2295430783713927
0.21247228374929586
0.20309836962653025
0.22846847412100546
0.230296648152754
0.22011872721573722
0.21708759133019442
0.2038768511192344
0.2142923597420221
0.23694837360996637
0.2213656192304267
0.2297119298516952
0.22984172615712267
0.24085654325169895
0.22107284745486316
0.22962935155627692
0.22472372184684836
0.21380714065398818
0.21016055379117762
0.22738956246505282
0.22736336614760533
0.20411244455319755
0.22345207988600263
0.22792621798610074
0.22630532387330868
0.22079996068304017
0.20894492827272454
0.2148295196899428
0.21804625128858354
0.22311152973281428
0.22132561772275947
0.21617333881658948
0.22418237953463993
0.2148420879571543
0.21910490426116014
0.22247229572959995
0.22766126752852567
0.2202017117120134
0.21024362662960025
0.20997815813356588
0.204322682214747
0.2384477892544727
0.22635058706449335
0.2038633933597271
0.2128606523672561
0.21473384118828184
0.2098309869735909
0.21964297740152272
0.22285620584085652
0.23902745540089584
0.23017180651562621
0.21607517102459012
0.22619386790690935
0.23653084003266506
0.21955351907732398
0.23983521058593812
0.21534264614293466
0.2184593135303551
0.20834484371729875
0.21380197217494895
0.22794099279150895
0.22408600995793784
0.22668274136350508
0.21601084475775978
0.21246833659825037
0.23465593679688268
0.21166614730874816
0.21994877293972526
0.21834839478459186
0.21417390209141277
0.2342271198760084
0.22903660015183192
0.2169943317398488
0.21397118276822166
0.20913268362483775
0.2153683080533714
0.20707586504813563
0.22626741352559296
0.24088986986979866
0.2129097053879644
0.20299853246357796
0.20936089864415885
0.21480961828535397
0.22719442925720468
0.2266601440241615
0.21548726639622195
0.23635615630305756
0.20682079906303333
0.20916830757071386
0.200332853222338
0.22231737391401654
0.2083205239151947
0.22787495861956966
0.2157146664057585
0.20470824020727701
0.2108377280255651
0.21408508520846828
0.2224227435075411
0.22796536223521893
0.20017866512172286
0.2262819475096637
0.20520200755698134
0.22467366613920176
0.23025805163522362
0.2190486126167563
0.21795239542564174
0.22158923972674535
0.2356332789007275
0.22220445753937712
0.20262540616972252
0.23105867166988095
0.22527386855890097
0.19621579302678183
0.2094942376623455
0.20640552853651373
0.23925897530916787
0.2182838485825125
0.21875338323674776
0.22932620421571867
0.22118424009950727
0.219992844018594
0.2090262804582879
0.2065493863719495
0.22484752424824844
0.2198266394411743
0.21916387924771513
0.21626403707225883
0.20794261960094754
0.21167181930161277
0.23453487154184482
0.2218769754708613
0.2170063089864878
0.22149070716383837
0.2057919033884228
0.22387236281517378
0.20173962108426025
0.22191895312657578
0.22704000609350203
0.21693190790591443
0.21838079718022121
0.21422226554278473
0.2241139623807254
0.23156347212601527
0.2214749750638028
0.21113115212851333
0.2189807858259941
0.205347450559366
0.23109961987810446
0.22650951012891968
0.20222790496871956
0.22953709302769368
