1.5020241173406776
1.4300545928437645
1.449176179573559
1.4537200230373881
1.3908494151651776
1.368763482480016
1.46646945596909
1.535099914910253
1.4513491969981827
1.520297312625657
1.439892487624595
1.407756763419493
1.4537808743661598
1.422798708464898
1.3733599657964033
1.298779014113905
1.5219110439185255
1.2922907839735722
1.3800342314266476
1.5699337882445263
1.3624576185566941
1.3826021049438566
1.444775040319546
1.4266190433045827
1.4837202034457417
1.2941943119042745
1.3731929471041462
1.5500197135567493
