0.21805891907190217
0.23282813138233138
0.2363765942959909
0.2391528072512114
0.20654043723841187
0.22488923619867246
0.22985620285083055
0.23388784610190033
0.2216587278672529
0.22398718193802203
0.22024427852573353
0.22652745156350085
0.21488679814121042
0.22206558521187433
0.22828498551406493
0.24496554622024033
0.22930368397311368
0.21829225276346123
0.2143101890664216
0.23278900490762944
0.2289006215108132
0.23243990451873964
0.21816959319372106
0.2173272928419438
0.24871462446331793
0.2511631811975925
0.21463378182570658
0.21199705765193683
0.2035613156506029
0.2213904168543913
0.2201333329528669
0.23838971789103758
0.21683724113024366
0.2297677573659906
0.22817893959093757
0.23660010393662834
0.23357196233707128
0.2221928902092114
0.22727128577641798
0.2302388857571911
0.22984544876327667
0.2057350911058565
0.23663647531308776
0.2188493009429951
0.23177993897887483
0.2452595561026753
0.22962947283505464
0.22234292433322678
0.23277881064535977
0.22958874003468874
0.22376916311981868
0.2223037061939112
0.208513728644224
0.2481886704803885
0.2510562795793423
0.21347213948537488
0.2097194691697188
0.19983986025054307
0.22163058463150537
0.22005239835723273
0.23248884130605518
0.23597934576963897
0.23875061347835086
0.21179846653934511
0.21853816261235998
0.23051457411903398
0.2340471734296088
0.2318321929184392
0.2315396663111141
0.22223780767702575
0.2227938947036274
0.2220389592602358
0.22828822973931023
0.20457972055927126
0.2338622315235745
0.24494460521682537
0.22977088789619973
0.22064646513237615
0.23312528033310242
0.22744864060012138
0.20946654995014796
0.2487153004374753
0.250840428102432
0.21448056051251868
0.21535822385579345
0.20218254983150025
0.22343656158016362
0.22066670957914697
0.23273645778268456
0.23538548635929687
0.2384105215547593
0.2100957264194564
0.219134397821589
0.23185228981090372
0.2333932111436765
0.2332856466756731
0.23323085077445996
0.22298479437212115
0.22556127956767702
0.22046983084597607
0.22794430252771897
0.23047964249665487
0.23402998625188634
0.21882603683254445
0.22818489479063717
0.2458156464931342
0.23016765286975316
0.21980129170669888
0.21347371846431565
0.23020781604904522
0.23045760566259854
0.22357609186971877
0.21939648034103876
0.25094479389381036
0.21614629402245705
0.21314548470332628
0.2012943994580964
0.22415139876113377
0.22891099063047213
0.23931511567699482
0.2143723475638467
0.21730110740142083
0.23159853618498638
0.23498045767551268
0.23166388515183292
0.2222962044611812
0.22685777506110008
0.23106373379623507
0.20847469830038357
0.23551342770794542
0.2245130808211701
0.23345081487012764
0.24858497595534412
0.23803445045832589
0.21912946084131163
0.21428494414702196
0.2347644812552733
0.23271598734633764
0.23740403333285168
0.22402461948312447
0.20785517427119382
0.25198274437037144
0.25407116983806366
0.20708714745056928
0.2130003405710154
0.2066976677512182
0.23208685513866517
0.23511839576672627
0.23063510047659855
0.24087827065525702
0.218901252356145
0.2200144154731084
0.23096905234458268
0.23548583112558047
0.23897941743674422
0.22600954797279635
0.22445794312051498
0.22413750105992836
0.23131075528092038
0.2290981125804469
0.2176850569300622
0.23612868222340028
0.2266860174767844
0.23785371946348877
0.24640364028510792
0.2248253340956014
0.2251424770487244
0.21830350479473937
0.24015701632239386
0.2309906167313115
0.2338838365820461
0.22899185682038264
0.22241484741182393
0.25069366566656365
0.2528041267987548
0.22153124821426634
0.20983802104210242
0.2038600673099718
0.2231717163248201
0.22507043738242638
0.2378386885570975
0.2382520035872498
0.2421177506092682
0.21418621188168166
0.21387879001440224
0.22940751943049015
0.23192427212131078
0.23355975242975507
0.23197292759413132
0.226719738729999
0.224857012027361
0.22410616751312107
0.2312661777456122
0.22403153967447204
0.21946918986523586
0.23962854820894125
0.22702487467858057
0.23364586268975396
0.24697686578517464
0.2277354521893544
0.22101145750556372
0.21635853890278764
0.23654164549455264
0.23442836149903468
0.22968002261899426
0.22585262047985313
0.251348157477219
0.25145872709533607
0.20555995450116604
0.2063432734832434
0.23034894534660846
0.22943597997822623
0.23735595611161103
0.22999648916232457
0.24305438099494164
0.2194973668031347
0.22042808154538637
0.22654975714500125
0.22790651887994628
0.2351291156482115
0.23931059123439885
0.22998637474370465
0.22498452853315798
0.22555426778091026
0.2293527319764592
0.22192004468998072
0.20871526113241237
0.23525464076765956
0.2246283186733305
0.23468910131996717
0.24650219892131325
0.2263136438726197
0.22136057411785384
0.21628032555129467
0.24063099320212838
0.2309387228533174
0.23963660506236
0.22436159071499956
0.22210296469623758
0.250901254349459
0.2514051572575989
0.22261911916143487
0.21658467548761567
