0.23795585534158106
0.23410990647984642
0.23773734940847194
0.24102118247295037
0.22659504261853738
0.24876782214871856
0.22291432326830488
0.24722186022405948
0.24446845075818205
0.24030373205316521
0.26323193967764247
0.2293999211073184
0.2367005535745274
0.2396331765189969
0.22866511559780514
0.2382984727191673
0.23448772611111104
0.23749128618518067
0.2321712348775219
0.22939762587036183
0.24291183825470844
0.24704252915524003
0.21487337788621405
0.22564872006999756
0.24065608433892832
0.23075342019469225
0.2547381967803777
0.22971805663527922
0.22685869183145602
0.23786749162161078
0.2598186882859342
0.2367633875636278
0.24136308966186204
0.22530868634248052
0.23024742097105205
0.23713853111410083
0.2526805494452573
0.22688635336866092
0.2365447703790722
0.23453965988141476
0.23515245685999916
0.2446260382393178
0.26187226713640677
0.23983720755132207
0.24866115102556213
0.2542930813231528
0.24287109375233576
0.25357956919264457
0.2497562058160942
0.23387880682000356
0.2522580114557513
0.23236984636607894
0.22353149848032697
0.2477806629843194
0.22908085867530248
0.24657941383034898
0.234090584494845
0.25090772883478996
0.23700966549483643
0.2517784270755718
0.2394629344385473
0.244846173397251
0.2363638001664669
0.22303719126210902
0.24222197761021894
0.22344265956798573
0.26251813086337383
0.2372139942160026
0.22449670234034277
0.22561002239461891
0.2511910018494933
0.22558478302705895
0.2399893811077667
0.2532642178084151
0.23449588404902375
0.22416033888114903
0.24822516804036118
0.23438434816366707
0.2566576900279604
0.2535588931596665
0.24138392780657697
0.25327304605272666
0.24679009788723053
0.23777977712571743
0.2395139336549933
0.22367543090782088
0.2429475759131428
0.23161258392802486
0.2361896892313548
0.24699270739560705
0.24199737029695834
0.24607539474239182
0.22682568300880177
0.23609705163570466
0.2354115934745193
0.2585051745107947
0.24260223688162802
0.25176933284425557
0.26375175172013404
0.2433718856079965
0.2680317753798232
0.24417488595663064
0.2519015752676843
0.24796173683380954
0.25162575384326497
0.23866017503666237
0.239931874046743
0.2529337041781755
0.24979264683602
0.23160847484428018
0.23646347984683974
0.23470975126617658
0.23835573592847345
0.232099996794849
0.23247956795092492
0.25120131117047
0.22086803070600328
0.23482729338562774
0.23144405317390299
0.23202653190841002
0.24067918795480175
0.23291602642872994
0.26325538525124337
0.2683709436991154
0.24159698990881956
0.246973543518211
0.24606106817205992
0.24563966761912745
0.236026978531344
0.24072700710237635
0.23967623609607244
0.22213356802972287
0.24207018194640179
0.23893671455728055
0.2599117983312567
0.23106116039648505
0.23846538030486908
0.24964722331011374
0.24265626246052902
0.23513918675563517
0.23088014405266166
0.2523367659977702
0.24331533853347337
0.2514812719984994
0.24158594573611453
0.232678253146332
0.24760294723207008
0.24369213195691028
0.24347601370317423
0.24934693142269526
0.23910743401189993
0.2335067262579428
0.24338037435566273
0.2310308185044871
0.2334900348909283
0.2339208656262689
0.22974324901591942
0.2344649551205957
0.24041021795416304
0.24034520452192004
0.239856970357715
0.2366617337228988
0.23122318350817486
0.2577968300656423
0.2336958326552217
0.24611307434080015
0.2258488220748175
0.24866229482980812
0.23307517000814262
0.24464250515997854
0.2585412245545177
0.2560734074974575
0.24002097997395763
0.2294399606927182
0.229429876103093
0.24104892688790422
0.25673573559583424
0.23770144961789008
0.23590506509046963
0.23499107997849747
0.24181958478138826
0.22703192981758397
0.23924063404398768
0.25708919978482364
0.2418176459319279
0.237498301761758
0.2334689383921731
0.24171224694616783
0.2477298103769591
0.2365394062258432
0.2381848882658026
0.24222813070548962
0.24482459987812774
0.23390957153250774
0.2200146741605233
0.233304001795003
0.24776833446932026
0.24985417954412725
0.2386785464336475
0.2442217178596973
0.23180761063361435
0.23460500335863455
0.22351866803478862
0.24459318037771197
0.2358980039947346
0.23738063237119603
0.2573941143904364
0.25277489035068734
0.24827250437422616
0.23734474924783588
0.24290197930365887
0.2400044648932364
0.22879587551437489
0.24175691137552024
0.22341585206512532
0.2358045866482826
0.2252369835716691
0.22865593301108966
0.23641774567635626
0.2457409763163909
0.2371946850440807
0.24042450509805927
0.2417719744828586
0.23939602815184785
0.24238448113849065
0.2468341875542805
0.26585780116139973
0.23513691146057436
0.23680264153587222
0.23134240532556458
0.23277313191624804
0.2803233770831947
0.245541484591013
0.24102200415108616
0.247722057515017
0.26159859068152636
0.23862355538985972
0.22699449390766885
0.2260235191494631
0.24404038269874834
0.23526567034914572
0.2397513168639576
0.2405039845933636
