0.29683867353524107
0.27272849964071466
0.31373417296635125
0.28495143044963644
0.2977189157901699
0.3441323590051097
0.3255216754944925
0.2965183393523504
0.31689469323768393
0.35582187341356053
0.31537419821886753
0.2754682589402574
0.4000742319280175
0.3404107530053202
0.38987447989136914
0.37360949883094763
0.3139152541706999
0.3737873763338371
0.34551736483865414
0.43319774115816273
0.3423093964923001
0.38957440440611574
0.3614209092002892
0.2957964950509256
0.28996669058344554
0.3331983448671981
0.36926626880251673
0.3067110900497828
0.2988189319896018
0.32623875831480736
0.37228688263592374
0.2960376930559303
0.31133845975011193
0.2821451501456705
0.34830733229559074
0.25810596520282475
0.2800026182478897
0.4095759421269084
0.24228707944485595
0.3416045394290469
0.33005829569429146
