0.3542023887612641
0.3976291040719365
0.41030954407095127
0.36466650987794746
0.3373424399381164
0.3226115546222173
0.29220610885498105
0.370648052181501
0.2696599599693393
0.3485642998665794
0.3067606471455647
0.27740357941851834
0.3166744439524095
0.2938340948474468
0.3365786181986951
0.258791756061354
0.31022317323108506
0.2926642105521262
0.38900762789717214
0.28924609971979137
0.3212996381946808
0.3424366190637025
0.32070093520591136
0.33837855936481
0.32710652389879535
0.31472968669028434
0.3462808171201856
0.36274635189221405
0.37997304751716643
0.34725674441519644
0.33993732987075326
0.39987226258354325
0.4251636273645583
0.34021005292463197
0.31090706195774753
0.33284896556790494
0.3016340986357699
0.3848683462084086
0.35345849565945386
0.31388531581196105
0.3708930850108003
0.29788365187605537
0.40627151115638116
0.3673511434155915
0.3059109837040326
0.3380859130418106
0.4246562867625168
0.4258689228578007
0.36004319935532103
0.3135122465943981
0.27278410639755624
0.31628011451391824
0.33239487062648476
0.355613194119734
0.3239027288452051
0.2829282841592381
0.3376507440545494
0.3593125134833577
0.3164372488345011
0.41517951330259856
0.41192803701172054
0.3189812074135476
0.3774012679104068
0.33950571975801364
0.3502293425508811
0.31727465214226397
0.3193090056447251
0.30766537055771404
0.388685063526375
0.3453560865817264
0.3563195737746754
0.4012632325904746
0.329165019082593
0.3529812971565977
0.32214085054286895
0.4105073910931011
0.35815030611828674
0.35914003021796176
0.4053167265213024
0.30376485677941545
0.30603588627905254
0.30805417493438014
0.36636912482870754
0.3456594851886044
0.34206647598427475
0.3581963093799407
0.3329777557435713
0.3576665395146971
0.2975614961760621
0.39829195356264335
0.31527881673960295
0.3365962576356753
0.39320267880877807
0.2571869827433902
0.3535685659092117
0.4311805161084161
0.36169569785492167
0.4087902691634048
0.32975810068183165
0.29662410733487876
0.39526511689886923
0.3445590982991823
0.3769501848060628
0.37006432385874094
0.2906172766504269
0.3149734625747366
0.32515164036656696
0.29086593227648283
0.34609544641757145
0.407415635189333
0.36573446755706707
0.30649087774259964
0.36248934488821083
0.2930784591167914
0.33666466825361935
0.41415288271705086
0.34153764141831877
0.28025607938819275
0.3907273133482462
0.29770725761524763
0.33031854742646294
0.4457913871900083
0.40435451844444065
0.32821668970291196
0.393074115402671
0.31837947618799883
0.28343996519203996
0.28553748805389245
0.40014323561069043
0.33990386943652684
0.29722116503363083
0.4522617974704787
0.3237000474679741
0.3888065727364104
0.32887056446602664
0.426239347695927
0.3963201769884564
0.2707487717041535
0.3042815468190584
0.3288274385120888
0.2968971983199421
0.3497942503325354
0.37168525093191057
0.3243077042557746
0.36703589628675115
0.3491859075275583
0.30534505034237247
0.2574275936807939
0.3516763594281729
0.41937257086213464
0.3297261919067886
0.3573111532787093
0.3389248401842936
0.3709332002319584
0.31374839207879346
0.30253182512369164
0.3379718730044434
0.3954541065025113
0.3235324380197555
0.3254391995413116
0.33182655311276593
0.33970623887269946
0.36853448433842484
0.342498894494203
0.33289681393759224
0.33329558230576795
0.37514513778048403
0.365686412465578
0.35801355218638836
0.36453554317742604
0.35875604831820096
0.34558721490168465
0.3690627816667078
0.37844446633435835
0.28781303697002875
0.31196241822570103
0.3409539089115364
0.3017734264361756
0.3360685479444583
0.4030222319821771
0.3371534977073367
0.35494362620565434
0.3203239399220702
0.30836373190893906
0.3211883543272184
0.25439069246570994
0.3623030470184999
0.3305794886961818
0.3850618452505392
0.31606571994341803
0.27161728321803197
0.3410061797849783
0.3307707794609167
0.3948189216439491
0.38276458211215314
0.376302099046397
0.397875756086168
0.2873596955364798
0.30136441452227736
0.35204537957158066
0.354965992099754
0.3017012674409013
0.3772506502716361
0.36779745122630353
0.33772156775110723
0.32604162208764687
0.33182382215729544
0.35291827482565574
0.34828748922881814
0.27746483543192163
0.30378818755058057
0.3691272553643655
0.31243679999832286
0.3354916230205751
0.44738134320587614
0.3568642615063305
0.46295977368357455
0.3102697417563677
0.3583084182821749
0.40066423102239435
0.42050546602772865
0.36934978212250397
0.32597396683106533
0.3468710996581216
0.3176070282947938
0.3480084822004575
0.3846968676189105
0.3347389704597634
0.3703893058520302
0.37883948457570094
0.344594160258301
0.40256541550434893
0.35229220529134003
0.29765955173880565
0.34299257206441836
0.3178920203822816
0.33049221335582857
0.37402157845758954
0.27965696763140513
0.4023753436333818
0.33271095172428666
0.338479497918191
0.32889148174132427
0.2868101955261689
0.3738698683370951
0.2772892737198759
0.31967452360434323
0.39207980293570965
0.24277318931319744
0.3407628800288564
0.31005433667148763
0.3707501370614993
0.3995852018942204
0.2811637448126536
0.36661944974784577
0.27920475690426866
0.33297686952786
0.29274685736446493
0.3553265622448507
0.3254744335374453
0.3523425949780079
0.35605877974458544
0.2612595227311194
0.332879634632231
0.36193813998449914
0.305875603071067
0.34251020110169317
0.3381899695432671
0.2660522249167497
0.32419871131322864
0.3018401876592627
0.38527488435474866
0.33982900753470385
0.4642644074413832
0.3763524297812505
0.2742442879489203
0.30658092095278466
0.31990190857081846
0.3078133768175616
0.3752855972061354
0.31660442001886147
0.3344139895408439
0.320082424852893
0.3803990759576835
0.3036337804250965
0.3734031412589668
0.43476188393533965
0.32486030836585145
0.31490863974532896
0.43331956637434355
0.37048561482899256
0.35226937217957965
0.3905351376327041
0.309047937431221
0.4025725615043815
0.34738141802187755
