0.28841196974034583
0.29191293687742337
0.2935523976819967
0.26712183583865284
0.261908470977932
0.2932870049065452
0.2960623507293358
0.2897665031192849
0.28739173682347896
0.28740413522451747
0.2879437126434678
0.28827098562680137
0.28758365911184763
0.29335213976799257
0.2694971225146777
0.2951772802891946
0.30578486658985576
0.2958246342240478
0.2686249178381781
0.28909058258686754
0.29028045453091417
0.2884410699352038
0.26772031414699726
0.2708469923647642
0.30660038632169245
0.2689867687499964
0.2688802677876866
0.26721398158123666
0.288031037058285
0.2882858042069648
0.2917842522361039
0.293847802432348
0.2933678158481539
0.2671407006138964
0.26222901158298284
0.28909695593770524
0.29338966433307134
0.29576451491513284
0.2896224136178613
0.28760591230356286
0.28740107915754565
0.2881049510162109
0.28826831715548557
0.287633526565069
0.28566732933011985
0.29329405062390024
0.2694094927000202
0.29526382147284014
0.30564347682338816
0.29564284908453076
0.28390075899199635
0.2657272304418124
0.28894718593316737
0.2904742328194316
0.2882543190015639
0.2679562355014172
0.2868474589038323
0.3051279786755412
0.30637845458145285
0.2844979124999937
0.2686719044972599
0.28799327524017165
0.28873114239165637
0.29180361935216803
0.2939059871925258
0.2933922323422834
0.26720741616741417
0.26246295093098604
0.2942166294785243
0.29333510472847496
0.29601715381541505
0.28967972815907667
0.2875212736939674
0.2871051044821621
0.28786127561489316
0.2883925757561424
0.2877777330722487
0.2854627569520817
0.2984685090434365
0.26948436495218947
0.295951998184623
0.26859176492274056
0.28180152792506313
0.289211996393091
0.2902897851830478
0.28837891155115913
0.2675232376620759
0.27076034038109986
0.30506196005185
0.30657324590946067
0.2847627
0.2687165070484624
0.2670400107758522
0.28794541670656154
0.2917557323802641
0.2938016829653499
0.2673996448947567
0.2622653574768547
0.29399669074295
0.29318019774209836
0.2958337837682414
0.28960902610275463
0.2874492137811633
0.2872805268494548
0.2879495963843175
0.28854027335672533
0.2852834626130918
0.26933634893153907
0.2898013136808988
0.30554015530019996
0.2957444917735377
0.2682371993106834
0.26597449189161854
0.2890194752561674
0.2905295987742399
0.28810436975319714
0.26788110028531253
0.28665802164127424
0.3050056934704214
0.30649541671003844
0.284554725
0.269077174367936
0.26678364216020695
0.2881272852628342
0.2900116071370632
0.29539091238569437
0.2955487956643086
0.2688819099171518
0.2799232786689577
0.29631468075531364
0.295590788858129
0.2978943447972589
0.29086482647631057
0.2894096729962549
0.28888495170460354
0.2901210747540111
0.290197495221737
0.2893311824774689
0.28726688392341526
0.2949859087417438
0.27175585080348924
0.29828286289296174
0.3068397307733838
0.2977198053827879
0.28359205688767786
0.29146244896099016
0.2922207449966108
0.2905138740464063
0.2699716238979778
0.2877795844106098
0.30684638107051193
0.3080766043340405
0.2857060437499902
0.26984641834025447
0.26404127318170373
0.289748081330384
0.2903425924861782
0.29334474290772133
0.29521405525060046
0.29551685200742767
0.2696698587027445
0.27925510766636835
0.2948835355850359
0.29801173727459807
0.29629190763572544
0.2884914611787697
0.28948544174503327
0.2897706968040963
0.2887262491503177
0.2865623304572515
0.2871234735213393
0.29130151118291353
0.30707381931756283
0.2974175440525346
0.2850230106897244
0.28376117314701366
0.29079884866217953
0.29223549427039974
0.2898197797566703
0.28838597465605287
0.30641973961332014
0.30790331324437814
0.2859944562499809
0.28494747430232825
0.28987066168725234
0.28987921095470004
0.2937733240912621
0.2952890149792486
0.268119092612914
0.26448973326714253
0.29100532296692605
0.2904117550968257
0.2923740258811395
0.29050315163329643
0.2893000422187327
0.2885980215444895
0.2905628377555632
0.29006967190861954
0.28738286515695893
0.2950575632060179
0.2719665904812442
0.2983237790863646
0.30669134429429734
0.2974750530316382
0.2848200991803577
0.28376082376457057
0.29152802743971995
0.29183290242265886
0.2906430221200795
0.2705181988035715
0.28695665357966577
0.3067901248858848
0.3076509401604324
0.2854465249999985
0.2869041137737231
0.2894859037952034
0.29012003064244146
0.2929078953979905
0.2949752861620973
0.2699707600739585
0.2631117945058052
0.28987288861648797
0.2943684782786345
0.2905841320691501
0.2907733373437575
0.2881960688568032
0.28875125234633936
0.28975611388770367
0.2878017285025939
0.28631048203470966
0.2928705735277828
0.27092683068270346
0.2903304922543478
0.29663467234015384
0.2848776851709292
0.2827774339090064
0.2899206560057071
0.268608010870056
0.30578072612110785
0.3072617421799734
0.2854964437499995
0.26977757005339575
0.27117603387512734
