0.2692141486737518
0.2880719399712107
0.2906630900167185
0.2907655904279052
0.24375307536025367
0.26080397202686695
0.2698923189803947
0.2852792704113043
0.2684601988478617
0.2689904863220124
0.2686013604205157
0.2857866136523579
0.26883904363408234
0.26807156024697376
0.27180991013042977
0.2957618781320779
0.2860408038760096
0.2681527992956878
0.26428088868792504
0.2868722371274156
0.2869085039418301
0.286650912573011
0.265624073859139
0.2676022134057899
0.296731069653488
0.29819800347203784
0.2675820999999984
0.24472050384933897
0.2435012827842769
0.26824500187685285
0.2688977236356968
0.29073002874248766
0.24379660907434575
0.26081936510534687
0.2696584809026012
0.28456405992935413
0.28526030517151646
0.26854555582963635
0.26891837757133796
0.2857367633702038
0.2685596173223278
0.2478429522022527
0.27504795779610364
0.26801898604889657
0.27191549100371265
0.2956557681381152
0.2859600064375913
0.26801348799294356
0.28700554266011513
0.28682378243763984
0.2710091118069496
0.26584975852087767
0.24646325009414938
0.29657528649469234
0.29814104031615485
0.26732383124999964
0.24461899583658617
0.24336270708774982
0.2683531087426773
0.2693290683966838
0.288008210925251
0.2905767927589219
0.2907149744169061
0.2437219109306357
0.2608371127171779
0.2700004047214188
0.28448063462253004
0.2881432382662168
0.2850568513697709
0.2684559820031927
0.268750190816317
0.26860230539998886
0.2685720984810039
0.24767766154569884
0.27481065121535664
0.2957315318075895
0.28601603389633545
0.2683286133343299
0.28717499837752186
0.27109652985406213
0.24653839069870928
0.296564499987419
0.2980729527624766
0.2675920749999984
0.26560669739188536
0.24321094988782307
0.2681557299559864
0.2690873907177149
0.2880741508527131
0.29065426327476845
0.29071573856952415
0.24375824787969835
0.26082287918312946
0.2698735282848196
0.2845377154013593
0.2878655147242897
0.28524138427914314
0.2684735318354265
0.26879361479666997
0.268717831632252
0.2858513607885937
0.26848752186626124
0.2748467852008267
0.26796838638195863
0.27193286845670744
0.2956289610264989
0.2859183731181289
0.2680011142716004
0.2643909441354394
0.2871438909915866
0.2870277136199677
0.2659481200548399
0.2673617205719351
0.29811060417118496
0.26737198749999996
0.2447711918400901
0.24310276140198256
0.2683206327613767
0.2865930288231341
0.2923082429293525
0.24548783393490967
0.2628301619320978
0.27191270103657134
0.2896094391167197
0.28636720205728
0.27007012117672374
0.27042431770496034
0.28783550834808386
0.24910636395075286
0.2768471062170129
0.27013576338769363
0.2749016914498622
0.2968951769925186
0.2877547045287071
0.26889474329964935
0.2664424870484327
0.2893984418689951
0.28881867279516105
0.2885523125538263
0.26794384730520127
0.2480027872641701
0.2982025675942311
0.2997195248154652
0.24743441249999845
0.24571884001578573
0.24525792826514958
0.28645693000094485
0.28966516611887205
0.27614040072530965
0.2925769803138904
0.2672465980022733
0.26219687346818926
0.270186768502477
0.2899546035836682
0.28674087984284574
0.2708012516409553
0.2697733445176967
0.2702205032385532
0.28747066707092833
0.26920006555020953
0.2697324834172017
0.27580975512814015
0.2698897035922839
0.28920127767797205
0.29724650898528515
0.2715133997109466
0.2690428981281992
0.2661711587230509
0.28847322359389205
0.2885642376073157
0.2879027674040003
0.267076983584784
0.2695703987933239
0.29766883561221047
0.2996612412873222
0.26854198749999825
0.24574636852793097
0.24484316698450126
0.2697523541701073
0.2710270274761339
0.2904160154915028
0.2921934225073395
0.29305559974105155
0.26620735926983097
0.2633781555251148
0.27207894122046017
0.2870696714299798
0.28995408204185835
0.28605644609844927
0.2701052998621367
0.270325745372606
0.2719423056467162
0.2878841889588668
0.26992497083176953
0.270280369929154
0.2768844305109096
0.27067199929412944
0.2753952446718189
0.2970108525646724
0.2720883699403845
0.2688392341977802
0.2667795043235175
0.2895971159940294
0.28899039867213083
0.2730841119664732
0.2686303567455088
0.29834137305010466
0.2994877682563978
0.24520638478923362
0.2459512002254985
0.2853324153339844
0.2867085920392985
0.2893969537247114
0.2757871439070035
0.2923856146770481
0.2680330298471578
0.2618980148245043
0.27121105008842894
0.27011111584802555
0.2902479328715023
0.28637011410235214
0.27152055051546575
0.2697454482435031
0.2701044995429869
0.28704382308164705
0.26858570767445605
0.24865045754671974
0.2744607215405229
0.26984726655090163
0.2883307008467285
0.2971007628714443
0.27119556422380675
0.2686547312402289
0.266056667638452
0.2880902139046956
0.28858055475754674
0.2874529145520123
0.26698852392732264
0.26959580656260324
0.29740156415267077
0.29931668645145626
0.26842385624999643
0.2456189463849128
