0.30308262976359346
0.2685290613932388
0.30156277216368077
0.29942518087185743
0.3087203259934435
0.29652958213565567
0.2623593290294771
0.3179025274521482
0.2855302602263317
0.28825050648215716
0.30420887900023014
0.2860605270676179
0.3143600479744314
0.2571150521473658
0.30124166746464887
0.24870392143697148
0.3007985719761106
0.26648942765694045
0.31753502646741605
0.2942014338606725
0.32083685901990416
0.32072156468726193
0.3099016093172425
0.32003769220393286
0.2800867292616047
0.31699294409108186
0.30122628668691076
0.3390593304450424
0.3674704301483488
0.32419972908957023
0.31729361512008214
0.33996644415495036
0.35715990279836596
0.3010786019062324
0.31377622475568523
0.3083904750269131
0.2972295596508318
0.31765398210602297
0.3159881948794735
0.26726080412002867
0.3484522523891342
0.30126185810494205
0.29960330270352087
0.31053411873602893
0.32298168465258814
0.31834322808335586
0.31271809055303995
0.3161387915349241
0.3386228556547257
0.30904100701839154
0.2635502174261012
0.31107911136646554
0.28742242565738296
0.3001875812626003
0.29837659796764615
0.29803888595379396
0.2799722078288006
0.32122565563535355
0.2989348260224079
0.2736578723286008
0.361898418625618
0.25845293239798706
0.34839546564912965
0.29824417929486735
0.3385217778149555
0.3498626070974184
0.32124182297690096
0.3039129852623298
0.3484219779450242
0.3083208732418034
0.32898279466631397
0.3221622791913401
0.2875995851688234
0.3038298582027543
0.33281207274037033
0.35689503989699556
0.3013027840020386
0.3170377547998235
0.35700663367185437
0.3017596721839693
0.3181650744293073
0.29886338383772004
0.31233695166082787
0.29865500006468265
0.2832774016239826
0.3673817598257662
0.28416790763156236
0.2961573243180151
0.2911971568100635
0.2771438977294529
0.3026427670192727
0.3001244188361307
0.3230633863334533
0.2876226808280762
0.3330390727014569
0.3162862882759871
0.3065027905582594
0.2960720018140438
0.31559007454423693
0.28486345648252437
0.30176419436785806
0.28992101293163447
0.308272126316987
0.29911542841709393
0.2805102407979781
0.3153824520411248
0.25470938429578616
0.2935275224707029
0.3041370287369336
0.3355567316517013
0.34857818011389496
0.28580347213096824
0.339686497079279
0.3023475960348099
0.31774490625386054
0.3064950886543145
0.27915173148813766
0.2854675467336288
0.28766626865050837
0.2999982532952948
0.3126098596784188
0.3637871957106379
0.3561878336992991
0.32227698516071285
0.36736534937610343
0.37389320740400633
0.29752090023092564
0.2895577649462978
0.3535380569430828
0.32451164046164044
0.2849666022787701
0.32330900865606205
0.30955257485651444
0.3473664386488142
0.3181302634395768
0.29146116096026736
0.29025975270808674
0.25485270756873163
0.325894083562618
0.30865957997127924
0.298368082001873
0.33272640218794136
0.34681728801980033
0.28942718744540125
0.27547437716492684
0.32633818627828565
0.29523897170820895
0.29257893631867815
0.3061327847452886
0.32727762023597573
0.29130900286997125
0.2843007655557163
0.3598539175432755
0.3031249423067277
0.27006910537162276
0.3025850213853564
0.3354975398831709
0.34144578877633935
0.31834000512707905
0.31187845427788974
0.2919279171337434
0.32668668134713075
0.2893256197095226
0.30366625876844766
0.3026036300733578
0.3332314721121419
0.3782526155981185
0.36249024262465446
0.33927004644319597
0.3145089221313745
0.3415487166155203
0.30085406798822734
0.3411413346199559
0.3483597398603134
0.30016974063932916
0.3502085484215973
0.3181379361551187
0.3079484449744959
0.34459343787199187
0.3318404562108676
0.2738293850627516
0.29182951653744676
0.2883070193875338
0.287173797231678
0.3081143177768399
0.29050776967696246
0.3231899585160934
0.3318270075190759
0.33178405646327574
0.2863035791544728
0.2916455250351249
0.32150624536759065
0.31393885665037835
0.31370557782476444
0.31375085447953666
0.34697264279130746
0.3124999138177642
0.26576930863977394
0.26815490544802767
0.303892271124902
0.28046153937375484
0.3114705589660808
0.2980272021215654
0.3149357941038579
0.3672606760477122
0.2829607704034984
0.30991545802471077
0.30829153394147846
0.3091323770478027
0.3053444745495705
0.29599829854258164
0.34157740402673975
0.29876131718655996
0.30016558555253686
0.40592415249755065
0.3620123121899628
0.3119197729065719
0.3113494932402162
0.336359938299581
0.3504826546841584
0.36205467598152286
0.333971346192133
0.32560618577946376
0.2915030812304473
0.2822944569662136
0.34319063148018847
0.3157912755852365
0.3253581424019659
0.32876538999332316
0.37857061233501954
0.3489418281815562
0.3319464698958608
0.3245328286363484
0.3121196411451344
0.34768729212861404
0.33300310357928176
0.3277663157093931
0.31139511262839803
0.2546993148022109
0.32053166422207474
0.26546190754946686
0.3501207030841052
0.3122540780912646
0.2865586648992447
0.25887510875327097
0.2816187768693397
0.26510786312054946
0.3121749444362679
0.27017002864093786
0.28944724853437265
0.31111404716759994
0.30302371987610177
0.3210751746740097
0.24917136273072651
0.3145825627186454
0.3033180932791635
0.29147541723990217
0.2805444976429562
0.2960040210729379
0.27965737806003066
0.2960698888503673
0.3567017710437637
0.2601353466368228
0.30252958961145293
0.35863194489441547
0.25566062175820153
0.31395211322786376
0.253536407164775
0.28417626229021986
0.3205640384747402
0.32861760295512576
0.3033591961572404
0.28637011174974164
0.34219692455453
0.32780292593031374
0.26041498473995156
0.3121158175744823
0.2897414962701208
0.29654737166091527
0.36350695141017875
0.32636283355709217
0.3650462262605556
0.32053396225403535
0.372821611229831
0.28421421617254083
0.3404483930861737
0.3482378857683288
0.29962362120415237
0.27449308060263
0.31907717843620587
0.3034268570474826
0.3247940834306371
0.3588459251374606
0.30051686262141303
0.34312392859374546
0.30281492248204517
