1.1617147500915157
1.1439565785438082
1.1700320373453643
1.1402034111050319
1.1574626279648874
1.1031321238620269
1.0344870600534681
1.1451254717081543
1.1952539003251725
1.1727641837456306
1.1047432364718408
1.1114728616487426
1.1574272547671862
1.132180947580146
1.1621126888964504
1.091957432209316
1.069926765477211
1.1487204049833646
1.0661569015086552
1.17429822146498
1.095672731983313
1.1847081479166175
1.1003760493701975
1.127965419865224
1.0870345664626293
1.1735525875309367
1.202842776590515
1.049807481093841
1.098256128521692
1.0123111965987623
1.1504925946962263
1.068735877932288
1.229269228282622
1.2011902574824336
1.1226320278230086
1.1571129620513831
1.0631130168053144
1.2116970857617386
1.0740554081509295
1.120959666724055
1.1821817452798133
1.12611380723131
1.1668264527322487
1.1403519447985673
1.1816404611036633
1.135626152845051
1.221597870460902
1.1800152339756789
1.1457138193108312
0.988198350605156
1.1351659680776494
1.0911933758034116
1.1262384038395088
1.1065175743637288
1.2390876670701125
1.1161261163828735
1.113792378693012
1.019347998207898
1.0764254309939283
1.2372463293205744
1.0695904820721265
1.1116834920476468
1.0802973411089603
1.1322111490913622
1.0625913431771916
1.116340953070201
1.092602500665379
1.1712610817483182
1.090191667540293
1.1366656467419594
1.1635754252291006
1.0855848707054356
1.1881089036683978
1.1515124145805054
1.1815335027737928
1.1564120268585674
1.0763799624483932
1.1770963953046907
1.0597016442278744
1.2079929109527283
1.0560039295905728
1.1429312453771048
1.0978331656014741
1.138908079227919
1.204751326406083
1.1051889694018386
1.1318065557544963
1.0368703944214561
1.1082547714337414
1.093610261720281
1.1649313480801902
1.089796451806983
1.1457253575751212
1.07827387851821
1.1613714617035453
1.1244940484100592
1.0640154980028504
1.102509851742996
1.1425795866063007
1.140067021181412
1.167537278052973
1.1462724711479735
1.1353205029695728
1.2073802509977296
1.047973298037214
1.120959632145906
1.1103987830555013
1.173595707223891
1.1888678509441117
1.2128279115918752
1.014550756502414
1.1514149234798046
1.1623371809580292
1.1701597991717032
1.1773270476093876
1.186953103953023
1.0651395070599798
1.0413106640396463
1.2182563056073579
1.1436219934461864
1.1447588958451114
1.1507950497251818
1.1228029887076643
1.0655600580170335
1.096315834206517
1.1187144495142571
1.0341978292143748
1.264422176073158
1.085307456327559
1.1153077439347967
1.1387911446446912
1.083785874039219
1.157855774077193
1.091027201973599
1.1497855865386621
1.2157864117966892
1.246703931444246
1.1808883463837443
1.1162093532815818
1.14445919162736
1.1322075838515027
1.2361730994701206
1.104920139395869
1.106858500769138
1.0774165046043669
1.0842757280658775
1.0727884527727782
1.0055120110601663
1.1370135382497344
1.1862395045376175
1.0791581269029822
1.2299260380114467
1.077706954866187
1.0386524760471303
1.0606491378953768
1.0219604279509165
1.028757051399989
1.1276189998643897
0.9690464816679812
1.0782192209460264
1.1828083959369398
1.1249764573862675
1.073173909826305
1.0322966649294207
1.1419869019438944
1.1516513600811629
1.133950289743542
1.087906998618287
1.0983672922024916
1.0729779176430603
1.1377045257312013
1.0903169303411544
1.0009767893609218
1.1689215229819934
1.130923736082426
1.2139965170399782
1.1687199299535382
1.0546864793966497
1.1012081185521778
1.04973935712862
1.1356399214050734
1.12485060308165
1.14409901095592
1.1210040554057392
1.0679667776648756
1.1898088323376108
1.0690916042003757
1.137815771941716
1.079514265937488
1.0703921543863295
1.0901428822995582
1.0620502045206006
1.146673891786119
1.0792832808420494
0.998284152013557
1.0938159188881784
1.2044520996981805
1.1628190024115672
1.1649459359419985
0.9703182002489539
1.07116998385165
1.1681394337916577
1.1371836358210652
1.2073794598483771
1.1251432378905475
1.1005900732698422
1.0938021273189178
