0.05370440719280718
0.05431176186770427
0.07655241632653059
0.06265783000761613
0.07597984322508397
0.07429069188651069
0.07413273001508294
0.04801762924683891
0.06459069604519772
0.055349803848895214
0.059126559714794996
0.07194452910697957
0.08678160919540229
0.06196831915517746
0.07914169845288324
0.07921349431704884
0.05791510877192981
0.07046237088047219
0.06323051327063739
0.06437149222478829
0.06637366896551723
0.049414658579574895
0.06756423157894735
0.06954397394136808
0.0832028191072827
0.056436510218739785
0.05637075492957745
0.06818181818181818
0.06138023836985774
0.06224357378004369
0.06683622949894141
0.0643960056706652
0.06081446434606285
0.07025353548387095
0.06087448450704224
0.06144424332925335
0.05649733466476461
0.061487650775416416
0.07038216560509553
0.052408405896805885
0.05885386405228757
0.05170453184276955
0.05238315963302751
0.07535211267605632
0.06381107491856676
0.057741988109000816
0.06336891487055989
0.05473022912047301
0.0828042328042328
0.05221266455787202
0.06619947515006001
0.06449976568047336
0.0655863330960854
0.06828571428571428
0.08076923076923076
0.06330718011049723
0.06059243441981746
0.07650356778797145
0.062386401884887234
0.08317384370015948
0.07731284869927157
0.05836711785028789
0.06302931596091205
0.06721027064538514
0.0720008853128991
0.05529824994400895
0.08059161869782971
0.055074794730341686
0.07122105263157893
0.0578731547293603
0.10220413081943436
0.0779475982532751
0.06502175801354401
0.05639553859977535
0.0546994386514148
0.07498302783435165
0.060918114143920586
0.05678909229188077
0.07411450556900726
0.06766678441196937
0.06302931596091205
0.05919323804491412
0.090508501626646
0.064937703646833
0.08945209008168027
0.07088024564994881
0.05134381476510066
0.06286001339584728
0.058484063334331024
0.05307666447831183
0.08129420869565215
0.06269841269841268
0.07001409443269907
0.0609439124487004
0.0613264148148148
0.06806469033280506
0.07494623655913978
0.0655863330960854
0.06448912808988763
0.07520325203252032
0.06596191712473572
0.06847953250148543
0.06379127008343265
0.06869406869409658
0.06448335866495505
0.062372689551112775
0.0658182583087926
0.06376146788990825
0.05493265263157893
0.06022099447513811
0.07590792545931757
0.06269798871857754
0.06731381285805219
0.06035353535353534
0.06539386650631387
0.06421199898440333
0.06733699682539682
0.07531159999999998
0.070564263322884
0.05935681515735387
0.05907801418439715
0.06032267491856676
0.05903116181533645
0.07223642867685819
0.06883718139534882
0.08203203203203202
0.07163943053323593
0.07007749147286821
0.06335942608695651
0.08059431524547803
0.06450532124556561
0.0559172172436316
0.07532046426592796
0.06225963149606298
0.05955305356533605
0.06621294615849968
0.05031004164466238
0.07596892713178294
0.05736842105263157
0.06498708010335916
0.0776316536552649
0.06930415263748596
0.05524221458931647
0.062213740458015254
0.06481517142857142
0.08912791827376937
0.05081818805434503
0.061317275508945085
0.06786283891547049
0.06741071428571427
0.06439932597526164
0.06947942905121746
0.0587067219512195
0.07756916358768405
0.08251643753735802
0.07527658176133402
0.04902524746711445
0.05714378390804596
0.061517461664712766
0.055354486861675746
0.06693811074918565
0.0598927230585424
0.05838672102504367
0.06914382632226321
0.053126587080103344
0.06816009557945041
0.09242424242424241
0.07599090318388563
0.06364601654357457
0.0539608099322799
0.06847168774051676
0.06376146788990825
0.06223766214331007
0.0655460551884959
0.06739231489361701
0.06269657109826589
0.0605952215026721
0.0732947746310331
0.06245508982035927
0.05655737704918032
0.05103776690240451
0.08293784107744107
0.058697441491280804
0.06039016257744732
0.0590882871165644
0.057347876004592416
0.06335051657374555
0.07548407245471579
0.07587709554273728
0.0763447697742885
0.0644313725490196
0.07180579216354344
0.06903359413489735
0.06715676129032257
0.055263157894736833
0.05026306541617818
0.07705314009661834
0.05150599736938252
0.05639753155893535
0.06424559014778324
0.05210600559440558
0.06467329002674818
0.05874089490114463
0.05342859604743082
0.05711562897077509
0.06661258922777416
0.05933855230961296
0.0696202657496561
0.04976930796974984
0.06651190403521642
0.07009769713886949
0.06386392811296533
0.06199047778136084
0.057955074556213
0.05777614019894674
0.07164821202185792
0.05764126054535335
0.05071055026243438
0.06868969019807007
0.06832963784183295
0.059108159392789364
0.05760384023323614
0.05500184306744264
0.05512105907674878
0.06876832844574779
0.059123307198859575
0.0722336592897581
0.05624894785393977
0.0657372341789052
0.0734995518072289
0.05708680543051088
0.11214627492260061
0.05808575211267604
0.06803206783625729
0.06011619958988379
0.06379310344827585
0.06104852848769049
0.06432958034800408
0.05563490719885957
0.060908019047619034
0.05882352941176469
0.06419185282522995
0.05279282769450391
