0.43782053603997506
0.3697710018619084
0.3593395723018147
0.4595600978147763
0.3570347081264876
0.3795439778632732
0.35209957859474317
0.43488513462669015
0.4852909627245911
0.34081831579184496
0.46849411527377516
0.3428428959495003
0.3873797141381537
0.2984643873015873
0.3687189389272438
0.3319745035405193
0.3808420729510099
0.21738823120738066
0.46759377643097644
0.37016984135021097
0.34392319970948326
0.4417672438858117
0.4757358618825722
0.46100880519480525
0.3805880873563219
0.4267756221244501
0.4037824108448928
0.4108049532467533
