0.2683368869936034
0.22400419287211742
0.29562867896512934
0.20098700048146365
0.243646270487106
0.3166666666666667
0.30775862068965515
0.2207784145008366
0.20938529088913282
0.34770565193061
0.24909405808686386
0.2108204
0.4353212158415842
0.30178933801816027
0.3713095441149496
0.4827894646578782
0.2279728163309744
0.35092194222495393
0.34809973693693697
0.5286961583236321
0.34090909090909094
0.4593717552238806
0.34942528735632183
0.200849460698299
0.21293458623013964
0.3307662591858258
0.30366780365490864
0.2766379362487852
0.16427876594239516
0.3227612147952444
0.3791300621761658
0.24595165893980234
0.3614666346185398
0.19664206580557442
0.3585157215868109
0.23295351740890688
0.21623376623376625
0.5021341463414635
0.1685295898318342
0.337522487228497
0.24223281321003962
