0.3883799655873976
0.4171183206384903
0.42557091384149726
0.35367812245013014
0.39436420968043495
0.38714990334847627
0.41108526351223634
0.38993899138609417
0.37489343668803665
0.3884794063794317
0.41940841502338544
0.377311538470159
0.4042203852561491
0.4492733978538348
0.39260695775797044
0.3894791632674126
0.3592961745702037
0.40879327546420463
0.3998790943495239
0.40219452879921835
0.36504990917614544
0.3716010322394884
0.45330029688304596
0.4622120750372577
0.3759600701568444
0.3630318027624658
0.3561282415432746
0.3839344362893094
0.3888019469294228
0.40871702020076434
0.4181573949057762
0.42593407731346306
0.3618838856974554
0.3451444684821232
0.3936770280141623
0.3867882361865461
0.4107867994659752
0.38936424267916847
0.3746775034605519
0.3879874666100066
0.38956199565437744
0.39372365097770573
0.3799363313922912
0.41989770337764076
0.3770755865927819
0.44245971369263504
0.39184072886906834
0.38937673869849265
0.3701331657042262
0.4035555163186535
0.40036386384761324
0.40192618194981766
0.3707272264955771
0.45312385500218166
0.461335132594315
0.3749538081957884
0.3607958332091519
0.3558405417973807
0.383901366108879
0.3891655975725649
0.4107887901665689
0.4179077110393896
0.4262503078601506
0.36096977576432604
0.34560785172686825
0.3944704032289162
0.3866830465609221
0.411709759853497
0.3890964716912144
0.374053184732819
0.38662496748695435
0.3889726530945049
0.39478135164392714
0.38597607257241484
0.3797434689596588
0.4179865071172711
0.37731086537784836
0.40430923564383286
0.44972153258683945
0.39225428751264413
0.38904624468745147
0.3688739528779886
0.4109854998899241
0.39940782940034314
0.4019276914796777
0.3651305631284354
0.37146168733613694
0.45252681333065264
0.4610856523902107
0.3743465642167303
0.3639635707171479
0.35499052143441706
0.38359692157313363
0.3890699211685204
0.40966191924836565
0.41797248396462006
0.42512546789279737
0.36269300742022703
0.3944989730211029
0.38774756959141715
0.3883679882715851
0.3747797724542421
0.38843291950237147
0.3950298750286745
0.3853879850814591
0.4165914272490282
0.3773308394968645
0.40376666737026123
0.44153385832042025
0.39187504764145487
0.3871785880169932
0.36941825553670044
0.40423338018413857
0.39980258416326997
0.4018871879323295
0.3657465333051575
0.3712154650313966
0.4614811667934901
0.37435437372753744
0.3633094697655289
0.3540096919635299
0.3837003163653793
0.4199828135564705
0.4255482521859607
0.4350752908129789
0.3664562140632974
0.36394750374376905
0.40445801139797616
0.39752786079593644
0.41898081094720224
0.3955830564623461
0.3826217952921771
0.3964477216802878
0.39925018621079544
0.40481378439858084
0.39482957128274854
0.38756813255045075
0.4290443044851446
0.38806917500643423
0.41796309380011754
0.45476411179369663
0.40096883528263905
0.39384805724279104
0.38027607377298017
0.41360721075034623
0.4093232349163525
0.4126246704193463
0.3781530631967982
0.4625374846037038
0.4703499875121743
0.37947414892073794
0.3672676576847467
0.36448127729309826
0.39195356986552904
0.3987968475138958
0.4169542478351825
0.42321429871934835
0.4343505501592976
0.374277025845313
0.35167810106441083
0.401208573003629
0.39447236463915014
0.4206987616432668
0.3995359172078743
0.38617954318239944
0.3935774569952769
0.39404607924805074
0.41033730751358755
0.3891256083543315
0.38543438752294407
0.42214519814504814
0.3871349203896406
0.4120354098655966
0.4552436565145781
0.3992151144054747
0.3945882815503009
0.3778934171936937
0.4179739446512156
0.3730623678866351
0.3813009579065416
0.459313872945164
0.3899650372562462
0.36631847734616424
0.36376307460608925
0.3914393740026542
0.39703418925267736
0.42066830884301365
0.4253760815428319
0.43734276301851716
0.3757937636227501
0.3659971622085025
0.40552451567707337
0.40063411907209856
0.42127158193148284
0.40020889955414096
0.3839714183031556
0.39591296539122284
0.4058731494359293
0.3929420299693075
0.3881098855975247
0.4302354096575729
0.42321518207522435
0.45533854649072814
0.39318936425383355
0.3811886214079216
0.42250068217418985
0.4137611873004824
0.37478854664919087
0.462413647369873
0.46918256509138623
0.37872065199510624
0.3654525233517014
0.3685861424191198
0.3925052456990692
0.3992798117576653
0.40622332700384073
0.4211639516281243
0.38746613230202254
0.3612373194825506
0.40265685766402215
0.3938611525239285
0.4228226201000773
0.39629492490644497
0.4002497197595715
0.3958458229429637
0.4097822980368161
0.38698815522129126
0.41793213679739555
0.3881067134364017
0.4092444944967614
0.45569554621273906
0.39714073477495127
0.39358173939887175
0.37822967100740856
0.40822511301959347
0.40872890708292986
0.405522976432082
0.3831329041629987
0.38083748513094706
0.4577659371466544
0.46841972233650886
0.38865381253415077
0.3674376012100152
