1.4389653910692297
1.411647182775145
1.2864758879753917
1.4328077041363882
1.3703739790862435
1.4987605128644423
1.4736054723812948
1.2739113467442948
1.4770912114466521
1.5104714108162385
1.4685373095487075
1.2454401984860821
1.584213671636913
1.3235951821118246
1.5799301873977676
1.3419326557956235
1.494453267619236
1.535619511190757
1.5202930277617839
1.5919206047810772
1.492260176807182
1.5653486527763274
1.5181936633895756
1.4729284367462385
1.4626578923322213
1.5054801652982752
1.6597835941304848
1.3779177103168492
1.6184548690301175
1.4968244237862034
1.651970893773007
1.4660244377502893
1.2724723405078948
1.4541027039179188
1.424181983738678
1.217079813563318
1.423287599352273
1.5624440723764195
1.303257965126821
1.5164031923083443
1.5152229702973743
