0.45612683176017865
0.4526252378638082
0.47955490266322565
0.436111835556153
0.4418785061190358
0.4843789524646187
0.5675207410927647
0.47218481567141624
0.47235604146098575
0.6239802975184235
0.44224935455484193
0.46908682502526844
0.439259601021672
0.5758045187499052
0.47552040650241145
0.46626270478162235
0.5996674826582208
0.44621712143298764
0.4296114813635436
0.4238850952982781
0.4980260611171735
0.5833901520044451
2.0083849524163826
0.4639238593340286
0.4391543129991463
0.49681275764691823
0.42525499689676344
0.5038846411509263
0.5993050887053799
0.4639740906698189
0.44855688360355456
0.47278665683044163
2.0274844159291225
0.4867860862601906
0.46707522426088854
0.49942080189866267
0.4876854098139704
0.4619022849910348
0.5760208055125561
0.4652568615503284
0.46732408761398103
0.48088138658651236
0.47530652501575354
0.4886749097206604
0.5730160374995314
0.4181678758807488
0.4555955804844031
0.5704940499998306
0.4448239223467573
0.4723153290583708
0.42582470780891946
0.49919256268512235
0.42518944270075776
0.5695951744568878
0.47142001305538417
0.47253677672096495
0.4159115614413249
0.5562497499998322
0.5011681395574443
1.8966164990270373
0.5425620644553678
0.4676802563499671
0.4392484306608865
0.4507816375900422
0.5312474118561544
0.49390126754058056
0.5660010599481576
0.5623490569179813
0.5569866549014822
0.47883182759131493
0.6135117137099924
0.4766442247296948
0.4460619420940266
0.4511504051900599
0.4372634513452358
0.6327773236139035
0.5149946351751827
0.46217839997490284
0.47259713534834946
0.5152891559370086
0.47156322407035245
0.5013105752886767
0.4852873242358797
0.5502003786452586
0.47756697281634475
0.4561820071520481
0.49512537367213266
0.5936097999600338
0.47386896198955863
0.410603888377027
1.9544114713834393
0.5677118441532372
0.4383008727877288
0.5685975256368682
0.40417694477787164
0.4799481006124093
0.4448988840627548
0.4765057832323534
0.48506272113878124
0.6175890456477064
0.4874903217397546
0.5040726455571906
0.6211288257205401
0.4816890792700105
0.4538035140203657
0.4555981998839004
0.5915226999998322
0.43924584504649533
0.44326537140890804
0.5177912888150633
0.47843707701845045
0.4827505468200796
0.45303808907814314
0.5725289499998317
0.4894350605497584
0.5712441843559438
0.5853432329867213
0.4315433151592454
1.9527360611650377
0.46379206640233106
0.46344479565666785
0.5074431363826554
0.44639537576011146
0.44916988228177634
0.5651233178121892
0.5654062547437058
0.4795676215521263
0.49296091638096873
0.44560646592538644
0.555329501301118
0.5985516000978448
0.4731997847012132
0.4580588323830894
0.449171027970624
0.6158668856485835
0.44283412542463263
0.5532101583873246
0.48819696053862494
0.4268450528147869
0.6452124803791504
0.427874309113134
0.47652211988894055
0.49546608459254693
0.451302499192203
0.6174465429131565
0.49512748357732994
0.5172537093747007
0.45926501694155286
0.4738642322612999
0.47271607420812023
0.44587278212757764
0.4782509279281104
0.4357520883385033
0.4636552677136642
0.471887305340039
0.4655730497783662
0.4769937505488542
0.582330179384512
0.477048465796979
0.45462728261592034
0.5859453384297515
0.435952593096788
0.4414708535825091
0.45053049506771486
0.48283618339644596
0.5708911729898343
0.4203822065151841
1.8798423871362837
0.45482124268847646
0.5761370814655221
0.5783037371440098
0.6132325042034897
0.519742159053533
0.42665084038027007
0.4136021449719799
0.49690487742021655
2.019169629037797
0.4721168487709503
0.46382388215857007
0.46655040231542905
0.502592770777994
0.46244663051640356
0.4633350078491961
0.4868512094302358
0.4602489939118566
0.4883259206246836
0.42242489377259884
0.4554562868231635
0.4235994957706129
0.4737464223414677
0.4666172583969389
0.6330449861503604
0.46019417009502195
0.564975768283001
0.4576722730246424
0.4899197152996294
0.4601305465875528
0.461257507009313
0.45573801475107134
0.5206115877753992
0.4524337479718112
0.47333095444776857
0.4483534670448085
0.5117570360044097
0.4744849353916157
0.5556942310513462
0.47180139905002816
0.6206954118682226
0.6213089425436616
0.49950143182993395
0.4635583173204427
0.43918166057575814
0.6282550997782422
