0.8138249905543099
0.7092536264453322
0.7436645921642062
0.7569037096059187
0.6854622577097842
0.6129154702223667
0.7284078420977684
0.7631474569856003
0.732960768957992
0.7511434530060637
0.6967245583822882
0.6529623353453745
0.714165470503482
0.7075144589226314
0.7200212748539093
0.6166189574721682
0.7939866127321586
0.6239533167300504
0.7104348843283319
0.8211691826512816
0.643681590201881
0.6754382721590027
0.6843503608155102
0.6998483918022489
0.7223279688333392
0.6015398686211871
0.7805618701047414
0.7739981083680051
