0.4449164805644604
0.4694956595872693
0.48682428376435855
0.4888119017249782
0.41425718410234164
0.39769133689292724
0.45472800674844716
0.45344985368540136
0.4421304752090536
0.4464463333975232
0.44232885799334676
0.4526470942490909
0.44109035245216294
0.44002959431201777
0.465616179457735
0.521872454236255
0.4557259941045442
0.4387302036747691
0.41336977871021247
0.4623199886095495
0.4607109319037185
0.4609898855480229
0.4230545341874973
0.43498222415192056
0.5297055537138842
0.53966685110398
0.43326205966284254
0.42257334301185484
0.41108494550301033
0.4408798374226876
0.4440323085871327
0.4883675301876416
0.41963898604084054
0.40028462446807855
0.4523756582652013
0.45007752888981845
0.4531229492087455
0.4428218700886387
0.4477602884396995
0.4541119081686249
0.446753373430208
0.43827800298137753
0.489057499921563
0.4382091624005853
0.46804656282196005
0.5213815888335852
0.4554715104793173
0.4400119823880192
0.4630853958004503
0.46050245517565397
0.4587521458549547
0.4265470020897159
0.43145686445616965
0.5282965090089456
0.5391968331753076
0.4311861259926915
0.42090632781469123
0.4083008865777337
0.4417077026000151
0.4465880505559277
0.46905059231033946
0.4858745183136017
0.48845758964798447
0.4165820347155082
0.39460624962630614
0.45579181186130124
0.44835134192102927
0.4694140672058633
0.4507780765474607
0.4421009572963703
0.4446117971267063
0.4432524986322355
0.44615309737503545
0.4367969954647858
0.48628605992516305
0.521436512126811
0.4555526042468254
0.4409336330065483
0.4644342490154735
0.46102245818478443
0.4325620446198327
0.5286095458889448
0.5387914961370514
0.43338160525624975
0.4215992382649367
0.40874125708877734
0.44139338570070924
0.4454204575306915
0.46964894642282584
0.4862211090429571
0.4882674989768973
0.41598441652271806
0.39489977968856793
0.4555485589187773
0.44841879093488674
0.4684180655560302
0.4529262490937868
0.44245864645616034
0.4461269107459047
0.4432114642003307
0.45376712254740603
0.4467484553626792
0.4866079203006498
0.43785209811872133
0.46627700510866066
0.5212650296685623
0.455062843948825
0.43845076756254936
0.4136305300748365
0.4627367654770864
0.4622427758275789
0.42795271396314183
0.43455843748888756
0.5390558691269933
0.4329147220112286
0.4234182505729385
0.407567835189546
0.4426689823351014
0.4587950031195664
0.49812598918780754
0.42850682844128873
0.4062522383015055
0.4678673354250135
0.4797625074832292
0.45892309297238865
0.45207952409913543
0.456669038757162
0.46732004132632105
0.4472547049353883
0.4994154242837263
0.45355571677005274
0.4867806933635489
0.5304186037168176
0.4703556046725777
0.4436149068868842
0.42645281268799096
0.4786610057768199
0.4741189729574613
0.47478815666429913
0.4401303098598132
0.4404595212603564
0.5399470230570887
0.5501419368661514
0.4365537112252754
0.4291227651346548
0.4230646133918748
0.4593974050342383
0.4802445466704882
0.4925218064757693
0.5005200897519178
0.4334120405613678
0.4037878745466851
0.4572277929311557
0.48223747370446196
0.4647212802281452
0.4581742612327883
0.4515193288652564
0.45405346074727587
0.4653878418842766
0.4502411710262849
0.4476064056358311
0.4936347240563529
0.4532597980142048
0.47899135320626257
0.5315399898894339
0.4622038386209885
0.44737617076836245
0.42678995910224243
0.4756835832709234
0.471791768514368
0.46906614185384177
0.43736208976794555
0.44925987101583925
0.5361528339354174
0.5491989959348815
0.4425102053571309
0.4276333370702522
0.4193263693627307
0.45069048332664496
0.4593661498348416
0.48608671161512307
0.49700770432140245
0.5042342577798252
0.42470475535574315
0.4078206711795742
0.46780858126333924
0.4631891188870951
0.4811464642012656
0.4570675452386626
0.45436363131170215
0.45504815711162844
0.46451895466335186
0.4677586957850381
0.4521866243938154
0.4517423337663734
0.5018141310972257
0.4580056853814867
0.4899307813417858
0.5302840216439823
0.467230921076507
0.44416818669140534
0.4294453968912011
0.4807622070452067
0.4759862258194195
0.47396371145260896
0.44529988517036895
0.540595493703674
0.5475459195203858
0.42223827555287674
0.42709977403357935
0.4518212893603628
0.45966376036160517
0.47983191261260505
0.490124608823226
0.5005690221846771
0.4385513372477642
0.4020805833399725
0.46123567255413217
0.4552001685694881
0.4838580908673768
0.4627483233296858
0.46460794726601895
0.45166380086241686
0.45416069290390065
0.46177155030392386
0.44300225848309743
0.4446100518388961
0.48499594931738477
0.4519411231191158
0.47201860963080355
0.5306432064541551
0.461006390986766
0.4432432926929018
0.4252291555806009
0.47353222372512116
0.471862085101029
0.46937040186408613
0.43457027157289135
0.44936738396639175
0.534661826261678
0.5465150381208863
0.44224845958069614
0.4301873564773354
