0.4660552427476811
0.4667570910522748
0.4224693084045117
0.4080807151870665
0.4515682472991686
0.5278399496674557
0.4191299596394765
0.5097976039145595
0.5018169679691744
0.5100481582707765
0.5218621124290066
0.5082725513152543
0.5351191619684222
0.5621005889942052
0.5270660391999334
0.5962331395400218
0.5629402492352029
0.5651756589502668
0.5635127154941955
0.5672844211844597
0.48009194705649916
0.5351648550376549
0.5993003893116745
0.5575633291575623
0.5550833141379617
0.6166576480088007
0.5852389648823347
0.6520408345381046
0.6136861181695447
0.5647287242269192
0.6496409194702555
0.6535014237202265
0.6399726832227635
0.883041482568899
0.7439016470883586
0.6526579788833171
0.6718458466339383
0.710435758331518
0.6551789260145279
0.6766029868997114
0.6669787583872568
0.7599895393788333
0.6621010973773874
0.5472527069671739
0.6737415985323643
0.4680007999511979
0.47018064905031287
0.43176838914766597
0.41206046417471376
0.5350979852947934
0.42295886791752946
0.5000411522388932
0.5045388178267096
0.5449597332882257
0.554814261003017
0.43049632805065785
0.5198978938543302
0.5362979936482685
0.5329252956230303
0.5889286685737241
0.5760788472017794
0.5603130830767231
0.5777236588238904
0.5417536561670102
0.5735323794216649
0.4790552943496971
0.5428257426290216
0.5914267270330135
0.5576111252371949
0.5549013567193152
0.6189844573092751
0.5969351615956914
0.648533198833635
0.6136769190209241
0.5730312272082433
0.6476930462805346
0.6469977776477484
0.6356933710176836
0.8600990591971274
0.7527488297159491
0.6507726886591347
0.6740720463468778
0.700405066995123
0.6504866570151372
0.7021794367682597
0.6656980782537899
0.7209806591098276
0.6658767589276753
0.5551874970727304
0.6739031779854252
0.45861132213746564
0.42370274491494897
0.45251440830209544
0.5018607540654215
0.4182117442689359
0.5081825807001008
0.5016198521932611
0.5143368028516351
0.5247293053694557
0.4599700120172455
0.5164003736748499
0.5370528407841184
0.5565806830495957
0.5266606471209369
0.594964463265962
0.5828185216369375
0.5736807710089816
0.5623617660723119
0.5632528254975189
0.48029950101847574
0.5305319887615022
0.5554429758660615
0.6195596112375427
0.5868125450388565
0.6495662505415654
0.5709824518189826
0.6506159660467624
0.6450574360323389
0.634340650139104
0.8645977769640774
0.7452288154238909
0.6493260908707195
0.6777389476277904
0.6999813667232035
0.6547686507861091
0.6787367362953081
0.6616818054325799
0.7569337084272738
0.6609339238880515
0.5421858276712898
0.674222429305829
0.5044880521602259
0.5028086720923483
0.44935756214916234
0.44822707271645224
0.5434331365133919
0.4615442622484555
0.5383621456003868
0.5424749601234462
0.4646683663635994
0.5408975464876369
0.566349648702311
0.5703601563309684
0.6229082243379073
0.5778627690084781
0.5887274953276455
0.6225034030535859
0.5663565640285068
0.5980445772960767
0.5116931655689269
0.5533133815473117
0.6330451628411484
0.5791312086433203
0.5910202803606773
0.6396440619866426
0.6385201461511755
0.6511177355901264
0.6087926463352387
0.6808325406288747
0.6817233199585322
0.6866876568939002
0.7884728755650275
0.6836096924606361
0.6863009462359921
0.7435695871780346
0.682463329252397
0.7207005826755472
0.6911907614616339
0.7588493206993919
0.7005699428581912
0.569638427314532
0.7030799713243616
0.4871242210086682
0.49071194647558425
0.45587435141248794
0.440434402573242
0.5016680500373061
0.5654864064601545
0.4595822003780951
0.5306484484503471
0.5384008144807022
0.5471799355324328
0.5394975956837595
0.46605715841154843
0.5410321659921341
0.5945949142038133
0.5614588359648442
0.6228019944637986
0.5936800798913279
0.6300368101802336
0.5761475517581461
0.5942338101285125
0.5081954828774076
0.5623798816018538
0.6299071611948082
0.5833774534088808
0.6470473960017853
0.6859984955355195
0.6527817820038103
0.599426335646974
0.6729222653826871
0.6773118937070817
0.6735009088242196
0.9067602577530092
0.789555866565457
0.681929697205226
0.6966888652650007
0.7435829494457696
0.681545683657214
0.7212418646697076
0.699069770327462
0.7619363276880743
0.6915152405370505
0.5761223209009206
0.6997716222974287
0.4971113471141292
0.4540788255268293
0.4560304318694259
0.4815045164579278
0.5305241756854745
0.4538546550182875
0.5153445065058552
0.5453652187491638
0.5397028932775285
0.47132412903689047
0.5386697163100536
0.5662947366615806
0.597128637887608
0.5736561336286247
0.6289229091178762
0.5908366951807343
0.6306092110817588
0.519567324497711
0.5824211917322285
0.5944646884232156
0.635959601327133
0.6412913971852531
0.6923591551938563
0.6583473029633841
0.5982033498613514
0.6831459776774867
0.6940830345636317
0.689962228115905
0.9243930813764945
0.7966894328827984
0.6778484367531803
0.6908703638199373
0.7500093654417916
0.6837638376771624
0.727220597324507
0.7007044486678152
0.7733223134066901
0.7040712768633547
0.5658579780888237
0.7047969877173438
0.4811398927118389
0.45041870176547116
0.49773728472102513
0.5588871861543708
0.4620875375536261
0.5311833519534701
0.5352200368613402
0.5473044688256307
0.5339130956997995
0.46679857105500694
0.5484210054402726
0.5481521030546699
0.5995975704204142
0.5721107457529357
0.6275560151395494
0.5910271515332653
0.5817238283967162
0.6004532197540744
0.5175716733749909
0.5579673864808207
0.6377620405691995
0.5774514020237796
0.5932357925469589
0.641915643337655
0.6469941912630441
0.6922319060355209
0.6653090205197828
0.5991131819344896
0.6793555205718598
0.6824383240700299
0.6790129210305085
0.9245122474277977
0.7966685454296818
0.6900303599543443
0.705056649725891
0.7506272176458247
0.7211500730340612
0.710940400407242
0.7682778378543617
0.696898145751036
0.5787810505383486
