0.3821204800157213
0.39579258750675794
0.4017609423003477
0.3544851514382257
0.3383617392466409
0.388122578358156
0.3964307111412981
0.3875006289800825
0.38108234820549636
0.37978731284290285
0.3812643543179524
0.3823239073735263
0.3833677537718027
0.4027644905928913
0.3606496189173485
0.39256571134161755
0.43247789187113633
0.39629693949087264
0.3575605148680703
0.3865384186791104
0.38916695145765584
0.3846505040438353
0.3586947181716581
0.36751201015471446
0.4361962453525241
0.35811559931361603
0.36286729430399883
0.3535582544824103
0.38295386618405447
0.3826788873882492
0.39569421758856793
0.40389763055399586
0.4010434871527244
0.356614174165226
0.3409094636103421
0.3897531808658583
0.3883498295865462
0.3955641683019522
0.38794449863118446
0.3810339430832264
0.3793353489881865
0.38294365117691576
0.3815514677731129
0.38287158853149594
0.3706933466064286
0.4037073920443646
0.3600484530129422
0.3933159086069603
0.43256084224869834
0.3949389805511314
0.36576731846045285
0.34740320321393003
0.38538752501358364
0.39003653066122146
0.38309955046194544
0.3589282766925923
0.37802487146683295
0.43044178236377983
0.4351271340472657
0.36739545958385256
0.3640515458203773
0.38222573472027077
0.38427013636107266
0.3951711933122979
0.40312820374107006
0.40150717056205654
0.3554494142139991
0.33884995384877986
0.39148125344343215
0.38612274870455565
0.39525002643017504
0.38776695311746867
0.38247429704612046
0.377667750320884
0.37977119683243943
0.38285636228439013
0.381904696762357
0.3699449195358163
0.4057454408243826
0.3607496449314285
0.39627964680972794
0.3604186459102465
0.35702877408835954
0.38508753736251555
0.388910917232408
0.383654670521307
0.3557623310301282
0.3677280403845386
0.42985533099094364
0.4358633381777608
0.3673565900925422
0.361872074628735
0.3538602601058576
0.3826260475298001
0.3958514779519209
0.40377021460141943
0.3570532529287496
0.33764916230346076
0.39003299230113275
0.38718480439668046
0.3949342292253314
0.38767740403044015
0.38116398281700126
0.3778356945940281
0.3815382844122356
0.38336096919995677
0.369617113778953
0.35972387370067244
0.3901191927134685
0.433003863632055
0.39606002802540485
0.35857963766137907
0.34826143094233536
0.3854402981390187
0.3900075858858718
0.3825295884387995
0.3580773487100245
0.37637895811692246
0.4297003477917958
0.4351103209794426
0.36734760221130225
0.36517334729507345
0.3526220284618797
0.3829235134996809
0.3882504900525008
0.40973349635433054
0.4095891473375457
0.36354730256208434
0.35286152338272636
0.39864810719388055
0.39601015731491573
0.4028549534607417
0.39190966948495387
0.38870767683219987
0.3858591536445398
0.3892118343483429
0.389324005397226
0.38748754503217475
0.37585172281826407
0.4104566601469025
0.36984158204564144
0.4058777657123621
0.4366845577835574
0.4010661836479551
0.3638539558018239
0.39555738789835504
0.3956516082743966
0.39230448244886074
0.3666144007133725
0.37996461972254103
0.4379349443789915
0.4419806739239298
0.3714062019383313
0.36590083119738676
0.3608499172732256
0.3891617364094767
0.39021866196751154
0.40165295738883167
0.4099500270008193
0.40914363668716797
0.3625766581568206
0.35111598099255725
0.39210302815281334
0.40272195010098605
0.3983973437110129
0.3843712257548602
0.38743772693448136
0.3869069062829323
0.38690047024962826
0.3738403020125879
0.3778161972607085
0.3939733931059848
0.43824407291758494
0.4026537817887193
0.3699896879030783
0.36407272831792925
0.3940356023032625
0.396718914911745
0.38911328294643155
0.3839237369809655
0.43550420672218687
0.4426890007560281
0.3732262713507879
0.37127932604045893
0.3911555647342413
0.38920156472367373
0.40341618654958156
0.4087124747032313
0.3587086439541473
0.34730650877712743
0.3956781714923211
0.3929235641329783
0.39768584135258145
0.39071437599381914
0.391968824364981
0.3836431621387701
0.39098158888378276
0.38770683160953634
0.37757532990221365
0.4108056659258722
0.3710887150906575
0.4045433670240538
0.4366682822781628
0.40140556500441854
0.36965289691349124
0.36457648626281286
0.39401771418353615
0.3949878818905589
0.3920785528639289
0.3662245941763712
0.3761794465099377
0.4367281114588153
0.4402693888572561
0.3696502417525773
0.3797697138277668
0.3888555998348184
0.3891239385436567
0.40193509379117587
0.40793195992857945
0.3639146421005513
0.3415085351809497
0.3901473788750027
0.3945765178565095
0.3906615340071821
0.39880438929232054
0.3828967740168221
0.38377236306799245
0.38827299161770973
0.3806886875861567
0.3729395292388661
0.40221064941271534
0.36932864901944173
0.39065490257960944
0.4013391917771796
0.3687605780615958
0.36008308706017433
0.3908788725252791
0.36274401731288364
0.43288208801104633
0.43866623945270533
0.37097074211228576
0.3702263858097471
0.37111479623296184
