0.42354623892319443
0.3846571641454691
0.37432585298722876
0.4433635807352858
0.3876243734874729
0.4029963207098532
0.3671488994818302
0.42590493844770655
0.44099998409094454
0.3697949984723846
0.4343409318660858
0.38660030452007865
0.3790362750912123
0.35034920277231724
0.3734056194185801
0.3805600784594423
0.393822644992595
0.31857604224100644
0.4345322908436713
0.4185999066790821
0.38569998395641936
0.4387050329781016
0.46491878217313826
0.4485874910387106
0.3913223208272829
0.4252772505569654
0.4108266507583862
0.4223563609583091
