0.35659959598302243
0.43260200804924787
0.43210856332855746
0.37495175614961335
0.32969813927972
0.31905753032708356
0.2875502911064673
0.3679717843748162
0.25869407727858723
0.3527323003915417
0.2961567451723888
0.2649200957670108
0.3002772829661872
0.2939736985484854
0.33427338544892105
0.255544376647867
0.30239313624827413
0.2856384081860473
0.39684710746437485
0.27826143855925434
0.3102580776807192
0.32915577530795426
0.30979773760704366
0.3328179505138247
0.33663696607269056
0.29797898108806475
0.3486318395503972
0.3705912057239188
0.3731714001625691
0.34554779773403393
0.33015974744258325
0.4013451560445741
0.4273655733947002
0.34180576571580523
0.3008446208052607
0.32750690555171075
0.30166125772665614
0.38741115163431067
0.34766914276584004
0.3211658927496661
0.3618003533469522
0.28491672752260494
0.4303755809911838
0.36824760487427466
0.29631181662621253
0.326641944018941
0.44366765280452924
0.4416978945689162
0.3682336695374643
0.3005893963033551
0.26112587271051035
0.30007850564893224
0.33742636788621383
0.35959724292567186
0.32036766806314526
0.2579328677048436
0.3458120337060435
0.3516846905942751
0.309726136066638
0.4441661600288421
0.4213015448152678
0.32777766976531497
0.3750970405375741
0.3319422261957452
0.35422553316707595
0.30547213608068213
0.3018883717071917
0.2940091430695111
0.3898138763586494
0.3429774709245711
0.363725815422025
0.4094399545353957
0.3366319911464243
0.3579275464223418
0.3109729777483239
0.43036339862644
0.3628682051934822
0.3645690054929468
0.4061075817580156
0.2908138256521974
0.2929525045895043
0.3003265581450592
0.3682138994760258
0.35039292382434895
0.35399915628584094
0.35609207470661586
0.3444291781474692
0.3662051369518732
0.28840733452661116
0.4249270121574745
0.30900149715077885
0.3370007441101609
0.39435796505605014
0.2425011230532317
0.35622250202524736
0.4517429239346451
0.3664785179608602
0.4342177462394401
0.31749895007021944
0.29630101584327917
0.41173736084536117
0.35520372971261693
0.3851708622932804
0.38119527725387836
0.27981648397357045
0.2943505126884133
0.33783121631037
0.2809822758018584
0.3473212615527774
0.42312131186240354
0.34154061538937497
0.2962217835913214
0.3531850609128735
0.27796575957004444
0.3342707226172995
0.4367092809916464
0.34381037957436444
0.2722209110456079
0.418297610174454
0.28643021949717173
0.3196800487375073
0.4621156474307624
0.39930158112655645
0.3113109544896212
0.37317854174830356
0.29726995292835234
0.26872979159317706
0.27674889861025015
0.3978380633630171
0.32522385851566604
0.2849208115022235
0.47534429579102255
0.3115941079248047
0.38539355260572083
0.31304346785430587
0.46186952054233993
0.421100905429194
0.26561161388589044
0.29406641020936164
0.3205160508012874
0.28268382558225985
0.3316717521607002
0.35843577319198217
0.33083259176457247
0.3776387118716676
0.333146473772855
0.29804942228253944
0.23597398004975678
0.3509171979530292
0.4259885427087283
0.3312067487901174
0.36502020421088255
0.32297772611911324
0.38917048438679847
0.3111632180551149
0.2889466136528195
0.32264698749218074
0.38672249608546805
0.3073384352461692
0.3227660967562114
0.33623707821564963
0.34189106189088525
0.38758179681033433
0.34181950823238527
0.3325207936660539
0.3262834314500567
0.36007726820633223
0.3490562624446155
0.34712784862469126
0.37359893338227934
0.35505605859527156
0.3490805393200096
0.36467920199588444
0.37700694323279504
0.2690425359510606
0.29733689229192295
0.3295710170803088
0.2835667177920219
0.31655048680156594
0.42423607806436087
0.3467268075586696
0.36679022567416186
0.32384060537827825
0.2994971615894681
0.309025270586861
0.23347207482467658
0.3592233534883845
0.32724349998080166
0.3793140939585903
0.32138842301724896
0.2555214445229427
0.3450860423001678
0.31704067284757087
0.40520363082272837
0.3867533643161756
0.3738180943026407
0.4077875911529767
0.2848223776545953
0.2963439801684951
0.35453071178592765
0.36505188444505754
0.2826014847247759
0.39921532625956635
0.368922221163563
0.33062942783490407
0.3329452425507228
0.32472077066956473
0.3526527227154205
0.35533075668838454
0.25447203501250304
0.2986992486968469
0.3515074269162507
0.30597062443484985
0.3360651301375653
0.4423065978896922
0.33803162896706695
0.4975499857866895
0.2968283006025514
0.3493435964702526
0.4039815720429847
0.41998455979546
0.37496677476931123
0.3211881313237088
0.35677754488070657
0.32472121419187905
0.33793023764726393
0.38968584455000327
0.31832115203494976
0.36155733808398993
0.3632667401563804
0.323657608772812
0.42182509579945526
0.348847709852234
0.285552613828588
0.32411713119540264
0.308621389173165
0.31763018505744955
0.3794134538039843
0.2771582389743778
0.4103769055430802
0.3489762731299396
0.31782806594654667
0.31923458146472616
0.27812994110708295
0.39789854000156266
0.26306396530509046
0.33042832595588656
0.4030297492670044
0.2248485168479943
0.3504098196370815
0.29369716339146656
0.3782355672167349
0.4220164264214612
0.2826144762357923
0.3669920211107067
0.25813262689803645
0.3359327386907305
0.2903837419884287
0.363322526947519
0.319901823805458
0.3587421834056349
0.34893741735003103
0.24914336956295377
0.3309509704428193
0.3547604472690077
0.3108366163856002
0.33642152991037
0.3543497526525791
0.2548465082512894
0.3147149668399103
0.28646276474166804
0.39921482871874
0.35225350249474874
0.4767532373795852
0.3881171336900514
0.26531340034586826
0.28787406244415903
0.32467737652112394
0.300204448748514
0.37042470576403097
0.30420658332372363
0.31549551033261286
0.3092514761415163
0.3804980105256892
0.30529100822151123
0.36628242997452004
0.43363431562202615
0.32179358053828044
0.3089897072140476
0.4518310264323493
0.3796424862172961
0.35429837660448615
0.3925459406046537
0.29156773216359344
0.41069926121224976
0.3494093841913313
