1.2533555864799992
1.2527857681471544
1.1351217888924663
1.052384823117503
1.240475355537338
1.3066627327394966
1.0782138410834419
1.2921356752609603
1.2525633980562776
1.2921120976139733
1.2594621163381108
1.2453207466651688
1.265250448535793
1.2373757038221422
1.2590312352429491
1.332508050145257
1.2691332827727713
1.2734645950504178
1.2160094113004998
1.29810591815979
1.0778496028364515
1.3061519313216312
1.1931554280131182
1.3361831614106037
1.3670390421218113
1.3301481940263251
1.3299686205869627
1.388479882091064
1.3489146911712409
1.3036286291074222
1.341598303534814
1.3807879133941796
1.3412325137263477
1.7441894664179136
1.5223329467856175
1.3446316765220088
1.4813889507515876
1.4957628559370626
1.3386642625134104
1.460491813349705
1.339984361126748
1.2750107614249475
1.375511765543291
1.2292856734850195
1.4502877402990908
1.2593218196224891
1.2550478746231033
1.1457944770461783
1.1476269137072583
1.3218254819884396
1.1778619387568225
1.2770253998683474
1.2568519252335033
1.2964232757410568
1.2749289201520797
1.0908968844130704
1.2527173386550075
1.2650261838142385
1.2669182348311567
1.3233294331650671
1.1959525876745871
1.2629356089090968
1.282105660866642
1.1853160118729915
1.3056961146367543
1.0770543476948236
1.3113486839779402
1.1895210197301156
1.336473734053054
1.3663372969825915
1.3327357330434797
1.3420168373541164
1.4069598638913732
1.3437144227827094
1.3120730680004
1.3374010217372507
1.3767708106545646
1.339701063032485
1.7278157294739347
1.5255814933797078
1.3429121966100162
1.4833207675498181
1.5443650639958628
1.332756711252781
1.480448881141199
1.3428577030686328
1.2174466155781083
1.3765485260866694
1.305532787754706
1.4500986127403332
1.2241449920452872
1.1363263866916284
1.2415305057027233
1.2700226013385882
1.1708400327505162
1.2664076393745938
1.2525663505395208
1.2738383689270676
1.2643133638481425
1.1363270718890317
1.2527852986023436
1.2662026662028265
1.2301039377460954
1.2610347702294027
1.3329896985994902
1.2045872906539916
1.2797217230597249
1.2220898979302575
1.2948454938911789
1.078748107667202
1.2982317778709964
1.3672175272770524
1.335908792853405
1.3297294360790861
1.489351271601873
1.3139037633485096
1.3421695050182918
1.3755053810617688
1.3369294530273153
1.7361544638633863
1.5194986823142123
1.3524001620223132
1.4887199351226676
1.4889357439681021
1.339199967547463
1.4621948524555144
1.3391277700661022
1.2766521717198813
1.3771779238207278
1.2267266535615262
1.4504493027122625
1.29948704783127
1.317919532864037
1.234800952412559
1.2483980295668402
1.336535535262793
1.285964110036333
1.2811906418616545
1.313966138046861
1.128770722844462
1.2745196362211444
1.291656103168649
1.2979348981036856
1.3448757035650807
1.257217828347641
1.3091798248449387
1.3172219129507883
1.2045794464799442
1.3259511719575274
1.1019722252572066
1.3194747734004724
1.2910233165337048
1.347743860143873
1.405281642565301
1.372182628291134
1.3687691146996226
1.3706564752200256
1.3740292865795405
1.3618688768207647
1.3996193730913422
1.369532901266674
1.6064110303510524
1.4438126182322915
1.4726864434621367
1.5696493580664717
1.3574741631825544
1.4925366346689983
1.3600874910476608
1.413589821410821
1.4007640828945538
1.313340153604584
1.4846829331400513
1.2761135383697968
1.2757186618408063
1.2446085159540208
1.1515748813606734
1.3160024993413337
1.3695665255334224
1.2784318304564624
1.311234740831432
1.2890946445352771
1.3292855875777834
1.293536268042089
1.1279808794101327
1.277487532849897
1.3528248849500035
1.315835730061404
1.3504264264777046
1.2754261242791807
1.3351609039445977
1.213733568765806
1.3232261003981873
1.1613492632286024
1.3404584489704239
1.2871779979038651
1.394238280685454
1.3785275299384105
1.5131706822117956
1.372944518796234
1.3583966674592771
1.3551523629760909
1.3992392154245796
1.36706900504669
1.7523848335202734
1.55096608213454
1.37894780460021
1.4979698487455184
1.5736682165642952
1.3495700072023884
1.547757113556004
1.3612900270206474
1.324496566357173
1.3959521605953644
1.3245708066503283
1.4834239793464608
1.3165125203910835
1.2389258705434663
1.2492526966766753
1.276757710547004
1.319403119620929
1.2692042067846758
1.2856453408910489
1.3641023329398114
1.3042141462069257
1.1349009589450558
1.2705198908753432
1.2953741309693378
1.327178787324617
1.2988866536710801
1.3472262732987264
1.2724614051382013
1.3157213920014041
1.176734976090766
1.353466986601337
1.4108695977535988
1.3649224842543461
1.3617403675949347
1.5218987206535277
1.376265858104018
1.3638387483702554
1.3603282266500272
1.409751698040893
1.3681392949141584
1.763099310236154
1.6105274971899488
1.4463515001461817
1.474312384732125
1.5679782312059547
1.3553610766605566
1.552489739973165
1.363456399884594
1.4238507947123675
1.3979951167409506
1.3110766414807884
1.4932169275504314
1.2665517619863775
1.1596690340497213
1.3051402884943257
1.3657432384961703
1.1862385370731956
1.3130305473966546
1.3282603198067722
1.3299890753123214
1.2834068200305828
1.122523113185113
1.2824296357398695
1.27252613509856
1.336238604687779
1.330191820395528
1.350042453588937
1.2670814309340692
1.2101409660720288
1.3276202727702333
1.1739144830942974
1.334677760312823
1.2893120775782596
1.3538586972954665
1.4359402729729553
1.3693495146596972
1.3800638465439958
1.5270652070509354
1.3823033445124695
1.3573924017128105
1.3578069747737047
1.4019076908075512
1.3707461465703417
1.8309620203361663
1.610795106563717
1.3882539993357268
1.5051675100980142
1.5756448819194522
1.5464736174277594
1.3679581746001646
1.415219014994152
1.4012007786870007
1.3279350712839475
