1.1143700188355572
1.1947540773903056
1.2012909109729926
1.2035500577823544
1.012950370986769
1.1071463552407206
1.1244694434477194
1.191089327943444
1.1160322668898472
1.1186191791918785
1.1150952152139952
1.186579979321373
1.1114124266914363
1.1157131689430095
1.1259150654540078
1.2151393583627959
1.1887949755009548
1.1128552662377602
1.104267746757527
1.1928620142849842
1.189823825799858
1.1920096104726907
1.1096331640302952
1.1112486437958284
1.2191898374857748
1.2233235315968163
1.1095774332442792
1.018819062378182
1.0105962244562965
1.1152461888545109
1.115485434723418
1.2026985833512143
1.0207799779147353
1.1107358329530106
1.123026771465917
1.1927064918284331
1.190906723993412
1.1166926663920411
1.1208172605041267
1.1894264817699893
1.1224218948840454
1.0186548303103717
1.1372798199463758
1.113067361327029
1.128620519774355
1.2152025163538451
1.1888170111283145
1.115545836843719
1.193098320198573
1.1902791428837705
1.1210289998702667
1.1129653206255086
1.0185676222706501
1.2188787504014338
1.223270092925678
1.1082370483640216
1.0168373683166962
1.007735084930587
1.1154997648453473
1.1160595398671374
1.1942435882087086
1.2012135651527363
1.2029467671230636
1.0170229125074304
1.102595353009449
1.1249961929614967
1.190590410799435
1.1941311903641403
1.1892393240280748
1.1169008866045065
1.1170579499367101
1.1164116976418836
1.1211175325969531
1.0174077338715664
1.1347838951588622
1.2154432236147117
1.189495781385584
1.114927488199206
1.1933740299404234
1.1240606370906583
1.0191280603319204
1.2190858816906958
1.2228394019540756
1.1092730203843866
1.1074166010010815
1.0089951129362267
1.1166077283570393
1.1161947806086898
1.1944098509932757
1.2006163303595785
1.202729788846797
1.0157467675819405
1.102899958622391
1.1260354433287958
1.1901076420274577
1.1948892762845063
1.1904914374520124
1.1176691061459194
1.1193923085976936
1.1153325821071143
1.1877050582507032
1.1226235602967065
1.1349321435355355
1.1130367650813002
1.1260647533183934
1.2159300160150963
1.1898001311217459
1.1139452860680288
1.1037774960063325
1.1912174312695976
1.1911132377621905
1.1137981274356847
1.1124629302835451
1.2229947309476674
1.1101610267668427
1.0198065655165278
1.0082870411236424
1.1174980686335039
1.1894007839092666
1.206020240491982
1.0215387350003884
1.1041978039369003
1.1285879620239585
1.1987260360139822
1.1909668098706065
1.1189690928986682
1.1226462403579909
1.1928883763597518
1.022565011530398
1.1389494204149646
1.1207693616474594
1.1343807424834218
1.2196489167792353
1.1979426662300474
1.1145744355779597
1.1073021111970902
1.1978388528421289
1.1954915859325055
1.198723096818005
1.1171596611395802
1.0202409457900423
1.2241805417093508
1.2279488600202533
1.0189796855879247
1.0209823833202911
1.0157760283230859
1.1918319401665614
1.1987950178925137
1.1345519486169957
1.207595564650858
1.1122308967160357
1.1053147828056222
1.1254807583961497
1.1993958737601937
1.1971664441627792
1.1230738723400433
1.1199358388187035
1.1203491444737876
1.1923263743397132
1.1227939006084435
1.1152168528219648
1.137651166096043
1.121889016912851
1.1999069650045457
1.2183838199390058
1.1227307401768591
1.119507689766635
1.1099752851307803
1.2006789973130725
1.1937227672022304
1.1952055998343096
1.1196607782188877
1.1181294519238778
1.2223340215249296
1.2268507298126932
1.1161302330356853
1.0187620955010506
1.012772000258125
1.1190293682833896
1.1222480198207836
1.2019961280737415
1.2048973852258358
1.2089090365252058
1.1073072571221334
1.1024656112659472
1.1271350900655581
1.1923342798661116
1.1981377937822473
1.1909507575669207
1.1225476096798812
1.1210414087859624
1.122682828565174
1.193045207008963
1.1198873666545652
1.117441968404411
1.1419159460321247
1.1234925765339998
1.135130491076051
1.2186532181408491
1.1255924810433084
1.1159846652979302
1.1094623084143138
1.1994388756113274
1.1970623895767962
1.1288654423975468
1.1193556487920688
1.2237134126864169
1.2254907780546023
1.014767758709387
1.0164710515422304
1.1887818449862049
1.190098545837566
1.1999540793579793
1.1334806315321846
1.2087769923244023
1.113673657728213
1.105358202965416
1.1235949528148081
1.123134041869956
1.1995098323220261
1.1967295999317669
1.1269412216289194
1.1202160980628948
1.1210954075168769
1.1903319148660971
1.116434409892114
1.022105818180832
1.1351334133509028
1.1203348921157892
1.196478096424395
1.2183464988509032
1.123422103678752
1.1159584001598315
1.1080795651597866
1.200595400214815
1.1937107815826735
1.19865490759354
1.1159742799500503
1.1177671400021028
1.2220755657347147
1.2251603864453597
1.1169142799960707
1.023713115557005
