0.6343792656961318
0.5714542667321432
0.5923801077451349
0.6058824224353607
0.5263518173742235
0.47582556210782057
0.5718113350654607
0.5972417807821262
0.5900771908076928
0.5914008615141735
0.5559115763887963
0.5349801589118782
0.5715055767199974
0.5721056264224395
0.5616084729325668
0.5260832462755365
0.6094989063905748
0.5027548399970554
0.5565488150105031
0.6595644682839303
0.5020721281083731
0.5215896400911713
0.5502961284697737
0.5701819788358077
0.5601229312611395
0.4961257956337028
0.6116181941013105
0.6289615606484444
