0.41748309843876885
0.4421099295118567
0.45502821750333167
0.45561817447982006
0.3834098101932007
0.3763284269723882
0.42165463769865485
0.42724481122339586
0.4140244032980256
0.4168263091278732
0.4144370210656505
0.430614635495825
0.41555476028509486
0.4119436001136796
0.4304014210615309
0.47971732899205227
0.431057375070399
0.41185058888388126
0.3931806831923699
0.43590086868087374
0.4354945322224935
0.4339322736121201
0.40141689711668194
0.40890758054790244
0.4838462304609549
0.4915038189954068
0.41007065624999794
0.38933056379743214
0.38301045906114783
0.4120749207123914
0.41601511669589286
0.45468764977645393
0.3837664902235089
0.37609704976172575
0.42103888924237964
0.42585471291987337
0.4274258408020279
0.414890329117109
0.4159429872393775
0.430824391506987
0.41485636103862655
0.4044380399365983
0.4474052115385334
0.4111649520659426
0.4306822184673301
0.4791928309227953
0.43031635500674564
0.4106924786459969
0.43671404071517755
0.4352919595258464
0.4254040917680093
0.4021888032669174
0.39720075262494015
0.48412415847047485
0.49159294413723686
0.40850681249996845
0.38841888813135744
0.38277696580893295
0.4123197545723941
0.41813113699737636
0.4412565240972242
0.45576351941835697
0.45461269004766874
0.38383987534307185
0.377036103500597
0.4217645412407375
0.4251834357574282
0.4425234855843699
0.42694858098246374
0.4154721028224576
0.4146054296966325
0.41433859398902284
0.41440153430823556
0.40316947817370963
0.4460210717206048
0.4807825656736425
0.43222538487811407
0.41287246449974657
0.4367668989686551
0.4263108554685575
0.3966868262310318
0.48349802120863083
0.49069693625750554
0.4094389999999922
0.4010567770307881
0.38112033520867195
0.41149802390638857
0.4170461614144323
0.4411916921875409
0.4552573853003524
0.45473965893575824
0.3838429092244941
0.3765608675206651
0.42188441990206005
0.42520911223233454
0.4414168042591715
0.4268943312372252
0.41616536788942904
0.41546816307311984
0.41466436324210787
0.4308227711830464
0.41394309474738433
0.4460958461554029
0.4111211248563066
0.4311506074180518
0.48022760381748564
0.43224797156476985
0.41171139096001574
0.3936376905269864
0.4368718974427123
0.435900111717472
0.40178386177798586
0.4077822334258868
0.49095378509103227
0.4082346875
0.38975117329677733
0.3809804717669009
0.4126787318755121
0.43405846978804175
0.46344634578078664
0.3924579144250117
0.3854702446194488
0.43102719961739555
0.4499689758578259
0.4323963200224395
0.4222201318426083
0.4230733635405526
0.44030192004191854
0.4106229593503677
0.4557781654466856
0.42267883677193996
0.445705771102754
0.48570061604242437
0.43972276128767634
0.41548813315658684
0.4033583436227458
0.44755163966891276
0.44484865140917407
0.4439002393945542
0.41186765509078993
0.4044248836221567
0.49231161143857394
0.4996516088056855
0.40214074999999244
0.3940334263067657
0.39243559169890796
0.4342226627085415
0.4498540702248965
0.4533157441984894
0.46478953886471785
0.4082468581630898
0.3824102373359697
0.4222435637923756
0.45093833472002853
0.4347729369507367
0.42661937120148674
0.420038271594391
0.42221706226280475
0.43781102626341006
0.4179647205770278
0.4212405337480609
0.4499125147616433
0.42097867935087574
0.4467222513564308
0.48693696575058254
0.42843613201719444
0.41689977326697236
0.40222252178241913
0.44353745023758995
0.44326601551248934
0.4409757413259163
0.4077866186786695
0.41912472121669997
0.48937924091668994
0.4991587823787571
0.41466965624995167
0.3945382657315793
0.38951616591882054
0.42023227013258213
0.42621430594654586
0.4537237055197279
0.4623612751179953
0.4660690785608484
0.4036223273695738
0.38825206251715194
0.43166183497563515
0.4363035859170956
0.45155993153310336
0.43157020623774073
0.4230896854412731
0.42272583255147256
0.43007434310111103
0.4403185789991796
0.4209427063290373
0.4241972533516143
0.45537878291806233
0.42547673508354833
0.4477173135291186
0.48640189600656075
0.43069997300430896
0.4154839072291917
0.40537501412407684
0.44844213830137647
0.4458037281750677
0.4367484181110036
0.4146176114405967
0.49234098192834164
0.49798910911033456
0.3919189761117085
0.3956383214326595
0.42840045325416165
0.43507186951298704
0.448123707580903
0.4513412155348042
0.4632873552606532
0.41156577541954
0.38152080602125427
0.4270057831868572
0.42207750903332086
0.4522099852862255
0.4324888550198931
0.42956846857047026
0.4196560055434213
0.4211626889373139
0.43605788627917624
0.41471158791542806
0.40849090777174246
0.4437051092505273
0.4209425103693045
0.4432042347813995
0.48656616553306054
0.42701990258095757
0.4145235652381375
0.400961403321052
0.4420738510440619
0.4433557981422846
0.4380915126559001
0.40707395637933563
0.4186967215997489
0.4879987499087352
0.49702172834053526
0.4145634687499822
0.3941750298043105
