0.26902790760721973
0.2932241868666615
0.23911530226493904
0.2419172666172537
0.2834027266549396
0.3373399585322131
0.27155262780466694
0.3004081915030269
0.25322724585129086
0.299873566270526
0.28024097027044687
0.2670628723325149
0.28130725906904047
0.3125820714519722
0.2762321690698255
0.3424686697763102
0.27483767653607144
0.279734621243621
0.3869784486243301
0.284577953002995
0.2452900171071
0.3076185044480344
0.34460347699939764
0.3367876818165638
0.28728271004803174
0.33104939800877503
0.3169094908476101
0.3898305374321142
0.3299268296484952
0.31875818116810306
0.3073458640101297
0.35492536749743214
0.3100800916258089
0.4156069596811506
0.3563754828143587
0.30940677370354697
0.37192671797850013
0.3363940420870055
0.3010388431325289
0.3436247846542725
0.29817534511785065
0.3835276955833732
0.34470377995828066
0.30818487506971914
0.2939745872287255
0.27579318417762594
0.29448782961987097
0.24891140066709835
0.2581393061194737
0.3281457288202372
0.2927430412109878
0.28501020658961496
0.25769367778329644
0.31670899314825346
0.2862303260099644
0.28163352317315116
0.27157641299656815
0.28092425854486913
0.28443175328932524
0.333324538429952
0.3564834839418435
0.26852239595215505
0.28638083523439173
0.35661720395766383
0.29159795317613174
0.24480548304158556
0.3112324009544631
0.3427377111065396
0.33685026567401966
0.2865267900131352
0.3334519567810836
0.32843534578470546
0.3898038019614646
0.3233547492609032
0.32627869126024894
0.3025394746365726
0.3518602670561328
0.3098802637443408
0.4040457432079532
0.35737129060815176
0.30813446031473996
0.37303216575984927
0.3378860937216336
0.29543919857426304
0.3590435090578682
0.30224603908563336
0.32621594620710476
0.3447338412771014
0.32415969882651274
0.2937699305661512
0.26080874734842896
0.24002221136769086
0.2844298626402321
0.3013530297886514
0.2857904119908702
0.29404355640464014
0.25338527992452875
0.3004098910916312
0.28502589835277786
0.32740172220120645
0.2737424840320144
0.2817365676500952
0.30523326797835953
0.27898689871844295
0.343167108835489
0.36478484177767073
0.2847276433187589
0.3948934176578284
0.2822535254147067
0.24647343263217136
0.2994145085472324
0.28734220509977876
0.33684299068363727
0.3163248547409329
0.40383077929925243
0.3290638115271287
0.3070022553017072
0.35116279686185947
0.30674293647368656
0.4125063494474622
0.35276508040249754
0.307577987340771
0.3784876304842064
0.33219658926493895
0.30203898658508516
0.3450858090137166
0.29917591703867935
0.3870860647516976
0.34722108573467253
0.30661822260945637
0.29402844136644934
0.31203771915075373
0.3351848757474104
0.27752653207204814
0.2942481358617194
0.34328869290269337
0.3370624414406825
0.2750090369171605
0.3143731891088298
0.31622049459225304
0.2914006879617411
0.3030064824066987
0.3088583096124848
0.3472134698158112
0.3562647504960456
0.29021937789535995
0.3125827429134206
0.3716555569039088
0.3078215048633115
0.2636910142161703
0.31693962358705874
0.3780192273926255
0.3433093115052441
0.3089855637736138
0.34931534838620126
0.34535974538546726
0.34328494177014723
0.3641587143108015
0.3206582095149676
0.3670583076122244
0.327408657411472
0.38144015491120636
0.33288088431805973
0.36780451924928365
0.35236585014019883
0.3137701647969523
0.3667063680805739
0.31355725781571114
0.3795633310445915
0.36146163913957996
0.3281230787928777
0.3258824614342806
0.2893367461232656
0.3126398113471928
0.28702832605029416
0.27794420290795246
0.3334235076235818
0.37640187735849284
0.32840646507443394
0.31605253766201635
0.2847228092895368
0.33178502723181014
0.2902782956066775
0.31439738502860276
0.2947505775018876
0.34266204565379377
0.30863029435467176
0.3541414555818233
0.3732726422209041
0.33199630980743494
0.3795776093045585
0.30540151038913943
0.26330818206207396
0.3400558829901413
0.3743275691126091
0.29809859900007774
0.3545397858269749
0.41922721580972894
0.34569177497159354
0.34857378030012853
0.31488154095645027
0.3681297787876314
0.3293345836121044
0.41630410831289383
0.3749300803346186
0.3281843078216615
0.38292307065807274
0.35754556126003695
0.3041764830719804
0.37239151768668843
0.3121303216374618
0.3687222992981385
0.3586426052190585
0.33992401501347375
0.32560082364508186
0.33601769709699986
0.2808117681685769
0.29217514131646755
0.29192298033461894
0.3269293812655844
0.31916267838917134
0.2897532565497396
0.28704653749869036
0.3035616077509446
0.32138308529555615
0.2873853169918367
0.30756897677618966
0.33491610524685944
0.30850137793576304
0.34777859446172715
0.37045482573547717
0.3076736374069109
0.2782246946579494
0.34891882331811586
0.3144273418646421
0.3415737959474966
0.3355889683520784
0.4152287759926815
0.34737667628808394
0.35579277976360346
0.31744143485968696
0.37545717410462237
0.3248122237556213
0.4229484672447099
0.3832573049845428
0.32555743643549573
0.3679530159633399
0.34791141046391405
0.31074521033042174
0.37570931694663934
0.314317291892965
0.38679211656476614
0.35663655884258116
0.32698669445771456
0.33584993376232275
0.2795941540750897
0.28436580913996234
0.3213628729763695
0.37385148926948636
0.31376354198736145
0.31809793381690293
0.28408721906016976
0.3325341644128359
0.27981299998216996
0.30760298063779457
0.2981092666413812
0.2856440252308731
0.34556687921091234
0.32285916366125444
0.35179426556635474
0.36341588861181157
0.3726600458335334
0.30883504948196966
0.27581806584659246
0.33481666184096903
0.37379559010424596
0.3512632635955303
0.3081737948161217
0.34496419366174963
0.35634829007531055
0.4213178750956042
0.3519347719940355
0.34723882576945453
0.3160879744615166
0.369967320530874
0.331905053937612
0.4317535598097055
0.38337500731611085
0.33689839683984535
0.38874842543292554
0.357142350421373
0.37056370798286126
0.3157710991156486
0.37800253785632454
0.36300205863849644
0.3431259940666274
