0.4172539993744922
0.3614306137539449
0.38230626220925495
0.3752372007615093
0.36894227396608326
0.3822925615279745
0.3923836044307533
0.4175587325089005
0.371278462786052
0.42701992290413593
0.37048475891758886
0.3346468336001372
0.3723681462274591
0.35937674912607925
0.37089678664293646
0.3022053395646202
0.422271133853621
0.3357948120995174
0.3807516861547192
0.40424057678825664
0.3994432573099327
0.35677309813380664
0.38061629470890307
0.354206157838123
0.4038543914801873
0.3218057593536412
0.3889624592218018
0.4023819613960471
0.36360546109104
0.3480750039673193
0.44485844351625686
0.4114200261803179
0.36466825574280626
0.38170288973949573
0.3739527335342174
0.39262609376143776
0.3717412539376179
0.38758400380001223
0.37631002409788367
0.41033275931581625
0.34971192342158347
0.3818511249633587
0.36792142318306936
0.37220451146301436
0.29649295926158653
0.4260967584193154
0.33220087154365924
0.3814601966093504
0.39977605340325106
0.3946851736526608
0.37262053633722003
0.37874119162947945
0.3707537437238774
0.3540896898680469
0.41241495647862897
0.3084404564337804
0.3801871542297661
0.3893344201822013
0.40240925262053867
0.3328974986862503
0.3445485909071255
0.43847177247822455
0.404091145722004
0.3588519032711376
0.38507547185050595
0.3751146032703564
0.3675728969699562
0.37568669074152655
0.3887516088285408
0.4106696781514936
0.37328510202405923
0.4165433551636119
0.3770825723608373
0.33313042937220033
0.3770778411341106
0.3649986834006055
0.3704199339819766
0.29594255435247496
0.4244080096347349
0.3349032610537038
0.3779097296120907
0.40485653461993004
0.39983411746192604
0.365989813922927
0.3763592981462618
0.38603954682415503
0.3568112252288529
0.38847768292811785
0.40269645325985653
0.3616964642152825
0.34946255249656727
0.4432272144217469
0.42042132430987417
0.3742276586240627
0.3939076393229733
0.3950146801868444
0.38984200478106323
0.40350037625169977
0.4229746971889826
0.39794227316074415
0.4126305486537648
0.3543331628531818
0.3843444250604597
0.39173047546035483
0.3965709088388257
0.30978860217978793
0.4334993624847654
0.33733037524072895
0.3958882513499915
0.4093618313895492
0.4016304025234797
0.38270571482263427
0.38754782815842814
0.3704463390812479
0.40894460578419056
0.3239924305318531
0.3871166910445633
0.41451536837957564
0.3356888741377295
0.44329840838997714
0.4078876511042502
0.36666126215468964
0.40390777908990194
0.3868293582324268
0.3883933749584499
0.40310354846827234
0.4289796071874193
0.3922950687635813
0.41945980404037775
0.38348008542689815
0.3524693350336308
0.3923461578956939
0.37410268437314587
0.40010907944946006
0.3032383695012893
0.4274595994433339
0.348952771811058
0.4041810936124147
0.4088908795107632
0.4035227557378037
0.37970784368331445
0.41011766198100147
0.3828473693502223
0.36584946026495446
0.419332594128766
0.3337934100186571
0.3895669464669395
0.38982831968420595
0.42118856720934345
0.3455687454103059
0.36787229075680933
0.3719783205198918
0.3954356893478944
0.4124632124137056
0.37834786460042436
0.3955135301566731
0.4259483723293713
0.4069108218126658
0.3836663231061204
0.35394664056572517
0.3847490066900188
0.38264614855961776
0.3843220985608278
0.3126745737520737
0.4276962101323266
0.41254021265081303
0.4045178345794611
0.37810148059811266
0.379154259192498
0.37808316976070366
0.3704113513542591
0.4037891126530382
0.3254341012486234
0.3864049203800811
0.3417585351232296
0.3627255316311171
0.4339411802126929
0.42455890504398064
0.36686118355606134
0.40115389738766755
0.3884151894772856
0.39301827000763717
0.39076454147645395
0.397001361989273
0.41943477807965274
0.40033038013433925
0.4185262247254344
0.38260891402539454
0.39082204223657524
0.37119332646771125
0.38823336333485103
0.3051719645494976
0.42266076371863615
0.35130900607475124
0.4018988488107644
0.4185964027908568
0.4139193666387163
0.4022274607872543
0.38688021018738605
0.3689339327382498
0.4163353629461927
0.32659364707310085
0.40776018805584235
0.39822667687531055
0.4216430361858686
0.3530879702669514
0.37075100412691653
