0.28629485179407177
0.3555224295739348
0.3438708036622584
0.31006877013388257
0.2601497005988024
0.2643200153668843
0.22439601538461537
0.2805742532604123
0.23286963434022256
0.27611269106239456
0.24882979999999996
0.2320057581573896
0.23556829511465602
0.23495479622641507
0.2711325966850828
0.21732943005008346
0.25569367430542245
0.21955647819687213
0.31223499546027744
0.23870604147880972
0.266516714379085
0.2498412138320395
0.2523833656041512
0.2831503892223738
0.29314588573481853
0.2383122242424242
0.28789119223950005
0.30436789861424424
0.32761515481049563
0.30204193529411766
0.26255297586206894
0.3184037550432276
0.3336268748726655
0.2844838127388535
0.2674899921671018
0.2677061636363636
0.237058663681592
0.29987019525691694
0.2688799076212471
0.272245406312769
0.29362688900915906
0.2412043544205706
0.35156979999999993
0.28708791208791207
0.24661504424778757
0.25646323896451684
0.3423207547169811
0.33600151745068285
0.3042827471890971
0.2459854883671291
0.20386434117647056
0.2358606557377049
0.2852846054333764
0.29005046072838964
0.26474719101123595
0.19110891069354285
0.28122453148450244
0.27084512597793375
0.2558378378378378
0.3319372121158911
0.32233257749096533
0.2606783331627758
0.2874513028901734
0.24468917944664031
0.29253060305927336
0.2657461119133574
0.23827917042459734
0.23862153344208809
0.29804582600568874
0.2776815330944917
0.3015187795918367
0.3166198858614768
0.29349994705882354
0.295351312605042
0.28481792229431613
0.35816393314794215
0.2923526798933965
0.31245695714285715
0.3348840139534883
0.24300209166666664
0.2596846643356643
0.25525805722274
0.2887847642079806
0.2927078666916448
0.3026785714285714
0.30449370000000003
0.30301111377125706
0.3002310164724789
0.24504470938897166
0.33414200911793857
0.2604710738853503
0.28089809888712236
0.29538690476190477
0.2253855894736842
0.2907136356164383
0.35160501126760557
0.2976224315789473
0.3510347826086956
0.25225301392016375
0.23482014006810442
0.32817124735729386
0.30479125545796737
0.3094182781649757
0.3093942992874109
0.22322431837372947
0.22618384401114205
0.27068400159195644
0.24150410108623363
0.28547264570920405
0.31392741157024795
0.23798305071496662
0.22910296560509552
0.2845568071182548
0.23525666868686865
0.2892862146398141
0.35068410119176596
0.2537454425531915
0.24627277029702968
0.35418561733951026
0.24470019723661482
0.25582451698113207
0.3959250626625861
0.31214888716577543
0.24406766296296295
0.27149052994662976
0.26281204401114205
0.23321042499999997
0.2462750085845189
0.32072560896309316
0.2502129378971503
0.2220564070941337
0.36322158571428564
0.2466875411997363
0.3109283295464751
0.24449406645519428
0.3776951672862453
0.34593558282208586
0.2169480000928936
0.2489024771653543
0.2602641173609439
0.23422107674684992
0.24595082893890674
0.27699577202572345
0.29006437504520793
0.27888808161434975
0.24607296137339055
0.25128269617706234
0.21124548947906024
0.2789086687306501
0.314705312136487
0.277027027027027
0.28210315294117644
0.2431885125184094
0.30829905679475167
0.23520705217391302
0.24130040344827583
0.26455830232558136
0.2793696500749625
0.24212212558139531
0.28736724401368297
0.2878798686498856
0.2855698
0.3296295014925373
0.2803927571984436
0.27814920161104717
0.2643329578947368
0.30880771522842637
0.28641080869565216
0.27989308817635267
0.32170788238341963
0.3114850360773085
0.2900819457489878
0.3070368171912833
0.2895843413870246
0.2219258589511754
0.2561892210067764
0.25745189982788297
0.22729793977812993
0.2612863359832636
0.34452554636723903
0.27997079999999996
0.3104307467455621
0.28255197943465793
0.23261012190179264
0.24581403044341493
0.21145791069354286
0.2894329576923077
0.2712380703065562
0.2825180758620689
0.2525087924380704
0.22268392370572207
0.28586956521739126
0.24539800995024874
0.3193233657686212
0.29820581726209294
0.28674401975203073
0.3151775804661487
0.2396003411089866
0.22637781221374043
0.289902611521603
0.28639097155506366
0.22947063652840707
0.31802181465614426
0.2917710522361359
0.2878766765013055
0.28731008959875337
0.26370053852295405
0.2843876230162027
0.3146261084337349
0.2140243697487974
0.2595194846723334
0.2528063368682684
0.25922187131620344
0.2809216518518518
0.36367353779777656
0.2791389501194458
0.3905971775216138
0.2459585961038961
0.28401539967961553
0.3387938854499579
0.3305812367205543
0.3016704191950464
0.2627419354838709
0.30393466486486487
0.2852218988723172
0.2582382310984308
0.304955711840968
0.2450140724458204
0.27163945944272444
0.30885578209213715
0.2608651899579636
0.34028475327102803
0.2938032211652794
0.22666389591018443
0.26471304579439253
0.2549690805755395
0.26748640458015266
0.30259921176470583
0.22516116010966414
0.31658568310038115
0.2967610604691572
0.2596295422350041
0.25745775394154113
0.24281452437777018
0.30913257099651026
0.21610423444491345
0.281275942019544
0.31968862817643184
0.19798074461703263
0.30155723718592964
0.23773603711340202
0.30194444444444446
0.34198113207547165
0.2339070594323873
0.28576823478636165
0.21450995405819295
0.28110038610038607
0.25786151491966336
0.29838949454905844
0.23245124962406016
0.2941419141914191
0.2668627728948114
0.19944533516618793
0.2748834955919046
0.26850828729281767
0.2486922088818398
0.2690366508287293
0.2819039353925354
0.2353534624775583
0.27065785
0.23325946817082996
0.32392614847080625
0.3071099416765053
0.34457566510263926
0.31261160714285713
0.21002982241826673
0.2317596734177215
0.2850688552668871
0.25543506410026856
0.3302845071334214
0.270399568945869
0.23966519052496796
0.2686287351619768
0.32595568538011693
0.2736401125
0.2924164486803519
0.3071304717226435
0.27008776407185625
0.22855423360790772
0.3479397360341151
0.3053751143641354
0.31139542094617756
0.2963832275309054
0.21879655016734845
0.3128378378378378
0.28754295436241606
