0.6263262957815319
0.5753786440757461
0.5869761713308089
0.6336930807887527
0.5923068572658591
0.5605783875698244
0.6606494409904705
0.658607803985628
0.6884791314270946
0.6025862758675791
0.6220029194427545
0.5785760523904941
0.568156590334516
0.5977769604585812
0.5619986881263006
0.5809699550674052
0.6150815362340105
0.45165479210646003
0.65386185400772
0.6430336747625911
0.6457593349520798
0.5749751405383628
0.6013692392405533
0.5713819658862769
0.5963540146249041
0.5640525752469531
0.6271730275133423
0.6148947573615589
