0.3296123688174115
0.3443068937930671
0.34980845106784225
0.35072852611022254
0.3523243907677827
0.31610676703926993
0.34795460419966984
0.33793293504985816
0.377876066603024
0.31832575534461965
0.32524949038198214
0.3452136757941009
0.3366588604085746
0.3430979227660283
0.3774163998134837
0.3376041600628127
0.35151312473874224
0.3604571927509232
0.4011722908120989
0.33269540223131194
0.3707920536471498
0.33234537836003175
0.324289890655132
0.33752590686728895
0.34293133971329026
0.3726358218027563
0.33238825200159744
0.3560557904487476
0.319829948565361
0.3976292502573162
0.326581502124313
0.35933871456252364
0.33466295518737504
0.32370390111458797
0.34158179893550017
0.3423442029104234
0.32933571286688973
0.3886715234123716
0.3229788837123442
0.35187233033048904
0.3923879614589715
0.3378904156429447
0.31336499535424933
0.3464442153679789
0.3301581826665601
0.3417015134495543
0.34191730451410096
0.33909826830102063
0.3158691539964279
0.34124039230851455
0.3309979082273108
0.39101239407456295
0.38805902116448276
0.4021322185646865
0.3533539172730559
0.3122522779028526
0.34894452194528613
0.3471456885278105
0.35111522665354095
0.3433703495953079
0.3241951312087016
0.35755407291877317
0.34427679520807775
0.3014434026074625
0.3134420985990364
0.39812918816871495
0.3403915022105653
0.40386315081930146
0.3575414155678926
0.35044325417424366
0.3663000233992348
0.32914625781511353
0.3676826026683679
0.3559880112521526
0.34040919524543806
0.39504189355938457
0.3134581049687691
0.3356969736331448
0.3589041253943145
0.3549319169247184
0.34000612064348473
0.3494709831782149
0.33715191166834785
0.34007481203049506
0.34817437872840334
0.34513164171932637
0.3977607509735155
0.3255883626631486
0.3887901895450638
0.3329429342117774
0.35476589750803206
0.361668130434671
0.3398032928449085
0.3590261113186725
0.32827779765849907
0.34310070248081
0.3738850158214352
0.3426182154401242
0.3382701579953172
0.33125139852109936
0.36095855345669714
0.3977547582566026
0.3499598089487115
0.3415278773891328
0.37136177431365036
0.3733429904200445
0.33358943127381663
0.34587206247866387
0.35959335860493236
0.3236609238573944
0.312748333072898
0.3385251601550295
0.34386107949507183
0.33700286422774317
0.3319736360979643
0.368364120203732
0.3651137797193643
0.345394759120043
0.3516968522487367
0.3307571152068176
0.3379742079163453
0.32384901987787257
0.3462470105217484
0.3252430196344064
0.33431402198971355
0.33199308976715397
0.34352257087560434
0.38508158319839314
0.333354581595722
0.30825584765652814
0.3462261311247562
0.33710054354877655
0.32632563692365457
0.4070225882366152
0.3686058108903723
0.3218691048812778
0.33200916816625353
0.3296929880100314
0.31408618645329384
0.34593287932049205
0.3338528858000197
0.4021249850479696
0.35012038227680076
0.33308544775956284
0.3642954688365735
0.34887085998259126
0.3348279916824778
0.37951550573759885
0.32389811488043574
0.33362014202888685
0.3371872005044455
0.3210343633718787
0.34005497457444156
0.3514829619721891
0.36530818117348884
0.3343139350749116
0.32402964706129206
0.39304675074176476
0.32012816570349406
0.34839208023683677
0.33975170039840485
0.3613595989764881
0.3635610388391411
0.3423725524986427
0.3357620818558339
0.3273158374207203
0.351795839618811
0.35503576154639627
0.3333142154663605
0.3400019186046014
0.368655378015134
0.3576916176548681
0.326351976923546
0.3449032329024222
0.3278523431372461
0.3648790430984744
0.3350036589591009
0.3332995502456349
0.3695954017233794
0.33842721778618146
0.31416604936711406
0.3224577238723487
0.33929702955280594
0.3021765785186153
0.3393178546297718
0.3310871223158849
0.3318594509649539
0.3151285003343341
0.3191989762560603
0.3431582898348045
0.3400552763839429
0.31630939776216876
0.3636771212576225
0.33262903896584206
0.36245396854772605
0.3867622290937163
0.3361252120320769
0.3399632450555546
0.35366495783679697
0.3957483952859979
0.352615814207164
0.3257778372476988
0.3520058876574747
0.334095281663561
0.30244017087593705
0.34187607540155485
0.33994327253446693
0.40150131165229663
0.34516004407014633
0.33689985912533676
0.3403271284384324
0.3417987295798334
0.3075608427919857
0.33649785200464144
0.33215000892742946
0.35393701291956114
0.34570317129710415
0.31679106961374637
0.3326929952040611
0.3449272825676096
0.3192906334496855
0.39321870067094056
0.3576899771376819
0.3380804333662723
0.3454073860396613
0.3392940248126299
0.3523081288708466
0.3218542360996738
0.34893466368768694
0.3374263457172017
0.3419902770937125
0.3209053124210952
0.3236527928608983
0.35802567517577827
0.35335245189028214
0.351161943196852
0.3111594751247102
0.383791668875574
0.3380086808873815
0.3453528283076327
0.3420860447474606
0.32324825112900096
0.34782709126884337
