1.734779219292469
1.737853585222721
1.9250529603745834
1.9241681743125616
2.063598773216286
1.9170343133152752
2.062988310884729
1.7365454558074631
1.930408253984433
1.917388391717876
1.9188527952349375
1.9231360325073807
1.7366977305338376
1.9230168425649046
1.9303469444055867
1.9213886095441766
1.924716234522347
1.7418149876028077
1.7498087062973546
1.920495932374425
1.9281984560076624
1.9205800797115313
1.918794161652668
1.9219399910344033
1.9224552197313178
1.9288019007925497
1.920796011053659
1.7401298819238404
1.7329115457340967
2.073107524471252
1.7341754631638486
1.741016517229373
1.7363185166963073
1.9186449220170962
2.0616306420738266
1.9224678160825286
1.9194963096496285
2.070835008109479
1.7337099542295213
1.9242697832935307
1.9330024986768282
1.9213498562479006
2.0550128979280817
1.9237858537219623
1.734694840223555
1.9223664293796603
1.9225968256085793
1.921817962270548
1.916766241224984
1.7380744896512514
1.9206140095466213
1.747364562131992
1.9322722973209965
2.0739853405386164
1.9247211577237604
1.9163378061477054
1.9241638594316017
1.9236413027402381
1.9248987957758397
1.923217989591718
1.7336782135445856
2.0650875739661005
2.0619032468403
1.728992246110597
1.731666242737691
1.7488352566002427
1.9222231042562812
1.935927468180417
2.0651768456111643
1.9241157626169725
2.0668411118400147
1.7350461436312985
1.7429452172411364
1.9253090489175266
1.9224081307284167
2.072490823252684
1.916654157645349
1.9213462293723758
1.7409274539783728
1.9251612005774779
1.9221841676750064
2.063571222761284
1.9212105929361463
1.7370629645822016
1.9239302469458277
1.738997433019941
1.934125754937664
1.7337176242879215
2.0709831985566285
1.92053803850931
1.9252388817683184
1.9264790220948829
2.0611848985832744
1.7409367863012852
1.7344654592395208
2.061543415580938
1.9294055458022885
1.9227209133315903
1.9215307208589534
1.7350706338129571
1.7415420311610836
1.9343283632042851
1.9241061529321188
2.061490291490456
1.9289251968501244
2.0684192796244747
1.9214185481820452
2.06217764742499
1.926201580718029
1.9186452878244162
1.9162970333651732
2.0606314068742067
2.061487813813335
1.736036288513055
1.9215416832232204
1.9281327513209408
1.9273470683213987
1.9232786193230778
1.7391857194389453
1.9199547346607677
1.9216376095491818
2.0575742821952723
1.9235008626200818
1.91928210942758
2.05943490347167
1.9201561125361788
1.9227032572801233
1.7467521869238696
2.0598412659877816
2.05458992893041
1.7385128125410252
1.7369981260777971
1.7343480643771614
1.936065015724369
1.9279175996701396
1.7335551900388715
1.8740398033118564
1.9197676692255343
1.9164596602301427
1.923178802697099
1.9217486792969154
1.9353685742659459
2.0629503530310367
1.920531183674863
1.927197105926368
2.0637744677443965
1.9213732630257743
2.0692501155360543
1.9189312066166724
1.9210019637998776
1.7367486651970554
1.9182208154107785
2.0609670915106375
1.9247905954726008
1.927439297183386
1.9207189515859147
1.9184888231708939
1.9331992592804268
1.9177301666148776
1.9236247698671873
1.9219730347069348
1.7415876098496612
2.0657722836637338
2.061517605266206
1.9211111505799487
1.919261248417571
1.7392319682651045
1.7407602821935109
1.7359193162120155
2.060688601956483
2.0676685883685373
1.7407920972649729
1.7341387402237296
1.7381570663784809
1.9194830131326774
1.9274526116702708
2.05994577467472
1.9204708930067511
2.067088960972006
1.7367028543305185
1.9163656575706174
1.7330806866281752
1.9225398586236808
1.9142951326506146
2.060837550524087
1.9201507272131682
1.7353028018019725
1.9167901529612739
1.917970448623311
1.923179637635862
2.0609710707450257
1.732064152078047
1.9271115788334332
1.7355065687940037
1.9266548959172463
1.9314762904401515
1.9215010555885215
1.92194328394858
1.9247398254134744
1.9337926442236653
1.9246698373784743
1.7339859553899066
2.063397509568928
2.0595756693907195
1.7291880070810837
1.7376903214619193
1.7368804001727387
1.9353053237034619
1.9228349375246223
1.9215783810261426
2.061234408492605
1.922760595109571
2.0544441430339644
1.7367473891069238
1.7356466250482867
1.925309235027066
1.9231713759255287
2.0557991853002355
1.9204983471413417
1.7379321906723477
1.9175959956050481
1.933207466485933
1.925435431065894
1.9214870100568966
1.9233920666457256
1.7366767110001695
1.9248892276912934
1.7332102479328926
1.924030054324881
2.0603977986791455
1.9221056298386494
1.9189385209034382
1.918710932000594
1.925850380251049
2.063696116776822
1.924317683590428
1.9161973140731006
1.7459809894679947
1.7363977115236688
2.0623310400299575
2.06106379917361
1.7335138445318903
2.062478094241377
