0.3346879875195008
0.5194750023391813
0.46903187521193623
0.3824084636457261
0.2736826347305389
0.28341336918939686
0.24452136923076923
0.3213399242742953
0.21002914679385268
0.33418561247892076
0.2395175333333333
0.20801343570057582
0.21632602193419742
0.26915852452830186
0.2993093922651934
0.22803267011686143
0.2555332400459859
0.2332291157927016
0.38746298940731405
0.2236474301172227
0.2536550002178649
0.24962949894142555
0.2478091864096862
0.2924669081855389
0.35067373338124325
0.21497652323232322
0.33066078189216686
0.3691064300999033
0.3303273612244898
0.32104318235294116
0.26766227701149425
0.3708487617675312
0.3947413747028862
0.32271022972399155
0.25204998172323756
0.28356238181818183
0.2740675485903814
0.3586117889328063
0.2940531177829099
0.3251619480631277
0.3014080743547044
0.22172482698133145
0.4792442
0.33653846153846156
0.24210176991150442
0.25732889091720595
0.46541509433962264
0.4506702073849266
0.36890774344122657
0.23288080618996798
0.19661412941176468
0.21700819672131147
0.3323307460112117
0.34345107503290917
0.28441011235955055
0.14359545828493336
0.3461132401305057
0.29088662728184556
0.2636216216216216
0.49545082827041265
0.41102401414558587
0.32918011071314357
0.3296343734104046
0.2686160853754941
0.3414860738049713
0.24798092779783393
0.21489939765739385
0.22345024469820557
0.3543549273466071
0.3068382438871473
0.36245848571428574
0.39769440034344594
0.34374787647058824
0.34806772941176467
0.2614738186867376
0.4674985106785317
0.3488229197512585
0.36084890000000003
0.3782946992248062
0.22591954722222224
0.2338375501165501
0.25451680018639333
0.34049778315195484
0.34189968894717115
0.3729166666666667
0.3267639666666667
0.36594059879959984
0.3672057051024508
0.23843765524093394
0.47733935460852334
0.2666805057324841
0.3143435640699523
0.3559027777777778
0.18481437543859652
0.3372464831050228
0.47932635962441317
0.35336700701754387
0.4857478260869565
0.24750503248038214
0.26884432682557696
0.43239957716701904
0.37009426273525725
0.3808906490516101
0.38858669833729215
0.21853140953870212
0.19442896935933146
0.35252667038123164
0.2301762358678785
0.32501750665480955
0.43017196033057853
0.21420845166825547
0.23224825307855626
0.2918725499425947
0.2078468936026936
0.3067838341595662
0.47717756944745393
0.3130033659574468
0.23355113069306932
0.48534777379219063
0.2298817935521013
0.2558385396226415
0.4897171462127009
0.34462607005347595
0.22452988024691356
0.2613845698754695
0.21012676935933144
0.20307232500000003
0.2335563533638775
0.356886420913884
0.2427448550933508
0.2158062832196453
0.5064316999999999
0.24227092946605142
0.3417781022751085
0.22940082172878667
0.5479553903345724
0.4738496932515337
0.22714266688341847
0.23968711338582677
0.26619760717553576
0.21318251240931652
0.23279993419078243
0.2781061347266881
0.3357315417721519
0.37166952376681617
0.24083690987124465
0.2529929577464789
0.15182080878447396
0.31745356037151706
0.400979061651803
0.31306306306306303
0.35591535686274506
0.234106529209622
0.41703913252108715
0.2697471217391304
0.22194894137931034
0.24520937209302324
0.3107771835082459
0.2238662930232558
0.29843023603192703
0.33063436018306636
0.3252442
0.42805017014925373
0.313164433463035
0.3079294704257768
0.27569156842105264
0.28644333553299495
0.2651905536231884
0.2809905390781563
0.38243439222797926
0.32369708418038656
0.3357725400809717
0.324945906779661
0.3346114632363908
0.184493670886076
0.2295575156824782
0.25963576626506024
0.19702852614896987
0.22594678396094842
0.4628076081902245
0.35093986666666666
0.38325307573964496
0.3182026186808685
0.24043161777084956
0.24023273770130157
0.1523164582849334
0.3187542346153846
0.29180349738196465
0.31812351034482755
0.31011784902216427
0.18626248864668485
0.333695652173913
0.2392620232172471
0.40400252012678284
0.3624802402782169
0.32798404608807186
0.4020810210876803
0.25674212925430207
0.24914556183206107
0.335354093550407
0.3659202669618152
0.19434615189961657
0.4397255675310033
0.3397137885509839
0.2879909118363795
0.3370568757304246
0.2742159232202262
0.3224857870378064
0.36203425301204817
0.15830486274719402
0.2644601309021113
0.24879611935929302
0.26376569973780806
0.3143985209876543
0.39120758819481205
0.24822288361204015
0.5703080808837656
0.22894205757575758
0.2906092659191029
0.3874177327165685
0.3798828856812933
0.3628123114551084
0.2797311827956989
0.3680955513513514
0.3321844307020735
0.2692225392296719
0.37047799429559203
0.23061416904024767
0.29274007203302377
0.28655549154832005
0.224964109901915
0.4529124242990654
0.3134475160523187
0.21880509045709703
0.2339424401869159
0.2538425213429256
0.2520416106870229
0.3649794941176471
0.2463067069225497
0.3976145939008895
0.3823651410947002
0.22208093188167627
0.2596494258635961
0.23323389021479715
0.4422399989918574
0.19416588037146476
0.3462331980456026
0.404854799078341
0.1518777374397429
0.36254822010050247
0.21363208659793814
0.3712037037037037
0.46462264150943394
0.26671380534223704
0.33345921450151056
0.16718989280245022
0.32256756756756755
0.2683435348125478
0.3629088206144697
0.2633169157894737
0.35299779977997797
0.2893464700878934
0.18630311538777183
0.30030948971444416
0.29318600368324127
0.3012124873909595
0.28666685193370167
0.37870651591591586
0.20807274578096946
0.26331764999999996
0.21093875906526993
0.41474234643188135
0.3755045305785124
0.46292455190615833
0.39609375
0.21100025230928904
0.19968723797468355
0.32407532895606994
0.25492981623396
0.33655584997798327
0.24721099420702752
0.21813344455825864
0.25470704871127925
0.3574619325536062
0.29740826249999996
0.3102117135874878
0.37555243401950167
0.289119449500998
0.2542238784184514
0.47077405074626866
0.37920860018298264
0.34286798220774767
0.358227530905446
0.20044795039047972
0.3966216216216216
0.32984822684563764
