2.1889987430959996
2.090800369810906
2.083929515439055
2.144040634310276
2.0953957598851463
1.9694724709476654
2.0020229864690684
2.1336042596019738
1.944951492955022
1.9675420794283462
2.1350327573427754
2.2704555711084824
1.9481998102196514
1.9391131377599997
2.1008825263609427
2.1129686481261154
2.0965930920019944
1.9261481966662752
1.9810774796312298
2.2925674153408666
2.0959773533454356
2.1057209535007826
2.1603732414971866
1.9853604416664579
1.9595701194633488
2.1226109717767296
2.18833570715784
2.1314627752574653
