1.8977019514107092
1.8097258824526243
1.9350367789239051
1.9426104322873965
1.8869041380225213
1.8761834906650656
1.5864030579733381
1.9097212633077194
1.8398585602476127
1.7784610098541092
1.9041652431992129
1.8454308539581137
1.8733118268653088
1.5870631060231086
1.885835556014064
1.5628721671842964
1.9063116249600407
1.5869607276230961
1.9598937915713002
1.8535707359199078
2.0486897027876725
1.8910337177201666
1.9139533744040247
2.0600968524404655
1.8780215225117671
1.910358251243421
1.9305338697411087
1.9415103609413793
2.4154958979974763
2.142671215758754
1.9464924891523443
2.1216252944623775
2.1968149445521767
1.9263598657681251
2.060503187485672
1.9219008818991528
1.5925343531359504
1.9575259618032956
1.8979998822509794
1.7538744633746022
2.1599550326739454
1.8981876487485838
1.9703520508259864
1.9070561542450457
1.865097605300605
1.9261769360315544
1.9453582641295608
1.9465253488293488
1.9395835925305103
1.9091232576451829
1.5735078978469939
1.8730162410462414
1.8821732597125664
1.89853083100322
1.8770854162698496
1.6970597405569061
1.7704221918730352
1.9406539417272586
1.872177185460937
1.6691201946391945
1.9757846751278496
1.6038003989543064
1.9527837102745682
1.7349207531868363
1.9331333207239971
2.0651345081057433
1.913630767345061
1.8667313821392202
1.960339063185235
1.930359522172924
1.937055477477538
1.96843899061884
1.9180412161514317
1.9349646830830438
2.221966982659463
2.1080453730118367
1.9002334243752812
2.073530923625075
2.27899422304124
1.9023029028583125
2.0573954585642915
1.9047830841329982
1.9062739099153636
1.9298606957684485
1.8882532651588357
2.1503684400332914
1.92031168678011
1.8995127179165705
1.8592084634881887
1.7726512616343673
1.9096953036766044
1.923949331697524
1.9251263465414177
1.869871873889389
1.9356050025248446
1.9881425204932683
1.9410811064878513
1.9336104407067798
1.9204289855384433
1.5890623842835752
1.9250383574345593
1.9284993056680841
1.9514154616155222
1.907931931361605
1.7010225729229846
1.872543718790948
1.6077313906622164
1.8545945182410004
1.9305166309787793
1.7801307769652261
1.9468059125067163
1.7120809238349477
2.0965349698192814
1.8950385913364287
2.0585804623411654
1.976023778074476
1.6202422751772185
1.8853551724059934
1.9591244896611515
1.897895184142481
1.9206592330674197
2.4592561450089305
2.1829740566428972
1.9390008563133676
2.1190034381473066
2.2203281856575643
1.8882513929943143
1.889127500582089
2.2181237821522513
1.9277731096976547
1.7057952508766823
2.002647408397281
1.877800627181899
2.1719265029285566
1.9201645047873908
1.9448045261025078
1.9249460510478458
1.5714310559747338
1.9023909964343104
1.919382745729542
1.8592493760977278
1.9350406250499583
2.0841804234263304
1.9147353042281625
1.637258045842234
1.8960340786447611
1.864471098045644
1.8707170769396593
1.8962493677472354
1.942899202418835
1.8806602786464193
1.7458573022018793
1.8888420995355237
1.7543399117468867
1.6012755918575232
1.9015031987336715
2.079974799654337
1.9660634355934623
1.9164645068911876
2.069936749957428
1.9202099346686476
1.925948284909071
1.9444418077897065
1.9281895647721239
1.9214377717834683
1.9223805226996085
2.412942983403754
2.252995103728001
2.0935600568866413
2.076944341203713
2.2468508327950336
1.9299341179893468
2.196575305133778
1.9534272787442073
1.853346175980917
2.0425120453513688
1.9281784254211982
1.8630620693697382
2.1366203896754103
1.9683665777793056
1.7315605174100024
1.9356482783971072
1.9122474913998282
1.7132516693682045
1.8760481564030886
1.8685377464901003
2.0190373022659616
1.9201116409588652
1.9584904668045724
1.6021069336530094
1.8417416821221313
1.888296339597966
1.8829125562839766
1.9637071742328864
1.9175363292581051
1.9520322698068535
1.927521845753637
1.6979159186637243
1.5928503336009723
1.9345556324786717
1.7439780052352973
1.9014732654802433
1.7583893875913523
1.9457181388646865
2.1365349114173955
1.8775387734150453
1.9213593806588798
1.9354417475889825
2.084958915714216
1.884897064844287
1.9015330251707798
1.9485234615998674
1.9077247775551733
1.9231591854027037
2.577626214775732
2.2470398463083576
2.008985220368191
1.9260915633448388
2.0935743749787146
2.2754848276136173
2.2321989168426373
1.946355548221072
1.8786603603324816
1.9301915252384265
1.8716135012166473
1.8946137619956398
1.9571613096401281
1.9243314611643159
1.9485281108732253
2.4155795136449227
2.14273016732936
1.9682422228235334
2.0888109932478485
1.7444551800081858
2.1414029445319946
1.9118238773885088
2.074492752178918
1.9496483173856731
1.577402950207686
1.9692349843523973
1.7661539340664352
2.1384213917398984
1.9195621272465868
1.851635162310227
1.6406992406695198
1.7304078224453916
1.7575795862878858
1.9617332674218673
1.7066164997657585
1.9259417220593769
1.9070461529980434
1.908776552927526
1.9274665188732303
1.5780627482265435
1.906596357687206
1.8475505428336114
1.8827882217532148
1.855159111692729
1.8979289971011288
1.6097825644494104
1.8959998576418429
1.8999532820606653
1.5654864812286
1.921581010661503
1.9040744672606986
1.5950100208182934
1.9287384078903176
1.6165102003693554
1.8757295291082707
2.050563272366592
1.8628258736532435
1.956670824611925
1.9250102557782882
2.012108602215148
1.9122702304559953
1.5742572903245493
1.9048497305178118
1.9118261892045423
1.9046026565791978
2.4120206071885053
2.122283477682717
1.9243540405994137
2.067002792268163
2.2616210597135784
1.900750323517926
2.103956270009722
1.9928184755860692
1.9160812886388532
1.6024211410748583
1.9898449504562399
1.9084242432414644
2.1458062600832153
1.923173516045698
1.7529643767286174
1.9309881230822803
1.9313365959983688
