0.7342443339241369
0.716960934248422
0.6686909271975096
0.6230815794850206
0.7032781059645896
0.7699548404362759
0.6221927733742819
0.7723725832063278
0.7851026906438576
0.7729975663385436
0.7897151011031726
0.7796255150033529
0.8054209003914835
0.8029524494504258
0.7981472008070967
0.8503597396492377
0.8422074819469226
0.842542338368781
0.7425269460135467
0.8495277226002693
0.7086686719606743
0.7997320096096472
0.8057709157165406
0.8130139153145524
0.8570465115814668
0.8805373120100579
0.8560903630178394
0.8956870115709883
0.8842929783849985
0.8234087031742889
0.9383327175740973
0.9205556723020908
0.9254472034364984
1.2506528059446977
1.066516689174383
0.9411059234547983
0.961783281185091
1.0354215801666018
0.9480876582557084
0.9809361548968604
0.9636968793939784
0.981933375291844
0.9358242882173962
0.7870766325930263
1.0110103794540408
0.7333972000348572
0.7205459672925341
0.675307960821236
0.647245058060138
0.7898181322357056
0.643934052289432
0.7678831411514855
0.7862610686341569
0.8005889015357499
0.8268387144582021
0.6314201281065269
0.7915950429046565
0.8069662944936563
0.8012624039184305
0.8459232964860869
0.7721942544839742
0.8419367565989617
0.8544620004766175
0.7306002356194402
0.8537818597194082
0.7076250003789538
0.8072776803862857
0.7971930636971217
0.8130905724920073
0.8571741348813285
0.882206493217792
0.8646297275379329
0.8980641253827928
0.8873930306667703
0.8298721869993466
0.9382969809979395
0.9142325479158908
0.9203568536915232
1.2283564461931618
1.076683710008639
0.9394007618245388
0.9640308251686325
1.0394351586010608
0.9450589327737263
1.00453086072821
0.9602320863925597
0.9618598911876872
0.9403421678292072
0.8094400733563707
1.0112860793494602
0.7223526717285322
0.6697756840289179
0.7039252347271148
0.7555473286403318
0.6414736213311922
0.7666965858345451
0.7847764548135701
0.7712296380416201
0.7909554208771941
0.6454169648665833
0.7862199655940356
0.8075588815931083
0.7998099807304702
0.7963423268683723
0.8485640377524615
0.7764104458681383
0.8503934796752892
0.7374263422876648
0.8457157972072484
0.708337646114834
0.7980141269194237
0.8574575535564379
0.8813638030148687
0.8582133240136118
0.9163130149840994
0.8261325868146493
0.9397903481491221
0.9121922248532852
0.9202338237888879
1.2298457484277314
1.0697470835787437
0.9413427038522508
0.9658714495039138
1.0247091140065079
0.9470906168538835
0.982800432640573
0.9568164388408193
0.9765052048021962
0.9332291415756397
0.7817446857100077
1.0115599003380005
0.7604036932643312
0.7475539050244993
0.7033132187839888
0.6941852878148772
0.7927614109913148
0.6899313252227246
0.819000437352622
0.8054185910097325
0.6563552270729069
0.8075223900578538
0.832821739077331
0.8349887435067277
0.880445533697104
0.7947278739081545
0.8727804427656359
0.8963196786777823
0.7531782108400543
0.8757067434885718
0.7381242712092083
0.8173359294767768
0.8510524791804185
0.8359477367983963
0.893564667107444
0.9064811386559908
0.9070080838606049
0.9231435656550553
0.8620759265932304
0.9697660424921128
0.9490448335786086
0.9737603212427985
1.1253806075637671
0.9910721696574651
0.9778842283513378
1.0848756869847271
0.9751161053152461
1.0233619938636132
0.9857871811562661
1.0297349011443864
0.974426984439893
0.8250805420507402
1.0313981419786724
0.7501441882956208
0.7367706305005022
0.7067543025720873
0.6653780327915942
0.7469718521434758
0.8037561702668787
0.6916394651249289
0.7902376970529787
0.8144937772636596
0.8028851204404275
0.8131276339004516
0.6589451648255533
0.806158718350489
0.8551254336590628
0.8312069368878339
0.8770598636155345
0.8057729336507607
0.8962932061750439
0.7612367607633378
0.8723233478391791
0.7543226483689759
0.8173336932592614
0.849015403629646
0.8894623361141254
0.9129431466715014
0.9531563166368671
0.923988378121809
0.8580406107163041
0.9630000476030869
0.9432329383213115
0.9569236788441888
1.2790679606994944
1.1129006563170973
0.9710458284778066
0.9866592681824223
1.0824223278203475
0.9785409866053403
1.038180465443081
0.9959667651117269
1.0115061034569615
0.9648598631005267
0.8273109585174608
1.0275284487137504
0.7402057886518799
0.7074809218958912
0.7046191948637595
0.7421971265683062
0.7848537813171513
0.6890587853674346
0.7841707155585123
0.8454626472369886
0.8071111043787664
0.6619566266975292
0.8067005200471683
0.8306226706076854
0.8550964014967031
0.8391889784035262
0.8874598582590466
0.8036995076205041
0.9084177726178684
0.7610267905938664
0.8373279869754732
0.8952002665178904
0.9056912936049784
0.9149502816128677
0.9660706900805821
0.9299775382238175
0.8531682875014255
0.9741477577894776
0.9599421628713704
0.9788731943425975
1.2972443448235702
1.1344848909166951
0.9909441828978549
0.9833593736889508
1.094740903322236
0.978094209988748
1.0438945660422752
0.9968932822358674
1.0438271678258035
0.9809369964609497
0.8210055231245794
1.0287814987334207
0.7475190987623391
0.674394946295503
0.7479051974451467
0.7970344636095048
0.6745256810136678
0.7899189335066685
0.8244771555471593
0.8026966033879664
0.8113024422463578
0.6629908036210928
0.8135029710351098
0.8190868447923243
0.8530125019922681
0.8373097228773048
0.8839196580644577
0.8072893514162963
0.7712868100044104
0.8781655777884401
0.7596887736188151
0.8144201934330627
0.858791697921697
0.8302250251362215
0.9068012247375081
0.9112673067447019
0.9120489420830642
0.963117945847193
0.9362973295648296
0.8583257060117981
0.9701456202369444
0.9484822551975189
0.9623586350543323
1.3134880986832793
1.134442698622933
0.9766959989798629
0.9940199355008549
1.0911556981642283
1.0389755463558934
1.0086215884482521
1.0418628292818086
0.9693339528807935
0.8290120054189838
