0.2884033924908295
0.3319672416578514
0.253286451546153
0.2731575037787978
0.31518331590529913
0.40712039325490246
0.32191538188757407
0.3419371664647004
0.26457036845298265
0.341131299008118
0.3136051414620221
0.29148109960963386
0.31616929669285965
0.3805289244816487
0.30752012614522983
0.41912101302200816
0.3071120619329024
0.3151793643738344
0.5180200414865785
0.31918684919779083
0.28246075946672533
0.3550886785589902
0.4506485868346163
0.4038476496266131
0.30895743875901627
0.4015987960175501
0.3729946063692424
0.49949245316334867
0.395678293001283
0.37874204327005845
0.3605874466043303
0.43848830347851164
0.36462782305977137
0.5017060839247114
0.42375011535247437
0.3641843733089887
0.4512995687596816
0.3893496057866854
0.3506379084510284
0.4053638125396929
0.34656267786456735
0.5226774702792177
0.4222765641946362
0.3725847915187487
0.3181412375596035
0.2995456795368538
0.33423972353365705
0.269759380508344
0.28390664479708705
0.38849177356176245
0.3408514182759522
0.3163218098624803
0.2719847708805285
0.3744673690125564
0.32516697570695985
0.3391505654952385
0.2994841759373535
0.3155574184530102
0.32113400240584733
0.40387504650577266
0.4689347905251965
0.2966061954130821
0.32658886299602796
0.4673626079153278
0.33098188220365665
0.281601415844849
0.36137564876135136
0.4472442032814954
0.4039899541865385
0.3077066011834681
0.405633890678872
0.39229142490274427
0.4951679469240924
0.38495346102180633
0.3914302148904402
0.3526783155777341
0.4332211356932935
0.3640728394552587
0.4816353030575856
0.4257852514755124
0.36198932324044597
0.45327970989807703
0.38127705124842753
0.34125384973685813
0.43181807711033554
0.35314760913988896
0.4271158219070086
0.42249444959676363
0.38716167953222
0.31780273130594905
0.27857061969685804
0.25484758150014103
0.3168998782441354
0.3470333115727419
0.32925215677805797
0.3354666078360592
0.26480791164337997
0.3462545647919581
0.3215910748371906
0.4153745619499816
0.3027446091484123
0.3169719625089473
0.36829375825855526
0.31198614311589823
0.4202489463531487
0.48282594444217136
0.3237117521547592
0.530905909475119
0.3151568037705899
0.28438563355945745
0.34146265913268137
0.3090764288625103
0.41124928483435685
0.3720777881245805
0.5041649142158575
0.3959130111821114
0.3601672337889429
0.4319640254697507
0.3589049135484157
0.49571600148175776
0.41786213432278174
0.3590537413482088
0.46236276824675426
0.3819155745587588
0.35222740780220496
0.40783918892982735
0.34792077056903603
0.5282885924141933
0.4263302159054635
0.36980830950777227
0.3182489458350512
0.36060668669800894
0.39839950243178845
0.30542329017683206
0.3327718753870525
0.4136578952311723
0.40325434716707925
0.30201426235268325
0.3665230733377216
0.3973433290291233
0.33285430464613575
0.35311907413815624
0.36294328076934157
0.4282994886512303
0.45672436380200865
0.3294946376505298
0.3717444331952623
0.49313070976918727
0.35869305262122186
0.3140826922004567
0.3712908309473335
0.49499032717788904
0.41555687728184487
0.3442032860879709
0.4286390606278243
0.42213673719480477
0.41933909185855844
0.4512118858961256
0.38393439374257887
0.4598262902668937
0.39533740299498704
0.4569491374253183
0.3901502961824716
0.44734805278428164
0.4072107348880436
0.37286987439252084
0.4453269912323606
0.37298606856484356
0.48827663346869077
0.4516220725251289
0.394407977123414
0.3717355810080962
0.3226596422465312
0.3649128273275903
0.3213105750677781
0.32163638458870764
0.39543794465892834
0.46883283695997635
0.3890150026877281
0.3685868632982632
0.31790225469018474
0.39519407211067914
0.32697575475036444
0.3944770241112596
0.33837378839448096
0.4154328159723579
0.35822032987557506
0.43961658778568585
0.4852709173778864
0.40385461536858547
0.5065394754178055
0.3546088823167405
0.3013114169645447
0.409462499313616
0.48881195331955796
0.32603227861435896
0.43753320039686416
0.5312294707498928
0.42333068225676274
0.42522904836007236
0.3741499719306906
0.4613701374188771
0.39781564292593824
0.5041177013893863
0.4563542008576846
0.39438782916586074
0.4705575807780289
0.415650111317438
0.35716199247503544
0.44464712878936674
0.37104608695963404
0.48662381000673666
0.44659153459448186
0.41398115696193205
0.37110329869203296
0.3994142323773471
0.3110386306767764
0.3298048280874806
0.32664635559309585
0.3862635251685314
0.373611385381203
0.32487304163978425
0.3081137284046709
0.3486803693275712
0.4061089211008436
0.32616462396697904
0.3605824869925075
0.4069039557577254
0.36256650918215794
0.42953893724237857
0.48055007279291606
0.3641306881106004
0.3262504713353852
0.42492499941073
0.3532972790892297
0.41581670796363596
0.4063091137939401
0.5230042840979436
0.42641159078279567
0.4369645610404478
0.3788524567312017
0.4741133108304157
0.3912104847857917
0.515869985906424
0.46036094034180575
0.375906071344274
0.4478417880670307
0.4002505542301969
0.3679802616057255
0.45041259874881995
0.3746876044868798
0.5008299739658773
0.4439229577206969
0.3923261486000367
0.3881091219018894
0.3064521247770309
0.33261781938489715
0.37553662421360856
0.4643700403202579
0.38114266915990813
0.3719542586247969
0.30874768189138335
0.39643502583797413
0.3095895699783521
0.3833757898208775
0.34423550591871677
0.32388706036273635
0.4243900862643317
0.38195631555780307
0.43603180728102175
0.46909500474006227
0.49556436309563834
0.3604915530179934
0.3221704459522716
0.4006402194802574
0.4883696647527456
0.42850694494253994
0.3370488043863419
0.42164014293590746
0.4405020095369652
0.5329990138185623
0.43425498207646496
0.42305923893965025
0.37640205748789246
0.4645711959309029
0.40228420533480824
0.5182948764372527
0.4605820954014525
0.40900999514905595
0.48049522316572413
0.4153747392853016
0.44169149821225184
0.3776186111068337
0.4862069759501789
0.45400548440557814
0.41934483631393243
