0.516416720106234
0.4462648643814915
0.4680742636924352
0.458886286553199
0.4963914872190497
0.4738366968892377
0.4917477364548165
0.5209225655596037
0.457503277166959
0.5030034046306538
0.4601165018918646
0.42203998838317835
0.46240003528570006
0.43712987293887895
0.47100400995224745
0.3407776930148275
0.5437634142590994
0.4025879959672598
0.46633525778225926
0.49064488847726495
0.4633297103850306
0.48655856717070367
0.4532636875524552
0.4285801062471476
0.5144800111810635
0.3785952103169732
0.46579426447005157
0.4688125858810923
