0.29303089529329684
0.3448482020835524
0.269336671459909
0.2855878015794151
0.32607880165641007
0.43826700027452586
0.36700200792175536
0.318031050580993
0.27349023811132533
0.3383940990917399
0.3188956838300585
0.33006725988763647
0.31448197408725753
0.38704484490499924
0.3103673356524602
0.400750367785932
0.4664978155103534
0.2958633946251825
0.32836968126075017
0.478983873314069
0.3335966800563259
0.27813992571659996
0.3728542950956539
0.45398250367755755
0.4070199320613714
0.4059477741193075
0.3815395410414527
0.5073052523562045
0.38854269673487174
0.3976960479646026
0.4280394990279195
0.36137498038171556
0.36565940607508357
0.4445777542353749
0.3867626564015048
0.34432476596032047
0.4302041358491855
0.34043979585358347
0.4311334415800121
0.42356015489189075
0.35526630728218145
