0.35002225500331385
0.3350624976242683
0.3392104034180648
0.3445267403677566
0.3096287590860057
0.2993988916291318
0.3352079544466165
0.34945042224098555
0.340824086945777
0.34862600985658143
0.3321258471211071
0.3275714693454291
0.33743473552348585
0.3353509328535243
0.31682234093460293
0.31645422852433186
0.34505683886443006
0.3004798418203822
0.31819537594530123
0.3738508260265434
0.30499437236360116
0.3086497925293298
0.3332127237642416
0.3372917522738741
0.33277325048038514
0.30368018168511285
0.32691177648184716
0.36766016624561704
