0.2876089139000658
0.2796849752716188
0.26186357177672304
0.23730609375366385
0.2783319960700012
0.284674414578344
0.23588088745656527
0.2912215958331218
0.2949372459242823
0.29133264160070116
0.2897297877530376
0.2889976087434946
0.29174695986828275
0.2761848788785162
0.2910253736015844
0.2949429266398282
0.29683052385096026
0.29665655753192166
0.2465792862814331
0.30197975822400874
0.24832419965164992
0.29448288490907104
0.2566570935690452
0.2949457001635047
0.3190244787805524
0.29937966400125726
0.30144317346148264
0.29881479873376354
0.30454962651116135
0.29245429801351763
0.312563479519771
0.3081840800982172
0.3107742804055814
0.4040962588133885
0.35260399236226747
0.31284451866958657
0.3313283017484715
0.3494124002224095
0.31411591005520983
0.335055924766001
0.3162735333778555
0.27794995680053936
0.31062158656193384
0.27430668424654203
0.34806481781952414
0.28720448890205735
0.28010125394830615
0.2623007924994229
0.2582543613272847
0.29228723101962417
0.25630764851792603
0.29130799222934195
0.2948922354935115
0.2895797855314749
0.29431812976815414
0.23666848090693288
0.2903657991061092
0.291959399482116
0.2910666124682034
0.2947686582664944
0.25177578464068545
0.2970622700134667
0.2979111491254827
0.24634657945243002
0.30223090444635015
0.24820745626757895
0.2953084909048388
0.25562575559569223
0.2949574244163133
0.31907305700481575
0.29949205879181207
0.30204123260890825
0.3037379835479945
0.3052395491458463
0.2929681274211611
0.31277196841281596
0.30750156868711476
0.3101185707072625
0.4016906703543551
0.35388031003348097
0.31267507055443805
0.33158040044337633
0.36143182780077765
0.31396422317025724
0.33745736496535106
0.3156458771701477
0.2778235025850608
0.311206041858971
0.29041029440444566
0.3481081311903883
0.2817882245910665
0.26196758034920964
0.27837067346134825
0.28435932257947133
0.2562883442659387
0.2861345101076655
0.29488665082598653
0.2864580525812895
0.2896868373761036
0.236504035301769
0.28955995083480235
0.29200721360023313
0.27609987537903824
0.29066933406842305
0.29468484580432897
0.25196386334437104
0.2974562431490663
0.24557370205589085
0.3015806187685531
0.24822757680124358
0.294615896119705
0.3190758590274238
0.29924088831024387
0.3017401003320408
0.3216967088251815
0.2923647468678129
0.3127790589168313
0.3072637570749146
0.31024153304874125
0.40152176887682056
0.35317439463706624
0.31526994631486466
0.33158199459778187
0.3481934512544236
0.3139399314357397
0.33523312544287087
0.31533309691656203
0.2770832334641243
0.3101745732514697
0.2736847937498584
0.34813350793001907
0.28915179270760405
0.28648288199518335
0.27858543060209057
0.2766826114348113
0.29201516505213754
0.27425759868855487
0.298409503233873
0.2949343357662243
0.2384127208646905
0.2915719148475634
0.29436598105026124
0.29440192563138745
0.298664760339589
0.268600642089759
0.3047644655781807
0.30223732825577543
0.24863025085017798
0.3043795232978963
0.2513586418721655
0.2963783641562491
0.27498584394663206
0.2976456738837191
0.3251492282060234
0.3065961128139265
0.30683809128555933
0.3090240217466649
0.3001562229834691
0.3160829271505945
0.3113792385776316
0.31631997617685514
0.37074550439583404
0.33452724965047714
0.3312975678296315
0.3667336651990466
0.31709063126423276
0.3395841561168532
0.3184922667612109
0.31673560906548676
0.3149256473357327
0.2922802951985498
0.3493356125147759
0.28880121728695257
0.28142547939171336
0.2786260281924096
0.2551260514455496
0.286480272694405
0.29200808156373365
0.2748551922079736
0.2928748606284011
0.29740372667184634
0.2938485672609358
0.29697827467968263
0.23883395235995092
0.29125391896764935
0.3001891947904791
0.29855575975675813
0.2979241925296967
0.26929762082335484
0.30139440024109493
0.24933315219650326
0.30405107617220506
0.2673625126511716
0.2953704783240743
0.2748818273404982
0.32508680209104107
0.30720952192680195
0.32583608197091274
0.309026863804423
0.3003001873095149
0.31545829220260957
0.31057786477061566
0.31404369431823975
0.4077753181828866
0.35783884956319306
0.31824801775004297
0.33409596345553816
0.3661869895772139
0.3179536766170518
0.35283000735738385
0.3198789510995546
0.29632096435842764
0.3138056984071114
0.29205551068155566
0.34884327501445245
0.28548300335440335
0.2789870020294392
0.2781342175397881
0.2876596151865205
0.29169224299431423
0.27491810174628684
0.29322708051235213
0.3175300750805348
0.295618457275556
0.23891794715090756
0.29163681375380923
0.29388340050597667
0.2958960183450887
0.29496909146426975
0.2995552008222463
0.2691527911178082
0.30402514823933086
0.2675887840766691
0.2975868424687464
0.32512998273472943
0.3068299762092026
0.30829510733783133
0.33000180277414526
0.3097393970538056
0.29935333612683324
0.31679959310016315
0.3124275656865676
0.3170923289521433
0.40985531203007175
0.37185572766117686
0.33714154767139215
0.3320065537286627
0.3682104045780755
0.3176079313667037
0.353435503862227
0.3199032128671021
0.31825911358276854
0.31598327956206046
0.29179478535114833
0.3485633566388331
0.28888278942364876
0.2560204434250594
0.287124434463252
0.2912476156738487
0.2547529582748566
0.2927445905622074
0.30798607491477537
0.29379283755003355
0.29719317653254623
0.23965060402079763
0.292064992958883
0.2933357318366643
0.2951586037293469
0.2987283888890748
0.2989203667765962
0.2699293723665919
0.25094691017912274
0.30465830398031174
0.2675131859847377
0.29521331115392274
0.27618157280824385
0.29656060536096257
0.3338523174364508
0.3074073077946387
0.307016721433676
0.3293597761843183
0.31037027095665287
0.30039833667656735
0.3163313911002254
0.31117477625833423
0.31463901656423954
0.4254673944376401
0.3718486724240204
0.31860353755615345
0.3348019134750909
0.36734504207584795
0.35301689107530276
0.3213721751654735
0.31838309118991726
0.3142018400011723
0.29213810669995766
