0.30769305636210176
0.285231377730606
0.2925831183431952
0.28945614178211043
0.2752782323337679
0.28333293821871475
0.29464225882972006
0.3105222756238508
0.2898621516206221
0.32399925827577386
0.28889503091436863
0.26426603334762105
0.29063031234866826
0.28412938079226163
0.27393157053603123
0.25956844438907717
0.30474727899252696
0.26183920704845814
0.29186731068702293
0.312390576820208
0.2979067874892887
0.27329142352941177
0.2951105253428742
0.28464923853211005
0.3023825121951219
0.261623577443609
0.3094839579399141
0.30668843208970864
0.2719956057803468
0.2679650535092981
0.31381599283753436
0.2994914580025073
0.28655978744794763
0.2923435716941668
0.2890063714383211
0.28374540367695333
0.2797283331264546
0.2935062451563525
0.296450950243799
0.3127678798195242
0.28367162126810835
0.29370478492589086
0.28696364537346714
0.2743322030313966
0.25132401605257915
0.30583179489225853
0.26058700209643604
0.2923265281896278
0.3109856155688623
0.29628881941213786
0.2741329479768786
0.2795631870236869
0.29167596997959777
0.2847595258586656
0.3044943414998506
0.25781304295862933
0.27301429014084505
0.3095505624400274
0.3067945834724541
0.2619356870620881
0.26655599923281204
0.3115150446540881
0.2974332472293265
0.2848008938030393
0.293465192564347
0.28941342881646653
0.275246845014245
0.2812189429438543
0.2937478066184295
0.3024687240833553
0.2900081443569553
0.31446746544035675
0.29136464706262105
0.26404367491856673
0.2920844092140921
0.28597307063887634
0.27379695643564356
0.25136805816733065
0.3054255169147496
0.26151315789473684
0.2912533183733948
0.3127657698033919
0.2978995717954205
0.2723214285714286
0.2790289891675025
0.294794104331059
0.28568820515826493
0.30934695734613404
0.3068502813154587
0.27158626307177386
0.26839203728018757
0.31330406867469884
0.30170647826086955
0.2881735057784912
0.2947489441151566
0.3001861566804667
0.28490245973315087
0.2998059258902791
0.3053276131099063
0.306641298652064
0.3187886264381885
0.2865242956810631
0.2934529102529235
0.2955141943189154
0.29795486228482
0.2544599855177081
0.3074665804336863
0.2657349425299323
0.29689896358118356
0.3134291675338506
0.2975651264476932
0.28094303606075455
0.2807786218408736
0.2881853718075628
0.3023757125731809
0.26164205211208696
0.2745120983363194
0.3152555349446123
0.2625278351292432
0.3133649438577351
0.2975157054108216
0.2859099591474915
0.29606907502728663
0.29179573241428064
0.2845867364296081
0.2999857007446166
0.31354164574179216
0.30481951080847386
0.32094819688850473
0.29226272701367156
0.28397659036353146
0.2964571176470588
0.28962453846153846
0.2990667800687285
0.2525353905954735
0.30626559179265656
0.2697260333958724
0.2998393732627399
0.31312925657370516
0.29827602211302207
0.2797366151157298
0.28826952030616837
0.2946815185185185
0.28679725370148057
0.3060310351906158
0.26510654957983193
0.27519702255062944
0.3091285239669421
0.31739308454258675
0.2658950005534417
0.27363674371885655
0.2870160257744483
0.29396328943560057
0.28864073883901853
0.2809754940568475
0.29702851139574304
0.31614555359596885
0.31548174343012325
0.29199856470078056
0.28649919456366235
0.29322795907050436
0.2921073582354245
0.293927895802759
0.2548023463768116
0.3052132793296089
0.31411045820739186
0.3085419055371757
0.27911301924726056
0.27735617954545455
0.2924737511045655
0.2879011489841986
0.3002655641025641
0.2616959189486073
0.27619900783608914
0.26414809295774644
0.2713939566289825
0.3110386446719599
0.3130501564112364
0.28777832462468317
0.29695678774805867
0.2979037113273716
0.2819404297425118
0.2851219647394718
0.29781589256198343
0.3101202437110835
0.3131564090012859
0.3208328957983193
0.2935040168383194
0.29563174999999997
0.28852232475884243
0.28087697486631014
0.2526693224367224
0.30461934811346736
0.27028405797598626
0.2987533614457831
0.3322274454545455
0.3078432856427379
0.2852326
0.29580787034949263
0.2876108453483689
0.304747229390681
0.2626064317757009
0.28308788035050453
0.3118393779847587
0.31714466595522073
0.26816140258899673
0.27417238055626436
