0.3886676430157625
0.4359800168897323
0.3588291692512924
0.37048390539188647
0.41155160627206167
0.5474076911407872
0.4388505862098113
0.42333036863954354
0.39157112770814184
0.4519295017606006
0.4435069966252896
0.41073803536728004
0.439746194133947
0.5232896519787515
0.43403053568451944
0.5347651744609299
0.5929456394678589
0.43595383806023047
0.46972871590413307
0.588947644547237
0.47383071747169353
0.3955618234029865
0.4887425022255537
0.5940560932301303
0.5249395380088848
0.5537194639792878
0.5183335566769616
0.6546633198190639
0.5351543649991519
0.5255842307400639
0.5847755275691443
0.5277669003616645
0.5356880746633135
0.6008594433380459
0.5714316541429286
0.5179201252137763
0.603473206390877
0.5228589982694818
0.6371057897781323
0.5882962498263836
0.4795878183103994
