0.2909169039090095
0.28391970445122783
0.2606019068375596
0.28573980567467855
0.30736440618374616
0.3120952720476071
0.2937573728982601
0.2799445923284136
0.29127688714055094
0.2727352477596364
0.27197441348263207
0.2785716623226041
0.3031491858678114
0.2708832173715723
0.27846774058455853
0.26999499999999216
0.27947386119633555
0.2659359443326793
0.28659337431246334
0.27541172357253085
0.25732906215844037
0.30795033152700035
0.25808688303264515
0.26317175588356495
0.28053314561152093
0.2699461301994313
0.2874220168416356
0.2536360071646567
0.3492814054751106
0.2658343898623955
0.2807750752768204
0.27846062865818205
0.28349309197058453
0.2794749526831062
0.33789633786866424
0.2770612276162515
0.25463945994826126
0.26875765603102575
0.28038221520150164
0.31172843309436227
0.2848418270609331
0.34348507428048264
0.30483560399921716
0.2939432602566155
0.30520643659745933
0.2937230013501709
0.28472816878926815
0.27585046106187244
0.27960458288582146
0.27422003124999794
0.24525049025607976
0.2942001340609878
0.26999499999999194
0.28384620087907625
0.2570460159265065
0.2903859946074063
0.2841944905757128
0.3449272693095822
0.2754565964840778
0.2789717081893884
0.2768369242554605
0.2634383049733181
0.2768173130326065
0.24935187038047515
0.2913484670921455
0.2751793009593387
0.26999499999999205
0.28686336620969866
0.33509650483577513
0.25510957638904785
0.27593731225782897
0.2947380243107473
0.27894058571582026
0.28539762076587305
0.28481493823610593
0.2599131921021072
0.34343452064967733
0.2853833200594392
0.2746576562499824
0.285507765967601
0.3030473416951364
0.2857113600816308
0.27844177599029124
0.2557749868145677
0.30239495034107217
0.26604439337339325
0.2838599588107508
0.28690779361485175
0.3042082415653118
0.28998877974479864
0.2600754281098466
0.26905267324182336
0.3475906269355602
0.2866617364177042
0.3506040132252149
0.28898821341966446
0.3434510253054796
0.2827281963304336
0.25870799996446464
0.30065659581241116
0.2931689430412959
0.29503399541102576
0.29806796702520716
0.28657694293984864
0.33478405311330556
0.31053819421682416
0.3093315349234809
0.28798696012620684
0.24979905449960785
0.26406620226757627
0.25411919443663594
0.2601731086113692
0.3141893619980663
0.24370149661205498
0.27608841676677787
0.254338546326519
0.27519972290126316
0.2897745588075645
0.29489333102940174
0.34363535762009134
0.31547829761155133
0.2761951890764548
0.28359823380706994
0.27595166139955885
0.3013230408189915
0.2861404785859323
0.31631204268977486
0.27454549999987515
0.2942801876854474
0.29659774013011925
0.2663033738705612
0.32879933607838235
0.2829745890350069
0.28599766824273937
0.28517900732301327
0.2964587731858598
0.2699949999999923
0.3049268172742929
0.3030755165723373
0.31212378481520264
0.2844170990294125
0.2549744525651885
0.2805248283046582
0.276778481284314
0.29722691554970404
0.28385860665502927
0.2770241013536708
0.25383877810133154
0.25382692529744094
0.3055872318785033
0.31697722090682207
0.2737073749999687
0.2965619213450151
0.3370931724600168
0.27665832934333673
0.3034498473669868
0.26513468040177557
0.2688726990382922
0.2847448738873561
0.2757563902255925
0.2606039069252191
0.3002233110349686
0.2776197133646129
0.28312785620508624
0.2690598487024594
0.26010859450642876
0.28041988773569265
0.28173910150133363
0.32876935746411057
0.2855076039776495
0.3152856090420717
0.3379541951352472
0.3286427782565674
0.30568673614092784
0.28874741659559294
0.27668555000913553
0.2764387953294965
0.2800924118060576
0.25704477253248936
0.3080183816370183
0.27687728137912865
0.27648433987704785
0.2963136477302411
0.285073336932017
0.30344735217487884
0.2829089346173637
0.2901804666289172
0.30526268238552423
0.26438186701681227
0.27870459865929875
0.28479696128184645
0.30526487280151093
0.28809789869085484
0.30012358447446963
0.2840051802731883
0.2432614267277112
0.2549287554943797
0.29345317118295533
0.27641470113102573
0.2579116415775262
0.3052579519171849
0.27838370838511944
0.3370872993069286
0.26688858981404856
0.29640258692835386
0.26758290933127227
0.28773180424503975
0.29502768680764396
0.3468154019471439
0.28669553251555285
0.33788835845250403
0.27647635228573475
0.2859592365615023
0.29640438001907304
0.27812499934998175
0.2815468953674915
0.3028336055873442
0.29677737559448514
0.2688639152219409
0.280369784278112
0.25834272355437965
0.2889853228633539
0.2757125695229541
0.30474803506045584
0.28668121691102394
0.2947312538045791
0.28060916183820506
0.3029334965296078
0.2748335642398272
0.2846063127526716
0.28262966743463047
0.27841999275922236
0.3415620349449855
0.3289029333833814
0.29045323805551543
0.30531482150312145
0.34925346452218137
0.28084200360595607
0.27011877011290525
0.2714013469944636
0.2601268227630318
0.2943322033894534
0.2768052858373909
