0.33039826333587546
0.34645596411531615
0.350768524357696
0.31486505035890844
0.30778941940578924
0.3420529565091589
0.3414604037753082
0.33936046590698365
0.33693387432579724
0.3287829169695217
0.33326570386648885
0.3337900308073893
0.341449633258022
0.3580397686074047
0.31292151522825595
0.3444157091382809
0.3866214228725798
0.35405847473050445
0.3123368596311421
0.33995545674439986
0.33805185326966875
0.3431754989297504
0.3217103762168609
0.32908654842890206
0.39629591327277836
0.30634259031809175
0.3308017313434964
0.3098993579927386
0.34147097476510924
0.3345104827782575
0.34545643634429046
0.3552187418914697
0.35036646526897547
0.32551486402294394
0.3168009921043205
0.35209005481358296
0.3424350678582502
0.34381284279504815
0.3423025775101019
0.333366863105116
0.3288344480463643
0.33966268611553735
0.33045689392852123
0.33929695080585887
0.30814683905829565
0.3615118980960758
0.3113863730841879
0.3454667405780598
0.38588736056233713
0.3497683946431439
0.3152428598166937
0.30001345936438506
0.3347481845677978
0.33954373728668025
0.3373859645092858
0.31991746432879126
0.33220416198904107
0.3853954375718135
0.390835655885988
0.30852361041926213
0.33802880783000916
0.33786713955963693
0.3328919566677854
0.34470623731720906
0.35283558380316077
0.3503081338881765
0.32043267424366445
0.309408405817721
0.34878798681526485
0.3371107957806038
0.3378938419441571
0.33962160252583257
0.3425534234003467
0.32772838210696764
0.3279349981766804
0.3339644243757661
0.3362142467565923
0.307705312359895
0.3579393217534956
0.31241524953970845
0.3520854641723538
0.323019680901128
0.303238408856085
0.332776443594043
0.33716428963392303
0.33769075502258106
0.3131640118397914
0.3288473596697114
0.3847064623500632
0.3959889438330177
0.30915645046271095
0.3245085914075799
0.313168678622738
0.34112864806996557
0.34707653424174595
0.3532937271508913
0.3246644396636571
0.30581997148469203
0.34607163854887324
0.34456970722145586
0.33990625353812043
0.34191952996469976
0.3355672730077021
0.3265738522793505
0.3331945838633351
0.33368857701544113
0.307985677676719
0.31056857467577864
0.3452329834988337
0.38714542448423733
0.3504891115836281
0.32019620431761553
0.3034161540797883
0.3365107501410194
0.3396369271635451
0.3365900980241461
0.32053012066914205
0.3253185513201437
0.3842496833437997
0.39214120460095553
0.30883013605651105
0.33518592582425605
0.30934071177896155
0.33869391210065247
0.33681841789773787
0.36004354069490274
0.35854922176723586
0.33289854958575904
0.3071393894026072
0.356504341954007
0.35308110982131696
0.3539019443252778
0.345060899191281
0.3420602238606105
0.3412826820202856
0.3399786065693015
0.34021937229955984
0.3386755795582978
0.31308624443459443
0.3713969350130667
0.3236318903810827
0.3642436369216227
0.39105704424125043
0.35010269358060647
0.30834973167457014
0.35243027055602383
0.34202867560846556
0.3478895672763664
0.3312489052041747
0.32714913519227995
0.39783616056925325
0.4029485708121684
0.3142161034417999
0.32831632979651054
0.3259278846250961
0.34577430495700484
0.3396208147076928
0.35574876900483754
0.36445566387151873
0.3586959217484037
0.31697451954803146
0.3100148686010473
0.34672237532992833
0.35109080832420986
0.35943764247310594
0.33972293089384875
0.3416880103909655
0.3361596202308658
0.3451432590075951
0.3135771086159924
0.32715280067756286
0.3455075559145678
0.3956710647406804
0.3650021142285674
0.31672522294014754
0.31111665478498773
0.3536027444294658
0.34823147328063914
0.342062970639639
0.3385589574956349
0.3933779305586023
0.4067216340424488
0.31699288800434045
0.32522067555382045
0.3519123635543719
0.3419704078055589
0.35557013150962646
0.3584770826556998
0.3201261297312367
0.3204669284222266
0.3563424043083143
0.3549929461207678
0.3465532279972466
0.34468220753632134
0.3630086212944231
0.33626868245636693
0.3432599081070305
0.3366053951903774
0.3165240369095642
0.3742622433076601
0.32619246722681405
0.3602522755223209
0.3938751911200494
0.35655265536159503
0.3209200225290076
0.3112526314086654
0.3441516487101113
0.34318513066999534
0.3485472984583585
0.3243072992358704
0.3183567812146368
0.39481842327446753
0.3987338576649073
0.30996458376287916
0.33679561347733344
0.3475219648291602
0.34003937416586755
0.3604463463898983
0.3581040619383576
0.32186131888831115
0.31306678973332713
0.34545884575578995
0.3659041104942961
0.34260255267854034
0.3726718518054172
0.33868343048479654
0.33432817566148176
0.3429301961830819
0.32909484940952116
0.3123981813178268
0.36257900342247706
0.3340747105069431
0.34244193495594966
0.36898858311637744
0.3138811794778345
0.3026772051322207
0.3522053501837973
0.33474561485983423
0.38880102386396653
0.3981907430656996
0.3145143043114947
0.35293473032276673
0.33717637276546747
