0.7059679768424763
0.6750158138192308
0.6659325392246531
0.7043422744454344
0.6542196301822408
0.6007608032194991
0.6652387387870586
0.843380230404014
0.6511734489442818
0.6675012285623081
0.6160806597061064
0.85081581371245
0.6255300463763732
0.5902121844505533
0.5803579895112909
0.813043187089942
0.7874625059292921
0.6970604991172447
0.7011484888333255
0.6818571379533238
0.6698452200549534
0.660943250010104
0.9659284203786036
0.7333037741037227
0.6668673660697921
0.6278228439899503
0.737154916220604
0.8795869118248464
0.6606449746274342
0.6045434282698392
0.8598897584111059
0.9846541272813485
0.8181436169877057
0.6856064414887025
0.7659402189948763
0.6416261151942517
0.7226540872894114
0.6576763997530933
0.6499846416517245
0.8590419479020927
0.6518610650251953
0.7176499207980764
0.6731252557242053
0.6878331631684412
0.8390649362016411
0.5954436246709693
0.9220764684171814
0.8572242525117066
0.666791064270776
0.6548419894786529
0.7261059455969139
0.6837357156549713
0.6390385822521698
0.8131340382409274
0.5670851419207298
0.7921711836182287
0.7700821727784545
0.6394265345556005
0.8757353138956773
0.7021167798072259
0.901994673821277
0.7059823517606629
0.8077764271360222
0.7612755842176877
0.7708068277478712
0.7339873608661591
0.6868487152159328
0.781763135491373
0.6808804961101725
0.9099775690572203
0.8124014979489014
0.8314555272065364
0.6494761827975872
0.6713627215580438
0.6810229551946526
0.7418563449699447
0.6591173928308908
0.627692285984391
0.8936702409115698
0.6673196492288846
0.5996984844942539
0.6991766998515945
0.7301904106373922
0.6941472925106396
0.7658519386070696
0.7450106451051748
0.7613722495493265
0.6916123548051728
0.6755535994459264
0.6550183883282974
0.6424374859853463
0.769230716045891
0.7012786094987891
0.5849642213691191
0.605231627437747
0.6292361220519797
0.8411868456926833
0.6391520139903153
0.6868819463014089
0.8419140023997167
0.580322222580369
0.7856955125179856
0.7019189775443406
0.6644190329613984
0.7460255991318201
0.9124773542448121
0.8377591745303825
0.8692954410865998
0.7931614976011594
0.8300402353437444
0.6038238893951656
0.7488400928512156
0.8824841024000756
0.7604903190315117
0.6938353278780995
0.7177174340172388
0.7465899038918706
0.7939487627078703
0.7782479247504608
0.8294308582671044
0.9042276764467954
0.6626081944145852
0.7038291051175669
0.7043679105319993
0.6371140814928162
0.5732515379797543
0.6397633411348511
0.7908162749444344
0.8379823094537158
0.841577607164569
0.6679806449486734
0.8913012463627594
0.9070569665239308
0.7584313441090569
0.6794723949569901
0.6682205452772242
0.7272679378223973
0.8981278971775664
0.7509370770881844
0.9673307327853095
0.6581824347017635
0.8194040816791284
0.6528797619229736
0.877987567924805
0.9818818574857462
0.8645380126510477
0.6199910465231648
0.6166886799496699
0.6969777651561628
0.6368040791636216
0.9640860976793411
0.9387248933304848
0.6116590325528325
0.6928347588515429
0.6672899989546737
0.6277241781833387
0.8580781953220863
0.6931083077063807
0.7030986599107796
0.9693884258206441
0.5762788703810708
0.6687944031463531
0.6816012127097573
0.7312263074068194
0.7932839449921321
0.8442601095153118
0.6030738549197816
0.6260707514381056
0.8244002693146477
1.0088597884352297
0.7175062909589809
0.592289233031418
0.6398013745969127
0.7379904529833636
0.786187896534184
0.6522319611801158
0.6904327282979511
0.6985276647798027
0.6662117638488652
0.695615550988747
0.7255092598415067
0.7724200125513749
0.766281981800415
0.7032767576718737
0.6126834985245562
0.6533049144287619
0.7380295881190457
0.9281683093935555
0.7564620787163563
0.7960334964070032
0.7343359017087082
0.7351980540907351
0.5999572355406582
0.6646709807473286
0.65930106840837
0.6298236527868403
0.9618075094116726
0.6029730250902936
0.7295622730502835
0.6229555840324082
0.9077075007749589
0.6334372556700985
0.9711946682578703
0.9507321603734874
0.7277714286502741
0.6078081246895586
0.9294371036973186
