0.41554065622582387
0.3774910634395604
0.38774264352237603
0.4054412700482258
0.34868351598420794
0.4291282020841121
0.3815128832857455
0.4198957802563214
0.4298191962584702
0.39674006579507054
0.44065410054855086
0.3620779663699831
0.3884230203298903
0.3780448024231321
0.3604006559328086
0.3746626274430479
0.3721431648148148
0.3976899278066187
0.3974384137608083
0.3735819762681747
0.39693246471863936
0.3871879319343213
0.35192033305239057
0.3750045472096202
0.4045704753346317
0.3705242162309338
0.4620463820515787
0.400788708461856
0.3428278076069666
0.3839066479056143
0.4754129370443663
0.38031289355401066
0.4067909653789244
0.37183181013730177
0.38806839478324384
0.3802763360499633
0.4598082977859134
0.3552171683606596
0.36753975399598954
0.3909869643844013
0.42133684270363947
0.40936582974235464
0.47380875297820463
0.41081691411463384
0.40897842656275407
0.4350786687789753
0.4048803384600458
0.4212653043179715
0.41733467047778694
0.3839428466147314
0.4167833248948283
0.3730054318214325
0.3301394858500985
0.40593063971126836
0.3784940557337217
0.39454178899533465
0.3604545528184387
0.4144011000956024
0.3774413315106429
0.4639447465024858
0.38106072241148
0.3977193583808568
0.3919071221074688
0.36684943781618995
0.3978772942024131
0.32932875004797585
0.4318383894144594
0.37837160742372
0.37161033478709754
0.40067396984825
0.4648974763293107
0.3527626619096011
0.3912050203474021
0.412470142284351
0.3759072408006361
0.3826069320583151
0.41492705304079874
0.3629662160258116
0.4664221091054396
0.4140449874206866
0.3829478695753568
0.42111344367983883
0.4271982109120809
0.39854044144705
0.39922698056016515
0.3396757120479504
0.41574274152623353
0.3761770921459126
0.40781610485461073
0.4144374498497706
0.4024460531210905
0.4132969873440535
0.3505472261019968
0.3838745821981328
0.3877437444736038
0.47444466887605025
0.3954821068378075
0.42060835096409904
0.48241643354087965
0.40699628979390784
0.4819092502655351
0.4039948114938635
0.42710881000789813
0.4236175276070831
0.43132594247626804
0.4010298802987295
0.4032752000469617
0.4796311086539967
0.43226717081717525
0.4128657618761834
0.35287241815010895
0.3793057967429977
0.3790238970556733
0.369869889780601
0.36543221178052515
0.4397380698579945
0.32526329431679013
0.3870612647945573
0.36316342003218194
0.37084319146157496
0.40460750500661535
0.40456999930748194
0.4747355926049966
0.4560952277313615
0.392170732455121
0.40985525844242987
0.4034101194744319
0.41489913638154596
0.3909077937590152
0.41524779246407245
0.38381996229472276
0.38336617901951214
0.400408611118961
0.38658731339885033
0.4103944338922759
0.3689093125684876
0.39017241687544413
0.42065819675278776
0.3983840608567123
0.391759990366566
0.36819268540354894
0.44532789237139625
0.43515743430141074
0.4395908005255361
0.393538180520401
0.36116096512396484
0.4145843377688244
0.39842352153554716
0.42223109118144897
0.4066297060972655
0.37753802393787433
0.37093164853302846
0.42741176039242434
0.3714263921726473
0.40229057091339643
0.3873306290951212
0.3604472302841241
0.3688327891684507
0.3923015552072828
0.41172907855999813
0.38231427261106615
0.4220594390322038
0.3645462012897119
0.4136474325072379
0.36557473254354284
0.4059514209656342
0.3909936324646262
0.4701891216778149
0.3991462331362455
0.4441483889591136
0.46734965428700376
0.46169465190410336
0.4210961223373696
0.3934870588650776
0.3924548598593031
0.39421319921583353
0.42269828868583154
0.37040470505551465
0.40285593353813526
0.386481379179555
0.40960649258621423
0.3944755181815547
0.4045621281607339
0.43634872976680333
0.3971892490799991
0.4031370028043071
0.3708880521804583
0.39231742778782697
0.4144954221028038
0.40004369973078624
0.3887623603365005
0.40745573384938405
0.40810484466109315
0.37967039459998314
0.3394406960621068
0.37002907861403983
0.4226999030446802
0.4108457622253642
0.3991967980771173
0.4695960236588561
0.36484682758401016
0.3950946483671403
0.3802519209777738
0.4096047544505492
0.4187331113123042
0.38060779527323635
0.46885466094536477
0.4225988728942664
0.4174084773933003
0.41161207441818715
0.42643382187488066
0.39352269052498867
0.3895596173402555
0.39525635964474837
0.33013552032449994
0.39114127868569004
0.39864124589923416
0.3914056597352407
0.3744653100415269
0.41559396400404486
0.3833752103542493
0.41618141604286657
0.41173754188637424
0.4003734674168456
0.4000708832555142
0.422977287320543
0.48884934962529597
0.3776125969197945
0.39063128962136795
0.40103988215193975
0.3628128597219157
0.4950223040781724
0.46544363032468855
0.40679230854936954
0.4262163821923921
0.4805185752525918
0.4022805598504356
0.38938822286960145
0.3838088869952361
0.4106220536119878
0.35692524695088435
0.39496792356340116
0.3977962610984611
