0.40402807177600897
0.388340738877049
0.3787716019573838
0.4205332294946404
0.4026260365196973
0.41038255075002167
0.3713441415002387
0.4095304653532715
0.39578660082020733
0.38363963253995476
0.39894386857604125
0.4130707838371642
0.3647029347840411
0.3820957205993647
0.37055347715098796
0.409423494836023
0.39549775482358435
0.38859630084959823
0.3983726486900694
0.4463636941416489
0.4090338268070779
0.4289178094472407
0.4444025382413441
0.42817736125499384
0.39016020398416884
0.41288089470367906
0.4070148499777223
0.4218563692162294
