0.40346099762068777
0.40637301506549794
0.40394412819832787
0.4185071445461076
0.39891465730382125
0.3968124266731
0.39946361543988385
0.427878331673677
0.4193368671439164
0.4179752477832795
0.40804473704031063
0.4449444809299642
0.3859777865538734
0.39748862663804696
0.3831295634299099
0.38815344153386144
0.3992639830992949
0.4185861691434368
0.3939130367717102
0.38095995521295
0.388653811652258
0.4420515060995911
0.40424462761236335
0.4110827356246455
0.39008701840530047
0.38459505285703616
0.44394608645533046
0.4109222852190498
0.4005392599090052
0.36657779187578854
0.41843797639340674
0.40812062528568416
0.5763412975639548
0.41167973945347514
0.4197333528930825
0.4053736279030892
0.4146695281189206
0.42287869562058295
0.4066900835531714
0.40009168245592763
0.4297170583739862
0.4139573705790498
0.42978214669260195
0.429377998019208
0.406016671125082
0.37675751848571193
0.40917461785709996
0.40235175164220427
0.39339166641494155
0.41289763296583265
0.3804301919956803
0.38557075106060956
0.36619475201350016
0.4248994869545633
0.4243201258090227
0.44125976884961327
0.40413799982067955
0.3540724226816867
0.38578790962424947
0.4505320207910298
0.3874151287754215
0.3975845560504707
0.3835952481267426
0.3744429994789122
0.4086687415267442
0.4331556976389338
0.3685951607604825
0.43424113392894265
0.5446494567729505
0.3946082113636331
0.42627752805043223
0.43387142301767223
0.3651963252850445
0.4105453085963232
0.4186968367964328
0.41819556633865196
0.42119176568076094
0.3802474337500603
0.44363340500920057
0.4335809088096043
0.4055596022061734
0.4191715999613329
0.45227344527447133
0.4048769344281331
0.42357063374604154
0.4000198728847605
0.4262368688331232
0.43276531254737033
0.39672546266726316
0.4043197168854237
0.4120608706548262
0.44699867951901817
0.42439414003268755
0.3680315329065149
0.36857965561835576
0.3949146087737182
0.44116515828953096
0.36236943048444237
0.3939087095020055
0.5237516291348987
0.39341464254071645
0.4265856492610132
0.4420956895770994
0.42505362042734535
0.42590941659745574
0.42240205802014513
0.4223776436033734
0.4123672079566386
0.39940591546114634
0.4188646227887178
0.4102349558820325
0.4120133302192829
0.4437613032042478
0.4466881018381036
0.4065457632672153
0.38932110440629897
0.3902612337495823
0.3693053355111836
0.4297091222878128
0.41470857040626674
0.4311997381131851
0.4388981864036158
0.4204555889128928
0.38531767442492504
0.41102854296581304
0.3857058765550301
0.39375753984032913
0.4044235269877371
0.36599359971294343
0.42318748441260556
0.4512492653630268
0.4478235459535622
0.40122248834655605
0.3892045667737493
0.5471452967537644
0.40316155230964157
0.4354372846128727
0.40851814721208657
0.4095669485492799
0.47427015257237504
0.4066752905176232
0.45253101977790317
0.3923403371543953
0.4102709500048255
0.453105126549889
0.4547342022014983
0.40427612892887177
0.3975852397167051
0.41686274608848317
0.4135528635072413
0.3955549825639876
0.40891842151773306
0.3931512687796691
0.41417909261355446
0.4038975556776234
0.42178908827204536
0.4132293993286375
0.41341375840752637
0.3990362616195161
0.4122751942749514
0.39577061927557244
0.4058776711412308
0.4090126171643822
0.3808938701770102
0.42245571321877823
0.41923189586785925
0.36999369082302996
0.398036695592927
0.4107663189990366
0.43198346768650775
0.44096266671998346
0.3644178051971084
0.37814106324931696
0.4068637210542497
0.4029351505099084
0.44411895639208754
0.4059597705652751
0.4140935929109937
0.39635514765899116
0.45919010193524035
0.4070911326449761
0.430344717721915
0.37351877882605145
0.40976511721162945
0.36205161539100583
0.4168322481145049
0.3963668995440751
0.427844349044888
0.4079698288776087
0.40276109831201257
0.4189276344618777
0.43490034673262545
0.40366435508996845
0.41115856873440904
0.3965642056454188
0.4045204313073317
0.4088271091246668
0.3737636730191326
0.4271527698855091
0.405587016876801
0.40110004230588925
0.4259213816778441
0.46983821179541885
0.43855778224178266
0.42338517691287436
0.38704741377417196
0.42223694284025937
