0.5733754105899417
0.6045946878424502
0.6185728863275128
0.5255300967810045
0.48240805170461426
0.5728458305541936
0.594930086589748
0.5860041181356762
0.5665206694529914
0.5649896651900442
0.5702028419210401
0.572925891175889
0.5689591995463854
0.6184250718654215
0.5441436831630732
0.5884405841412134
0.6817424172933624
0.5955479687384835
0.5370491146316533
0.5807157520438203
0.5898540069012472
0.5761636592675805
0.5316869884193506
0.5581756486038945
0.6902014732280956
0.5387450680635893
0.5427848885701922
0.5252741242484413
0.5725424914193019
0.57318853021137
0.6033653051576893
0.6218261678370779
0.6170158198390263
0.5278109777157599
0.48677469108472715
0.5831936584643583
0.5737435282362209
0.5930178878800724
0.5854398244449106
0.5675206710495263
0.5649755228696383
0.5727721453527949
0.5722379160295887
0.568927602681724
0.5469680024526181
0.6186547846104169
0.5431356162169992
0.5893431198983333
0.6804644866995729
0.593235671604875
0.5342546438993097
0.5114029354073765
0.5785271243788989
0.5917026100127887
0.5735117449143685
0.5332157768770956
0.5612205036284668
0.6762421169186924
0.687333967828821
0.5376880220838017
0.5425633975440813
0.5715196298333007
0.576427530466808
0.603370202280786
0.6218150143008389
0.6171994855159026
0.5273282641880466
0.48716768861143267
0.5816298331912476
0.5722421969839205
0.5938551989121522
0.5853621457777799
0.5686808742318088
0.5623865122786901
0.5684772045544813
0.5739334909242925
0.569464713929308
0.5452431180886326
0.6174751366981915
0.5439403695254575
0.5961722783114547
0.5389204555621502
0.5150599051717223
0.5802512598635364
0.5897511393911671
0.5745694434137891
0.5284011036645658
0.5574345949827412
0.6755761728848129
0.689922956042289
0.5399328900925423
0.5402161746692152
0.5245362219313653
0.5717890632664857
0.6034611658904618
0.6210722091529775
0.5297124470907852
0.4848692541117762
0.5793270536533748
0.5724947233810785
0.5927907208535553
0.5852561148149771
0.5667071648508469
0.5635589852515088
0.570235687847207
0.5750599022568909
0.5438648364400782
0.5423869063874684
0.5874571061469572
0.6798895272984475
0.5941929565050276
0.5355192353489906
0.5140615659489062
0.5794579520775431
0.5921641756266284
0.5721529776304066
0.5327372264163287
0.5583278833942228
0.6750346844321313
0.6885307746004988
0.5382038272113021
0.5452369801083395
0.521719679637448
0.5727570645228043
0.587456540676053
0.6351360072245358
0.6361002096679159
0.5432173892543664
0.5008141072321831
0.5999575144333106
0.5934817328292955
0.6120743472431271
0.5959307916487407
0.5836894287421615
0.5793361500408857
0.5889643193459491
0.589623836233808
0.5823845757314111
0.5607523202742408
0.6341666569365636
0.5643555845041307
0.6172508305280188
0.6910684550353203
0.609918181778425
0.5304064014363368
0.6021856457991261
0.6061716950945798
0.5936889058265236
0.5516051722246573
0.5676665023233343
0.6924774806779463
0.7033417488347581
0.5484915706882816
0.550017012681338
0.5449589623786489
0.5871395116344732
0.5906649028309642
0.6179076970627381
0.6346035747791074
0.6358740004091024
0.5463361735315626
0.49604383505115635
0.586551959746273
0.6124512598616265
0.6003619895804251
0.5758762756089277
0.5842211360384595
0.5853974984789435
0.5788386450040607
0.5552140653812103
0.5624183483062274
0.5995136006462221
0.6938639674886388
0.6104799752659905
0.5435291301058249
0.5323127161331067
0.5971113381833293
0.6075302488193259
0.5869708321812902
0.5747995887475501
0.6881727030182819
0.702710032763515
0.551354227600715
0.54462392952939
0.5893477662088931
0.587427769198712
0.621300619032022
0.6340075363651287
0.5345603668495594
0.5055936518215856
0.5993110645970712
0.5942926299987593
0.608302852648565
0.5929616545736357
0.5870020620087462
0.5760379088471893
0.5931546836659118
0.5878784543070321
0.5623677286375844
0.6353129543096753
0.5665536172953167
0.6167798877953813
0.6904449925783891
0.6092501553254248
0.5427447979486635
0.532337116398298
0.6010545492597819
0.60330024551527
0.5948536366523077
0.5545894502757461
0.5593245848802536
0.6914238837419723
0.699093492816441
0.545565116752564
0.5625920328852517
0.5853916233274593
0.5889681199727054
0.615352432461904
0.6314231016844499
0.5497207443693305
0.49309011399310715
0.5880748780830618
0.5862678483279352
0.5931935670889094
0.6007210691111435
0.5733052369513851
0.5768756539030115
0.586634950338246
0.5682327979026554
0.5529634925412426
0.6154803889067578
0.5598119875630165
0.5911323250259726
0.6050142953445067
0.5417977172630006
0.5227549122984955
0.5898063180824165
0.541395609932415
0.6821452137416566
0.6958712860529269
0.5468744108622948
0.5543899064917194
0.5624259455541127
