0.9366848977953813
0.8166555501561421
0.8566745148814595
0.877998926825621
0.7666193038279235
0.6740816390714085
0.827032670505275
0.8645960508182206
0.8456628626807696
0.8540597807142296
0.7942394383572332
0.7473092490725473
0.8176237806309135
0.8173723601556994
0.8234635125672711
0.7261327356199093
0.8994559201204448
0.7146157883771272
0.8116870098633229
0.9551341344716299
0.720239843100747
0.7562229949908151
0.7794951611110842
0.8096788334074322
0.8106018620587879
0.6919409335787143
0.9092257057025303
0.8974999685348963
