0.5415213593831296
0.6758777305548347
0.7381565839746489
0.6408117315929137
0.804330227044168
0.7949778801166362
0.8178835094616295
0.729896447974015
0.7017356712027615
0.7917498764704377
1.2078314980300084
0.8682411662969682
0.9143260179037467
0.731528243939534
0.8519381492956379
0.9968425740906598
0.7902033561099534
0.6654880894556633
0.6771351954543317
0.9502296847399134
0.7600872048256732
0.6744550269312848
0.6231851052250933
0.6128449364691464
0.8097554649238156
0.8934203485161424
0.6889416282735951
0.6172143789947373
0.6539936005905576
0.9397841789166075
0.582164234272614
0.5481061233823892
0.6211134992259718
0.7131644061606868
0.902843117579037
0.5265030618965235
0.5723376652554627
0.7298971487080959
0.5087809736111112
1.0345499251089851
0.8004551948863771
