0.42279920048855907
0.44599169948166645
0.46291561058802305
0.46553828608979897
0.3961560123926245
0.3813971032453565
0.4351428936912892
0.4316973340885368
0.42125901684606415
0.4258767979692414
0.421062525518215
0.4287174935903835
0.41837287595895595
0.4194679306036183
0.44476358373009806
0.49764210789210966
0.4324461775907827
0.4172345079772462
0.39274555765758085
0.4394271529683694
0.43688663405917233
0.43820663431649576
0.40257154277425933
0.4135395893076162
0.5059995867836181
0.5158072645038374
0.4110297394942693
0.4052442510450958
0.3922789285095462
0.4201362495650462
0.4225804301557601
0.4649961946827555
0.4040763473010505
0.3852331588334036
0.4324328042386977
0.42914208358198813
0.4312733557128105
0.42199735972923064
0.4281001111598662
0.43108919045722394
0.42784539951716444
0.41787267176418175
0.46859239759598154
0.4169212924297397
0.44803962571994566
0.4972771947669744
0.43234724318740636
0.4196447656067261
0.4401086943902724
0.43687044423174143
0.4372703274581084
0.4070203483115019
0.4124699213547316
0.5044312607819952
0.5153016086564196
0.4088197796140383
0.4030990062939851
0.38858785505947613
0.42099967330065197
0.4249043364454982
0.44554715022713076
0.4617930028141757
0.4651839740128052
0.39975236381603724
0.3766534799293364
0.43636030126698594
0.4268447917026886
0.4456197668770361
0.4284681350269928
0.4212294989333809
0.42396602783294984
0.42244467904839206
0.42690130137903937
0.4162296777872325
0.4652658106339961
0.49709440686365297
0.43227278773306393
0.41992430283966764
0.4415388792018835
0.440369832787959
0.41386469948426646
0.5049385688774505
0.5149319095369087
0.4111741453843802
0.40044941652580623
0.38977956102578515
0.4212190237051112
0.423998818784035
0.44621389164974284
0.462041742102746
0.4648961634720112
0.39872875720513273
0.3771435923918986
0.43643948938129723
0.4267461824975724
0.4450977967990313
0.4310445286636792
0.42170460826024764
0.42608671433051193
0.4219787855876138
0.430170921061031
0.4280903565121045
0.46562213224808097
0.41656279484122677
0.44532446806451476
0.4971961809100972
0.4318799600097863
0.41734625139322246
0.39275149063821674
0.43910152974507644
0.43876716607148125
0.40878465075277287
0.4137456342315585
0.5151966890913428
0.4112441267668428
0.40633420441909235
0.38839808787737995
0.42255525883783357
0.4351169037983802
0.4741101335289775
0.4114588238897492
0.3871467906899157
0.44778054950952045
0.4560107243163247
0.4360994322581029
0.4305478620301698
0.43619244616838176
0.44355578277118785
0.4269157835754474
0.4778322646660441
0.4325324032981512
0.46568911997080537
0.5064947861014111
0.4483919411583915
0.4219647587815533
0.4048045143624718
0.45509696212374695
0.45031310465312824
0.4522491410580566
0.4200659992215153
0.42058552646593916
0.5162115480058241
0.5261945684450987
0.41671612308791844
0.411574207646732
0.4041001711597885
0.43649685254805043
0.45653873858968
0.46996530717506996
0.4767607035292602
0.412428967834095
0.3856667546813652
0.43786199963806366
0.4585150980138541
0.4434888408922575
0.4371310111058387
0.43074628748594596
0.43298242978597745
0.4419344280781657
0.4308355271136937
0.42501991649354054
0.47279194313603856
0.4329497344483132
0.4562825579364916
0.5069472033856526
0.4406828589431694
0.42708811270384617
0.4062598831226853
0.4538690923277628
0.44771282114594685
0.4459395268667615
0.41894769210517424
0.4280674107471252
0.5123883262603892
0.5249841493966945
0.42154235178570226
0.4092437157576198
0.39994446959834157
0.42957648539459176
0.43812862858579354
0.4626740132024245
0.47283457770641524
0.48065678757605734
0.4030053755892061
0.3875814624314596
0.4471105776233982
0.44003982832571314
0.456880409155394
0.43440375651342134
0.4338508974500745
0.4341061268633214
0.4426543622315209
0.44404338232152313
0.43121653867952964
0.4293062058975209
0.48129968985765464
0.437330530542777
0.46868681566131243
0.5058880484896198
0.44621108682341465
0.422988960344877
0.4081138302044903
0.4575534045887072
0.45251294337667136
0.4528251752962571
0.4254175791462725
0.5166984348801444
0.5231116903831862
0.40304106656699734
0.4077264602611242
0.4290684803715987
0.4360155684048629
0.4568585308824174
0.4676059095603267
0.4775038819073471
0.4173854014065938
0.3841518231241936
0.4402888335216967
0.4350853473861425
0.4599193712508071
0.44182708563629614
0.44426399409489803
0.43106063244136417
0.43354929095539674
0.438003944670121
0.42212741086404976
0.42454447634482484
0.4645553985842469
0.4311202517505179
0.44887046148265525
0.5061121396311772
0.4399991116968251
0.4222473796985514
0.40431939663631933
0.451982586921247
0.4477611860001298
0.44797040186408604
0.4150695736137076
0.4281397529804762
0.511087264858169
0.5221641546012326
0.4215631924960566
0.4135207223688082
