0.5103674220035843
0.4456412741001577
0.6094447063224149
0.5208401445606325
0.5548868835246312
0.6738860501780076
0.5594126220164416
0.6603346372492217
0.6688475879972512
0.6447428850268118
0.5955218326283026
0.5616453583410672
0.744748111806756
1.0040118140586287
0.7812454783965752
0.8305962670973417
0.6040143014441559
0.7686319803586582
0.8586904311865857
0.7557114006459058
0.5916393204877568
0.6422166493380435
0.7438960128322138
0.5453528270126755
0.5106136143598048
0.550575198403981
0.7914943222466048
0.7427277843297594
0.5470998276522865
0.5322629866146029
0.81027380829698
0.4929616650081707
0.5749780221350753
0.5158883226554717
0.6384947118335417
0.4411922220781661
0.48147799808660313
0.706972199094039
0.41089428891277957
0.5725165829730545
0.6778393626539055
