0.7175077817321558
0.6888309886392234
0.6602259974174568
0.7945745276278813
0.9270480361631233
1.1552827419606388
0.6700903098695109
0.7272552611866615
0.756140675432398
0.7572732880076538
0.9118260318050997
0.7787255973893693
0.6382015295458983
0.7413925097508651
0.5986901567549091
0.866011727756432
0.6986998710586257
0.8729238204049127
0.7310483414450385
1.0321602703540507
1.0093903457969269
0.6777889038447843
0.8704003793872139
1.0392710445161386
0.7725163520431927
0.8047174999793449
0.7699446817107737
0.7618611444313244
