1.7789618161408747
1.9532224542019636
1.910882095616176
1.8893067497669114
1.9161244769745376
1.9263201130690908
1.7531529847483225
1.9001155166928305
2.0248737173515887
1.9046012658321718
1.9553347306197308
2.009255455956408
1.8882412139380937
1.875382040148292
1.8573936875804773
1.8229837120019905
1.757549647224078
1.9245686392886996
1.8657965909184164
1.785132098587923
1.869400415277295
2.0184504836276194
1.8830966410415362
1.7894148717906717
1.7649235592455277
1.8976719832147895
1.9023235071843048
1.7470861299741887
1.7485556180565345
1.7392280040860424
2.050845804297332
1.7536150960461854
1.9744139107179808
1.876217278360225
1.8816925816757215
1.8745096998430175
1.8403233396076915
1.8960027886176078
1.7548008788136227
1.8795882518717406
1.9837962206825943
1.9763305876523396
2.0480222679987072
1.8747825801860745
1.8774624729690574
1.8898516865575816
1.9004192343091202
1.8873659249082757
1.8833609135813028
1.7392603822225512
1.9043891897558018
1.737435852025671
1.847228965273129
2.0184555135371616
1.9013008779754565
1.7931095637934649
1.7782548425270637
1.6828183736868845
1.8838047298410263
1.9323738630857854
1.862103202393022
1.7303555518087133
1.7317228284363615
2.0161375271086692
1.9934206220994044
1.7847661241256592
1.7460020456913186
1.8513708165245504
1.849769763174749
1.8784233238636348
1.7995000768212537
1.745615415396738
1.882689828524875
1.988133068997569
2.037498186279848
1.90236981134802
1.8539363668645568
1.8514294841075607
1.8925999608305915
1.9121528431440924
1.881640261480445
1.7701653875114294
1.9409195167229922
1.7493319323090817
2.006892658226404
1.9826771442132067
1.762200788702276
1.752024187685789
1.8805737493046462
1.9060206659148626
1.8977644151381385
1.7707278326778293
1.7693915919632979
1.8754592969363812
1.9179165148227435
1.775922624386859
1.764836667366795
1.9445481145431187
1.9638799370950741
1.8703982094902623
1.8705522562944354
1.9262803934012707
1.7976055115084217
2.0392849369463457
1.7434484852272156
1.9110508662179893
1.916161681985173
2.026150943102494
2.0058428173544227
1.8971550500259955
1.8662193052999327
1.8992559717763082
1.8086841909516427
1.937829577176035
1.7453839893259153
1.8707053901089086
1.717729698564932
1.8228456831671924
2.200757054792723
1.9690297171132458
1.776980271727711
1.9184372721304674
1.8773012011561099
1.7267745925095441
1.8805888319619484
1.7241309873774635
1.774438860391723
2.04632391240518
1.9687411004361817
1.7926571786220733
1.7949380113424203
1.8970139369633934
1.9000568482410747
1.8961795730158066
1.7699785402123887
2.034135424299773
1.920620751434021
1.9979883652600645
1.761401987567672
1.7984512524332832
1.9381379608468232
1.916502796557045
1.872287522943395
1.8880802292160304
1.8744356721825075
1.786905867362335
1.8860466311220372
1.6925934181938307
1.8820774645278155
1.9649887563014243
1.9622486618083097
1.88121526201962
1.8940758487864915
1.8849515091030262
1.7432137185061138
1.8681036708398375
1.7494879725361892
1.9005101321610354
1.6718086025021943
1.8696374438688674
2.037030100444305
1.9077871023887971
1.7081748993197554
1.741079096577324
1.8990799502784161
1.8761959632620135
1.719415645411515
1.9166090795037805
1.779587162977779
1.7431327752822021
2.031313663993869
1.9341738889599833
1.7328582252079698
1.773968485267009
1.9453648865941733
1.9288017567502607
1.7746567266602267
1.8861751859017841
1.9144315104515077
1.9126338707266561
1.7374398184290254
1.7909090728910686
1.8672630994130257
1.8869533650106487
1.8098182894322088
1.9963036131328826
1.889639416313502
1.871333339973178
1.7461434615304376
1.8856895725892489
1.8580943321761205
1.7592699611525722
1.7509148209386654
1.877889168028283
1.711834167099839
1.8429449782704885
2.0394679086304697
1.8978977026383483
1.9788090550876822
1.69861963075245
1.7590956913884905
1.8911655396029243
1.9165784088063904
2.0435447225410837
1.9730573712168096
1.7770691947866974
1.8832109648316187
