1.3216818693330699
1.3194569371690208
1.4629918041450394
1.4584747621444887
1.570214136489088
1.4652826385744602
1.570164541571783
1.3187631846332706
1.4664924835485726
1.4555167933390323
1.4568988435843828
1.4580356689721596
1.3280794240611506
1.4594336572115907
1.4623586028259503
1.4556862732798148
1.4607546950094004
1.322313212560144
1.3208908952336458
1.4574180888112078
1.4517249160229988
1.466023618573711
1.4553644386977158
1.4587230621290177
1.4569212096677207
1.4565528112898465
1.46347487774351
1.3117966347096857
1.3347913745722333
1.5631998755936338
1.3192945633419546
1.318842095591915
1.3243232929225415
1.4583532123640486
1.578462987326526
1.4576532649414364
1.4505365095061682
1.559152394056116
1.3219461466522626
1.4625179247235793
1.460694766099731
1.4692506184095129
1.566033836354205
1.4647737170999642
1.322883199783412
1.460791130989271
1.4618185299423918
1.4568707324219456
1.455877742676891
1.3260751587827972
1.4547854932003834
1.319180748934517
1.4592398362055623
1.5658906079826673
1.4532536525801716
1.4618723527282094
1.4613568319277037
1.4718951053175346
1.4624926270180323
1.462180998492916
1.3187405806889043
1.5654216522872584
1.564233213406878
1.3130170858540793
1.3239226127803763
1.3159587873858731
1.4581109904117207
1.465460857171788
1.5807365768060648
1.4523758202965988
1.5665230845515377
1.3243176803403047
1.3207572420602656
1.459342985184607
1.4629668567016167
1.561095986713363
1.4726399145071842
1.4612241053483705
1.3190295881910168
1.4601623198880673
1.465285605841431
1.5712397204191813
1.4566248116724172
1.3145287901184568
1.4650937144454226
1.3255988653185267
1.4596979311764113
1.319453940302092
1.567145924949492
1.4600969475208418
1.4552832985469137
1.4562971975060417
1.5796381187285073
1.3215285688301057
1.3331344566973198
1.565239178446595
1.4740433962301696
1.4601559301376876
1.4540098685580074
1.3228253725975767
1.3246997155816416
1.463733138468669
1.461962993005896
1.5671258505503527
1.4733574248713137
1.57528315367537
1.4711827716408175
1.565836996520099
1.4529020528107883
1.4552045066269592
1.4541533593121827
1.560536466571546
1.5691286459239855
1.3085662965013976
1.4681597915236158
1.4562975829468177
1.4582874019483665
1.4612898255168854
1.3195153738413048
1.469893431840342
1.466256750958784
1.5629800976867096
1.4604746303517173
1.4612031712972808
1.5654014279049782
1.4574874175793036
1.465920392384844
1.3221608638178164
1.5686900937278367
1.5688164235143318
1.3192206893568792
1.3351984305817042
1.3213939739770941
1.4602478685280738
1.4584236134223576
1.3245679999655897
1.4216229519949803
1.4630356148125077
1.4623820023116865
1.4646717351867586
1.4680098700505169
1.456616207797931
1.5634310129567768
1.4572657558874327
1.463968103171404
1.573302880478518
1.4614732972060132
1.5604786917422084
1.4568329187885665
1.466427152337831
1.3300402314383104
1.4592000886247347
1.5667116163862018
1.4735291191707267
1.4592716198858446
1.4626136309004987
1.4544057412894527
1.4568431121789154
1.4573895058829434
1.455636500332057
1.4538787734975311
1.3253558778153258
1.5631414320836599
1.5650305108597047
1.456484160611632
1.4536092432199779
1.3179151217356142
1.3255624006712041
1.3324520148762349
1.5624850645606672
1.5785033764345817
1.331393566928135
1.3294341655976878
1.325226023425214
1.4602783053150932
1.460046485688328
1.5632352491454427
1.456581375238554
1.5593898565790758
1.324633456989064
1.4552700558137601
1.315938812753218
1.466917348693872
1.4605613208156467
1.56986833712394
1.4587341042066955
1.321830422625881
1.463533865300005
1.4578409068577687
1.462005639688983
1.5659031264930137
1.323950687084093
1.4612844858908807
1.3231310181644305
1.4588554378421121
1.4482064456332127
1.4558026068487488
1.4613319270013365
1.4558716090243378
1.4563770202405983
1.4642392362353231
1.3190284953419456
1.5752737710595004
1.5607072545539153
1.3224772024936602
1.319423309888145
1.3195529371853953
1.4663896829323055
1.4689294884310098
1.4615928497610144
1.5772812319681186
1.4608456717216032
1.5676187446450933
1.3280694354521736
1.3209080792603898
1.461455075349858
1.4619070289359528
1.5641459256303343
1.456811656354071
1.3189269668207835
1.4543641124151185
1.4613097195626559
1.4546157161143412
1.4627393643713158
1.4627911907416054
1.320247145125453
1.4614934269282118
1.324645314662952
1.4586730375021018
1.5645315366047574
1.4556494308009196
1.4658701048155478
1.4713156431018382
1.4694461549761986
1.566452441412117
1.4638806188433924
1.4743078434730028
1.318187141545272
1.316108448197286
1.5652487272666553
1.5569323541974047
1.3215999384761064
1.5630900240499277
