0.3741245489339827
0.36475658410612266
0.3596338261039682
0.3803185191523989
0.4087336409284189
0.40470582774245456
0.39773850593442117
0.3612695423383431
0.39135309027737697
0.3695380365972367
0.3742757237446466
0.37435787407868515
0.38349705009075696
0.3683725172550081
0.3735772113038023
0.370796149999994
0.3755925727736798
0.35469844217141266
0.36659853532054887
0.373044106500372
0.35870545016976907
0.401811742379951
0.36305191520830726
0.3625066727822165
0.37729177619311227
0.3701212801482673
0.3841648030542946
0.3402854179460916
0.4204306661016627
0.37814799833931884
0.3635790454016142
0.3611703213291574
0.36715493452841086
0.37598471520014043
0.4320123266645943
0.3753630026228897
0.3563065371397175
0.3765857098760157
0.3639240621888604
0.40141177780588244
0.3836086229753915
0.4285955660357136
0.4089084851627366
0.38714554966904813
0.38606112108486845
0.38674421716096746
0.38417798171647016
0.37128310020571154
0.37495474158135134
0.36027814999999375
0.34553174082799465
0.3715479145455767
0.371609099999994
0.39108181177563006
0.3592171118132249
0.3872302738668334
0.3786221027627903
0.42609598658014347
0.3729878600434563
0.374163790634623
0.3613663192157943
0.3751894932602027
0.38549193143730975
0.33652920299078526
0.3738776520573972
0.3590910232001115
0.3713582749999984
0.38343800533689876
0.4331404819815412
0.35567003328220503
0.382062487459882
0.3715626842478176
0.36197686757291186
0.382166064098613
0.3842534849242444
0.37252851145219923
0.4279555700619331
0.3801692662365318
0.36186714999999997
0.38284523569845025
0.398568091891621
0.3924272361071047
0.3775670385010029
0.3417657257432879
0.39620360819491407
0.3543313854511785
0.3794799792511009
0.3732502068167994
0.4041149733473266
0.3841002103365326
0.3592874818384306
0.3704647728684117
0.4394208222529653
0.37244200336419875
0.42122097660527125
0.3936490214786881
0.4277213546990538
0.37831725641442304
0.36396950827458363
0.380500362032098
0.3778310914527804
0.3882819654449242
0.39073883358263417
0.3913119889634856
0.42334572023314465
0.41311097637072214
0.40159388656327044
0.39399314737071833
0.3513112949310971
0.3630543937593004
0.36154253414922144
0.37335391997745937
0.41691138262892
0.33183648124368614
0.3729506407932591
0.3611519857613934
0.3730182961183402
0.383599499837059
0.3724581874287115
0.4278914436248592
0.4068894194371723
0.38311388080108877
0.3787298459970344
0.3759891930542927
0.404304351562647
0.38028759226843484
0.40879338902197027
0.3610327999998997
0.3956341613191135
0.39694710998653093
0.3544736893862801
0.40447146014194313
0.3638440552579698
0.38133011980962506
0.3792142472421972
0.3716596450725589
0.36747404999999367
0.39921357720602824
0.3986364393613123
0.40475643855515575
0.3789934690132575
0.3551433454774387
0.38841420978579466
0.3740910694513714
0.3950024156106626
0.3888621329852441
0.3736754575147556
0.3702769007028679
0.3610538985573193
0.39779877777237693
0.3934691824425842
0.37461852499999826
0.39744348047018085
0.42378705446068554
0.37509293974264535
0.39793657957090156
0.36825748396531954
0.36605954518352635
0.378243068172379
0.3710046878857577
0.3586333975285033
0.3818227489971532
0.38647130773378113
0.38828239759523764
0.37016063548712547
0.3619106105027483
0.36513462653977247
0.36500385531639623
0.4039254918700852
0.39016497734379274
0.41785965958448057
0.40710209858502266
0.4037380412630778
0.3813801508437137
0.38462712201333116
0.37449454586212017
0.38242055048511636
0.3751297795534383
0.36932234424943466
0.3827914054539512
0.37417172096616996
0.35863966144117754
0.3869720059690156
0.3799546467300804
0.4092054393519039
0.37867345452186085
0.37272290786966034
0.39916350710166004
0.3644295989123295
0.3732525776259271
0.3940685320306866
0.3811699567429444
0.38270931499209504
0.3763615883174012
0.3802600624555238
0.34640584489026655
0.3561213164487993
0.39110362377312413
0.3713497049882442
0.3630956535554247
0.3994712058699458
0.36330956668888337
0.43382889718764184
0.3788195326264602
0.3747980366251554
0.35226843243514216
0.367448086531486
0.3918367157968151
0.42837033336373087
0.3823084255429492
0.43213968542693726
0.37350153479060544
0.39219215029754506
0.38046182399423856
0.35883508225895105
0.37522523732176305
0.39224216715305615
0.39874605381594896
0.37051339235843284
0.36445982233568086
0.3646901587513842
0.38492013978908546
0.37147197461779313
0.3990381456840215
0.38561555901775435
0.37268837059042387
0.378282277357627
0.38427530381522834
0.3726299719703404
0.38950298684879453
0.37773192721514004
0.37449330989663354
0.42507476684270584
0.41837329468536844
0.39789295085998627
0.399810240094545
0.43383393069571785
0.3632266619000776
0.35653748459242374
0.3822236802953931
0.3700779821456233
0.3716194342238778
0.3868518880264664
