0.5093057076533568
0.4929125398730176
0.49042008315541763
0.5296565337113799
0.47558753102448775
0.48740493043386734
0.5159633373238414
0.5522784474359744
0.5169742673465217
0.5266647159108471
0.5107657897116517
0.5856799984805893
0.4628921450085733
0.49736895984269813
0.47530241555796005
0.5080713499999938
0.5127970088604787
0.5157869199995009
0.48736869044645936
0.45358312828347047
0.4806619251807216
0.5733454241512905
0.5082122846183548
0.5204616841856915
0.4870816060149842
0.45389767076867454
0.5879991181681136
0.5461398705213835
0.5212747425244523
0.4486421941219475
0.4989170813402727
0.5356566761693109
0.683868833936523
0.5203460120555736
0.5340859948759005
0.5084542952575797
0.5616776712850836
0.5432717353597406
0.5069385750835509
0.5254747122079927
0.5372264604429872
0.5176615858579061
0.5360911735991077
0.5359080383913573
0.50812115
0.4437094355469774
0.4981955893261568
0.5043027499999941
0.4830043602921405
0.5308270716303516
0.4648399262941535
0.4688878242779168
0.46716443370922867
0.5584478846415082
0.5186506115743869
0.5631401965492829
0.5113030811079905
0.45449726853504047
0.489871249999944
0.5847049014649701
0.4822940187783438
0.5009690974649552
0.49253181663933754
0.4681234282690777
0.5117112668466994
0.5248857797048262
0.44912901979107134
0.56797802197476
0.6445037536761942
0.5042797499999936
0.5277190636109951
0.5753173359504817
0.4430383023347949
0.536469346608396
0.5324155087426312
0.5131168845673384
0.5298451719620288
0.4723216261262556
0.5963471587408681
0.5580306553181071
0.512143074949357
0.5262869922114273
0.5834647095730926
0.5093399518747186
0.5624969035823089
0.5217091563720894
0.5228056119519607
0.5533914519180615
0.5171000527369791
0.5189656137879854
0.5172234460415137
0.5901572095498392
0.5495487280980187
0.44329710859264615
0.45828274999759433
0.4698522975474365
0.571062893057813
0.4306486767837171
0.5130021990999672
0.6004888921634508
0.4816819558358471
0.5499650254323255
0.5623025073265852
0.5459854705576611
0.5490192935466114
0.5575985854508033
0.5372234655553707
0.5494787302984003
0.5073782249999238
0.5240417294964286
0.5077350333893472
0.4915087178744633
0.5700621206549454
0.572476956748833
0.5124005371853183
0.5030000162552077
0.49183887876677035
0.489347799999844
0.5432260946378922
0.5363657057909259
0.5498504591979898
0.5170607396203641
0.5399309429336852
0.4995517148208768
0.5254107410214466
0.47738726135624576
0.5004300086212378
0.49404588541466715
0.47779184522298823
0.5433145618001216
0.5603805438578031
0.5755273909922863
0.5154882049590835
0.4901405553143098
0.630402690839525
0.49863424422238933
0.5463700405318473
0.5010393457140063
0.5342024119951554
0.6113436736696143
0.5152364329810855
0.5836553246831336
0.5013462100834386
0.5437394974166557
0.5769238937720469
0.5887950251650975
0.506469601453066
0.5272948035346543
0.5272246666486133
0.5114982965235266
0.5178051524963962
0.5094221961057718
0.5005429286998573
0.5223488696601867
0.49836716325229174
0.542496483187897
0.5283846768899702
0.5186558226875007
0.5219668945052253
0.5489805444075081
0.47979690574713324
0.5214738550097344
0.5195241015671863
0.48671194866859346
0.5434878764873861
0.52235772076459
0.44403012010759846
0.5041221716736589
0.5257793127806821
0.5724882944875089
0.5876040530498886
0.463226911094876
0.45455939198582695
0.5202309653454937
0.5237592478879899
0.547416602904657
0.4776047925904955
0.5429997769319644
0.4954099343198213
0.5736313455572277
0.509290125532083
0.539305765271454
0.4610037976521031
0.5216643997125919
0.455938165097885
0.5212625029516991
0.4999601889087876
0.5838657347354783
0.5183053672372891
0.5031931052804914
0.5467486443421052
0.5538595163660143
0.505433437322287
0.530458024446616
0.5132322794279885
0.522823931773542
0.511512969592019
0.4534504130359378
0.5590650350664476
0.5174990354064947
0.5222544413899041
0.5456224410393792
0.6142907910316495
0.5745275143788314
0.5414323490501348
0.47876468114858295
0.574349797427295
