0.8839628157500206
0.897171152932322
0.8205829907449912
0.766651765196698
0.8792811085649543
0.9655435750810033
0.8314312227289967
0.9249622359535055
0.9284451946775841
0.9353848559106143
0.9443707749523421
0.7790865556206373
0.9438859222617728
0.9516138429686901
0.9432228543334038
0.9934794189705547
0.9132159164620084
0.964310950398817
0.9773522303650599
0.8893025626663049
0.9914436666051184
0.8192981013674214
0.9666249519536283
0.9288401587938668
0.9830950649289871
1.0201160496306498
1.0071562645036685
1.0621977692637352
1.0246389659251047
0.9815220519397847
1.058507199505191
1.0489884453679679
1.054845773834097
1.1204718035193317
1.1663692977382
1.0553686001861204
1.1432337863705895
1.066310980626692
1.034634368624486
1.0695533421531498
0.9188502909073177
