0.7490875485949937
0.7269677917622547
0.7631815898234663
0.7744349667816329
0.7358334551005831
0.7630759379458117
0.7218206128367105
0.7954232544703979
0.7892411662999731
0.7790086094769172
0.8164663097525697
0.7445563188408418
0.7628638515086708
0.7593993667467759
0.743216542157453
0.756792628821681
0.7530337148148147
0.7681569215680488
0.7360124425072054
0.7504923915386461
0.7807905613094321
0.7784260869049658
0.7013593318245978
0.7202255986049637
0.7737499771655701
0.7497888988254446
0.8125001951107359
0.7361589312288801
0.7329812502690511
0.761285683836195
0.8322042567235015
0.768245975746346
0.7753521690096784
0.7183686802918205
0.7299351334178368
0.7589416773897235
0.8100175404348311
0.7393936051981862
0.7519848861779767
0.7627930525089908
0.7502704845309102
0.7787862593762589
0.8327011803348197
0.7859730960277608
0.7907170659843648
0.7982942040944084
0.7753389448518531
0.790704395256143
0.7862089949666605
0.7587310220076057
0.7875384976591058
0.7521123818214355
0.7242858626841328
0.7790484998408607
0.7242409182337288
0.7819228419526559
0.7562721204836103
0.7949652702653367
0.7573953101311941
0.8115704672758455
0.7608461370114394
0.7729172000657655
0.7644448373241561
0.7143316525903619
0.7713056857884835
0.7333375610363655
0.8114557434806072
0.758007277519341
0.7177305097871102
0.723921908563367
0.8116832147825431
0.7372870403578966
0.7664215467004442
0.7859615042812231
0.7549817268964727
0.7231891642114846
0.7839785874019356
0.757757987731817
0.8255244756853627
0.786964440707236
0.772586957075395
0.7904282587074825
0.7893862365270291
0.76878201953765
0.7702551729697584
0.7293006455136652
0.7809946897639546
0.7532608113837129
0.7439612213645441
0.7924582111454346
0.7830463050282779
0.7817503126565385
0.7369441702518705
0.7601269144478779
0.7616816703570338
0.8213296191042807
0.7703147886141122
0.7987248862035708
0.8383564248727986
0.7767541402858855
0.8408559584466138
0.7757230549365945
0.7926378214670986
0.7882940380125653
0.7946364566608253
0.7706348898552555
0.772614215538266
0.7918296200654018
0.8034670603159744
0.7436118737711142
0.7443622028173722
0.7568737991358546
0.7590805506922659
0.750319941044729
0.7482744112099
0.7987043658431392
0.7200507523609261
0.7609524549814668
0.7559628059352571
0.7507748935984967
0.7737839948129639
0.7401737715320745
0.8340718834420906
0.8277514102478739
0.7774846037889782
0.780553387272358
0.7766381701623262
0.7822961140157189
0.7637117506700363
0.7507242329507318
0.7624078747947424
0.7222734395131178
0.7725142392526261
0.7728865324363619
0.7987063906097274
0.7491539422266291
0.764905363745306
0.7878540520724799
0.7718474265457411
0.7635788251928309
0.748667285403549
0.7737396128354112
0.7626700683707109
0.7988089757541472
0.7781832581628615
0.7461980808035509
0.7834002693207287
0.7725360962486116
0.7846844429989247
0.7804198040648437
0.7587986149433544
0.7517755129576551
0.7872966339803886
0.7504335046726484
0.7393676204010615
0.7605066896144297
0.7534636085440121
0.7513104428744235
0.767259007819348
0.7772441724967216
0.7617473473848826
0.7516171644830076
0.7565340029289964
0.7990208619815693
0.7491326572193909
0.7779833620085855
0.7286071277719474
0.7842005884981033
0.7374770816239606
0.7681667976304964
0.8176909341833036
0.8227075413037033
0.7532872244153892
0.7322109211514711
0.731671667090668
0.7686577330713361
0.7934802364803222
0.7542098152660012
0.7697998786586954
0.7607588279497686
0.7485174831292642
0.7311675253953727
0.7728324752081128
0.8102811249021074
0.7802171646425335
0.7709728412936798
0.7517286323461546
0.7681072188235029
0.783436224554324
0.7687576554906272
0.7639966300225827
0.7762533663129012
0.778263532649679
0.7565457336854802
0.6982351942001347
0.7607063385072483
0.7972231076806866
0.7924505479512378
0.7697006354163493
0.7810295850237303
0.7475387565811757
0.7649553045499011
0.7215596934303276
0.7788883767342911
0.7494076213190826
0.7592689474772808
0.8272550988043408
0.8004009991394196
0.7852898621218493
0.7466656314725069
0.7864832495506859
0.7676274950407918
0.7297683157332769
0.7696529026395607
0.7242092053707905
0.7636887803850545
0.7321595485748751
0.7306308263221175
0.7650048733610179
0.7922475532384688
0.7701047827919226
0.7795933147950662
0.7781690374141665
0.770770840055048
0.7725427017696143
0.7872361402649773
0.8335079231365397
0.7562754767718773
0.77359692466643
0.73733653615943
0.7566393417379229
0.8555540518359566
0.7797378766779122
0.775132807090698
0.7894807504960843
0.826460290892645
0.7712567763033601
0.7285176723892581
0.7250115798359045
0.78858424876667
0.7552086631676471
0.7682101004610828
0.7796829377239565
