0.7212853566612708
0.6463547823748669
0.7181020673499454
0.7174148993976052
0.7584703780219505
0.7508984912313049
0.7744643308069905
0.6904563046527774
0.7143829535016825
0.7271229168232933
0.7344724971514676
0.7494962136101702
0.7537932017804524
0.7669758910635979
0.7099921974201725
0.716262604244926
0.703096904385965
0.7513482670854534
0.7166219112447503
0.7072459997355536
0.7195355053026
0.7016449702776826
0.6973415520868567
0.7758022074832448
0.7439397487105758
0.6959639230473749
0.7138856032151539
0.7408685011000022
0.7533255195386448
0.6870938346184131
0.7163929449363498
0.7720092758609237
0.7377730325496289
0.7210511033272773
0.6642166955908408
0.6705761878682331
0.7079934761413931
0.7920449713664776
0.7493318456734075
0.6885823340855106
0.6541186025799517
0.7091375895317895
0.7324239585037895
0.8054680702261796
0.76893934232071
0.7207620345762196
0.7364045551029044
0.7522477828439498
0.7640361321694367
0.6743405548658008
0.7119333608935755
0.7151513035263025
0.6807220269694303
0.7557465074349011
0.7485042153846089
0.7158638044243844
0.6935568609324515
0.7522145764067827
0.7968685433912855
0.7514540660456661
0.7189813346349877
0.6669648325118791
0.73413529505978
0.7469872298654798
0.6440575019544668
0.6764298898538451
0.6700561343489135
0.7162319655223648
0.7981912342858639
0.7232931769159724
0.7311096399460466
0.7506057945180844
0.7211987262345704
0.707281415482683
0.7121481751287189
0.7597866436677352
0.7307465525085163
0.7626971628306801
0.7223228959388783
0.7126527422059779
0.7523423779842354
0.7337639900581447
0.7340137607178587
0.7156587131593541
0.7028900671412992
0.7702564509924079
0.7001984701773875
0.7501032196521364
0.7231350753681692
0.722607782454461
0.7313807064096893
0.7421204138566178
0.8033725394167683
0.7577685596352025
0.7714015066692683
0.768184356216309
0.7557087816716721
0.7289103169773056
0.7036030381566676
0.771039382483139
0.733501823037856
0.6832555996430782
0.6828922384286304
0.7222034409108696
0.7621452895911672
0.7735391476767951
0.7738489047824103
0.7557255327887408
0.6809052201885465
0.7424231242196042
0.7073586757902571
0.6988067617196492
0.7352405866483858
0.7754846889323292
0.7137040213606247
0.6991841890597431
0.7101934439405329
0.7277946857199192
0.7584574239880302
0.7641027688432962
0.7747186319602504
0.7102777771766999
0.7149140549175763
0.7190512095117246
0.7330839014095625
0.7601101975064402
0.729290984882619
0.7491213447006402
0.7097903630434721
0.7633193282631994
0.7527318577993005
0.7020568909095561
0.7624465593633221
0.7104001407089471
0.7418061960719794
0.755679929974477
0.6657758743031464
0.683147212075554
0.7368437105263094
0.7701105931507533
0.7499089985450424
0.7515366543895299
0.6884051529025884
0.750270085733046
0.7114644273963485
0.748088221102896
0.70563946722577
0.6975076211008172
0.7343262348550912
0.7708836979461641
0.7443887850312694
0.7462263395255945
0.7197891249419561
0.7690478332796193
0.7559060134636866
0.742150850947541
0.6529317194428479
0.6979079268462267
0.7151100141594345
0.7392923714436086
0.7596137351361308
0.6917213162809714
0.7640117748471946
0.7176065394115445
0.7065716303311727
0.745153778835232
0.7640049400977964
0.7562046497638903
0.7567307208000987
0.7550986049158162
0.7917516879762538
0.7644745014209346
0.7147520240456676
0.745435554123256
0.6684495513708242
0.7141740226657054
0.6937036022701295
0.7700358512916341
0.7434279665101351
0.7412012270147104
0.7160790769612897
0.6846115287678405
0.6702349201941873
0.722497285435009
0.7342672978363789
0.7321380737419348
0.6671410215521407
0.7608528907072287
0.7349263956372614
0.7239452646037603
0.7586777451716686
0.7632637517005542
0.7180981307362555
0.681578231513873
0.7225952072983677
0.7213139517382761
0.7502678575133541
0.6524153842243424
0.7331213274910884
0.7203551103664279
0.7568992387383435
0.7384357793525101
0.730560681534083
0.7201112538591827
0.7338754153873814
0.7635809857945313
0.6619096653756116
0.7694806032517525
0.7190326138697176
0.6778932713889912
0.7969731271833869
0.7573851280713333
0.7423978975988729
0.6648021988835439
0.6698961236502479
0.7148183367087533
0.6767635470051946
0.7068069373320554
0.7632377394746033
0.7589764771289657
0.7399681995203404
0.6688361960381968
0.6987492815968642
0.7204395476532028
0.7460694915645799
0.7675446847838445
0.761639503471709
0.7122699870662483
0.7353629032515443
0.7772549410529033
0.7053269221038867
0.7410050221681954
0.6615618280281124
0.7654824905288117
0.7876811723474026
0.7698166666940884
0.7696512100496704
0.7508382826465176
0.705881288570139
0.6840894042123327
0.72476674124764
0.7542732458288637
0.7100572305276812
