0.8233465603900584
0.7797933173322605
0.8350937062095012
0.8278686581524106
0.8310002905507106
0.930854359062218
0.8827712895901756
0.8286771898633802
0.9143361001710211
0.9465164086498243
0.8873011045756992
0.7742243969721639
1.0258757393134303
0.907792129719109
1.0333116887667977
0.899217045426777
0.8981920311557285
0.9960085368252751
0.9198398212893337
1.0641671699812465
0.9117930808870912
0.9821330667466848
0.9615310049400709
0.8619232083179021
0.8383608381069074
0.8945474658000943
1.025043737347243
0.8378398365715023
0.9079015965746364
0.8792372438735957
0.9905527720019731
0.8368396607656281
0.7906271223611542
0.8253235913844446
0.9098989370806532
0.7119703477744096
0.8050167571461043
1.0118546081674733
0.7155474327956832
0.9147044628095644
0.9361664372922386
