0.6721260584000817
0.6629141722961098
0.702040422929365
0.7098074956275845
0.7661079426043965
0.7351428699275835
0.7587117260519913
0.6596644744032563
0.7278541715830149
0.6986765488502011
0.7036777406089417
0.7052482746820034
0.6869044654753724
0.7031220211187933
0.7104917446371355
0.6997412643730827
0.7096967751949872
0.6600171115278007
0.6660540838585605
0.7035489894151922
0.6863989881438449
0.7342014530182488
0.6941493284024929
0.6982639980268349
0.7057182636857026
0.7004467351519738
0.7190385056942101
0.6363863249103086
0.7204761434974198
0.7363651663510575
0.6619126480570154
0.6597035416753247
0.6710015469156627
0.7067562266188255
0.7926255342117641
0.7054084883371754
0.6832151707680361
0.7299269986588319
0.6656781036622574
0.7292605515020274
0.7149609034499025
0.75636000190316
0.7606507719140977
0.722757455912651
0.6816855471011286
0.7171797860930063
0.7168388277341693
0.7016451766997354
0.7027689512900892
0.6687528450437256
0.6816972848191742
0.6670734749430739
0.705021314940746
0.7485753518273095
0.6887784113157125
0.7189454528821684
0.7125193110787986
0.7582195981434755
0.7102775427196808
0.7106459917469701
0.6596988537290687
0.7373551985564796
0.7426389055007103
0.6355094497992959
0.6749491184121
0.6544729319812386
0.7033489705489597
0.72120194645365
0.7964090903957806
0.6852432492502689
0.7434057710419716
0.6739325632856182
0.662794767795629
0.7121968229785516
0.7184202655516522
0.7298136565859499
0.7604523993842013
0.713373784622182
0.660418084254689
0.7137420503163905
0.7310550023829887
0.7566044512969782
0.7055065745638919
0.6410160706534676
0.7292228247238396
0.6641532773921547
0.7108793610692827
0.6685725916139887
0.7589378821642068
0.714491536918811
0.6915315192881721
0.7003349119203304
0.7991313731399867
0.6707999606829402
0.718793793333274
0.7494182522479187
0.7621675647729289
0.7107148777931991
0.6929549635937325
0.6779012714848344
0.6786208817440426
0.7221276282548414
0.7214053463962842
0.7503757933761273
0.7583358466505149
0.7757848558143079
0.7409350865632703
0.7504447602739441
0.683039067035116
0.693937738008813
0.6915283018490583
0.7296179020803676
0.7701124496512608
0.6264465828309878
0.717808949226994
0.6941269011033527
0.7046908666767158
0.7157482339138868
0.6681264900742142
0.7567476715370288
0.7378974142364939
0.7393827174496722
0.7114148711336463
0.7105591570992364
0.7567381382484022
0.708470418284695
0.7387182491944391
0.6640368850903551
0.7553428991831912
0.7563866380101297
0.6557439120666925
0.7103794142035678
0.6648885354747719
0.7128460379105153
0.709003116057942
0.6743309633358257
0.6893183693266366
0.7284853378873625
0.7272290959897902
0.7343620726191156
0.7216376060761944
0.6905459740488673
0.7435174904662321
0.7040438541508249
0.7269212146356474
0.7569785959615201
0.7093768346178548
0.727489522791523
0.6947752907563017
0.7320641882986927
0.6961669635461367
0.7069746014996453
0.7539111421617232
0.7588589952014262
0.7073862530095567
0.7270713609145993
0.6963414443628168
0.6981259796942385
0.7069768532921772
0.699813925699915
0.6892227630157107
0.6821568697518701
0.741836114600734
0.745562279543098
0.7003814378069266
0.6910481979618031
0.6611104466740007
0.6712196377725366
0.70635354774837
0.7434234043100847
0.7832442749690958
0.7070600216275282
0.7022047816389688
0.681688665129428
0.7150846217623451
0.708020478159184
0.7392606991840011
0.7038238200203643
0.7254013716050577
0.6818394129547196
0.7014366883957937
0.6541453912984091
0.7254999355711733
0.7123469922409162
0.7659614090665224
0.7090565752901681
0.6713897020809483
0.7291162918011136
0.6983697417519115
0.7098047046692623
0.7505831900111426
0.6798480872740869
0.7151476578492378
0.6755496164308414
0.7102760920931657
0.673507957437795
0.6901131534308648
0.7208071185171983
0.7003574153579466
0.6955285960244146
0.7302619188937283
0.6613782382485164
0.7895842928710952
0.7334893611561938
0.673635494408317
0.654543901474288
0.6648365072681844
0.7280395211076177
0.7557816734838338
0.7152915500433192
0.7911347662421164
0.7084240521558748
0.7516197597251545
0.684867663265724
0.6609013605198206
0.710385725347653
0.7223329500166411
0.7513586033844117
0.7010532700443832
0.662009703984832
0.6939077223877479
0.7166551859429315
0.6987644045643171
0.7279733829511021
0.71909409366731
0.6692556405608866
0.7124748874760338
0.682844488760755
0.7049461646496962
0.7457107067055395
0.7043159925446528
0.7157844796851531
0.7567661686975884
0.7498058697585106
0.7538652224561468
0.7300097851875533
0.7665952117611492
0.6602011633270809
0.6529701206579975
0.7418140898858027
0.7226284603602886
0.6703467407840603
0.7420212907508812
