0.942414669917407
0.9354197570452513
1.0149860441459433
0.944612435637743
0.9340836179583483
0.8856406088377493
0.7999140780471987
0.9981193822169936
0.7822747285368206
0.9162399179999112
0.8724836394635183
0.8057157382892681
0.9124895806416942
0.7884758957905489
0.9151654284761456
0.7152126286704081
0.8719173340995992
0.8085974728965555
1.010857572338164
0.8293415550412175
0.916917325311911
0.9643465857712803
0.9068980768105639
0.9403676907986971
0.8545582424006442
0.911279105983785
0.9258762893117682
0.9478133122798583
1.0639329855759108
0.9540012159761916
0.9506262554599518
1.0666081711252053
1.1284628783784858
0.9137234460873622
0.8900047603865522
0.9182577094147935
0.8075557276350119
1.0178726535372937
0.9668263188422537
0.8230501117480503
1.0343565453502348
0.8587405224335745
1.0002442033039463
0.9787740675296335
0.8649036955387025
0.9503524921735287
1.0583387168956007
1.071432705383152
0.9402197738699121
0.8961081127578931
0.7757090031526817
0.9109174232013589
0.8816468982724305
0.9407227097083606
0.8886787437310835
0.8497108146362341
0.8772688588461376
0.9890846656051229
0.8809249580599645
0.987394362402257
1.0609576638567781
0.8211270182668585
1.015462170578041
0.9297145068184918
0.9300882121502914
0.9108552165384953
0.9244132421474474
0.882096817300763
1.031557551400022
0.9387917778990404
0.9337926037877022
1.0391918479933913
0.8684273351939631
0.9336527155254531
0.9298056342454295
1.0321437145167578
0.9444634576432627
0.955028551643156
1.0911598068936437
0.8728045558776948
0.8879809484762808
0.8663839935683397
0.9733826207174796
0.9167613608182682
0.8827749653972478
0.9815210934664973
0.8648276620920976
0.9310761830363097
0.843440908100792
0.9613661010468841
0.8790821828592842
0.9088622616072667
1.0399895131497967
0.7665691095926438
0.9423975626107941
1.0713591336162662
0.9550902505128088
0.9997287193488582
0.9329743235935553
0.7966525503768279
0.9959250999285119
0.8952046153950468
0.9806998755754546
0.9525353263965384
0.8227416005269654
0.9219297498156023
0.8235100938595911
0.8297059381823568
0.9290320629695121
1.0182369591005735
1.057508649073576
0.8591368078663296
1.0113761364527856
0.85407454042989
0.9261210298449098
1.0241120440422162
0.8961383773046192
0.800652729227934
0.9518462021919257
0.8529095402544373
0.929133309628169
1.1478940964856068
1.101736643683887
0.9453068079695193
1.118671712660386
0.9525916172820659
0.8296540719772569
0.8157390575489971
1.0851623166582116
0.9650709215944191
0.8433895273812179
1.1138899193034086
0.9156191204612802
1.0591738389855916
0.9422616638759707
1.008957881361703
0.9718700937619351
0.7499567571084103
0.8652897495167697
0.9181078931035771
0.8580360687284443
0.9998237949479575
1.0449081310043564
0.8597844501857059
0.9306779412164704
0.9893723660811904
0.8561741306131596
0.7888033884532241
0.9464525793480747
1.0853230601600237
0.8866050785496405
0.9235754048859484
0.9644503814508816
0.9225779712612121
0.8449894978648758
0.8718746570036511
0.9718001288499047
1.0793566089405657
0.9306242601228896
0.9012360078114686
0.8845956471414103
0.9106291396362842
0.9258569625021094
0.9264969828239041
0.902481218319144
0.9246738802721189
1.0787979133104475
1.0517942699844673
1.0056947766447626
0.9563476549702921
0.9937848830770564
0.920556277625403
1.0172201309467335
1.0151923931274627
0.8508168919887673
0.9059766867297724
0.9570402352476157
0.8825176911081133
0.9841387107239554
1.001694649294237
0.869231402973343
0.9162811845943463
0.8598497263531028
0.8591435816037609
0.9097739183544679
0.7798028383690108
0.9863591321407692
0.9063915367600527
1.044866832735531
0.8252458780279442
0.8033881635475626
0.9053592714353419
0.9377862118689069
1.0166599425733842
1.005870894016296
1.0133994528913732
1.0231839423930151
0.7884802865095815
0.823060784785569
0.9392814478858831
0.9103411255344382
0.8875279465497643
0.92581219749055
0.9814402191438981
0.9483430103345076
0.8604083075285098
0.9214325379382475
0.9501792263343264
0.9249795182785508
0.8418181663787513
0.8477018544533412
1.044614463908445
0.8728656817990887
0.9056702724750119
1.2271636087058915
1.0376690517408362
1.102740378110611
0.8911483919074945
1.0002556336753714
1.0719090631878576
1.1283220184098088
0.9707907006242263
0.8976521940180975
0.90311561446722
0.8394914730368322
0.9674707398513174
1.0096333561058881
0.9582361480628359
1.0195222309026015
1.0892799451235082
1.0091393493734868
1.006851620266097
0.9681516781043552
0.8461483254858304
0.9986999837354544
0.8949324687866491
0.9459678026088012
0.9827233871897516
0.7628934540178598
1.0424214266090814
0.8394804556401985
0.9935517773129205
0.9225672370642924
0.8161212834038803
0.9041167346827323
0.8040384438550152
0.825829889125485
1.00827729878556
0.7330378062403238
0.8892863053229351
0.8987989625076376
0.9658469524508446
0.9872245660589586
0.7538714469963249
0.9786944510336749
0.837522232590188
0.8896857055456783
0.8101544268780319
0.9271966623391036
0.8826917916322284
0.9251435449788126
0.977329431049579
0.7495153446928167
0.9074084485234721
0.9916201526523706
0.8019470047640544
0.9438338304562979
0.8436654209540425
0.7767092331296722
0.9188900894663676
0.8736242037185336
0.9823775004866246
0.8781568342111459
1.1765959220570732
0.9655987789668381
0.7704859314071753
0.8979817575142854
0.8548086831289865
0.8654262741831
1.046472685909459
0.9146400854697088
0.9654583083643647
0.9144848555233487
1.0335715916808224
0.8257435440717042
1.0305818151317498
1.1493623400474184
0.8918038691262709
0.85844211948889
1.083055887112806
0.9598634871470104
0.9540700790712902
1.030849760808251
0.8906749066913386
1.040168708545337
0.9295515115102542
