0.41491595873539866
0.3832378577818163
0.37335787592222214
0.43314374047975507
0.3893529965423668
0.4017496287733135
0.36600859552156373
0.41791594180843056
0.4238143642051454
0.371203724094481
0.4207560631617303
0.3922050019506125
0.3721637971609656
0.35721957254653935
0.370451360378501
0.3864533199650745
0.39162444562656706
0.3370417511129699
0.4201978858944964
0.4238447575109685
0.3898394396763469
0.43335357099824107
0.4548003996431254
0.4389364884629113
0.38791243943259635
0.4179041210405326
0.40668321529209783
0.4191560141916203
