0.5249598956335774
0.5134060183226405
0.5245071794553571
0.5374454254156843
0.5807913528365013
0.5688776268631972
0.5706463525355967
0.5092845599878422
0.5582507441523592
0.5236193579995103
0.5298049715451034
0.5313960432016747
0.5420814279980617
0.5277734504325453
0.5364443474630861
0.5249986018730812
0.5361532183884072
0.507994422070654
0.5170064176886978
0.5293683160402852
0.5086336506862872
0.5672126886132366
0.5174706072045696
0.521448966222389
0.5325995077339807
0.5255353551890406
0.5476380064577838
0.48076037939683147
0.5848865100228355
0.5434021659358874
0.5121101094074191
0.5092988220076142
0.5220929805477654
0.5333107054188606
0.6131286158779127
0.5318075389928979
0.5048501050529655
0.5365734261278359
0.5159618192094726
0.5621717959534981
0.5434213591937505
0.5960671934120884
0.5753778932047819
0.552102143329913
0.5375035273723457
0.5464241403832482
0.5454416231632868
0.5270242517511633
0.529065936685427
0.518125082543724
0.500638520026173
0.5192631535794681
0.5304818899407446
0.558845804771217
0.5111409892690186
0.5483113213488767
0.5397331367694962
0.5973018947885114
0.536082807730545
0.5367452394056258
0.5093431335330172
0.5436525718715302
0.5515118883600378
0.4789444505469922
0.5277212314264493
0.5035483877812665
0.5287468392989594
0.5496197477878747
0.6171942108911659
0.5067190575708203
0.5514213929069421
0.5261259343475727
0.512591684688857
0.5402966390032049
0.5470419367827133
0.5354457844489997
0.5999995918996847
0.540974401181315
0.510187571754689
0.542011659241003
0.5632553253558941
0.5672112603237544
0.5324566341891426
0.48576020208928955
0.5608320267725682
0.5120388237549494
0.5383076558820579
0.5211878433181887
0.5724666255010384
0.5430748895029442
0.5139116897477798
0.5255094051374334
0.6214865787032282
0.5232131615239899
0.5834017374845918
0.5603305076175908
0.6016562034476923
0.537852491896805
0.5165056406623785
0.5323290619928589
0.5323813546072377
0.5517564196160726
0.5516483547919426
0.5607037906169986
0.596730576708801
0.5915625999069885
0.573891858204088
0.5614430471166236
0.5034251907678903
0.5172596364486381
0.5144722353863638
0.5354563820747325
0.5868402953084908
0.4687084031419093
0.5436049094253088
0.5169731975437011
0.5305037407063009
0.5442064088731515
0.5205437369313921
0.5962788324432436
0.572178069095787
0.5476611876499444
0.5386556326329051
0.5371147553628097
0.5703142261390639
0.5361006163518037
0.5734748964499318
0.51359778509033
0.5667514395129696
0.5681234155067625
0.5036650344132625
0.5707999792390537
0.5151522492892644
0.5407368678629215
0.5363649778684914
0.5265485746039653
0.520431281826635
0.5608470321888696
0.5594465058301183
0.5681094822579045
0.5489442733295089
0.511890110418227
0.5531210429126807
0.5301249215136679
0.5582301185383131
0.5666941292078311
0.5353539989965438
0.53255874796724
0.5175970653956317
0.5640721827417869
0.5538369591567829
0.5331875327496449
0.5657720122792683
0.5973640588165976
0.5337177879452181
0.5591138058073248
0.5209641153541467
0.5221991659901202
0.534095920335272
0.5251233976713543
0.5114394123978365
0.5369152570011584
0.5509539415341792
0.5551328789419073
0.525479896678708
0.5140841505874901
0.5116968033089438
0.5217733016016357
0.5666376207158914
0.5534646486460331
0.600209189865216
0.5681382462737838
0.5624419919547383
0.5363364028403564
0.543799702265678
0.5342024146247142
0.5473658368052802
0.5301645649087239
0.5302319576674164
0.5368399643182076
0.5275379186373362
0.5031080066587035
0.5548012370634272
0.5398939539234364
0.5807627689044984
0.5362832389206333
0.5238731290483635
0.5614654685765287
0.5220354414799939
0.535676149075744
0.5616003230188142
0.534443276459823
0.5433832865972616
0.5289427135101917
0.5378994077070467
0.4926677186603617
0.5117017825430646
0.5511413244604793
0.5257531416050076
0.5188608094132708
0.5626880203612148
0.5115083299207372
0.6105415171680055
0.5406942443128089
0.5266377035646059
0.5019137095830736
0.516001228901056
0.5585570000568215
0.5954325568247666
0.5434269564290566
0.6116696875988508
0.5343577358535262
0.5621677972995407
0.5392858192642838
0.5099128310845584
0.5367503346780937
0.5529517918049052
0.5635451168383989
0.5262399181339915
0.5124273595687523
0.5176385620755939
0.545443520890203
0.5241906982187654
0.5602912193721077
0.5480562834217486
0.5217304332084927
0.5396037568154406
0.538216014714562
0.5306619576422813
0.5555864534177382
0.5313072743484379
0.5419661071593116
0.5955931604082649
0.5869574934298527
0.5658384601711435
0.5625206452111896
0.6076119944350786
0.5103105288021004
0.5014071918061035
0.549870009959651
0.5276479558966944
0.5225542993400298
0.551234262757498
