0.7955475747401407
0.6999678449627272
0.7319518349620651
0.746425654925316
0.661039416377785
0.5898338013601707
0.7095357495773713
0.7428923437443271
0.7252861472995464
0.7315984981248398
0.682221821211584
0.6469770474403149
0.7017509683275365
0.6990006414653958
0.7025007062614375
0.6250272236866737
0.7681748392873786
0.614153987989565
0.6933765673703159
0.811544555830241
0.6223778711800586
0.6527867583544867
0.6719272270905924
0.6932398333126957
0.6986535115009169
0.5975818122998824
0.76747158910774
0.7667822572321652
