0.9320080987783383
0.9129466665571969
0.8493404561800707
0.786851877206582
0.9013763384929744
0.9601892335350157
0.7840425201974724
0.9671342096941206
0.9767694559670534
0.9686594932349998
0.974150810315696
0.9665472052196846
0.9902463845788547
0.9697865317178914
0.9847409436003547
1.0309541578219266
1.02259791296769
1.0223447864371964
0.8970836251286755
1.0345257348569825
0.8616162248002053
0.9922241243946679
0.9480285957122017
1.0048206925856538
1.0621947435952754
1.0573457860614255
1.0437401294137123
1.0754413280072042
1.0678416816253173
1.0058208868537646
1.111196619752324
1.099090142154969
1.101774637543732
1.4632718090162604
1.2617091741756492
1.1151251339627215
1.1617156819031251
1.2330865268625262
1.1203375456471147
1.1769643572028656
1.1333283684022741
1.1041070513330384
1.112167745269462
0.9560113530742411
1.208761172644126
0.9315997128754198
0.9166960932173976
0.8555277881526331
0.8339521939991069
0.9828876201674207
0.8309244055564455
0.9629605797923129
0.9776652507617887
0.9879506063587623
1.0077387558103723
0.7960766451907815
0.9776618898603207
0.9906478370795213
0.9864321895692139
1.027791161927034
0.9217124404230935
1.020884841840524
1.0312096971856306
0.8858560277036474
1.0387663892607861
0.8604189765246548
0.998704943729745
0.9415111991140999
1.0056015164881211
1.0621233532358993
1.058763239801681
1.0493232871596048
1.0816946737535167
1.0702236948263222
1.011407486220587
1.1116248485477842
1.0948951010134835
1.0972692855419284
1.4433763352892557
1.2695502394412372
1.1132104744225009
1.1648387278865127
1.2520507321546421
1.1174446417864807
1.1972317432970594
1.1306940929718756
1.0841618133057134
1.115533429790928
0.9959635293694815
1.20874471743599
0.9147237314390031
0.8506350548690222
0.9018120977550477
0.9460162484293402
0.8283759398624433
0.9558947953680588
0.9763051953581502
0.9615648898153317
0.9759668511021417
0.8102060063598193
0.9713902099117683
0.9921325177258034
0.967593721885239
0.9831552046093475
1.0304643354918341
0.9255907101802933
1.02822281357614
0.8936070067940401
1.0306309367264765
0.861060994327493
0.9904356005949578
1.0626112089575046
1.059167004127105
1.044696756040822
1.1202579674418196
1.0091544432469788
1.1141314508225175
1.0927694129536512
1.0974425673366581
1.4457902978689017
1.2630928331732143
1.1187930447187306
1.1664695589562735
1.22292184543219
1.1191227987362886
1.1782580811438983
1.1274713491043022
1.098903311477846
1.1101696888650756
0.9521812440433852
1.2091381516081932
0.9567502019853054
0.9487503489712255
0.9000902451590523
0.895249024304309
0.9864922388345634
0.8920263757990631
1.0068482287873675
0.9980074261630479
0.8185618590381136
0.9908633901852577
1.0131675633420678
1.0165413981748315
1.0579452691028353
0.9603057096706666
1.0545144824637156
1.0696581477623652
0.9049524175547543
1.0576125919351576
0.8868219748755114
1.0086702405737316
1.0077272396011394
1.023791465963844
1.096848117230162
1.087235915811843
1.0877243461756736
1.100239958756311
1.0488613456660645
1.1388281608576465
1.1254628541344676
1.1441235653211643
1.3282084364365558
1.181312141153459
1.1727873204592714
1.2928924431343096
1.1448432495509913
1.2145356779882728
1.1541930633784026
1.1899427449022952
1.1460685588964399
1.0100979423033136
1.2276881928306622
0.9469414228628591
0.9311427720944423
0.9042767416958539
0.8431241958117204
0.9476443416003669
0.9972559863692629
0.89288670629824
0.9838647231187243
1.00405358724898
0.9968367435638473
1.0021925399869311
0.8213983762813004
0.9907067103273268
1.0426700128719646
1.0214680838073324
1.055663721513546
0.9699763542678896
1.0712140837263546
0.9117000013056777
1.055789003493207
0.9196135312424529
1.009267047597656
1.0059844856750566
1.0926978052846135
1.0927122756471106
1.1534666932767987
1.1006462710726657
1.0435074172972045
1.1337697870509533
1.120981248385705
1.1301327993193209
1.4884982534622297
1.3014891661112773
1.1454662252023824
1.1839962838441773
1.2907495047675404
1.1472771081253539
1.2429814921266142
1.1624823251564398
1.1471955232961615
1.1384859196607064
1.012130643794007
1.2243365935529562
0.9415618433459461
0.9039842639724909
0.904316898306182
0.9413299608194903
0.9784621216063434
0.889859320781405
0.9774645666542776
1.0531142306366332
0.9979355307702517
0.823508207263518
0.9895770186089674
1.0118735062358908
1.0358476420081453
1.0207847117629782
1.0640851276105727
0.9685474065875729
1.0793837277839484
0.9261497029953716
1.0260400187167757
1.0991493002514032
1.086260093005331
1.0936075202602145
1.1668420742003813
1.1066626981491416
1.0399906886100414
1.1433429842543634
1.1340406711557762
1.1472675117803313
1.5042800990530505
1.3364785423462011
1.1840320245141194
1.177761634550397
1.3006853392947741
1.1468744912105902
1.2488035157372992
1.1631426572697525
1.2024596326802603
1.1513139126087584
1.0059620548961516
1.2262324238811364
0.9442966110626563
0.8508398860791844
0.9476188760519779
0.9921628605121091
0.851211697615234
0.9837145565381407
1.025659008842064
0.9969342911358969
0.9998236001554326
0.8235890353703264
0.9971043192087541
1.0014883746359138
1.034094711326527
1.0266351103346638
1.0614253819307258
0.9717309706114623
0.9204773494061629
1.0601356274548688
0.9239679461078807
1.00571574885317
1.0146940216147948
1.020312400198298
1.1183386587948194
1.090845667880409
1.092407818254054
1.1657963982163055
1.1131133657261252
1.0441647284010047
1.1389991925277996
1.1243635410992154
1.13467852675497
1.5377934550247714
1.3370174665973913
1.1503446072662202
1.1905124240279377
1.298548021800722
1.2441866008106137
1.1737871513202698
1.200055769744866
1.1429029530411798
1.0137389220799427
