0.887940257738375
0.9454499412109965
0.9631308313283289
0.9645918286365689
0.8116953625607639
0.8361467641137728
0.8963125797209589
0.9263902161158897
0.8843439062542464
0.8885684973507406
0.8845266970167789
0.9289308890354477
0.8846403879059259
0.881740576450752
0.9072905937585063
0.997373914244728
0.9302005085847971
0.880676328739911
0.8554099354166862
0.9373683805120432
0.9358680472669448
0.9347219318254409
0.8670818645501168
0.8766091779227592
1.0036787557150708
1.014245759993427
0.877447798581424
0.820756497349646
0.8104314256921429
0.8817425011397066
0.8865504849428774
0.9631913741821494
0.8147332475731224
0.8370656040317411
0.8950927909128279
0.9252611527799923
0.926546583626904
0.8856031504045445
0.8882412048552952
0.9301314303983808
0.8874721315410337
0.8388307246940419
0.9314833938283653
0.8799242629214742
0.9085293687522478
0.9967655692253028
0.9293186297175329
0.8801834533231025
0.9384229555910708
0.9357767323922725
0.8996651100783667
0.8691188707954703
0.8301169105734783
1.0039085736317146
1.0143348972732436
0.8751243911213027
0.8190019218631943
0.8091975206142485
0.8821208271019887
0.8892810776858975
0.9442556916529052
0.9639874116862738
0.963184150431557
0.8135689545808297
0.835478975203866
0.8966200471427171
0.9237502598420588
0.9457385794892905
0.9254180718549814
0.8863706855884513
0.885383032281529
0.8848474120007886
0.8864915520355339
0.8368927517656404
0.9289904511176799
0.9987534866799416
0.9318357223155982
0.8825933201327646
0.9385782887425271
0.901763772259155
0.8296870115878783
1.003226252680589
1.0131161241603652
0.8765883401281196
0.8659108661039728
0.8076295732291485
0.8815040714733461
0.8880241872335486
0.9442333142894743
0.9631809724802823
0.9632641870051755
0.8131472135967064
0.8350102272322618
0.8971103183254039
0.9236201486879541
0.9446632572058412
0.9257703433020078
0.887458676849288
0.887196431886975
0.8848786299262342
0.9295556781698902
0.8864434337957634
0.9291295965649953
0.8798614715213346
0.9082395133411265
0.9982497965860149
0.9319642762516391
0.8808726311746952
0.8557949273011611
0.9379854206877873
0.9367845466483632
0.8689105432788113
0.8756635235389125
1.0134761190917945
0.8754391672556142
0.821590396461642
0.8072257131614953
0.8832177011284492
0.9340037583820723
0.9748090284342712
0.8254158756434768
0.8461340948556386
0.9089324935488607
0.9562047830340519
0.9325311873171296
0.895157722510686
0.8974073163679934
0.9426584295035528
0.8475560217305739
0.9420874720076775
0.8963082580088144
0.928477706151112
1.0060570448439878
0.9436482022885606
0.8856144383138906
0.8686345827463251
0.9530082518834049
0.9489822436685107
0.9489213195461333
0.882131606488808
0.8393436422766021
1.015500780962739
1.025564883906907
0.8361822618626324
0.8271210393415492
0.8234681861463848
0.9350111753057703
0.9560898902340469
0.9376667425771859
0.9769459681879475
0.876143728701053
0.8428344124050378
0.8973563960162338
0.9575912929174322
0.9374496723951438
0.9018050695551318
0.892861738852837
0.8956140562066283
0.9394820229626633
0.891326164895248
0.8927314581049948
0.9346159397459862
0.8946412875253346
0.9527023566292322
1.0071189655470343
0.9038708051462531
0.8889528245092451
0.8681626545158296
0.9491379393894653
0.9464934743490641
0.9442394228692027
0.878068068487366
0.8911633494346659
1.0113664296083378
1.0246074487920729
0.8851508651785037
0.8269867507115787
0.8189635325219596
0.8927923802535618
0.9010437070761161
0.9618004893149206
0.9731326585502064
0.9789192397814199
0.8689530785508663
0.8488948787758981
0.9092097653259482
0.937675729722552
0.9579178491004732
0.9315345000075959
0.8973940257561548
0.8964553353237545
0.9058206879097246
0.9427306971353364
0.8939309031463665
0.8970212268234075
0.9425970548457163
0.9005734742782578
0.9311414732602926
1.0065666812548226
0.9075413279529403
0.88607944377434
0.8717746530869968
0.9546101911654276
0.9506519370023466
0.9158904491990532
0.886163549992739
1.0153803158761487
1.022750523617269
0.8225121575705125
0.8275431362332681
0.9270078255670622
0.9354524253614397
0.9543998088830765
0.9349402024858267
0.9755371570875846
0.8806073497461857
0.8417815682139771
0.9024424574291646
0.8963748914633036
0.9591552597841461
0.9345631593344608
0.9066331028275374
0.8924964393397371
0.8945975625637357
0.9367134351570439
0.8853025754625516
0.8448444953863683
0.9263278022176002
0.8940798431484285
0.9473377805458112
1.006661564923307
0.9024017843233998
0.8849182783390421
0.8660174057051913
0.9473537546578126
0.9465972182982993
0.9419281177182601
0.8759840409718862
0.890528979253733
1.0096236884687206
1.0214795361570954
0.8852847891653356
0.8282012076175076
