0.46406873576660645
0.45489586934360665
0.4736887721357142
0.4782264397463809
0.517951518023391
0.5037988304738658
0.5114550310813839
0.4517055074194847
0.4980261419094245
0.46700787691344225
0.47207494482501555
0.474017574832833
0.48019861932152624
0.47285609708473963
0.4807670779704689
0.4680242429663549
0.4792695258003142
0.4537890788668978
0.45836027099306353
0.47222191014389736
0.4543690726373639
0.5033455806778233
0.46297038170103927
0.46825002933798954
0.47387158555885023
0.4690747989029004
0.488803631354189
0.4278538516513628
0.5129298128463591
0.48841945835399236
0.45393834872086586
0.4517791467618667
0.4644055000124758
0.4754958044734968
0.5452788360985565
0.47396655976574686
0.45098902917511574
0.48076232085453596
0.45855891403060667
0.49726944492606384
0.48384567356853037
0.5243478108700216
0.511086343601938
0.49270713247355175
0.4730339536051936
0.485835378326016
0.4860507392385941
0.4702823958232414
0.47076920371727365
0.4633138188046585
0.4517853708169693
0.45839716504244826
0.47442106867593425
0.5004487368402295
0.45721543619133437
0.48792094763600213
0.4820403131578007
0.5272972010343085
0.48064666338873707
0.4808132420250568
0.4517242873573873
0.49039662488054875
0.4944256490165605
0.4276968115014236
0.46765928500077575
0.44576070917652044
0.4723933444362002
0.49168963173283786
0.5497262424993405
0.45368325324228487
0.496241591937494
0.4669673330450685
0.45544154285130833
0.48075121269853627
0.4880086607085042
0.4816349428693876
0.5296233067147684
0.4827216142185946
0.45249811781836125
0.48251295397087546
0.5002234300058308
0.5101487550944466
0.4735381585796141
0.43327095688101247
0.49852432885607106
0.45905105037739874
0.4797759065238282
0.45984548781328616
0.5101436093684268
0.4831360685643807
0.4606392286506076
0.4688491466833101
0.5515590108617422
0.46283175001262555
0.5106292975152746
0.5008605599402265
0.5318258172913977
0.47986098313789327
0.4612480274235198
0.46969379884801843
0.4712606293168581
0.4916357439573209
0.4901186745996967
0.5026417444792877
0.5281300782548575
0.5289533256752044
0.5118170865632704
0.5020576634997506
0.45201771006112074
0.4627052740711912
0.46007144377401754
0.4811838976060947
0.520912716406846
0.41754140822781316
0.49007022633542785
0.4634173299388426
0.47365570931630974
0.4848321174330937
0.45948586573558986
0.5250084285150713
0.5066961129363243
0.4909499266118181
0.48063282741779945
0.48024834811047246
0.5073465849198411
0.47656282478876005
0.5072461642375563
0.45723020636296896
0.5077700836492106
0.5087465200160295
0.44850376773679557
0.504298702718974
0.45759195552897247
0.4817717174357379
0.4774970332618782
0.4674410929016423
0.4636750491582973
0.49684997805769604
0.4954239601469097
0.5028101811351054
0.4933453403419288
0.4604433311917244
0.49479331063634147
0.47257875032568836
0.4959476143918936
0.5115077117055891
0.47934887889362976
0.4792926783136868
0.46425233880604744
0.5016772409302717
0.48928370882202493
0.47611032062455716
0.5055280575846086
0.5286736803866114
0.4765062813262846
0.49540175625052396
0.4644091344621911
0.46718928832191664
0.4752069995721268
0.46806293515345426
0.4579168043875126
0.4746826999405494
0.4931773163174721
0.497382250030063
0.4689833383868769
0.4593792948265668
0.45254670170755773
0.4652158833865717
0.49940286171794135
0.4942380110516579
0.5370904288152498
0.4994918023881546
0.49426376673294165
0.4742080937008566
0.48374569669959866
0.4774486612334501
0.4909707363587223
0.47204403013709584
0.4769211284439635
0.47404371482991187
0.46929963025319965
0.445464123762717
0.4961786179717128
0.48149177861862524
0.517650401495177
0.477699055482245
0.46349870063377036
0.497651187975977
0.4679014774618071
0.47998943643009606
0.5022118545062566
0.4719599199068726
0.4843039435635236
0.4677889234592015
0.47882679950257623
0.4413301855746772
0.4596578126763812
0.4892796922032169
0.4686560429503722
0.4646835316416622
0.4990062971496739
0.4533377061384247
0.5410231417919584
0.4846568182886273
0.46578715885410754
0.4475550687340745
0.4566259124523592
0.4981369224353184
0.5236812085138596
0.48458403116841176
0.5433835364459113
0.47820138149719227
0.5039766620820568
0.47841142308359547
0.45386023008503806
0.4802225473541255
0.49090234573253755
0.5020117407765274
0.46973493946587086
0.45383947439711986
0.4622588132968388
0.48563564748139315
0.46663421205094824
0.4962538922678725
0.48851042732969907
0.4608397580535023
0.4820697400056356
0.4749290849971366
0.47407191281953515
0.4972626366697257
0.47200870887703117
0.4871539721322831
0.5257357191613092
0.5187107135267962
0.5053582903551871
0.49860637146080544
0.5358322320275071
0.45188708868383176
0.44452057967439096
0.49421169228340506
0.47326607991395486
0.46247086742410604
0.4933136414319851
