0.7295129538487644
0.7671057002365628
0.8212763120333626
0.732464759015704
0.7124668514912823
0.6654139472933776
0.6165736165087372
0.7833107999704645
0.5515646066502281
0.7214559483540428
0.6399229727968516
0.5747176576750648
0.6826790123465796
0.6086550278660205
0.6972096273711732
0.5295166386871026
0.6416446255347401
0.6236438322955129
0.7994319708249233
0.6005769022008209
0.665155196771606
0.7392936570486268
0.6755219320119477
0.6941501205394884
0.6439402043122504
0.6752125807312599
0.7063360867249351
0.7337653451512731
0.7715881371794093
0.6997396277408974
0.7190546807473083
0.8285564228062812
0.884729603336041
0.6930474503336468
0.6349817577755861
0.691989163960248
0.6284361488622094
0.8023254519562661
0.7481196213826694
0.62697704718564
0.7772899416866211
0.6236380405737647
0.8019302033039462
0.7661367048922709
0.6387753769546317
0.7203363051617009
0.8641123018012611
0.875099877866713
0.7261434229329444
0.6625993422136028
0.5855246502115052
0.6812043084472607
0.6684084334168894
0.7290728632844905
0.6685944740681622
0.6337628515340819
0.6841888360076385
0.763862440931101
0.6578709040059105
0.8399009664408874
0.8528979230204332
0.6498806626544505
0.7957753382080988
0.7316266333007053
0.7120944798367159
0.6552509205096144
0.6883356989556464
0.6533039951147923
0.8154022267352515
0.7158483555972044
0.7187949303183145
0.8292278766138836
0.6507567175469043
0.7165992197271338
0.651876208343535
0.8109306588994052
0.7335810176077282
0.7185798373574417
0.8299190782114733
0.6383013197665837
0.6303561699215022
0.635966079309253
0.7613108754534732
0.6988267163821498
0.6753344892067715
0.728076760133164
0.6503274333491833
0.7228198551938025
0.6167891445637825
0.7930958374195305
0.6504019408210676
0.6869910279029743
0.8301184814037651
0.526193706083872
0.7237981744829403
0.8730568707054681
0.7387937943724581
0.8084069802184234
0.7015547282336099
0.6167867970661961
0.7969821823809432
0.6812977672143692
0.7683353682971132
0.7473334261590088
0.6174987733182087
0.6889910311526497
0.6555989610569098
0.601873971877768
0.7086856782059135
0.8432284962906564
0.8213323993118982
0.6558535297346948
0.7620420721588705
0.6169894966588462
0.6819487347248481
0.8255028111061382
0.7225810581556831
0.567239719326944
0.7544041413050959
0.618972339333309
0.6989042152885465
0.8783192173731356
0.8508440394058121
0.707573462290507
0.864982222642596
0.6673268986191133
0.591886946977257
0.5823267937438368
0.8299580196459093
0.7329713008934692
0.6377573964125958
0.9194598478748373
0.6895149675278591
0.8078743821677501
0.7082557526943687
0.826522937123785
0.778848621369297
0.5641336238060415
0.6327533085718879
0.6893586655572252
0.6277764276440609
0.7663034712609265
0.7966390216795977
0.640968641867442
0.7655015017545871
0.7630633532056539
0.6316016960055137
0.5437146182795775
0.7310888022582915
0.8818914975388528
0.6706140875586497
0.7379588558663406
0.7371798856236849
0.745693390192796
0.6652527152561802
0.6368041914864098
0.7157998962917652
0.8569758922988865
0.6958277019833548
0.6528387558160296
0.6650516700247056
0.6903151396362843
0.7202295296662885
0.7044573018900521
0.6796936855228264
0.697280932903698
0.7801839183865897
0.7743958062163514
0.7548061393702136
0.722982582431432
0.7247444951028259
0.7017463262083992
0.757452903343828
0.7962165735898041
0.6164588449724925
0.6507720603986978
0.72735360185691
0.6499503377008233
0.7162919227183767
0.8010325647499834
0.6829040696400097
0.704254166842867
0.6385297861646555
0.6570293555710252
0.6833785951689395
0.5347848752668585
0.7529916513715385
0.6813002935289048
0.8235355913562206
0.6512763421739678
0.5692828047828032
0.6923157931744723
0.7112522151856565
0.8075971311629246
0.796939499770327
0.7934768594753836
0.8199098025483982
0.5886961335459104
0.6403809221901491
0.720411718393084
0.7261538493861261
0.6485142253925669
0.7521685357092649
0.7631933032226101
0.6893596691682762
0.6478450040614276
0.6938287841125655
0.7294711673397274
0.6856685544231291
0.5976556896283505
0.6187044160107857
0.8133793095312011
0.6437690389044899
0.6838068897589625
0.9253264213051502
0.757846635113985
0.9174355039511489
0.6540453572754599
0.7507411002352433
0.8119716250045104
0.8764029306499936
0.7558435736892418
0.6768995058460545
0.6889232360888415
0.6262321059942713
0.7452168168841278
0.7957813267195442
0.7244035722114426
0.7945647840501765
0.7906819724875538
0.7411521793594747
0.8047759380231064
0.721899751826115
0.6348814241225587
0.7319954323335852
0.6644182289784957
0.6909436041355188
0.768085857777987
0.5798080407210812
0.8324460543092086
0.6515792757965841
0.7251527247245886
0.6928825550448061
0.5887261248631371
0.7490217916815691
0.5892516553366531
0.6327670031319997
0.7993362415110373
0.5122098544460014
0.6743014510515783
0.6625403748787717
0.7581617672656594
0.7928849434174492
0.5737013334737873
0.7656171959624622
0.6006922172762523
0.6750525009124736
0.5877749318512531
0.7183264938554563
0.7020364081735819
0.7148575163759522
0.7579503553478495
0.5578579897482128
0.683532347054107
0.7727895817499766
0.6267052743913344
0.718008780732541
0.6794942660848876
0.539656453955525
0.6685083394663677
0.6430440264421435
0.7748489499768936
0.6650228814366477
0.975950543757953
0.7614693146811239
0.582356738879931
0.659731048653526
0.6343277015512823
0.6350673622165229
0.7550176216205995
0.6498310417849984
0.7298427718726874
0.6598414339106744
0.7693547534741947
0.6014529815717042
0.7838676313585339
0.936235230621633
0.6663291904835564
0.676487730691526
0.8835318657908445
0.7533218586017223
0.7029263193866828
0.8213108366518862
0.6767855567471215
0.8361146544912831
0.7098952296310596
