0.4896264575603717
0.4386092026083299
0.4892991693907617
0.48687517814855724
0.511717858425086
0.5039348277171187
0.5274809220588759
0.4819239583086323
0.4840848405073322
0.4956696923044053
0.48561331711581696
0.5022392797485427
0.5083909029298777
0.5184719309579952
0.48151295972678293
0.48779234103455726
0.47196434298245615
0.5039060634455125
0.48615377540358
0.4769204862636522
0.4894602639232897
0.4694498526001294
0.46741513103422516
0.5282452042259158
0.4980901010989862
0.46464653682471746
0.4825599975813511
0.4931412283727296
0.504748049334877
0.4565023313409186
0.48637552362371744
0.5416868265697569
0.48912484059288686
0.49146084526276124
0.4572914561542211
0.46372216828438984
0.47668369297448865
0.5434809277134047
0.5018796163740444
0.45676143482261133
0.44694078558648764
0.47722870601213574
0.5005999034579179
0.5586370843106867
0.5206657266855309
0.4896078330898448
0.5059537194617243
0.502839061484009
0.5181366612699658
0.46633258793553484
0.4818363452873331
0.4848418242363618
0.450548368606441
0.5080322217206155
0.5023503692307628
0.4854052519381966
0.46275896523492877
0.5055275223802791
0.5484168436268966
0.5056007965081861
0.49027349072239673
0.45972617224316514
0.48576395955489404
0.49913851369615303
0.4385230626185792
0.46880762109684626
0.4655955366861423
0.48474436486365746
0.5508438658648114
0.4742773212571425
0.505513206298476
0.5040992442997438
0.4909544959862634
0.47595890780765504
0.4806136549601457
0.5129095221470291
0.4821113167765064
0.5314238493671652
0.49321525913500425
0.482739140257474
0.5039710424793494
0.5027911948137591
0.5069553734211895
0.48540397611520825
0.47569962840150937
0.5228664816986516
0.4682444970230251
0.5017107213266175
0.4920736332849607
0.4908704155142501
0.5031705324966458
0.49370771544391945
0.5558743012208556
0.5091365486912902
0.5406953585211202
0.5383204925079097
0.5088270612415646
0.49873665861431626
0.47329222916790364
0.524189788987204
0.503375112678448
0.4772809912057639
0.47633159718905954
0.4924182494976318
0.5318337594242867
0.5250857338706842
0.5258261870710094
0.5074457162749794
0.44939985176749386
0.4937007485289966
0.4784752164726719
0.46827206030947144
0.4874048132556424
0.5267788808515212
0.465628254673914
0.46883873893279354
0.48023861854370753
0.4988366857199193
0.5110279569033908
0.5331504207379656
0.5258533837333002
0.47944616154152075
0.4839210001444935
0.48970881309633196
0.5033165990839812
0.5141142015104443
0.49987396369927356
0.5195090811347487
0.47933834130434166
0.5171436176688843
0.5045450229549963
0.47067459306501
0.5334896673965631
0.479810644645955
0.49300032776764646
0.5077065482442895
0.45753007950872926
0.4781087779670269
0.48776476315788836
0.5219839781636733
0.5212410052519505
0.5039496734692156
0.456938479726253
0.501796803290298
0.48119437382492003
0.5208572608871171
0.4736197907325632
0.4668003305394354
0.486559089719525
0.5230600372318783
0.5140667507781771
0.4986612681569967
0.4887555151858586
0.54037202872808
0.5099705681558563
0.5131884736677077
0.44452532537623723
0.46667894983473246
0.48442774686752366
0.4899616823013182
0.5117309989797791
0.46083595666328936
0.5150601149753251
0.48787756770182744
0.4748405037161856
0.4974237907826633
0.5193079704008268
0.5094535126618761
0.5263145228680456
0.5234717561573511
0.5440606489438186
0.5161946849071731
0.48415978181358144
0.497378811021818
0.4623390407325263
0.4836391440529887
0.46290605495796355
0.5229476981205132
0.49498485273768
0.49202089914585795
0.48408684782409034
0.4804442089025207
0.46303755038059746
0.49167410575718995
0.5032813837259494
0.483056558242509
0.460525286123859
0.5140383997640682
0.5060390825801037
0.49511641082554647
0.510481666740296
0.5159894757209971
0.4883553800031178
0.45160087667516335
0.47325310203520976
0.48922488491529836
0.5036495000254314
0.44431908389551533
0.5017990689359555
0.4900138591349009
0.5250405394376443
0.4902699406058537
0.4816532933967261
0.48841787836511164
0.4847648690087285
0.5156575594480031
0.45479243441431316
0.5398111864704594
0.48688182736593644
0.47167270939339334
0.5494853393257455
0.5091181190854539
0.511774757321543
0.4575120332030705
0.4625835911751164
0.4854024132114856
0.4455967545733638
0.47477380611485975
0.515573950749362
0.5112676818591948
0.4911067194444391
0.4615021260673513
0.46725256198029463
0.4889577300377965
0.49841553262029836
0.5186850981837019
0.5144187108829288
0.48092915554799087
0.5052081075239074
0.5480704350288069
0.47409082278270065
0.5166513565335205
0.4542879970421969
0.5356145490083439
0.5389456972961383
0.5215408046251231
0.5389103261106316
0.5026294801900182
0.4744637019699965
0.47716835659328516
0.4758696824241106
0.5060472274320174
0.47828438398949424
