0.3068966980592622
0.3245901289838426
0.3354848516216545
0.3392500963039243
0.2929039516446152
0.29485725873453467
0.32372907241286564
0.31848221323907333
0.30966711148307896
0.3139786319864642
0.3081053586899922
0.3109666322022886
0.30196737781906047
0.30913528157168274
0.3261384424233466
0.3585655972713266
0.31465829250159166
0.3043721103962672
0.29005957792921194
0.3214366904749737
0.31637304299976327
0.32001601745448466
0.29900194005049235
0.301694406326381
0.3653163958096249
0.37220588599469406
0.29890905540713225
0.3026851039636371
0.2889803740938276
0.30835698142418483
0.3087557245390301
0.33783097225202396
0.30595329652455905
0.30083972158835115
0.3213246191098618
0.32117748638072213
0.3181778733223531
0.31076777732006877
0.31764210084021127
0.3157108029499823
0.3203164914734092
0.30241138385061983
0.3450796999106264
0.30472560221171524
0.3306475329572586
0.35867086058974185
0.3146950185471911
0.30885639473953197
0.32183053366428854
0.3171319048062841
0.317994999783778
0.3045555343758477
0.3022660371177501
0.3647979173357231
0.3721168215427964
0.2966750806067029
0.2993822805278272
0.2842118082176453
0.3087796080755788
0.30971256644522915
0.32373931368118114
0.33535594192122725
0.33824461187177296
0.2996915208457174
0.2872722550157485
0.32460698826916123
0.3176506846657251
0.323551983940234
0.31539887338012457
0.31111481100751104
0.31137658322785056
0.3102994960698062
0.3181425543282556
0.30033288978594397
0.3409198252647706
0.35907203935785303
0.31582630230930675
0.3078258136653435
0.32229004990070564
0.32304772848443053
0.30320010055320085
0.36514313615115956
0.37139900325679276
0.29840170064064453
0.29530766833513594
0.2863118548937113
0.3106262139283989
0.3099379676811499
0.3240164183221262
0.3343605505992973
0.3378829814113283
0.2975646126365676
0.2877799310373188
0.3263390722146597
0.31684607004576293
0.3248154604741771
0.31748572908668754
0.312395176909866
0.3152671809961562
0.30850097017852407
0.3128417637511719
0.32065260049451083
0.34116690589255944
0.3046746084688339
0.3263879221973224
0.3598833600251606
0.3163335518695764
0.3061888101133815
0.2892424933438878
0.3186957187826627
0.3185220629369842
0.3059435457261414
0.3037182171392419
0.3716578849127791
0.29988171127807134
0.30433094252754656
0.285131735206071
0.3121101143891733
0.31566797318211104
0.3433670674866368
0.3072178916673143
0.28994300656150046
0.3305932700399308
0.3312100600233038
0.31827801645101095
0.3145618214977807
0.32069040059665144
0.32148062726625315
0.3089283525506633
0.3478623673582746
0.3175622694124327
0.3402479041390366
0.3660815279653924
0.32990444371674554
0.307237392629933
0.2951168519951504
0.32973142140354805
0.3258193098875091
0.3312051613633417
0.31154610189930054
0.30505490965007065
0.37363423618225133
0.37991476670042235
0.30295280931320784
0.3062906388671522
0.29761338053847675
0.3197199002776023
0.3313250298208561
0.34053324769499294
0.3459926077514302
0.30333149452672614
0.2918046380093704
0.32541459732691613
0.33232645626698987
0.32861074027129866
0.32140312056673886
0.31617306469783923
0.31686190745631293
0.32054395723285556
0.3209365010140726
0.30830808803660825
0.345698610160072
0.3194283615214184
0.3331782750075764
0.3639730332316762
0.320831233628099
0.3154594829443917
0.2995721418846338
0.3344649955217873
0.32287127867038407
0.3253426663905158
0.31571463036481306
0.3131624198731299
0.37055670254154954
0.37808454968782207
0.3098303883928088
0.3025901591684177
0.2926066670968751
0.31466228047231626
0.32002669970130593
0.33666021345623587
0.3414956420430599
0.3481817275420095
0.29512542853688906
0.2870560187765788
0.3281718167759303
0.3205571331101863
0.33022965630374557
0.3182512626115345
0.3205260161331354
0.31801568130993757
0.32075138094195693
0.3217420116816051
0.31609227775760873
0.31201661400735203
0.35280657672020777
0.3221009608899999
0.34149748512675177
0.3644220302347487
0.32560080173884753
0.30958777549655053
0.298717180690523
0.332398126018879
0.32843731596132725
0.33105573732924465
0.31520608132011485
0.37285568781069456
0.3758179634243374
0.29593293118231184
0.298771752570384
0.31463640831034145
0.31683090972927636
0.3332567989299653
0.3387477192203079
0.3479616538740037
0.3057360962136884
0.29187700494236013
0.3222715880246802
0.32150340311659337
0.3325163872033772
0.3278826665529451
0.32784870271486594
0.31664016343815815
0.3181056791947948
0.3172198581101622
0.31033734982019
0.30816303030138675
0.34150235558483816
0.3168381535263154
0.3274634940406587
0.36391083141817193
0.3219835061312535
0.30954400026638607
0.29641260859964436
0.3343256670246914
0.3228513026377891
0.3310915126559001
0.3095704665834173
0.31255856667017146
0.37012594289119133
0.3752673107422662
0.3111371333267847
0.31084185926167485
