0.45985740088535515
0.4435362039182017
0.4623921838824778
0.43533797951830366
0.47300573044665345
0.3979340027813207
0.39411777928949165
0.4189384880979249
0.42535125415364006
0.4404370308023342
0.38236122930903427
0.36049616162293124
0.43675817822616453
0.4002072964578679
0.38790179385940454
0.3113875023781182
0.4088151457752477
0.46890228128694866
0.4015526538183736
0.4918554551846776
0.3902585162370975
0.39315193671502574
0.4011851790415626
0.4643481583979433
0.4324807579804725
0.45711301360603135
0.4206227558601084
0.37721908098973783
0.39818127326162334
0.39394372080123397
0.4611123554172327
0.3944244151921156
0.5316037289328375
0.41221627533777283
0.42083446056782964
0.424791703918923
0.30959208198114635
0.4295232708262677
0.422176159692864
0.37940798828043326
0.47436730389467235
0.4112961285217946
0.44120041995821446
0.4279944124891252
0.4341500909086837
0.43999130448623835
0.48125320165929913
0.4230057883272755
0.41988323834095853
0.3734529044496441
0.44085671228284984
0.41408698922976406
0.3543838841417739
0.3685649103586969
0.4662183835340836
0.4661691114389197
0.4485036617053658
0.31047009591949526
0.3897399116323117
0.472785201186111
0.37374105303879823
0.39603743865849206
0.38044049716069883
0.3890041592123259
0.35461730320410856
0.48242037343990407
0.41975873989028367
0.4662201525282585
0.4423882631497524
0.3940191293483919
0.49621713439296106
0.3859378268744599
0.42761349838073837
0.4069642370227903
0.4210425538929037
0.44787303767411896
0.3868486208382846
0.38324399283906685
0.37287003985879075
0.4470575785185751
0.38873344194133663
0.45139152028132745
0.4578909308038828
0.46531514754484016
0.3697681660330963
0.39150491472330484
0.45318039686518496
0.4026456551201591
0.38138311393000357
0.41509231729692686
0.43230488160341973
0.4181704014539389
0.41554173942525446
0.42169121805969756
0.38991132574828147
0.47503840968201183
0.4167821042840046
0.42552883685781034
0.3782110320573807
0.4684080910287352
0.41135380103595576
0.38716979522627243
0.4769091981198523
0.4238568185163776
0.39028698364026815
0.4137743955502708
0.37523320615238465
0.38213713688569
0.385261886475337
0.44389744154114463
0.37386040683095684
0.455636666747243
0.4689716720138688
0.47185318888461997
0.42701633023193675
0.3896215403234278
0.3715584704260805
0.29350228811986867
0.4499235734502387
0.4308947049986582
0.453112275997069
0.4886942912089218
0.39094743369480944
0.36766166518308335
0.3903889153442974
0.39696094222584133
0.4042303712562816
0.4646335487568515
0.30656357532348283
0.45999495810595575
0.4888144328166273
0.40801569232364887
0.4204695370840175
0.4107112905359893
0.5260564296447434
0.435347548450796
0.49823934019706906
0.45470357822970786
0.4158731146906784
0.4764143148820955
0.4036676939192432
0.45868953579387434
0.4010838644988921
0.38234556728456504
0.38753307907213386
0.44670052851739794
0.4006332956674194
0.307963580933612
0.4267910778529182
0.4570282347576527
0.3613731201174385
0.45063658665894907
0.40114757533681045
0.4113195830184627
0.41105027486220214
0.35995319231971606
0.39565831514008615
0.42834425882364624
0.3256284453515653
0.37439097558079104
0.4399044943984201
0.4230366414772535
0.4024891970596006
0.3830921601208084
0.4182128127517477
0.4105513071868362
0.4053232271794776
0.431319253382194
0.4420647627883244
0.3808125459637556
0.382970326218956
0.34244056914141857
0.39458357778240355
0.4499692756946646
0.3982690033290095
0.49098724557667034
0.4899983944758586
0.39613273032689306
0.4375848764553791
0.43562426178716984
0.41357495861515514
0.4734259135903645
0.41634270219118397
0.40423252653548203
0.30639558616432344
0.4466015479801272
0.41987580883332265
0.3760063636126618
0.40460022211180036
0.400831732071984
0.37508289405945
0.41813712792702085
0.4297498487157613
0.3793698869794656
0.38076645302554635
0.3623708435907198
0.43437712374725135
0.4410426262387138
0.44117943512596935
0.36864618550433625
0.4042589156304848
0.4377972431281816
0.4331765567019808
0.41963892975769385
0.3975853507110477
0.45245031725331114
0.3613689281601493
