0.3661838307070556
0.474553948283177
0.45286352367533345
0.3943514478547586
0.30888776239804683
0.3132496057149391
0.2799424091576605
0.340885022956871
0.25008660073729305
0.36714496278047815
0.27792705244163507
0.26002133585478043
0.25448593620453064
0.29225025701672463
0.3487171277693503
0.2874723837363711
0.3285632948956272
0.27761040011313676
0.4183747200859249
0.29273633169318636
0.3198936904635424
0.2921398949953926
0.29779802215822904
0.3248979641799913
0.3706388489538745
0.2850774880850899
0.33415630119193784
0.3925524970966327
0.36573796839846795
0.3327761415145437
0.31384565719815444
0.3994479098146103
0.42082705677927557
0.3586865395498967
0.29925326858678025
0.33896474926245534
0.31759676824241323
0.3667218342655163
0.3375528978404171
0.3592228335272073
0.3257432894409099
0.26124680234799297
0.4735281843843925
0.3443467519193794
0.3339110696833357
0.3059565530720594
0.4487792194103026
0.45057828218014684
0.4057013992782983
0.28257066513191487
0.2640764571716046
0.2685211611133761
0.3313248823616816
0.37772879973599255
0.32987913794461027
0.21688439096770895
0.3549379204693861
0.3139865579679745
0.31364570206015285
0.4670884925226268
0.4081451120033608
0.36812112289381693
0.33017228692320644
0.31129781742975093
0.36545543343664644
0.29452698268481536
0.27054617828659605
0.2762285269378054
0.36701850976270983
0.3278605299757963
0.3691145342377691
0.3932899820201795
0.37697142145514667
0.3651789187289638
0.3232253868770706
0.4621889001475795
0.3581703066122035
0.37636002438985594
0.3966926193275807
0.2958476186372455
0.30262508491426027
0.3040298681230662
0.37566198168441634
0.364219417689891
0.37984858168230373
0.37540403126799105
0.36921839380294386
0.3693669055754826
0.3030248683566183
0.44930952263414675
0.312632928887334
0.35573612195972637
0.363571901389089
0.24554251821162032
0.3370479342046432
0.4515828095334742
0.38935211619229987
0.47213387626014625
0.29320020029684707
0.29746932038859397
0.42165338342328523
0.39444674643738337
0.40212003715863187
0.39585548571574997
0.2789287648512002
0.2537474616190802
0.3553188687342764
0.2624868347507153
0.342990881702525
0.41642025946195027
0.2518648904179715
0.2880958283848536
0.3097585128282501
0.2528508988672128
0.3652791257854682
0.4708545034672481
0.3291893904730249
0.29854611051930163
0.48948236131489004
0.3282973168900801
0.3004431162735648
0.4738187450209077
0.3643151139171218
0.2981227242965311
0.29988361908872196
0.2762564968697102
0.267109373008775
0.30448981682708354
0.3750574559676268
0.31450573506416424
0.25752152488751323
0.5004549805994009
0.29366026888000196
0.3704365287269168
0.28982071006965615
0.5542904090736394
0.4748207709575969
0.26643261647829736
0.28891101492369553
0.3045625722924462
0.29845764420188636
0.29958946051402924
0.31754319078205895
0.3548948127204679
0.38704842754887525
0.3181358317250206
0.279212773814331
0.22149023883312918
0.36200756927353256
0.3868992380815898
0.3591699223966266
0.37045894891325193
0.28367516444359
0.42597039481401355
0.3091183587557376
0.2701310968519536
0.2807669321611657
0.3440249178764881
0.2778409627870537
0.3214752685811183
0.3558409951467873
0.3383616039576639
0.42429568039143517
0.3412486814651089
0.3564236666913185
0.30541080503686147
0.3296779984145427
0.3100894884445848
0.3173487534242744
0.39558617834457827
0.3437641559877235
0.35372961782168655
0.3755505030725631
0.37618338016239705
0.2719437969042551
0.29055310510553045
0.29688358491284345
0.26374553003213136
0.2950469182489204
0.4705075108082491
0.3783369817226076
0.3886957352122631
0.3521047595567371
0.3058597150194358
0.3064047006883331
0.20984209893043732
0.32676977440397076
0.3404761301606253
0.3570028550715836
0.359156421630078
0.23601263142301016
0.3357609558864171
0.2938798565362143
0.41427344256913023
0.37899386961284304
0.375311971993852
0.38302450457080683
0.3114856021387602
0.2936523716799784
0.35341543021000965
0.38761674097933835
0.2473890688273539
0.43079571456836313
0.36695156454698474
0.32328363133516946
0.3457784866202329
0.30188142699485576
0.32880084185175446
0.3783203690929672
0.27138676961637725
0.3037105254100925
0.3042437054110274
0.31660953784623647
0.33331415209147675
0.4271216737135872
0.3022308452328798
0.5407233304506305
0.3013801615253286
0.33745280574773295
0.40738202072739504
0.3780583736558033
0.3663213524287191
0.3081926357238862
0.37766675738447386
0.34890496399484555
0.34712767829704205
0.3792956376175241
0.2917935116510011
0.3201917743617266
0.33000467811663026
0.2758751711099891
0.43835066310436116
0.33238649095722805
0.2521333364974044
0.2736415811801942
0.29399874247097124
0.30350277250326413
0.3933000794548878
0.2985942758486513
0.3962140622257388
0.3963339004260009
0.2908781037832795
0.3021113742058946
0.2768678627460265
0.4285582129386622
0.271140968921452
0.3440490915638188
0.41771385603217054
0.23219363382089303
0.3739064790165172
0.2501234260534223
0.3977523960016751
0.4514443722403936
0.27819851300727183
0.3546161720114936
0.233269899341012
0.33411401627036663
0.3099827074445032
0.37948027445639887
0.3173935896317956
0.3624363371586852
0.31088946162756703
0.24943865847801325
0.3393025847531291
0.31631353835270526
0.32592909392110514
0.32047735385346254
0.37977609169111537
0.25992204484567216
0.310331864395628
0.26201178808706566
0.4334386014471584
0.38228531025721046
0.4466312840112592
0.40164612230843544
0.2788701225008925
0.29847841290416466
0.34403744134740555
0.2989503372381719
0.3663045477836928
0.2772023919562713
0.29009765312088187
0.32273054542072005
0.3992891710320656
0.33040334858863674
0.33819135723641325
0.3746009172113307
0.3088029974266736
0.27326234367514834
0.45559398405926854
0.39440192932927687
0.39443181194798305
0.38540976826189866
0.2520529947430107
0.3850097522313458
0.3338868881469439
