0.1490627287585679
0.1522931734127084
0.17443755719998036
0.1606351507877474
0.17097307489226385
0.15444935550040428
0.17396153100229897
0.1512223878723765
0.17388733529007114
0.15350490397084054
0.15523281209923265
0.16100443311069912
0.15638714591845304
0.16474434642868985
0.17423947773892018
0.1573117239172654
0.1657984369436544
0.16341565695919608
0.1655462548353666
0.1579788152892453
0.1628699939817384
0.1599477903498293
0.15686957484685354
0.16467531627902177
0.15785970722390838
0.1661053557962562
0.16264771369357459
0.15251278888805747
0.14923902312985377
0.18132469248299124
0.14879106581924997
0.15583173757554045
0.15644712908355943
0.15639443343578133
0.17224384962099648
0.1594913017968144
0.15338294327794713
0.17417629689229497
0.15174599570291844
0.15909655698967576
0.17133277915133938
0.15609229211534706
0.1567551846794432
0.16637575996556536
0.1466012662398152
0.1597799983116992
0.1622356716262784
0.15915803876457185
0.1515584509337218
0.16283118469498326
0.1637575535378011
0.15917212252948926
0.17266251226174878
0.1814788805902959
0.16126045722624818
0.15503098516304045
0.1650390677476103
0.16274291430357024
0.16916647845206437
0.1666781907040651
0.14829274805786002
0.1772532792623777
0.16905022090370014
0.14425449291910789
0.14901970909239398
0.16049916538137
0.16119179980524262
0.18066940929716832
0.17844545402540374
0.16066697858503662
0.17818439542210426
0.15369802266909938
0.16004511746385355
0.1623178077974653
0.16355291135582473
0.17977596838643503
0.15612898696761757
0.16152874775802623
0.15576038823306196
0.16303601519541822
0.16164907816637447
0.17774843795115763
0.15612812899903547
0.1525953094923811
0.16392746347475343
0.16510132496091717
0.172503136755846
0.14532200908511111
0.1758061073735085
0.15790736509158865
0.16446091921805997
0.16332716114680174
0.17089544947029586
0.15557674362002666
0.14832027596752353
0.16731264635016874
0.17082975587616364
0.1620965347103667
0.1574941761781024
0.14875354326569337
0.15861382145234587
0.17515202601420266
0.1617506657457691
0.17055409590309775
0.170893323267495
0.18109315906806053
0.16773774818204512
0.16862926032821624
0.16490735282204808
0.1565066320739292
0.15326080106501033
0.1668953889771151
0.1646888808356758
0.14692839010035652
0.17337799165695542
0.1680856666629001
0.1659976388797745
0.16240535339990567
0.151136022084448
0.1557889625729375
0.1596236043485037
0.16384311884385555
0.16316388775669394
0.1608300734725238
0.16186869015742508
0.15531693855243892
0.15960611745259215
0.16603827201432525
0.16955000385185953
0.16402945695400872
0.15606503522143758
0.15918808013942182
0.1516745445939637
0.17455893382525922
0.16468446848588442
0.15250850830213847
0.15518812263849932
0.15601742990686868
0.1520303168586206
0.15976243676105892
0.17137081635985257
0.1777492028373746
0.16805363371147403
0.15746196837431692
0.16609390495135296
0.18189093072067225
0.1640526401288738
0.1764627376247095
0.1596305988156551
0.16224537432619351
0.15572844630060806
0.1575548919104258
0.16743475320217946
0.16684053621334186
0.1667106104502975
0.15683173292961267
0.15355078356839116
0.1722436937911392
0.153441951734676
0.15941200768134467
0.15954040019414234
0.15820373060437842
0.17113709053068657
0.1687974872140659
0.15830995289974997
0.15537683587662604
0.1514897883993328
0.16325806464965126
0.15462937209030042
0.16394702892277507
0.18305320375315287
0.15703202030747856
0.14888748059962076
0.1547475806641951
0.1569185128816914
0.1679565439673347
0.16678592337360448
0.1561429334736772
0.17316798832762903
0.15203286183128703
0.15060862500024116
0.1448684164854068
0.16804578822583882
0.15366547816145043
0.16759352023870586
0.1575118479814756
0.1502515960132607
0.1537209376607276
0.1588885914628931
0.16670976467919732
0.16748572872548212
0.14702428260918957
0.16652792169057612
0.15097659690744397
0.16364892555488839
0.1655564029876801
0.16247089257058703
0.15862477869265423
0.160725535783177
0.17320358669265534
0.16243855040225694
0.1483366269495397
0.16915290525238158
0.16424549792045334
0.14430746486424542
0.1562477905010653
0.1505508209094373
0.17848612901426467
0.15722427764472532
0.16153950552651275
0.1702294893077842
0.16466111247484053
0.1638717524615739
0.15743522837840956
0.1539949033091565
0.16744772305295602
0.16024015878911388
0.15841173486869853
0.15801622482729233
0.15176407232149908
0.15379155924141175
0.17192051263977928
0.15970586101241813
0.15740024732397753
0.16384860129528153
0.14952598097063255
0.1660598378097005
0.14806143287841916
0.16332424700423684
0.1666055185358907
0.1556676951681624
0.16720769069195776
0.15738033385547676
0.16426095532419116
0.16966838837298281
0.16149522868343652
0.15593659513853195
0.15923749089499814
0.14911234758924272
0.1719214496203672
0.16361427738827497
0.14852315109207295
0.1676474969657919
