0.3660332564964885
0.39495541681335367
0.4012213203455623
0.3332581433456525
0.37385114144126874
0.3662510057053786
0.3873043384494898
0.36852676680508856
0.3550577640512207
0.36748447594464906
0.39793935853923557
0.358085443814853
0.3826483334259881
0.4256164308700631
0.37091715328369745
0.36915048393646877
0.3400681022297781
0.38498849458771056
0.3776752115534601
0.38065166441646586
0.34728817903704184
0.352154511764711
0.42892598698242024
0.43809819252987336
0.3571762653136964
0.3445137323282825
0.3366408116619024
0.3629274064931042
0.36695997956220844
0.38483309162933577
0.39602899062167246
0.40152385450874484
0.3451534586826994
0.3281417609292531
0.37314647829224906
0.36590512137173126
0.3869542565984086
0.3681745583816478
0.3550186316639644
0.3664096949267345
0.37016916941531036
0.37156899290266493
0.3596592687844069
0.3991372246502546
0.35768384813124343
0.42009230902855954
0.3702062374967464
0.3687763400261933
0.3488635487784922
0.3821481451541433
0.3785503715399209
0.3800965085898633
0.3516184550670057
0.4287323016736204
0.43722446065755616
0.3554772726415788
0.34159454053971894
0.33629693803376237
0.3628283764772282
0.36732079612538693
0.38699132181213847
0.395744807214253
0.40190071436421565
0.342685661762121
0.3279758973409034
0.3732200232831167
0.3657640163203723
0.38774033353951554
0.3673035154594999
0.35411800960844086
0.3648237129414998
0.3683701549812974
0.3730774816081133
0.3651474570384342
0.35934135345317775
0.39605840778112145
0.35808345175555734
0.3826663388696393
0.42583023999624997
0.37073226827327055
0.3673270877134562
0.3467780534579389
0.38767449231857876
0.3774443800814469
0.3800285901795081
0.3476403631284354
0.3523346428583007
0.4281525034300269
0.43693811140660416
0.35475756593346847
0.3462546592325541
0.3351610012660778
0.36219160269822614
0.36707558905842863
0.38574783429148285
0.39578891872759975
0.4007150519085196
0.34658208452866074
0.37428459934517216
0.36675772069457757
0.36596325210137226
0.35498707663624274
0.3668871566770926
0.3729876672616842
0.36472833892761297
0.3940738822825852
0.3581563088458038
0.38237037150249265
0.4190926650619933
0.37041426790781273
0.3655251619042335
0.34746003339137166
0.38288340978055113
0.37824050328818176
0.38045267421576723
0.34764966663849084
0.35166431832994294
0.4374363710095639
0.35498105995508233
0.344458271844531
0.3338577020802614
0.36283933837185184
0.39636484712014275
0.40329045617797665
0.4103260071453571
0.347142929486183
0.34323573505492366
0.3837098879588769
0.3764431134275154
0.3943126693542819
0.37436230451209174
0.3628461815654292
0.37534477420988954
0.37766009557323077
0.38241461199100646
0.37400140900450385
0.3671961849776352
0.40761633467382385
0.36874716214093717
0.3962301364397115
0.4306026211104668
0.3789269958289213
0.372839448254027
0.3582260009772002
0.3911867329460503
0.38699007508668604
0.39132662415453434
0.35822897171278817
0.439030552502744
0.44615025426775945
0.35998279784160125
0.34844011693026306
0.344912062387071
0.37046768136995384
0.37717665040472886
0.3935961313543894
0.40126087697529395
0.4100618720324452
0.3556699515052919
0.33398458346495025
0.3797727434905941
0.37367192178200725
0.39609558704009223
0.3793258024870621
0.36606810016044183
0.371552577723982
0.37188168443222536
0.3866628435759657
0.36735917005645913
0.36531119697648334
0.40016521831515744
0.36826657605974367
0.38991138027788436
0.43070119154460385
0.3771597945975515
0.37403843464711384
0.3563519029079794
0.39506368036111117
0.35544931999019497
0.3623829244952173
0.43542626266514867
0.36829363701249235
0.3474425693490989
0.3441603082344078
0.37053488797222545
0.3747553333714737
0.39700209817269905
0.40300937840759554
0.41311228975957137
0.3538216606702469
0.34548466723789506
0.38439946628240024
0.37990836334787337
0.3967071536193231
0.37644856897562856
0.36436851845398516
0.3746059404469021
0.3839462530904143
0.37121972472314124
0.36760062745493066
0.40933184126191546
0.40280514189309574
0.43091344269002546
0.37224673151362
0.35859419706929724
0.3984886075309407
0.3917574286722842
0.3546464929291404
0.4380512669235393
0.44480329755569414
0.35941911649022024
0.3468576526930188
0.3491622442943119
0.3711911932718847
0.37740161684420714
0.3843017911609602
0.3984750450521606
0.3672842996411196
0.3425106352266196
0.383247211510176
0.3729652345298282
0.3982504275867083
0.37533120087239125
0.3785136765984773
0.37613432674043207
0.3859683617877427
0.36612995761889366
0.3962176438257556
0.3695952587122898
0.3882049470152302
0.4310757743496212
0.3757583197878711
0.37305590972528124
0.3569482046697975
0.38669574064243545
0.38671778444945454
0.3838343855942279
0.3640834533693479
0.36143483559466777
0.4336069157399266
0.44396553130337046
0.3671739688183038
0.3507731354757494
