0.5528929857752153
0.52484137190247
0.50328578423276
0.6014113956328135
0.5530574158290726
0.5977301534759039
0.5010932381537653
0.5748510960896067
0.5890925965038782
0.5325437525447633
0.557324500148015
0.540562411490975
0.5028999630258278
0.526976667480888
0.4837361534668891
0.560218969651321
0.5414210553426685
0.5292772241531897
0.5848363309494826
0.6143032954864922
0.5646781642541914
0.5588543739832191
0.6574062309703828
0.6176668913627599
0.5554094005966397
0.609589105975149
0.5688186024715018
0.5865502288086272
