0.34351881022365166
0.36286483061825225
0.3542869416558978
0.35994716948895233
0.3518994912846751
0.3494653047834777
0.3363831547304912
0.3908035061758146
0.37092904030338203
0.355424781663596
0.3574054967957987
0.4123186163855217
0.34653297016624185
0.3408668473686085
0.3386414914794214
0.3850763243011863
0.3582916379506863
0.3605480466671581
0.3582610287044315
0.33782020421038306
0.3547793494531675
0.3739430803723912
0.4123058807349635
0.3486991546498044
0.33591494965920077
0.3467183451480831
0.36956174629140626
0.3795428270853183
0.3356222451219321
0.3239247798753562
0.41123613592323005
0.39423764480499074
0.5367935128037616
0.3655486239410612
0.3734270189610841
0.3482422715436616
0.3639733224420495
0.35424082894935577
0.3519290449970115
0.3745259508061285
0.3529212604228794
0.37135353199745313
0.3682968522499074
0.3779289196943414
0.38738044976627983
0.3383670083034661
0.4006953503312394
0.39056506045210154
0.3542314202489219
0.3531504690747698
0.3461335738010751
0.357012967198027
0.33044027289541583
0.3848856993652632
0.3556191126475775
0.3811135897848702
0.3550637236574873
0.3302008416013856
0.3774143615012163
0.36316433168388207
0.39997951010300875
0.3622012318619182
0.36128171790651353
0.3558116222438882
0.39551212162368093
0.38605884620891
0.3386578855965654
0.3585806781169856
0.5087115515511837
0.39074412618025967
0.38282200829574087
0.3884846701277759
0.33182856806694844
0.337843207466825
0.35800733942602725
0.38025393016439096
0.37259454421589566
0.34709512652203156
0.39879446748454594
0.35627645136703856
0.3428867405414624
0.3612079404848986
0.36814564577929754
0.3413629934542602
0.3740987681255617
0.3462665269267941
0.39430208420705404
0.3719739026940556
0.33821625366081154
0.3344853834708284
0.3511353532664334
0.3753441148724687
0.3621034884427673
0.3202207027923423
0.32672588557974364
0.3450529277289473
0.3975085997459119
0.32969244401085246
0.3404025570213338
0.5359116594126299
0.34568354953322494
0.3891597750276492
0.36259187999594067
0.35551138078797523
0.3773469560289673
0.3856479246214175
0.4048983247449322
0.37662298993467236
0.381478919568203
0.39160221295110187
0.362244894926013
0.3879391557601824
0.3991576109111402
0.3734795437195075
0.35983068825200626
0.34779055968377226
0.3690225190031414
0.362692782287411
0.37593419514007487
0.36951154396661023
0.40180748952664713
0.39140586883326683
0.36929069113457313
0.34293209041764877
0.35004511588146203
0.3373966993616928
0.33137007748033237
0.38071944008373776
0.37038139752645893
0.37106457334136
0.37504097330346015
0.41779244438866725
0.38337704064423567
0.35244603476300396
0.5036392855050279
0.3553297724155877
0.36676677832965093
0.39963842677153943
0.352139612560494
0.43345640124732737
0.3511981555759488
0.3958593275219947
0.333802120452542
0.3782317636569034
0.4502484704666787
0.3994577092563453
0.34651011893888806
0.3439798334663173
0.3607482668683799
0.34956486698703776
0.3901749018465518
0.4040285530566094
0.32632241937084444
0.3579382848077468
0.36189122813778685
0.36026639042462943
0.3910454778041259
0.3602640075803811
0.359435038204471
0.39471913459537433
0.33798095845467635
0.33713951198466013
0.3579192681233468
0.3460437259727266
0.3761338762117986
0.40882631214575055
0.34210110076940015
0.3243844500151416
0.36829432452548727
0.42040661982314165
0.36601093767440096
0.3220741032916642
0.34902869225984356
0.3495568441176793
0.35849139633518473
0.3717776157510398
0.37018839117081215
0.3429822886862976
0.3360307118433425
0.3940066394923157
0.3725323765685331
0.37484819961340354
0.35325193318316134
0.3594947292750427
0.3440059095934405
0.35292149867522604
0.34909694114132617
0.38853035189585194
0.36875120650544485
0.38172145162936055
0.3679809549475312
0.37997472357965334
0.3405782139502369
0.3527390634348295
0.33510580613854224
0.3486627491006916
0.40615127684235997
0.32363532675107975
0.34907748368253133
0.34727974630555397
0.3785771578412041
0.347468455988952
0.4339451440153574
0.41137715361868304
0.37370534155138047
0.32050662302146865
0.3889382219914587
