0.24742416840958573
0.2212950273080449
0.24494276363894862
0.2462635125297299
0.2606602781938778
0.25911961371416065
0.2645461064621198
0.23240146261927735
0.24599111157715403
0.24791904276932403
0.2571782347859294
0.2575266151223089
0.258273186233262
0.2637773903898797
0.24268997143005563
0.24414996420686794
0.24245359249999848
0.2595420336986232
0.2459602461397098
0.24220072142168161
0.24643094972405188
0.2436442918327157
0.2400991339763544
0.26468477476089064
0.2546373516118682
0.2418085249222774
0.24586738104910238
0.2566937345271917
0.2605140265376608
0.23889068623603446
0.2454528658653921
0.25903191047976304
0.25634331705447694
0.24588546599334074
0.22530733725836555
0.2262501541592596
0.24448001532389566
0.2710047395132753
0.25858726483446687
0.24026732637485404
0.22326270207910937
0.24501376422783516
0.2512323360154534
0.27217331593760774
0.26422353290433
0.24766635053889904
0.24982549384383573
0.2616062059625995
0.2602864087586416
0.22848360582804392
0.2446520434264644
0.24539724604278743
0.23693968949364758
0.26103546554306956
0.25658161249999845
0.24524382198041708
0.24007034194266852
0.25928366215256776
0.2723224147943346
0.2577714383641185
0.2449789468535265
0.22555701969357342
0.2555746848144185
0.25880730187039774
0.21916216826337623
0.22834246354312995
0.22361623249999857
0.24612685758945282
0.27037935522994105
0.2544014273940615
0.24448281121901327
0.25872817540435444
0.24692221013820412
0.24435153728634776
0.24563317681860108
0.26051391744108243
0.255136001065459
0.25797101199020095
0.24594018956612898
0.24344795499999838
0.2601742417568071
0.24960431585929552
0.24607465292281339
0.24470331263108744
0.23943886211573798
0.2636270994336117
0.24229974277565905
0.2599014475892478
0.24690258289888856
0.24902841461328476
0.2473847096267423
0.2570274984838328
0.27288840159866523
0.2609478065761361
0.25926878218262517
0.2579645296890819
0.26006216626027867
0.24776115169393653
0.2407441131518126
0.2633047967262142
0.24812812853095326
0.22958327183308225
0.22965148310857703
0.24671324715534318
0.2562260908876171
0.2651674663757174
0.26503027239803967
0.26139738189887474
0.23815685666497782
0.25784533926048636
0.24204999504086444
0.23992873626626232
0.2552120291245277
0.26582513142904185
0.2510443970814146
0.2400012694247063
0.2435403429180707
0.24721845216560479
0.26173877885060315
0.2580632249323333
0.26605853215371084
0.24475861101459764
0.2462142835170195
0.24408674395669597
0.24911098633583517
0.2604507653694604
0.2482380261552819
0.251998785349425
0.24359109045917748
0.26171460478513525
0.2602202998531402
0.24227293055698546
0.2552759219995543
0.24486887175312594
0.2586328858205153
0.2610049453666422
0.22709646473069206
0.2288422097209728
0.2565816124999985
0.2637449989591144
0.25137794847293476
0.26021740656893
0.24019211847553856
0.26000974840354046
0.24439049980796207
0.24886134754088432
0.24510994544787743
0.23991134415198379
0.25403886003272935
0.26420419957029206
0.2522196574488575
0.25740385624999024
0.2476660489118076
0.2562427808554058
0.2589262530608519
0.2496965288016616
0.22302112839864513
0.24215615567227616
0.2458805327905873
0.25874456865735335
0.26175205265935203
0.24058123614161508
0.26335125445483526
0.24444905108427756
0.24473058601083977
0.2569823058506589
0.25918379112877366
0.25957338054384266
0.2550484012071882
0.25688782311812075
0.2691834894186827
0.26371809276706293
0.24581215027395065
0.2584512521873303
0.22568561675645143
0.2454503181627165
0.24009854212076243
0.26427319832477164
0.25846802806047836
0.2587935334610369
0.24768380491276415
0.2276851322549924
0.2270360095113778
0.2469638292838358
0.24983590607242712
0.25578313237432143
0.22611599937868604
0.2603297475182738
0.24922770855819537
0.24614130352346383
0.261540967665621
0.2625443578509268
0.24541962364960324
0.23694852532315136
0.2543717198266981
0.24768229823533755
0.2587590115088406
0.22185550702897477
0.24982740162604278
0.24604764663457107
0.2564183932273171
0.256416970315947
0.25517332066157683
0.24831201484506837
0.2570468317174515
0.2622156474831602
0.22444795346884808
0.2589570904229278
0.24680870640058172
0.22783981055510769
0.27101696075614523
0.26181553390646317
0.25172838970138883
0.2258616258249502
0.22674753301530345
0.24456805136160867
0.23693252462329348
0.2453957325651027
0.26285927042353985
0.2617337731813972
0.2569779239682073
0.2261647986568554
0.24065047300022305
0.2473683482478541
0.2587604590498511
0.26428734696313055
0.26176446076488097
0.2450642271950163
0.24956247500518564
0.25943853841691483
0.24353144380071726
0.24588117821691183
0.22527688996718354
0.25752370202559477
0.2691891940374522
0.2639549641741619
0.2591739180988591
0.26002824401481395
0.24304027714093415
0.2293713821051931
0.25467418625300625
0.2611042018577014
0.24453018491206444
