0.24948549402915818
0.24229030900274834
0.26166931215542144
0.2641787760873234
0.2559726397736716
0.25021149290743505
0.24766685303271513
0.2731090140683822
0.2679375561699619
0.26844876689467345
0.27380256121171725
0.25785124812270854
0.2609814242394637
0.2581718876624057
0.25786247783266014
0.25852697422010446
0.2581242173728751
0.26342381260686826
0.24850583575543264
0.25952712758129765
0.26787786809084974
0.2640902134803736
0.24211598882988453
0.24526192792930562
0.2645159197413109
0.25835529200463664
0.274326449708023
0.24936847157777348
0.25372378011878594
0.26056950123555245
0.2805460574812846
0.26466620621985193
0.265149819247785
0.244164148199936
0.2462276303649027
0.2614326035643514
0.2745314545801109
0.25765388716884996
0.2569620115258652
0.26187716971515473
0.2524222300984626
0.26414054125414654
0.2795770079383304
0.2708742762799634
0.2688034028630799
0.2664910774010444
0.2634272071445991
0.26444014714348196
0.26690742299350173
0.2626539182424068
0.2650977715358097
0.25870175396641576
0.25189437856915625
0.2632398457405959
0.24581869802925357
0.2659988577996925
0.2613123010318689
0.268508196313136
0.259384048187216
0.275125419270146
0.2602317735889683
0.2616830955256312
0.26200571813420787
0.24272202905934864
0.26228887425068026
0.25747970625801686
0.2693672916186612
0.2595101579926392
0.2449271220946967
0.24425662444573631
0.2745702937151431
0.2575067572820028
0.2626449352910902
0.2646787670784404
0.2603446823201332
0.2470224967979626
0.2640087225068928
0.2618816897590088
0.2793236676951686
0.26208617625948316
0.2639493217985578
0.26386923774757837
0.26764963694580024
0.2625847470913645
0.2621019330332164
0.25422403620271183
0.2659411472519109
0.25948905933799354
0.24875941873669163
0.2696699847059377
0.2688758108068581
0.2667337131460871
0.2556918235219093
0.261914914599377
0.2605268964855903
0.2757427360127253
0.26409528425429185
0.27032098326916404
0.2806759360999301
0.2654195647934627
0.28034166870758226
0.2630135077258696
0.26522270165022177
0.2653463949004905
0.2662250480644538
0.26388561725621956
0.2639866825209747
0.26081596817932384
0.2729159375458592
0.2518301149305092
0.25389738930372174
0.25982144382898453
0.2593665235521188
0.25778897672297035
0.2570155099224515
0.268071837341047
0.2519268559393451
0.2624268550963387
0.26215630425386055
0.25942912549044367
0.26517445655627236
0.25009821542248
0.2791262806694924
0.2775682906112261
0.2667942780401897
0.26358102912685005
0.2621689196184749
0.2652823219272019
0.26260800576601767
0.2500309687165223
0.2602187717067927
0.2481201890848034
0.26378074803760054
0.2659210390169907
0.26788371094766317
0.2589193491536276
0.2617334946682486
0.2661863414224599
0.2626576926862947
0.2637291235046193
0.2581483187683941
0.2526661375103471
0.25296042924448925
0.26824547887954336
0.2678873567054617
0.2577744440650418
0.265624844119425
0.2620227273216544
0.266214704146211
0.2617158480425157
0.2609109942354053
0.2583408231189751
0.2683014711442485
0.25899159934969695
0.2498643682578017
0.26147091208061074
0.26228959430414184
0.257160548188023
0.2623531245520904
0.2659048132894499
0.25998774299551114
0.25131531644205163
0.26323426266421435
0.2652824292448593
0.2573844125210049
0.26231428911279253
0.24818158343807872
0.25950657703182867
0.24812641877774144
0.25510297803182824
0.2745612672903509
0.2786803456263006
0.2515238829180216
0.2481757526012267
0.24800378814003918
0.2630510595826137
0.26579110972517117
0.25750394089314743
0.26559942129324876
0.261810580116354
0.24840462593023743
0.24958763145587728
0.26462864729090485
0.27147231895529966
0.2678467951230821
0.26368822615814874
0.25848951213678506
0.2620296121808555
0.2636846353218969
0.2641019103394891
0.2617692707506293
0.2637090586515535
0.2647285863544657
0.2608035975368855
0.23826670503826985
0.26307796171432696
0.27138340922630455
0.2675481289814382
0.26236018421505997
0.26054010393292987
0.2575642578523767
0.26385637528648953
0.24728409962022727
0.2639572584576899
0.2510373672996598
0.2603492992173974
0.2805000064647585
0.26975800691465396
0.2647541742149856
0.2501366561554421
0.26776801132526584
0.26209414320688196
0.24699782258061304
0.26206631669086194
0.2528255183168193
0.26297215223334636
0.25072496496241986
0.2469961217556161
0.2635235654439977
0.27067717798303786
0.2670095994902959
0.26650863503428707
0.26476547327127015
0.2644748853553609
0.26221785932057545
0.26562621567558037
0.2757568380217841
0.25892988928413074
0.2677672202425462
0.24940667867140853
0.2630394317426311
0.2806079289303989
0.25967055028740293
0.2640451490979501
0.26731528152767947
0.27552365726525785
0.2644956670989575
0.24721039490489588
0.24567042169937725
0.2698688168026301
0.26074412222099436
0.2629258248017472
0.26668844538047454
