0.3577010510586271
0.33997722533000163
0.3349146973525842
0.36166104938134175
0.4028095232117545
0.3995353056828854
0.3286606477572828
0.3464343542119007
0.3296598395810394
0.3413572884320861
0.3722761826608441
0.3788556316198714
0.31271391125889375
0.3318049766239517
0.3239474916243277
0.38069447511284016
0.33872941381523497
0.36124056246385966
0.3283556891980307
0.4172456637858154
0.3846292492708465
0.37600239905652044
0.3688426040287472
0.3981974369384417
0.3410610157420647
0.34097697339171346
0.3568590272537421
0.36154709001935414
