0.41517163004456703
0.4153837645370193
0.40330871982685096
0.4380166818754617
0.39496753428575493
0.343916955367368
0.3685190889646677
0.416181239268019
0.44658102633984714
0.4206992586351125
0.4049893253944729
0.355623160000232
0.4463391732686667
0.35541674911536475
0.4013776388416803
0.32537715269363493
0.40939409602185284
0.40836863562636516
0.4081182434740733
0.3850586491027233
0.47465259843026797
0.40917900478011276
0.38982354964823573
0.3580576234684352
0.3855785022365066
0.429786644554744
0.3983767250877177
0.5138565668065397
0.4470024800941691
0.392659199285601
0.44201464987005046
0.4704271284209171
0.49316236410203884
0.38554659159858273
0.4006360103386676
0.3649639236487914
0.38074564978662173
0.4129209798450827
0.5082318642348685
0.3801338047054928
0.38498632688627044
0.4394412647988555
0.44380242421555444
0.4053711307615583
0.360937565348134
0.4432977666929584
0.3856313904924631
0.44684220860661084
0.4594919757371073
0.44786647437516935
0.41767973537996606
0.494403834693261
0.4550773270831276
0.4194500829336278
0.4033364234997202
0.432319237955899
0.3460451721123358
0.4016578436975075
0.4169627714909855
0.43230356015780835
0.4204686520223316
0.4279404251978862
0.5831452449307887
0.5204145124148112
0.5262155386300518
0.4911150367210896
0.4550822086759259
0.5284658691500055
0.4120601999800715
0.4971596371472371
0.4493260511224076
0.3568182778761385
0.4019696699851474
0.368556029871965
0.4005509925327808
0.524205575303635
0.4239646845624483
0.40461247278950085
0.4731083959326903
0.4010537710651825
0.3926291568271699
0.43340925581107825
0.3436956000974122
0.405585984027954
0.5057407334749355
0.3612498461150261
0.3985274870179723
0.389946336411802
0.41325558593145073
0.382390843175059
0.47656603590375646
0.40648202912127174
0.33737317135452155
0.4967347044720838
0.4586971603502318
0.41292055908407177
0.38837270120766076
0.43324595901714247
0.45937168887508073
0.43481697031800837
0.4175646490589574
0.35043164185679265
0.4154012762857814
0.39243667426730006
0.3954583359554664
0.37357306394325335
0.41162532670652785
0.3703204451950507
0.3843311717258343
0.3759284658381301
0.5746539352348243
0.5152825191652144
0.43457244462509464
0.43833758931270356
0.42651892607849773
0.4048163103887281
0.3733420264810784
0.44540572554845437
0.38291262393255876
0.3403795251563595
0.3968573971105498
0.49757570179923327
0.35873150501045237
0.40161517603551555
0.370540255652124
0.4127324994972654
0.41953772334768774
0.4139820229213873
0.4441204177317571
0.49816625914894125
0.44620396939694595
0.52597775343297
0.4773992955976863
0.3992879318236333
0.3493866469367437
0.4368076114685179
0.45455538419115754
0.4041972254201446
0.45358226660026735
0.43175573692688907
0.4401235632455204
0.44441956870799226
0.40067440817491984
0.3765564740111498
0.341847729787907
0.48539897631059914
0.46746386563910014
0.4068172038972404
0.3889308791714481
0.47562343227357623
0.4335508144987331
0.3758953842285696
0.36833573792799723
0.40801895975775143
0.4603429097374632
0.39255469347477856
0.45617765974332564
0.5849038655591196
0.47326449048453967
0.43545743843434326
0.3881413439985891
0.41150796220892416
0.36967281919730566
0.4626092780108526
0.3718590465190293
0.4718661458473825
0.4217611422983021
0.41828912497565274
0.4066962479556395
0.496773913790827
0.4554523271327649
0.4429547694157896
0.4676386231829423
0.39144469597496173
0.39744798109656093
0.42584709396468223
0.40771919822319536
0.53298678916081
0.4183822372326729
0.504982287526276
0.37664646711725436
0.4423649944732614
0.4321125958964849
0.4209583394097184
0.5051252446102565
0.39312736037344
0.3612627862546762
0.35654549845245653
0.42172865283591576
0.41422016248306215
0.36361838129623686
0.48546419270648156
0.4845543693898274
0.47085044891009226
0.3731644232066406
0.4747564459706134
0.45372107638890335
0.41914015830365603
0.4095488863672104
0.5436848755687834
0.42546833878811297
0.3839970452570701
0.40699887491850667
0.3974898187226915
0.4466311596009452
0.4556696069092844
0.5077670465105775
0.35848673987252144
0.4345844747822762
0.4013754560909528
0.35251580935022586
0.5358790998343953
0.4090332030070002
0.44590402970821347
0.42627411704605733
0.5387566728141643
0.39466148225133
0.4951586655068364
0.48774318845498743
0.4513903650538804
0.4497840936161358
0.4399956082738411
0.4049534783381896
0.3654727135192632
0.48096182310120983
0.48545432757337836
0.35750370316378666
0.5533410974192889
0.43730787330438214
0.5007180328319414
0.49805540178956836
0.4324070532291755
0.4610678268523611
0.471437322349453
0.41399933764817576
0.5010437148639748
0.47005347435538536
0.4812639938903267
0.384857501664561
0.3973181599780049
0.4269846560588372
0.389157783491517
0.4738642292523157
0.4096496838531546
0.3566709852366563
0.370266297241106
0.3736516401488926
0.35235495729064253
0.42491283073454655
0.362500835625784
0.3628266991579352
0.40784769078509653
0.41326040985414103
0.43459656345818176
0.3646774492541265
0.4447027679208396
0.4069070161558985
0.3805206573141122
0.3414426654753727
0.35439419126922134
0.45109975448466066
0.3920908948245666
0.5495014895440035
0.3986084804624356
0.4035427317367606
0.5426467054398555
0.4523473742517497
0.34263095445849445
0.3347121416802257
0.4106412142999603
0.5085787420677349
0.4240058213061905
0.5242458763082182
0.47981550022996566
0.4118618394131619
0.3318756551758656
0.3745440994870299
0.41507302792181144
0.3765165590090782
0.6220660601959767
0.406577913298798
0.4874678063150201
0.3574898704408691
0.48343097885890185
0.5465721199279374
0.40252260590888367
0.43677104383036197
0.4400769780004976
0.40191107184266683
0.37065834608334514
0.5775347451093515
0.493442402850075
0.42045059485366026
0.5113616025245735
0.4176634703930904
