0.35210968389694064
0.3847031459573026
0.39422570429438286
0.37570082042847774
0.43394645400159937
0.43293047981289007
0.43412204101141993
0.38035310591803084
0.4048543185711516
0.429223394255508
0.5620061418634583
0.4489209046796346
0.47701843664281635
0.3972456368332995
0.46913017550539393
0.4691406692818668
0.44541582035927785
0.39111590715337463
0.41591535326738593
0.4877223423481237
0.4341346717235003
0.41762505035476716
0.36638548093490375
0.36750098974393075
0.4444442646503928
0.4928114069878591
0.41196542770410155
0.35218881580079353
0.4061153775523261
0.4890500935492247
0.3750034759284886
0.37467070538217667
0.34337314739096136
0.41455567221518996
0.4509000523707709
0.3108883808147229
0.3529591042775184
0.4295001171850237
0.3161147708131877
0.5178525867675945
0.43699135865754635
