0.44866161434758406
0.4346252749781827
0.41555195883849194
0.44528723637611695
0.47883789156022616
0.48196300583219476
0.4627050809133887
0.429418446714006
0.4625403035466293
0.4290814661211515
0.4362143473033994
0.4364864111783596
0.4632609566745971
0.42789428626889064
0.4359178302890367
0.43094929643729996
0.4386598394026504
0.4202541701927579
0.43751799783462453
0.43447720804204
0.4126880890520612
0.4778171446337563
0.41954817413187945
0.41919630169778666
0.4406408730389274
0.4300750257227716
0.45159513484543345
0.3977128576155591
0.5183251868920697
0.43304371431015215
0.4328765683679614
0.42928344402835283
0.43879170303134146
0.43891478394207917
0.5140798107516084
0.43790961250576316
0.4090112290724081
0.43021269369230514
0.43373613743063033
0.4767631040784381
0.4504087225105383
0.517530352640315
0.47853695641924104
0.4561400751279325
0.4663287642289287
0.4550204426346551
0.45139361717647514
0.43182141795796963
0.4370740933429008
0.4289393345043639
0.39377472564110994
0.44454906785811477
0.43261543149406617
0.452372071668613
0.4136423576700861
0.4558774887017836
0.4431834349757863
0.5142169010265484
0.43507131833280693
0.43675446606316926
0.42955737227501894
0.42900081041993166
0.4439525945623047
0.392366469167029
0.44859826472156605
0.42584936567827997
0.4320970420548937
0.4507939621170233
0.5160375838137357
0.408322931520114
0.439228059548032
0.4452556542755065
0.4307217313816395
0.4481127320359134
0.4516574654491074
0.4245212816916738
0.5170435980251264
0.44543491119336276
0.43033045842546885
0.44921809500946935
0.47296138888656825
0.4550585756796445
0.4410050713577933
0.4002482631059499
0.4694678939452636
0.4201539073708654
0.4442204670584695
0.447082188704918
0.4716547509026779
0.4510500081630267
0.41401618650262006
0.4305447332078094
0.5251022884681501
0.4461734407781723
0.5192633865807071
0.45605045529495514
0.5168872130559683
0.4425762067595122
0.42071336794379033
0.4581652739934208
0.45450025620829687
0.4576680744483781
0.46103546165531617
0.4528743638864926
0.510378152991454
0.48593385250044174
0.4781855098449056
0.4566348823464
0.4020002796070475
0.41953048506390184
0.41717293799381594
0.4256572781764798
0.4906871806456141
0.38489037202425946
0.4357723520332622
0.41688603017628606
0.43455526123334787
0.4504746831632713
0.4459287514076176
0.5165833482285057
0.4852954886356906
0.44029770486649145
0.44322383150921285
0.4393013459859334
0.4716999060125461
0.44511023100427827
0.48804312955020235
0.4295242485088951
0.459422115765078
0.46136461778215626
0.4195121963474614
0.49497262561907723
0.4335451709086349
0.4470073315245266
0.4436608177448703
0.44543123943516505
0.42920958693265476
0.4736081018771758
0.47267448470481627
0.4819557812391297
0.4446151772261799
0.4081158410733009
0.4481316427467358
0.4359924426470025
0.4675560633184924
0.4501048457754937
0.4359438839824433
0.42113661326316726
0.4168135470558772
0.471985267711197
0.4781481917742316
0.43702395514996206
0.4618119868744255
0.5110483357651023
0.43772930094065915
0.4716789074907221
0.42705518198772907
0.4241565212263608
0.44209854077054833
0.4312485156100523
0.4128695928414758
0.4604421755712014
0.44524344228736695
0.4481515845876425
0.4301235934626683
0.41764023450002796
0.4349741618230816
0.43580200122020846
0.4938056833929563
0.45057330871231827
0.49332795091518233
0.4983235801817845
0.49312837593220576
0.45977571769414205
0.45184699299489817
0.4369549720228867
0.43931484059756293
0.43742463337685
0.4195914191097142
0.46176654893100366
0.4358446381922173
0.4251847051474895
0.45617136191373914
0.4450317646462042
0.47948375599931775
0.442909053859622
0.44662568122561935
0.4736010991224355
0.42189897265245246
0.4353946391432242
0.45675426384407547
0.4592973881675309
0.4491683667738568
0.45213582528744584
0.4452522566470499
0.39417953859015264
0.40944171837140547
0.46148634513409353
0.4317858885193365
0.4197473345800361
0.47414644010729695
0.4324458571892884
0.5163188853498082
0.4336962817926637
0.4497554407160492
0.4163048355566278
0.43858561187089884
0.46323591422630295
0.5171571940576066
0.4486215107644608
0.5141090362219238
0.43560511392243506
0.4542309863890785
0.4588079599185064
0.42613389121451356
0.43821446478523357
0.4632328890159426
0.4633803356807697
0.4306846363062444
0.4341193616684365
0.4218175544907127
0.4524142742990128
0.43179776492134214
0.4733113022527404
0.45363175199158706
0.44636392288268206
0.4427032370482812
0.46394451421739524
0.4340371372234462
0.44987525225886627
0.4411168573556613
0.43772964182380236
0.5126418504495469
0.5025637595353669
0.4624366534495955
0.47459587465111835
0.5258875841501198
0.43221208299281677
0.42212413049519304
0.4392945614021305
0.4203720210399015
0.444976521991835
0.44579477231214104
