0.4800286145598919
0.40537181522126275
0.45442289768539623
0.4591162778865937
0.4199163190532653
0.4103956568205708
0.3942556704767959
0.4158265874101513
0.36112276754906636
0.4892521822517608
0.3894307030998738
0.4064481073346688
0.36126876974334693
0.3752069458027478
0.5082110525138656
0.47007282062161126
0.5475892857407768
0.4162233081127742
0.5412011097005723
0.4939795918764426
0.5134650755360868
0.41958639720104807
0.4459348577260715
0.4259177397486147
0.4535453347303382
0.48604610223934974
0.36175069495231754
0.4887861106810846
0.473054672486
0.37557551782288073
0.4544395182179052
0.5062233566455692
0.5235299029405319
0.48190603582166747
0.4346871249998626
0.5115143388680035
0.46298798116202455
0.41454860773400204
0.4781215220776039
0.48257210661958966
0.4018614088377447
0.37202091747228183
0.5074498975375702
0.3875518428423528
0.6075336592643166
0.4521858003176954
0.448109330471399
0.49616998253950506
0.5419323652903655
0.426398369086891
0.46356335574524216
0.4155190706830125
0.34712574764422544
0.5019222195670504
0.4741513832391153
0.417745808052592
0.4073674449444288
0.3913029505479261
0.4668314568892602
0.44740693174107793
0.4349849802385335
0.5123448704559842
0.34865925566970446
0.4489137759640631
0.4569457006299509
0.42705907369955026
0.4281346110673213
0.42849485815905203
0.42753289754738544
0.4025900725588055
0.4134585622571987
0.4125065328431681
0.49674122817352784
0.43759905340325034
0.4991424500050382
0.4899938995669588
0.40880056313818314
0.4422501747022808
0.4692506537444314
0.4987988151045377
0.49864884361974504
0.4522725691185462
0.5018397848593906
0.45085533282026113
0.4287395648244532
0.5302323317386308
0.404223572824313
0.40264038244656664
0.49414368604445635
0.42249896490725103
0.45297397109073734
0.4932919817021807
0.410785621429372
0.41149846091665676
0.355065426498938
0.4194406986033804
0.5196052738920067
0.4851772441710199
0.42838651117032933
0.39695397578063407
0.43110613411597387
0.49362540045467773
0.49439714983435123
0.44933880747107585
0.4582436672546837
0.4190009885376021
0.3964325313091207
0.35488748531188363
0.4127289512239136
0.4216629763601977
0.3553243670484351
0.4568966692931301
0.36634269861495233
0.3768990046271004
0.5477640484710748
0.5024826928289057
0.4014506333814615
0.48844239415641466
0.5543509864640606
0.6176165254302113
0.4342624552829383
0.4636403748655742
0.4363731186631395
0.5110861433589642
0.4113383827000151
0.45357156954012223
0.44716527703510023
0.512202745128445
0.4440348859091716
0.5268011418550848
0.3801672003413217
0.5398088681118893
0.44606164242837953
0.46875171717379516
0.46504307720170146
0.6413995545101707
0.5288996482475656
0.388380331979144
0.4328965740254908
0.4220308635690144
0.5458676138445827
0.4946976815845201
0.4362985040285574
0.4306514922561936
0.47029771575603907
0.5479381766854903
0.35855632664565407
0.40672865670126035
0.511087552635926
0.3791692671770766
0.5119049148117316
0.4436146066333999
0.4287482768219789
0.4962602119833269
0.4410480976316463
0.40693697844229704
0.37970004027256976
0.4563311343545281
0.43246263905519167
0.39503556303598986
0.4485626966512224
0.3935835758306557
0.45240047858066595
0.43861009597716716
0.5138183630138355
0.39911195909481434
0.45043623518101344
0.4362981908797885
0.42686237682335015
0.4593321406321992
0.4088501906509655
0.4258770887766249
0.5345279277866204
0.5189099796801624
0.5193212997327528
0.462887191244968
0.409500587431064
0.45178877622995184
0.48821150030391036
0.5409200433915171
0.4889159535570971
0.4341526452277506
0.4680714378828271
0.5052726051128174
0.5026880725525824
0.35876243990350526
0.36254490453896004
0.4947201993267708
0.4878830630449551
0.5293157620874568
0.37069448572837127
0.361087301806538
0.4552789617999152
0.47895787163943726
0.45424452682317107
0.5337917602456091
0.3606163312687992
0.48257273605026085
0.4362799010710588
0.42578003300033923
0.4845178811946085
0.39246802575904965
0.4526876568303863
0.46784198706092656
0.42920748396556896
0.3918420337423265
0.38908409219765316
0.36298527190224017
0.4461419751670494
0.5883446874232856
0.4234379674259473
0.46898237656264063
0.4769585835401634
0.40345179305726503
0.545877550428727
0.45188830349243647
0.523853440496086
0.5118878579627864
0.4806209717294181
0.486724423666519
0.39230549716362895
0.4013052322535761
0.4003726934331792
0.4320447300784359
0.41785157660506433
0.585236818751649
0.4319574805651699
0.46957157812103223
0.4109871263839548
0.4514321216040341
0.4142479227117921
0.4397164479314633
0.39706113362677187
0.3489745524370915
0.38043076191703873
0.4140167821620624
0.45170834039473595
0.5032139484077867
0.46391520135211045
0.4244240315204902
0.4724818106701203
0.48225017534675796
0.43037388800161236
0.4039375266745251
0.44075582597721563
0.4932908929420344
0.36347967452889096
0.49035749525442296
0.45470012009342764
0.43237764893039043
0.3499558642136892
0.5051021765992931
0.4609661682068573
0.32577533436631617
0.4371634364275023
0.4125818944544002
0.3853402349656364
0.43909303329752325
0.4550023664083507
0.4919698776249267
0.4142943035302303
0.38451191512382077
0.4335883998373711
0.4664522675181998
0.3955672289172667
0.42108702491518984
0.4289609400547342
0.4217058512260661
0.40455765536114474
0.44843842758251207
0.40630259151022885
0.5258538456774198
0.4299854848541075
0.4450910350479694
0.4516960963765991
0.48286790503211197
0.5820229635153928
0.41952636799708565
0.43080980110428424
0.4580591783386464
0.3579011553084658
0.49737758042206803
0.5212323609687635
0.5373733853368398
0.4388958668545471
0.4292483941460442
0.3991151517055612
0.37546631537535713
0.34064559736945677
0.45918750988312973
0.46951531109569844
0.5617123256733172
0.491694201681073
0.39952868788985607
0.383687657574032
0.3629249810441513
