0.4610308261537702
0.39158537213949035
0.38246811750265497
0.4830956846200132
0.38068430596109293
0.40081667756531614
0.38219029605745763
0.46131944713793616
0.513987858252696
0.3667371782544151
0.4907577213848789
0.36451317045039144
0.40902273952809154
0.3255396210964162
0.38930803164019406
0.35536934967811906
0.40559598187214385
0.2349891561760063
0.49370510505058723
0.3963006862020865
0.37246422096517384
0.4586772141344815
0.49618395308986596
0.4793035088455015
0.40480728566318647
0.4467634493242145
0.4287792661095083
0.43396313458532476
