0.3690632358709658
0.5752852384611405
0.5188870167946502
0.41973851940966866
0.29385450615682357
0.30393987301974434
0.267746194432295
0.347502515703573
0.2157739089753624
0.3735021672369805
0.25069082097665407
0.21802005065669144
0.22293096471112434
0.29378689525952
0.3317520444779059
0.25662501359471535
0.2846730665690959
0.257134316438999
0.4336802789549249
0.24450661563489406
0.2743627049435869
0.2665383856622361
0.26574634007159403
0.30963176411674415
0.3845473110511869
0.2325158437188845
0.3513053049557753
0.40761719606714164
0.3457120969803784
0.3342869271940528
0.2884348146033997
0.4058886740122995
0.4326771724570413
0.35430264129766575
0.2639832917689158
0.31285862697770944
0.30813323466014936
0.38828952422004054
0.32278097437866105
0.362598746036421
0.31464369379468204
0.22876782978033844
0.534411273753757
0.36191452494357595
0.2767945163689095
0.2771694991578575
0.5141531971980833
0.5022343477734245
0.41270645408951356
0.24685964278702424
0.22033646522158304
0.22912977592076028
0.3530991638114256
0.38119244135117636
0.31144603720031605
0.15152997777416932
0.3788430311567594
0.3091452751430574
0.28713395649973683
0.557687021240833
0.44978359978327515
0.3755823154830784
0.34883192054962936
0.296455885865181
0.37310377949320545
0.25860501690064097
0.22663721216383315
0.23773447765929837
0.3847594559164615
0.32836767817930196
0.3925437728787811
0.4324161645310255
0.37964886269970577
0.37863459270166955
0.2756695993394605
0.5145752263549161
0.3779734824316744
0.3888297240416567
0.4051886756380091
0.24620363078823154
0.24972136263703276
0.2739884616947065
0.37783432108972786
0.37296390045924604
0.4072965755300644
0.35624161250719644
0.39556998506369173
0.39820879517515084
0.2612993661205907
0.5305662272895358
0.28785571932563425
0.3459510465581354
0.38620257007944514
0.19084858623201656
0.358106844914734
0.525703546348601
0.39284610963481464
0.5409231157214498
0.26364650795906636
0.29560520829164644
0.47500384808390184
0.40922160949088815
0.4215449711934042
0.4271307928611219
0.24057854268793907
0.2038666726699162
0.3904727506776235
0.23800293607275344
0.3500020440994182
0.476981326925276
0.21857245759712188
0.25600266256413257
0.3023190193678098
0.2135140969206225
0.33805587959381544
0.5315704037704312
0.34614384129559295
0.2538243848017801
0.5460245792049766
0.26257972122926176
0.2736866804716901
0.5255642233335354
0.36711641989839955
0.24517501564453836
0.27223650752874834
0.21287028677016823
0.21512499920351003
0.2562063438998713
0.380427200313237
0.2680885698199664
0.2296798241432727
0.5684855636683318
0.2608391899514734
0.36712387058371687
0.24677681693825104
0.6271064982019464
0.5317994740272106
0.24744624677710625
0.25522976030018685
0.2842136636388663
0.23782521117445446
0.25359784208342523
0.29438062036427054
0.36394707517860303
0.41957273424824965
0.26940025543678936
0.26425050187985716
0.1529474744913722
0.3526203651707134
0.43417031950561
0.3477220230127047
0.3949482854476537
0.24984709081425488
0.4695446715151087
0.30103864785012113
0.23251364563733318
0.2507253775156291
0.3382096673005203
0.23724103627761217
0.31262659545981336
0.3599565353584861
0.34834464158306555
0.47083767514164876
0.33914538698293073
0.3407282698986218
0.2926906378042183
0.29367322982266986
0.2736010127691383
0.2960276777224151
0.4150220361046707
0.3372193345497065
0.3635161386266504
0.3532468356115918
0.371502434839008
0.2026292366640529
0.24197148405576496
0.2755176336209033
0.21009409156911246
0.23768403926609538
0.5191144970577778
0.3938347926890431
0.4182001875760295
0.3478062626920107
0.27012252981135965
0.26418994116216316
0.14871306095926068
0.33515502514620366
0.3205269926773627
0.3496976937527714
0.35565735352817207
0.18977289998064822
0.3560435127893495
0.25834796251498326
0.4462165085648946
0.39800918236932314
0.36547322830160245
0.43356496276062023
0.28635332307347733
0.2771937730994723
0.3630317951272099
0.41038703950186267
0.19975730058775576
0.49092031513963386
0.37218313029106587
0.30215940553667875
0.36293157384560004
0.29001404784385043
0.34215598277310727
0.3898823645046568
0.17846384734414578
0.28238357950870385
0.26917055590094785
0.2869479577709015
0.3370293645402944
0.4179635450809881
0.25591383833204345
0.6393440872234799
0.2502598568179237
0.3123139216583243
0.41728417919087396
0.40133882290342987
0.39172977936158054
0.2987609252572965
0.4007964326835193
0.3600057833425726
0.30532753351567843
0.4034900787289457
0.2486059495520413
0.3132160286301396
0.29390003543092647
0.2291730483599228
0.49777017178380056
0.32986303871345013
0.22859992641933066
0.23597532406086277
0.2693980581394676
0.265675918161611
0.4043788553113669
0.27673723055878885
0.4335173910910579
0.4264744811087149
0.23270292598332004
0.27762045756544024
0.24637619385395101
0.4966656271684855
0.21508365645840774
0.3745903206646155
0.44832319876573196
0.16325774276242255
0.3945374659784662
0.21738184464817303
0.41298984728955895
0.5145400130471008
0.2860707240676834
0.3633829383773208
0.17232786785279072
0.3458463787089189
0.289716112817128
0.39857109888067654
0.2988371351008386
0.3832583632463124
0.30808133044064967
0.20564333372358118
0.32734842508506096
0.31354198992671745
0.3347332553321217
0.3081246431988436
0.42269550746151696
0.21653614289338557
0.2788202457582512
0.22132365157648626
0.46308813752047595
0.4089944074558949
0.5096642438097823
0.4358816632090885
0.2385848938368905
0.2247711119971089
0.3496130870727365
0.2723106630958059
0.35127743338031997
0.2487726946742464
0.23722984229828875
0.2756516884922417
0.38837063917306014
0.32130196443545467
0.32941144025526914
0.4059617103298194
0.305557127114382
0.27339060468587484
0.5199774656919377
0.4185110004599816
0.3776561666715484
0.39693036236657037
0.21283309823190116
0.42967957656821404
0.3505010639836098
