1.137897130251763
1.1437201895631184
1.1439850463135726
1.0673718855350638
1.0726040147846108
1.172110441562581
1.1661360106606893
1.1421198797074326
1.1455238072486298
1.1391272250143054
1.1411151756133813
1.1408665255581307
1.1491558132750501
1.150277594133655
1.0607801413170812
1.1693699710554242
1.1817435088818786
1.1757197822726217
1.0618790467422112
1.1444209900065987
1.1402381821593965
1.1480043564995297
1.0721737229231412
1.0708023157009137
1.187520509841283
1.0566941222544848
1.0765641218355437
1.0631099423017936
1.1473979857236063
1.141496466914528
1.1434217314089237
1.1471346260878088
1.1439909137961064
1.0758252397500363
1.0790640857377554
1.154500283020469
1.1721322371282983
1.1683918719045447
1.1449056059101492
1.1422530826527242
1.1389480110751384
1.1458683773125957
1.1381564495923218
1.1472263168521075
1.1262138079886017
1.1533828475057846
1.0597116632153318
1.1701778975531814
1.1817660046361265
1.1726739947299087
1.1349010046299246
1.058315916615691
1.1407023409381642
1.1410390665632764
1.143829833881999
1.07020973912149
1.142589242962332
1.1821663721177649
1.1839405351087393
1.128921563335432
1.082944472650785
1.1446434017112803
1.139600439477189
1.1425672950456072
1.144878055358907
1.1440964658047597
1.071451822491615
1.0720407327383432
1.1752506143175663
1.1674826648490382
1.1632072642220446
1.1427395497700488
1.1497000869744167
1.138375876947752
1.13692563248777
1.1408292630587327
1.1440802553579226
1.1262465290875487
1.1739070639876101
1.0605204198108469
1.173884254679331
1.0709021223563207
1.129475925505718
1.1382452918212693
1.139456213219283
1.1438846733474033
1.0654148419856524
1.0710461806272176
1.1816219289590408
1.1872341690888801
1.1284183603701687
1.072234476630055
1.0661583673733626
1.1472941189409103
1.1447342496142583
1.1458848259276089
1.074543177097286
1.0696200100220232
1.1733948255344526
1.1737771051560146
1.165099848900505
1.1445507816308687
1.1444068342798204
1.1370376999194673
1.1411817635653412
1.1403715317622485
1.1269064121173584
1.0592329178629944
1.1474180869227721
1.1832297854042935
1.17338327091386
1.0692471642656283
1.0602615017063544
1.141709510771637
1.140896046247578
1.1435125687001118
1.0704761078248177
1.1376093892381018
1.1814216250900826
1.1844366452252555
1.128913358845209
1.0800969114367398
1.0637569649154885
1.1451019968003773
1.1398575125749457
1.1480290333136667
1.1463582440807578
1.078366151281042
1.136696858931836
1.1768923103211475
1.1757106945289282
1.1716452309676588
1.1444705715092867
1.1458621396316349
1.1457301232703572
1.1421671801336437
1.1421243300322255
1.1431575395357545
1.1266521387813948
1.1577555039864946
1.064967836477366
1.1790360085759508
1.1832597521538106
1.1687022584906441
1.1301995909662386
1.1493613119749286
1.1394732695749863
1.147876379155465
1.0749309503566862
1.1367581590587321
1.188607050841181
1.1899028213613407
1.1306832202534598
1.07295958226536
1.048963621738217
1.1475045970182975
1.1416448275775168
1.1481440168207775
1.151844784833371
1.1463499815414697
1.0639761873024263
1.1401755216847225
1.1717814022597306
1.1692000604163466
1.1788999448616413
1.14527155037743
1.1447014246333
1.1395677484887352
1.1495086444040186
1.1284559704371082
1.1379829017799605
1.1442866965529925
1.1864500141657985
1.1809835666704855
1.134121962595607
1.1316539164939081
1.151743751934629
1.1442972588059206
1.1446314917726168
1.144602227441242
1.1857641661054945
1.1935046478524045
1.1325275604034992
1.140977975849755
1.1523691209497977
1.144402829484278
1.147400551012112
1.1467786427832354
1.0696759886437404
1.0769162378491235
1.1537601383777396
1.1535157015121367
1.1431210896903754
1.1448737025557971
1.1625402993230223
1.1421165833831286
1.1438027979723415
1.1392333407578639
1.1295144627384455
1.1596849320572353
1.0666462179197436
1.1754316495753752
1.1857436698930748
1.1742435556445918
1.1376001170957988
1.132002201941475
1.1425669151498261
1.14130837393497
1.1477718079325372
1.0679639107407946
1.1315911825763842
1.186088114920938
1.1875867042325494
1.1277374920103092
1.146477388139986
1.1494925120146093
1.1421694239393902
1.15310235547555
1.1472253217537995
1.0670127840132386
1.0736599396334854
1.1473397713088465
1.188248062299041
1.1431080916365437
1.167565810206801
1.1448405473489573
1.1402865212848456
1.1450412345300491
1.1384046886206647
1.128061804420428
1.1548636197548519
1.0749229144751187
1.143880082868752
1.1858568508795153
1.1320252165670297
1.1271945684411193
1.1522608853713225
1.0802161010131297
1.183485819286422
1.1877671422424354
1.1314078309491908
1.092596208943925
1.0771149404893623
