0.4877305228924905
0.43994101503191707
0.47368316109672903
0.4930189097997786
0.43855018265087464
0.48652799241490097
0.4674480113471049
0.5106271773577706
0.5217340898754915
0.49040396895446
0.5097729723879432
0.45256494258742364
0.4766775064636587
0.4559363070290686
0.45155234132606703
0.45360999586410056
0.45732834999999994
0.48859901871570965
0.4726491137608083
0.4692687541885855
0.4856353102276214
0.46349513508806645
0.44005420368337833
0.4527080458139694
0.4924614945071847
0.4622059522164672
0.5486385608225285
0.4822605316989279
0.4295396720137462
0.46786289220825783
0.5668356409625946
0.47341035342299387
0.494316389107738
0.4487605895364434
0.46277098409622097
0.4640039759807192
0.5493722720532472
0.4474706894874202
0.44666460345403847
0.4845817356262313
0.5015702745181878
0.4917387110982868
0.5605323179301549
0.5117410542606192
0.4919936817351679
0.5103533940537005
0.4886241808245778
0.4916827271854851
0.4933770265333792
0.4756354738213773
0.4877344817071676
0.46267914999999116
0.4175608694978973
0.4806464196112229
0.4511306124999783
0.4750664411280361
0.44975689700448523
0.4955170894907971
0.46013806413834657
0.557122837679921
0.4606437562001212
0.474406474945274
0.4823868543499381
0.445924555677484
0.47971482524178877
0.4251831670348313
0.49835753780155617
0.46109298971313684
0.45001067499996195
0.48141778385464884
0.5596427846403027
0.4464268646551133
0.474350420940874
0.4795259140093835
0.46277654171249016
0.46662450354049145
0.49284539691658946
0.45283428488198374
0.5599025002602307
0.48124164014035187
0.46829233749988514
0.4920555549170692
0.5134359231551551
0.4892752657282001
0.48691542277122046
0.4311251996028552
0.5042441552868367
0.4687488422865992
0.4799358504701997
0.5031473161130081
0.49540884427843773
0.49464002406254504
0.4408091675503789
0.4712430032507644
0.47818622234971
0.559345149315309
0.4755019546710857
0.5028599942815845
0.5693896260042433
0.49072644852406655
0.5603694754567641
0.484815269671807
0.5034129656223986
0.5059704687835537
0.5100684574463279
0.49118497133042205
0.491982953526087
0.5517756657657844
0.5236099315036027
0.49613286431520776
0.4255306459982102
0.4672959928214291
0.45983003909022224
0.4586498462076163
0.4514734017118752
0.5231011120445661
0.41563762586759223
0.4783264294392714
0.4588114422907744
0.46020489358923455
0.49247053058095436
0.4815598833262221
0.5592007274887175
0.5222410524504626
0.4812679859984281
0.48790561351021555
0.4803158479363173
0.4978090670974813
0.48158812926693695
0.4819418785400218
0.4642362624999412
0.47164941851918296
0.48368311559900445
0.4783119428874655
0.47227372984764554
0.45926611102557535
0.47580115939041423
0.4984124340409234
0.4796099029329133
0.48454349552120524
0.4585762
0.5031360386079554
0.5058332977920994
0.5223454743141664
0.4832743670726185
0.4448886529612417
0.4935522053442869
0.4776622758608067
0.5126399445475726
0.4786297060972655
0.4562182269835596
0.45746840672611966
0.5203453792361075
0.46297866249999686
0.47714005153700445
0.48047181844207487
0.4581604652203361
0.45256703888208183
0.47512764216380454
0.5034547181898293
0.46170077567855083
0.4996980236475884
0.4612461950821464
0.48108931157700535
0.44932622597245564
0.48390417687114595
0.4755307140780364
0.5463367995391348
0.47337865453685446
0.5163159739858516
0.5489761603111002
0.5541709318012
0.4917978937659411
0.4721996131408194
0.4707207783059051
0.4766663984334921
0.4876541566165279
0.44858466936854036
0.4991681646383197
0.4771676536893589
0.4716382283708498
0.47829517835854585
0.4951889588578634
0.5154124145940879
0.48812585331239616
0.4964924845318819
0.4574782595029109
0.4726306268929724
0.4931775926454395
0.49385813272047696
0.4742971909417537
0.4936071026094485
0.4895239360342427
0.46937398274350883
0.41198770558591635
0.4651778203203745
0.5136399860919802
0.4923952428223791
0.48848848798230415
0.554070515905377
0.45192421300850305
0.4904180314517175
0.4644478826423387
0.49214913314877407
0.49634766997966495
0.4640165433878668
0.5620082864230718
0.5038032212645401
0.4963558458143529
0.48321052883704096
0.5198517169725838
0.4776855864525905
0.46774510482093556
0.47681037101556334
0.4177789448611283
0.48235749490190627
0.4878162919730771
0.47069570023936935
0.4655909100415269
0.5072488322967278
0.4770208826869799
0.5097643037434013
0.5007055134166234
0.48880788208539283
0.48258454445770005
0.5072234411666968
0.5660242794662689
0.46401136044375124
0.48831269486481366
0.4794812379775295
0.4557301539519782
0.5556143567266475
0.5454884609403291
0.49497850437601476
0.5102068950889234
0.5621748530798403
0.4930713506412264
0.47098285144103
0.4647631214779947
0.5033230145359531
0.4423593513497113
0.4802734693069547
0.49154957012351397
