0.45653582340097415
0.442483876159184
0.4231717391559523
0.4541987787285984
0.4881004613926284
0.4907797416136819
0.47160775890163165
0.4372533135075146
0.47075063541606543
0.43802805489585506
0.44513458561696995
0.44525781111802776
0.4705945751361355
0.4362797758825121
0.4440868169557034
0.43991522499999103
0.4471098591605197
0.42739666325711906
0.4452468029808233
0.443287159750558
0.4217791752546536
0.48643861356992646
0.42829887281246093
0.42748100917332477
0.4496586642896684
0.43890292022240096
0.45996820458144194
0.40577712691913737
0.525994999152494
0.4422219975089783
0.44071756810242124
0.4371044819937361
0.44608140179261624
0.4476980728002107
0.5230184899968914
0.44676550393433456
0.4181808057095763
0.43987856481402354
0.44123509328329064
0.4858386667088236
0.45913393446308726
0.5266143490535704
0.48836272774410494
0.46443932450357217
0.4744406816273027
0.4638373257414512
0.45998797257470525
0.4406456503085673
0.44615311237202704
0.4357662249999907
0.402018611241992
0.452670871818365
0.44113464999999097
0.461622717663445
0.4225466677198374
0.4645664108002501
0.4516541541441854
0.5228649798702152
0.4432027900651845
0.44496668595193456
0.4373984788236915
0.4377842398903039
0.45323789715596463
0.4001428044861779
0.45616547808609575
0.4339855348001672
0.4407584124999976
0.45887800800534817
0.5247107229723117
0.4172260499233076
0.4480937311898231
0.4526930263717264
0.4383143013593678
0.4569700961479195
0.4601012273863666
0.43379276717829873
0.5256543550928996
0.45397489935479773
0.43814972499999993
0.4579888535476754
0.4815731378374315
0.46364085416065715
0.4500715577515044
0.4079975886149319
0.4780264122923711
0.42684607817676773
0.45294096887665136
0.45522431022519905
0.4811724600209899
0.45987131550479887
0.4226522227576459
0.4394181593026175
0.534131233379448
0.45401200504629813
0.5271804649079069
0.465473532218032
0.5253030320485808
0.45119688462163454
0.4296752624118755
0.4660995430481471
0.4620956371791706
0.46614394816738636
0.4698292503739512
0.4619679834452284
0.5187395803497169
0.4946664645560832
0.48611182984490564
0.4659897210560774
0.41068794239664563
0.4283025906389506
0.4260348012238322
0.43503087996618894
0.50036707394338
0.3931037218655293
0.4431469611898887
0.4254489786420901
0.4432484441775103
0.4591202497555885
0.4540362811430673
0.5255581654372887
0.49405512915575844
0.44967082120163304
0.45181576899555165
0.447704789581439
0.4814565273439706
0.45415238840265226
0.49691108353295543
0.4368981999998495
0.4684512419786703
0.4704206649797964
0.42705953407942016
0.5020561902129148
0.44111508288695467
0.45571617971443756
0.45254237086329585
0.45283846760883834
0.4378390749999905
0.4825413658090424
0.4816756590419685
0.49085565783273366
0.4522112035198862
0.41643601821615805
0.45762131467869205
0.4448576041770571
0.4762246234159939
0.45829319947786606
0.4442341862721334
0.43041535105430173
0.4253018478359789
0.48041916665856543
0.48555277366387634
0.44564878749999737
0.4711652207052712
0.5194015816910283
0.44636040961396806
0.4806258693563523
0.43610722594797935
0.43281031777528955
0.45108560225856853
0.44022803182863657
0.421671096292755
0.46808312349572967
0.4547069616006717
0.45742359639285646
0.4389619532306882
0.42658691575412244
0.44305093980965876
0.4428547829745944
0.5012372378051277
0.460247466015689
0.5017894893767207
0.506002147877534
0.5009560618946166
0.4674192262655706
0.46066168301999677
0.4454628187931803
0.44863082572767443
0.4464156693301574
0.4289835163741519
0.4695361081809268
0.44497858144925495
0.4333084921617663
0.4641790089535234
0.4536529700951206
0.4888081590278559
0.45173118178279126
0.4544333618044905
0.4824662606524901
0.4303653983684943
0.4435998664388907
0.46610279804602983
0.4671039351144166
0.45778497248814254
0.4598913824761018
0.4541110936832857
0.4033297673353998
0.4179029746731989
0.4703764356596861
0.4407455574823663
0.4283644803331371
0.4829278088049187
0.4403133500333251
0.5257433457814629
0.4432292989396903
0.45754605493773304
0.4237516486527132
0.44652112979722897
0.4714760736952227
0.5262765000455963
0.45718363831442377
0.523209528140406
0.44397330218590814
0.46328822544631754
0.46604173599135784
0.43360162338842656
0.44655885598264455
0.47208425072958415
0.4731190807239234
0.4394910885376493
0.44203873350352135
0.4307562381270763
0.4611012096836282
0.44092896192668973
0.48227821852603225
0.4621443385266315
0.4543815558856358
0.4511444160364405
0.4717619557228426
0.44266595795551067
0.4592544802731918
0.45031889082271004
0.44546096484495035
0.5213331502640587
0.5112809420280526
0.47183942628997944
0.48343636014181757
0.5344718960435767
0.4401889928501164
0.43015522688863567
0.44833552044308955
0.430116973218435
0.4527781513358167
0.4552778320396995
