1.5234326783306353
1.3696873911874334
1.5218410336749726
1.5214974496988025
1.6292351890109753
1.6254492456156524
1.6372321654034954
1.3917381523263888
1.519981476750841
1.5263514584116464
1.6172362485757337
1.6247481068050853
1.6268966008902261
1.633487945531799
1.5177860987100862
1.520921302122463
1.5143384521929824
1.6256741335427267
1.5211009556223751
1.5164129998677767
1.5225577526513
1.513612485138841
1.5114607760434282
1.6379011037416225
1.621969874355288
1.5107719615236874
1.5197328016075768
1.6204342505500013
1.6266627597693226
1.5063369173092065
1.5209864724681748
1.5487946379304618
1.6188865162748145
1.5233155516636385
1.3786183477954204
1.3817980939341166
1.5167867380706965
1.6460224856832388
1.6246659228367037
1.5070811670427553
1.373569301289976
1.5173587947658946
1.5290019792518947
1.65273403511309
1.634469671160355
1.5231710172881097
1.530992277551452
1.626123891421975
1.6320180660847183
1.3836802774329002
1.5187566804467876
1.5203656517631512
1.5031510134847148
1.6278732537174507
1.6242521076923044
1.520721902212192
1.5095684304662256
1.6261072882033913
1.6484342716956428
1.625727033022833
1.5222806673174936
1.3799924162559396
1.6170676475298902
1.62349361493274
1.3685387509772335
1.3847249449269226
1.3815380671744568
1.5209059827611822
1.6490956171429318
1.6116465884579863
1.5283448199730232
1.6253028972590424
1.523389363117285
1.5164307077413413
1.518864087564359
1.6298933218338676
1.615373276254258
1.5441385814153399
1.523951447969439
1.5191163711029887
1.6261711889921178
1.5296719950290723
1.5297968803589292
1.520619356579677
1.5142350335706494
1.6351282254962038
1.5128892350886936
1.6250516098260683
1.5243575376840846
1.5240938912272304
1.5284803532048445
1.6210602069283089
1.651686269708384
1.6288842798176013
1.5484907533346342
1.5468821781081543
1.6278543908358363
1.5272451584886526
1.5145915190783337
1.6355196912415697
1.5295409115189278
1.3881377998215392
1.3879561192143153
1.5238917204554348
1.5438626447955834
1.6367695738383978
1.6369244523912052
1.6278627663943703
1.5032426100942733
1.6212115621098022
1.5164693378951284
1.5121933808598245
1.617620293324193
1.6377423444661647
1.6068520106803126
1.5123820945298714
1.5178867219702663
1.5266873428599597
1.6292287119940152
1.544841384421648
1.6373593159801252
1.51792888858835
1.520247027458788
1.5223156047558621
1.5293319507047811
1.6300550987532203
1.5274354924413094
1.53735067235032
1.5176851815217358
1.6316596641316
1.6263659288996504
1.5138184454547778
1.5440132796816608
1.5179900703544733
1.6209030980359898
1.6278399649872386
1.3793979371515732
1.388083606037777
1.6184218552631546
1.6350552965753766
1.537744499272521
1.625768327194765
1.506992576451294
1.625135042866523
1.5185222136981742
1.536834110551448
1.5156097336128849
1.5115438105504084
1.6171631174275456
1.635441848973082
1.5349843925156343
1.6231131697627972
1.5226845624709777
1.5473139166398096
1.6279530067318433
1.5338654254737705
1.3729758597214239
1.5117439634231133
1.520345007079717
1.6196461857218045
1.6298068675680655
1.5086506581404857
1.6320058874235974
1.5215932697057721
1.5160758151655862
1.622576889417616
1.6320024700488982
1.628102324881945
1.5411553604000492
1.540339302457908
1.6458758439881271
1.6322372507104672
1.5201660120228337
1.6227177770616281
1.380734775685412
1.5198770113328526
1.5096418011350645
1.635017925645817
1.6217139832550675
1.6206006135073552
1.5208295384806447
1.3888157643839203
1.3816274600970935
1.5240386427175043
1.5299236489181893
1.6160690368709676
1.3800805107760703
1.6304264453536144
1.5302531978186305
1.5247626323018801
1.6293388725858342
1.631631875850277
1.5218390653681277
1.5035791157569363
1.6112976036491837
1.5234469758691378
1.625133928756677
1.372717692112171
1.529350663745544
1.5229675551832138
1.5412396193691715
1.6192178896762552
1.6152803407670415
1.5228456269295911
1.6169377076936908
1.6317904928972657
1.3774648326878056
1.5475303016258761
1.5223063069348588
1.3854566356944957
1.6484865635916934
1.6286925640356669
1.5339889487994365
1.378911099441772
1.381458061825124
1.5201991683543765
1.5011717735025971
1.5161934686660277
1.6316188697373017
1.6294882385644829
1.6199840997601702
1.3809280980190983
1.512164640798432
1.5230097738266013
1.62303474578229
1.6337723423919224
1.6308197517358545
1.5189249935331242
1.530471451625772
1.5514174705264514
1.5154534610519432
1.5332925110840976
1.3772909140140561
1.5455312452644057
1.6438405861737015
1.6349083333470442
1.547615605024835
1.625419141323259
1.5157306442850695
1.3885547021061664
1.61238337062382
1.627136622914432
1.5178186152638404
