1.3825730292000409
1.3779670861480549
1.5138102114646823
1.5176937478137922
1.6330539713021983
1.5303614349637915
1.6293558630259957
1.376342237201628
1.5267170857915073
1.5121282744251006
1.5146288703044708
1.5154141373410017
1.3899622327376862
1.5143510105593965
1.5180358723185676
1.5126606321865412
1.5176383875974935
1.3765185557639004
1.3795370419292803
1.514564494707596
1.5059894940719223
1.5298907265091242
1.5098646642012463
1.5119219990134172
1.515649131842851
1.5130133675759867
1.522309252847105
1.3647031624551542
1.40674807174871
1.618182583175529
1.3774663240285077
1.3763617708376623
1.3820107734578313
1.5161681133094127
1.6463127671058821
1.5154942441685875
1.504397585384018
1.614963499329416
1.3793490518311287
1.5274202757510136
1.5202704517249512
1.5409700009515799
1.6303253859570488
1.5241687279563252
1.3873527735505642
1.521379893046503
1.5212094138670844
1.5136125883498674
1.5141744756450444
1.3808864225218627
1.5036386424095871
1.3800467374715368
1.515300657470373
1.6242876759136549
1.5071792056578561
1.522262726441084
1.519049655539399
1.5418997990717376
1.5179287713598404
1.518112995873485
1.3763594268645343
1.6186775992782398
1.6213194527503552
1.364264724899648
1.38398455920605
1.3737464659906191
1.5144644852744797
1.523390973226825
1.6482045451978904
1.5054116246251343
1.6217028855209858
1.3834762816428092
1.3779073838978144
1.5188884114892756
1.5220001327758261
1.614906828292975
1.5430161996921006
1.5194768923110908
1.3767190421273445
1.519661025158195
1.5283175011914942
1.6283022256484891
1.5155432872819459
1.3670180353267338
1.5274014123619197
1.3785866386960772
1.5182296805346414
1.3807962958069946
1.6294689410821035
1.5200357684594055
1.508555759644086
1.512957455960165
1.6495656865699935
1.38190998034147
1.4059068966666368
1.6247091261239595
1.5438737823864643
1.5181474388965994
1.5092674817968663
1.385460635742417
1.3858204408720212
1.5238538141274207
1.5234926731981417
1.6251878966880637
1.5419579233252574
1.637892427907154
1.533257543281635
1.625222380136972
1.5043095335175578
1.5097588690044064
1.508554150924529
1.614808951040184
1.6350562248256304
1.3597332914154938
1.521694474613497
1.5098534505516763
1.5151354333383578
1.5206641169569433
1.380573245037107
1.5411638357685145
1.531738707118247
1.6196913587248363
1.5184974355668233
1.518069578549618
1.6283690691242012
1.5170252091423473
1.5321491245972194
1.3785284425451776
1.6276714495915956
1.6281933190050648
1.3743819560333461
1.4016997071017838
1.378954267737386
1.5192130189552575
1.5172915580289708
1.3836754816679129
1.4783791846633183
1.5270326689436813
1.5264045479948951
1.5299710363095576
1.5236088030380972
1.5080629870244335
1.6217587452331161
1.5148119270754123
1.5262506073178237
1.6284892979807601
1.5174784173089273
1.6137447613957616
1.5101776453781508
1.5288220941493462
1.3945934817730683
1.5162773007498225
1.6269555710808616
1.542219497600713
1.5164831265047782
1.5263256804572995
1.5109607221814083
1.5118529898471191
1.5162784266460885
1.5126969628499574
1.5074013815078553
1.387588434875935
1.6209180573003672
1.6227811397715488
1.5129807189034632
1.5083140989809014
1.3770652233370004
1.3821198188862684
1.399686773874185
1.6217117021550425
1.6416221374845479
1.400040010813764
1.3976123908194844
1.387354332564714
1.5203323108811724
1.516800239079592
1.6196303495920006
1.514701910010182
1.612700685802529
1.38742970647736
1.5135083441978967
1.3735826956492045
1.5255399677855865
1.518963496120458
1.6329807045332612
1.517318287645084
1.382204851040474
1.5273481459005567
1.5119748708759557
1.517692352334631
1.6252915950055713
1.3864340436370435
1.5203638289246186
1.3842848082154207
1.5179280460465827
1.4995439787188973
1.507846576715432
1.523193559258599
1.5129687076789733
1.5105542980122073
1.527920959446864
1.377199119124258
1.6447921464355477
1.616744680578097
1.3833277472041585
1.373781950737144
1.378928253634092
1.526809760553809
1.540680836741917
1.5204357750216595
1.6455673831210582
1.5170020260779373
1.6258098798625773
1.388943831632862
1.3769606802599104
1.5179828626738263
1.5239564750083203
1.625679301692206
1.5133166350221914
1.377514851992416
1.5097438611938736
1.5211175929714655
1.5121722022821587
1.526776691475551
1.522337046833655
1.3811378202804434
1.519027443738017
1.3879322443803774
1.515263082324848
1.6228553533527696
1.5149479962723265
1.5206822398425763
1.541173084348794
1.5376929348792552
1.6269326112280735
1.5277948925937765
1.5460876058805744
1.3766105816635406
1.3729950603289987
1.6209070449429015
1.6113142301801442
1.3816833703920302
1.6210106453754407
