0.4038424505689757
0.38523485138790947
0.3918057260042012
0.39674793402618425
0.39441098917302664
0.3621774985102146
0.41498858731357213
0.4112415625562299
0.3934844776405242
0.38831531231285044
0.3903880305555185
0.4106773725044558
0.36402912694968936
0.39119016897414427
0.38201546356475125
0.3960442306879989
0.3999325446056694
0.3438186248431282
0.3863706430980539
0.43298022425937777
0.4188681062784527
0.4101308512433492
0.37840345603646847
0.3705435182534811
0.37690999153432303
0.3557531359988221
0.4011472763230771
0.40358190669285726
