0.2735421724304231
0.2911017678820328
0.29784302611216995
0.25791570150528376
0.2817276247236273
0.27705527751129405
0.2917545167632888
0.276239974927042
0.2621474692551547
0.277261815422985
0.29413585983828533
0.2653707221789607
0.28443889626057695
0.3133615131059097
0.2771077342481369
0.2787614768735991
0.25426532670308344
0.28885125076239326
0.2803027321344709
0.2832880893950701
0.26189492367056094
0.26071548312180304
0.31377325720793137
0.3196269685757003
0.26545527297055077
0.2591464775550506
0.2517810890766085
0.27390137310298657
0.2746203236761896
0.289107127706871
0.29185150565805484
0.29743806801433886
0.2620343474027784
0.25176499937257607
0.28154846080760854
0.2769371347253019
0.29146364727217056
0.2764177811528773
0.2627594213850963
0.2755029592364816
0.2815441418439015
0.2769735968623764
0.2643279974732783
0.2965405028007881
0.2646079671999416
0.3052400167651991
0.2769438559460856
0.27779259301211723
0.2646815195820299
0.2842154049715959
0.28146910804261566
0.28216415197793654
0.2613824849288446
0.31383395092205635
0.31922575131700737
0.2632194495873702
0.2561394883850997
0.2520762630297877
0.2733515640739308
0.275338708345639
0.2900692594623822
0.2915484540480979
0.29803189655761
0.25772811630036396
0.2503056776156359
0.2800596020057188
0.27641754243791344
0.29127341163935183
0.2751477873058381
0.26179114001613635
0.27356702062950955
0.2774624760610707
0.27902512068024315
0.27576349446133264
0.2639853728298758
0.2925591527563556
0.26544367972434857
0.284679035162495
0.31332517996955556
0.27761774899657404
0.27522281987649755
0.2629450488794852
0.2909429592301589
0.2804574827241308
0.28211689468227297
0.26274375833578417
0.26137251113177873
0.313608262631855
0.3188932436262696
0.26266986765020983
0.2614898565101235
0.2506639248639069
0.27237898312407893
0.27448062483161195
0.2893961880554464
0.29180089520373864
0.29715701329126876
0.2639070195443709
0.2832362212846712
0.27675025263737163
0.27270150958570283
0.2623751687018729
0.2750625779733722
0.2778118102037321
0.27569178315400716
0.2900663270963811
0.2655053367162426
0.2852108590300401
0.3049896171784871
0.27820857369613916
0.2742333565988809
0.2631660723042605
0.28448089627302764
0.28162256478634834
0.28322699947921054
0.2615172757007811
0.26008091498517205
0.31948724109757753
0.26309867118263036
0.25797902533638484
0.24943918129454104
0.27393212067784023
0.29591671013930704
0.2961930918275073
0.30237126353956534
0.258752727687822
0.26247017535369194
0.28665110029546853
0.2818956262684415
0.29332060655394804
0.2798633617152454
0.26710327644484144
0.2811401815494947
0.28140808560913266
0.2827463435574572
0.2808596153856459
0.268665792345523
0.29996220169090715
0.2714065603535192
0.29242479346714045
0.3156752253552637
0.2811881069591975
0.279648570338469
0.2689411546692514
0.2877623062817549
0.28557751905541684
0.2900944387981902
0.2634749907205304
0.3218268550663872
0.32475280886419494
0.26606456551232616
0.2608821027989138
0.25723781628670295
0.27742583885099587
0.28176970224701026
0.2951832440207677
0.29613538216644714
0.3032827988362034
0.26471683316097727
0.2533858751074981
0.28310821100911077
0.280640164281285
0.2944837220314629
0.28482348979943517
0.26861960241731264
0.27718615329323776
0.27707971534939896
0.2898383390493823
0.2755418133696378
0.2682083398005699
0.29431162796668087
0.27160059960786126
0.2878858148040143
0.314714457048324
0.2800846672872488
0.2814443829563298
0.26922289223640095
0.2963740978986654
0.2670720708969514
0.2682141876331853
0.3187319116653719
0.27623814926873413
0.26010330516427616
0.25647831922931597
0.27896244306718365
0.27883749496278804
0.2966041810651293
0.2954318171506624
0.3046494602648344
0.2674415464286055
0.26427404926979303
0.28652792600210025
0.28428372217601316
0.29493758580131
0.2841900350257357
0.268473680457888
0.2801480640268681
0.2843611500252359
0.2777044411529488
0.2687663445800046
0.3017227457870987
0.29826809185291464
0.31501187427249366
0.2797044615428616
0.2680224806596613
0.2959388368613854
0.28879519694888245
0.26118597234474505
0.31916620736468665
0.32335063560780686
0.265529655985342
0.26043954327298413
0.259573137209093
0.27829917526650155
0.2811902123292795
0.2826728620798415
0.2930507760094551
0.27834645574493777
0.26587120045761575
0.2887344020572754
0.2800840661741931
0.29521037197293276
0.28104440800192976
0.2824026989575066
0.28374232933329896
0.2891372717755929
0.2762319402409833
0.29265440687309463
0.27331869319364355
0.28899947477305554
0.3147556992530611
0.28070599621200915
0.2808350966239582
0.2695962334744417
0.28691286023611207
0.28589534183800164
0.2847861087273819
0.278154018265527
0.2667308611386142
0.31737006159907016
0.32299098438914076
0.2764507376024297
0.26667614740782286
