0.3324251864799993
0.35278576814715445
0.2979129888924663
0.29889762311750295
0.34047535553733793
0.4066627327394965
0.32472664108344196
0.37120527526096037
0.3316329980562778
0.37118169761397335
0.3594621163381109
0.34532074666516877
0.36525044853579286
0.4001669038221424
0.35903123524294933
0.43250805014525706
0.36913328277277124
0.37346459505041774
0.46252221130049975
0.3771755181597902
0.32436240283645157
0.3852215313216314
0.43966822801311845
0.41525276141060363
0.37285224212181123
0.43014819402632515
0.4090382205869628
0.488479882091064
0.4279842911712409
0.40362862910742214
0.4206679035348139
0.4598575133941797
0.4203021137263476
0.5720978664179136
0.4862853467856175
0.42370127652200873
0.4767369507515876
0.45971525593706275
0.41773386251341044
0.4558398133497049
0.41905396112674786
0.5215235614249474
0.4545813655432912
0.3920768734850195
0.4142401402990908
0.33839141962248925
0.35504787462310317
0.30858567704617845
0.31041811370725847
0.4008950819884397
0.34065313875682274
0.3560949998683473
0.3359215252335034
0.3964232757410568
0.3749289201520796
0.3374096844130705
0.35271733865500754
0.36502618381423857
0.3669182348311569
0.423329433165067
0.4424653876745872
0.3629356089090967
0.38210566086664177
0.4318288118729917
0.38476571463675435
0.3235671476948234
0.39041828397794026
0.4360338197301156
0.41554333405305405
0.3721504969825915
0.43273573304347956
0.4210864373541163
0.48602946389137314
0.4227840227827095
0.41207306800040017
0.4164706217372506
0.4558404106545647
0.41877066303248517
0.5557241294739346
0.48953389337970776
0.42198179661001617
0.47866876754981813
0.4559914639958629
0.41182631125278096
0.47579688114119917
0.4219273030686328
0.46395941557810827
0.45561812608666963
0.40553278775470586
0.41405101274033307
0.324144992045287
0.29911758669162847
0.3415305057027232
0.37002260133858833
0.33363123275051615
0.36640763937459375
0.3316359505395209
0.37383836892706757
0.36431336384814256
0.38283987188903157
0.3527852986023434
0.36620266620282665
0.3928951377460953
0.3610347702294029
0.4329896985994904
0.4511000906539916
0.37972172305972496
0.4686026979302576
0.37391509389117894
0.32526090766720217
0.3773013778709965
0.37303072727705233
0.43590879285340506
0.40879903607908624
0.49516447160187305
0.41390376334850953
0.42123910501829176
0.45457498106176886
0.4159990530273153
0.5640628638633864
0.4834510823142121
0.42100456202231307
0.48406793512266777
0.452888143968102
0.4182695675474632
0.45754285245551446
0.4181973700661021
0.5231649717198816
0.456247523820728
0.3895178535615263
0.41440170271226234
0.37855664783126997
0.39698913286403703
0.334800952412559
0.3483980295668402
0.4156051352627931
0.38596411003633313
0.3602602418616546
0.3930357380468612
0.3752835228444618
0.3745196362211443
0.3916561031686491
0.3979348981036857
0.44487570356508066
0.44093942834764105
0.38824942484493863
0.41722191295078814
0.4510922464799442
0.4050207719575276
0.3484850252572067
0.39854437340047233
0.47474491653370465
0.4268134601438729
0.40062964256530104
0.451252228291134
0.44783871469962266
0.4497260752200257
0.45309888657954067
0.44093847682076476
0.47868897309134223
0.44860250126667406
0.5180374303510524
0.4496258182322914
0.4784996434621367
0.48127575806647177
0.43654376318255445
0.48788463466899834
0.43915709104766076
0.5135898214108209
0.4798336828945539
0.4133401536045841
0.4486353331400512
0.35518313836979676
0.37571866184080616
0.34460851595402087
0.33529648136067336
0.3950720993413337
0.44863612553342247
0.37843183045646256
0.390304340831432
0.3681642445352771
0.40835518757778333
0.37260586804208906
0.3744936794101326
0.3774875328498969
0.4318944849500037
0.3949053300614043
0.4504264264777048
0.4591477242791806
0.43516090394459783
0.46024636876580605
0.4022957003981875
0.3450708632286024
0.4195280489704239
0.47089959790386515
0.389586280685454
0.4575971299384105
0.5189838822117957
0.45201411879623393
0.437466267459277
0.4342219629760911
0.4783088154245797
0.4461386050466902
0.5802932335202733
0.5149184821345398
0.44755220460021006
0.49331784874551865
0.4852946165642953
0.4286396072023886
0.49077911355600384
0.44035962702064757
0.5082181663571731
0.47502176059536455
0.4245708066503284
0.4473763793464605
0.3955821203910837
0.33892587054346646
0.34925269667667536
0.3558273105470041
0.398472719620929
0.3692042067846757
0.36471494089104894
0.36991553293981133
0.3832837462069256
0.38141375894505597
0.3705198908753433
0.39537413096933793
0.427178787324617
0.3988866536710802
0.4472262732987263
0.4561830051382013
0.41572139200140434
0.360456576090766
0.432536586601337
0.4062175977535989
0.4439920842543462
0.44080996759493485
0.5172467206535278
0.455335458104018
0.4429083483702555
0.43939782665002725
0.48882129804089297
0.4472088949141585
0.591007710236154
0.5221538971899489
0.441699500146182
0.48012558473212497
0.4796046312059548
0.4344306766605566
0.49551173997316517
0.4425259998845942
0.5238507947123676
0.4770647167409505
0.4110766414807886
0.45716932755043127
0.3456213619863776
0.34339063404972137
0.3842098884943259
0.4448128384961705
0.3699601370731955
0.39210014739665483
0.365469119806772
0.40905867531232143
0.3624764200305828
0.36903591318511303
0.3824296357398693
0.3725261350985599
0.4362386046877792
0.40926142039552815
0.450042453588937
0.45080303093406915
0.45665376607202895
0.40668987277023333
0.3576360830942974
0.4137473603128231
0.47303367757825976
0.43292829729546667
0.3998926729729554
0.4484191146596974
0.4591334465439957
0.5224132070509355
0.4613729445124696
0.43646200171281047
0.4368765747737049
0.48097729080755114
0.44981574657034173
0.5960792203361662
0.5224215065637172
0.4568583993357269
0.5005155100980143
0.48727128191945224
0.48949561742775927
0.4470277746001647
0.5152190149941519
0.4802703786870007
0.4279350712839475
