0.5493893677143478
0.48452897465246636
0.5051479170037096
0.5046122440086491
0.4975541065861502
0.46583178049235796
0.5119472424964557
0.5390722204173275
0.4980925549909448
0.5262179929234947
0.48724458863508535
0.4568633702381831
0.49434482879061903
0.4792824692754055
0.4950140162270725
0.40443798446808965
0.5568404548560665
0.43254453997929576
0.4905075680731366
0.5439231816685739
0.46897635235003265
0.4899399707352438
0.4812276187805916
0.4735763761291793
0.5213787819626483
0.41599497261831686
0.5098916685585027
0.5198067533620954
