0.6359453517069273
0.6033785541637285
0.6230911780126038
0.6321038020785528
0.63090696751908
0.5749044955306438
0.7158957619407165
0.6755846876686897
0.6804534329215726
0.6475039369385513
0.6130240916665555
0.6273801175133674
0.5804593808490682
0.6619425069224328
0.5879063906942539
0.6299926920639969
0.6474716338170082
0.5198278745293846
0.6474839292941619
0.6942886727781333
0.7042783188353582
0.5792305537300477
0.5828843681094055
0.5534905547604434
0.6191019746029692
0.5556314079964664
0.6511158289692315
0.6351637200785718
