0.5886632306330172
0.5016459222617726
0.47205108528696155
0.5338064529408584
0.6082161215741331
0.5480287314205646
0.5934442593123809
0.36920700718495525
0.45102452308539687
0.5491642326783693
0.5149079211615659
0.48650070777586885
0.6062198774638374
0.5660159174905942
0.6206387641752983
0.5175719821470305
0.5213786059879021
0.547388776903377
0.6431254830682477
0.4655609566012787
0.5001682708695985
0.49389110627435207
0.5066657301007043
0.42407512450275797
0.4010896975749215
0.3949085519218262
0.4924286341622134
0.5619013691084881
0.48462037112060724
0.4940964399935905
0.4296733255704164
0.5334142093312546
0.5674119079189156
0.44472997419157895
0.5281093629799093
0.6267405944356901
0.46294735124705544
0.5081839199878967
0.4774028502975387
0.4924626531919853
0.4360546831910396
