0.4219371742948352
0.4460343799315994
0.3779360425952389
0.38282668034482203
0.4264805260383277
0.5282845827081593
0.4163268196264308
0.4805204411641444
0.43483396854409034
0.48013318373594355
0.47588592283371217
0.45456423268255153
0.48626264499058236
0.5426281469602803
0.47592908958719143
0.5829228659614181
0.5012363076627235
0.5070988576451602
0.6195051407369259
0.509428776576849
0.4387042968997987
0.5051646308027411
0.6104580300709875
0.5462590570070869
0.49111179803150395
0.5882779840075434
0.5496305420728078
0.6635632792061005
0.5816732242497982
0.5398230643456972
0.5894720027823428
0.6322282066547147
0.5844491232008749
0.8123798946306898
0.6815083552785771
0.5932578084099411
0.6465552792801044
0.6401093148837596
0.5881285715873766
0.6262485756714145
0.5944672497516694
0.7614934243533512
0.6299275022593037
0.527957939962011
0.5775016545085352
0.42906368868593675
0.44955126651417665
0.39303643829994855
0.38599203773115
0.5225961224325931
0.42336254769165027
0.4603163666430503
0.4406377517053267
0.5232811823246519
0.5050834838608006
0.4327588088458526
0.4668693948597865
0.48692079143960865
0.487317691500433
0.5697080710154927
0.6030654172780749
0.4941280060457125
0.5221581246439188
0.5778486767145801
0.5199155232725283
0.43756493855876255
0.5138815580193323
0.6029614093004889
0.5462608551438832
0.49035925740010405
0.5920324442840533
0.5682384623201164
0.657860529283314
0.5761354448750777
0.5523174350471978
0.583908345258541
0.6246810057985781
0.5811361763772668
0.7857397555594139
0.6889921791640508
0.5908428128827644
0.6489908891467446
0.6256375115840246
0.5799575286682159
0.6581899538137103
0.596927139146398
0.6844872975391687
0.6328031829835823
0.5370926389098956
0.5774783064477437
0.4129168475463991
0.3795708470362206
0.4280634289134049
0.4788469274950721
0.41402273441036197
0.4772890805388774
0.43484449777862966
0.48700918505295415
0.48196391173008235
0.49302174162033907
0.46632114067128083
0.4880479727663716
0.5322683630668852
0.477966621694489
0.5824501600972918
0.6150401365189065
0.5177115968254326
0.6252479156974968
0.5045587008466127
0.4398923876270028
0.49483480856536394
0.49142007951273226
0.5951921159931344
0.5504022874213865
0.6586998304816785
0.5530469286954619
0.5896974607588744
0.6227028154653607
0.5774470358882773
0.7960884029135902
0.6795994737512514
0.5875396112225213
0.6563119384733257
0.6289521234110181
0.5887158500863
0.6290984690476489
0.5913968355326631
0.7623155491415532
0.631169261764345
0.5227993053437122
0.577913795171505
0.48645976265961877
0.5044522882232296
0.4200316794816002
0.4329932539544135
0.5414429526096833
0.47902773498847206
0.4801462653297893
0.5161732341170979
0.48714896580967465
0.4992197741947665
0.527771449002532
0.5355049076108371
0.6064983659591024
0.5941284012988844
0.5300372660298451
0.5771081800609682
0.6087851212555895
0.5517509682089826
0.4776311961605294
0.5262978498446305
0.6534115741092402
0.5677950262168876
0.5343367350731674
0.6172172214618726
0.6130335620178758
0.6207412972069333
0.6070335088027241
0.6236996640529926
0.6631107312960107
0.633513504372959
0.7272637159633822
0.6241423877174547
0.6553623498349319
0.6695518527636962
0.6188996083909317
0.6782179164162683
0.6251413888335805
0.7338137688748897
0.6724327070305204
0.5510344930406652
0.6260120425305158
0.45453670372171556
0.4800200578174616
0.43274047728569887
0.42706839358208704
0.5021919185193716
0.5856061604104394
0.47032286309240123
0.5089960118734849
0.48826981558663357
0.5342693329773793
0.49386699393005806
0.4865566979434894
0.5020329802430733
0.5783742700837933
0.5251695938756231
0.6122104486900236
0.6201871931958169
0.5989184184317076
0.6227438859442661
0.5467570108793842
0.4646988645454425
0.5524939366111128
0.6479677036656307
0.5195504900894328
0.6271166165891546
0.6984493353037372
0.6240466535722362
0.5871491728178285
0.6128761931444973
0.6606988692492373
0.6253502631025207
0.8303849700429251
0.7309379366253691
0.6289222524101079
0.6741000228856956
0.6739519822738274
0.610159954378013
0.6750786704803442
0.6298059318584865
0.7405129405087274
0.6632828938172093
0.5658005563493959
0.6233340444792379
0.501056667393031
0.42626163481814483
0.4369871234205468
0.45243011142369155
0.5182084074164349
0.45836449606628005
0.47557036891289295
0.4836308368540489
0.5051561283506085
0.4964186808665204
0.49424492258963326
0.5315222692753475
0.5770891290145064
0.5375595355430911
0.6114042116577816
0.6156590614190027
0.5790172362488707
0.48563237638206935
0.5748456437144855
0.5413795149685953
0.6079773929806448
0.6069199356678551
0.6981938881945497
0.629477429496323
0.5922780107080363
0.622593210553668
0.679443543634722
0.6338838246146635
0.8490106665124144
0.7348150444761812
0.6120544921352232
0.6588292978105726
0.6706174942589784
0.6173622244206948
0.6821921637511975
0.6328811943988133
0.7505717181512318
0.670974317230225
0.5473576733684603
0.6356241223240229
0.4419154700344872
0.43988185613046693
0.4891770937360339
0.5784914469179516
0.473359408908399
0.5111079794092807
0.4786454744044773
0.5349642372509924
0.4809787791392289
0.4815063099436329
0.510322067209481
0.4996183514160254
0.5879263110060533
0.5450923803932726
0.6137490960663289
0.6098273241337953
0.6209863753604505
0.5543380076656544
0.48224585887207966
0.5449262837302592
0.6532794986724484
0.5731159611598584
0.5301900456023113
0.6152708243182001
0.62855261105668
0.7030756025964948
0.6383538733863421
0.5857376704564399
0.6187579123419159
0.6661764380733859
0.6316117095471002
0.8464463393544741
0.7348297114671998
0.6422794194594605
0.685187991651054
0.6787760986848657
0.6734000174656999
0.6416013994906954
0.7394909461893849
0.6708795714926931
0.5704572474770357
