1.0663037043762207
1.0941646725463867
0.9129548267669678
1.4849092240753174
1.0571021641540528
0.8977645249481201
1.1303889427185059
1.1312844812316893
1.107238876083374
1.1928997542419433
1.1974327443695068
1.0620271891174315
0.8678281977386475
1.071897088897705
1.329890513885498
1.4819682697906493
0.9968210899505615
1.266667240951538
1.1347876728515625
1.2456359044036864
1.1490496801605226
1.3303162184143067
0.9779499610900879
1.0216294987487793
1.5556244525909424
1.3586544530487061
1.2224026304473876
1.2556145354309083
1.0980063087005616
1.29594804246521
1.1515534718017577
1.256310289138794
0.8897287033996581
1.3049300183410644
1.1427842591552735
1.0216217667388916
1.1016439955596924
1.1436827357940673
1.1726074042358399
1.2310915032653809
1.1262080493011475
1.0947185492401124
1.2861834861297607
1.1967346739349365
1.1248110801544189
1.1897591090087891
1.2432881522979737
1.0871539366607665
1.0915612047424317
1.2080851111450195
1.1240053970794677
1.1052140062561036
1.1704576741485595
1.3896299937286376
1.2817816477966308
1.2397033436584473
1.1234446964874267
1.1066883607940674
1.3092939968566895
1.0895024343566895
1.1473677489013672
1.1409306924743652
1.2365032934265137
1.1407324931488037
1.255181498184204
1.113987857498169
1.1355426055145263
1.1794403189544678
1.1517109917907715
1.054823054260254
1.491406558456421
1.2292406889648437
1.2800239225311278
1.0444600381622315
1.163543741027832
1.158479438873291
1.1503573924865722
1.0068408847045898
1.0547580790100097
1.2987834990997313
1.0758041208496094
1.2022287046051026
0.7904468444519043
0.9892883835144043
1.0718073440704345
1.0472922655792236
1.1145298336334228
0.7748310760803223
1.4713086246185303
0.9507557206726074
1.0453974265289308
1.1235321090393067
1.1726593239593506
1.2319803309020996
1.1943881910247802
1.3359847930603028
1.1857695514831543
0.8680687596740723
1.5111546587524414
1.1494517261657715
1.1494660572357178
1.1374072216949462
1.2279740504455567
1.4777626790771485
0.9097437522277833
1.002025505126953
1.1410515571136475
1.0156971157531738
1.3009686800689697
1.0470789939727783
1.1767411562652588
1.4237229204101562
0.8952908315429687
1.5858827566986085
1.2273621254577636
1.414906581161499
1.4850273666687013
1.0049458479766846
1.1579404072113038
1.5122154688720704
1.180960548095703
1.6168296859436035
1.2327077176208496
0.8216241199951172
0.7946146520080566
0.9622011774902344
1.4270505365142823
1.1682593689880372
1.3439188074645996
1.2496691340332031
1.1060931086730956
1.1743377116851808
1.3112398303222657
1.1669673391723632
1.6705858970184326
1.1251231361236573
1.1113095657958985
1.505121189453125
1.2180556522521973
1.5830851518859863
1.3122684822998048
1.4033416111450194
1.366664430328369
1.4808609025573731
1.3107830419006348
1.1413249621124268
1.2730469367370605
1.393823318862915
1.4835697836761474
1.7863495353088379
1.3160979219818114
1.1044833990783691
1.033805535583496
1.0293873138275147
1.2168802946624755
1.1766438271636963
1.2047682861938476
1.3698110775299073
1.254082309463501
1.1035387519226074
1.206589996231079
1.0959796772918702
1.0443278684082031
1.1552067449035646
1.3717798646697998
1.3426467708587646
1.1562830738067627
0.8940691463775635
1.4271785401306152
1.4238510385742187
1.2679425938415527
1.496614528778076
1.5012933544158935
1.0851493280334472
0.9661496411590577
1.2082733851623535
1.0678152306365967
1.1598844994659423
1.1499846843414308
1.2916254185638427
1.0962047703857423
0.8760804138793945
1.0508710570220947
1.1240959034881592
1.2096547484588622
1.2026075325622558
1.1568373970031738
1.519881167312622
0.9101958198089599
0.9766923693389893
1.4084245426940918
1.1452124245758057
1.117664310317993
1.1623858278503418
1.1389775866394043
1.3571241096801758
1.308972048324585
1.1891944806976318
1.2137006697998047
1.4039571220550537
1.3023007765808106
1.3570653920135498
1.2216825600128174
0.883674612701416
1.499269470123291
1.4553646309661865
1.5009913910980224
1.6152599979248048
1.1714078500518799
1.1409721174011231
1.1688747940368653
1.1899701749420166
1.0554420204315185
1.3384724976348876
1.335327145904541
1.349407560180664
1.4667479328155517
1.3858434693908692
1.2998520404663085
1.1812701160583496
1.2462662072296142
1.009146074874878
1.431856037109375
1.1842569381561279
1.3470080161590576
1.001281155532837
1.249537806137085
0.8606864482727051
1.1014998425598144
1.4490572279205323
1.5209401911010743
1.4202794951934814
0.9151857353668212
1.4660443312225342
1.433286084121704
1.0439444110565186
1.31984678855896
1.1599837550811767
0.9374379052581787
0.847320993057251
1.126437664352417
1.163271361984253
1.4191999766082763
1.068822508392334
1.4214360581359864
1.1481438013763428
0.9962533777465821
1.095097923904419
1.5192224631042481
0.8123130106048584
1.1131026612243653
1.3003453081359864
1.0335409848175048
1.2055889896392822
1.0786251889190674
1.1785873375549316
1.4006881717071533
1.1725593938293457
1.3970591297912598
0.9519294022216797
1.290244572845459
0.9658752812805176
1.3075126506347656
1.087580329727173
1.4362017252960204
1.3716987312774658
1.19049666986084
1.0759134826965333
1.280532259750366
1.1274907252655029
0.8854717668304444
1.1675053504638673
0.9001751468353272
1.1337965328674315
1.3704732641601562
1.2179079590148927
1.2365547359924316
1.5884658682403565
1.2406200235595704
1.1032392846069337
0.9442321127166748
1.1417550093231201
1.0149566136016845
1.0812963088989258
1.0703787695159912
1.3325080176086426
1.272168671798706
1.1217205088500977
0.927254533782959
1.0615036682434082
1.654195051422119
1.7423441820678711
1.827092045639038
1.0872868456573486
1.2946163956298828
1.176420676574707
1.0723249044799805
0.8460413622131348
1.1022169117889404
1.0086861858062743
1.1555272733306885
1.076695929763794
1.421529699142456
0.9695131490631104
1.4118855002746582
1.2241917326660157
0.9419164129638672
1.0124909985046386
1.267569463180542
1.1954631481170654
1.0550581621398927
1.2270212863311767
1.1816371744384766
1.3198881220397949
0.9804326472625733
0.8988260435333252
0.8732635051574708
1.2654730146636963
1.057851571243286
1.2672857957763672
1.0063079864349365
1.5544772558746338
1.4425100301055909
1.0258558231201171
0.9337036772766113
1.1788000173339843
1.0326003444519043
1.116102751312256
1.0256108677978515
1.1689657920684815
1.1562168928833008
1.1220845740203857
1.2619811521453856
1.1738484959259032
1.5081636118164063
1.345304503036499
1.7120014901580811
1.4015228491973877
0.9144659496765136
1.4371187326507568
1.6255612839813232
1.1499124243469239
1.1027444925689698
1.3480148454437255
1.1319182305603028
1.1758591772766114
1.0560380013885498
1.3574691457214356
1.295922528503418
1.719379670578003
1.231121474899292
1.1844875883636474
1.5452784896087646
1.267113874847412
0.8989608754272461
0.8151986138916015
1.317304280456543
1.1627967021331787
1.2310194972381592
1.2734898405914306
1.0490988805541992
0.9946496953125
1.0810188651275634
1.7021808559570313
1.2272942576446533
1.0793730129394532
1.2712034187927246
1.1391011158294677
1.2284544875488281
1.1578055461883545
1.171727283859253
1.15676294732666
1.166295948074341
1.5272147750701903
1.1603409536437987
1.186568096786499
1.349997756011963
1.1504605770263672
1.304951484008789
1.1861441094818115
1.2936600320129394
1.1534899382781982
1.1640695658111573
1.1675578500823975
1.1238046294708253
1.222022024154663
1.3136363100585937
1.2508947377166748
1.1746985260620117
1.1664627911376952
1.1755006260681153
1.1122950652160644
1.199281075805664
1.1811989251708985
1.2064246659240723
1.1037455175628663
1.1263815105895996
1.188136823135376
1.1915614009094238
1.2039752201385499
1.2544237612304687
1.3495124575653077
1.1672780912322998
1.0806066529846192
1.2847719103698731
1.1502571628265381
1.5581388013458253
1.254961064819336
1.2141515612792968
1.0897534427948
1.1549776801757812
1.1688286989746093
1.11639557762146
1.1475940588378906
1.214021583618164
1.163346238998413
1.0891416507568359
1.3000241020202636
1.215670799621582
1.2477490466003418
1.114241712173462
1.264467247695923
1.285325246383667
1.2300540693359374
1.1488647364501954
1.2704583551483155
1.0516749709625244
1.133022254348755
1.1335462464752197
1.249522653579712
1.1198968068084716
1.083461298538208
1.1053327590789794
1.156447577041626
1.1165053835601806
1.1108185389556884
1.1592331454925537
1.1440062841491698
1.2032361601104737
1.1779699624481201
1.157236583190918
1.1905233795318604
1.1806895396575927
1.30457415763855
1.1146613923950195
1.5289087298736572
1.1155406369628906
1.2653364383850099
1.1868242090454102
1.3144809320220947
1.1854694547729492
1.0497809250335692
1.202832828918457
1.1304342749938965
1.1918685303649903
1.053615126296997
1.1227789898681642
1.19384697164917
1.1687073882751464
1.0843753885803222
1.0342731886444092
1.495681229888916
1.1302262577972413
1.132130949874878
1.1074402619171142
1.0712257329559327
1.1000869097747803
1.1449615699005127
1.127322525177002
1.2412246690673827
1.1302422905426026
1.1770928552093507
1.2687211423187257
1.0836694978637695
1.1264507649993896
1.132522404815674
1.0699983708648682
1.2381815110778809
1.1488237519989013
1.1640088597564697
1.19354401512146
1.2847754551086426
1.260062754776001
1.2981411012115478
1.3193402860870362
1.2961755784454345
1.3847388865203858
1.3056282696990966
1.3739058974609375
1.3018633927154541
1.340806345565796
1.3369123938903809
1.1974082391662597
1.2870300250854492
1.1228143245544433
1.1605374285125731
1.3552741081085204
1.1530891110839845
1.1480320090179443
1.1324982646331787
1.0549499855957032
1.1496330281066895
1.0624083549346923
1.1731479893951415
1.1537964323120118
1.1847289582061769
1.3910129468841552
1.3243595438842772
1.4223179584960937
1.5474326681671142
1.1509187823791505
1.1206788692474365
1.3932529209747315
1.3059238723754882
1.1234744129486085
1.4169120891418456
1.269440368927002
1.2120295173187257
1.11943337059021
1.1318865820007324
1.165830292602539
1.2325610957794189
1.0236734556427003
1.293754764465332
1.3390241171875
1.1334579629364014
1.1439644866485597
1.2958409146575929
1.1127480697174073
1.3616170299377441
1.185597251953125
1.2764306423187255
1.2195460168762207
1.3200544942932129
1.3741355707702636
1.2320087310791015
1.2546853479156495
1.0953894819030763
1.1455412389526367
1.1308778206176757
1.145795113998413
1.0773650880279542
1.2711437801971435
1.2809218177490234
1.138472485107422
1.105190048965454
1.0888799438171386
1.0300507121582032
1.1326382287139893
1.349760603012085
1.1305336152648926
1.1080648147735597
1.2681053718566895
1.1840268845977784
1.1036671341400146
1.1346744364013672
1.1289134492034911
1.1501900793762208
1.118465253387451
1.1699174120635987
1.2960988743591308
1.0336019001617431
1.091801569000244
1.1180607065582275
1.201330860977173
1.4876292725372315
1.1711295784454345
1.1854471676177978
1.1708978942871093
1.2665439617919922
1.176859343978882
1.3887100130920411
1.1024527552947998
1.6235232831726074
1.2510749338684082
1.289582554763794
1.1972755486602784
1.164270178894043
1.1743406418151856
1.2161465936279297
1.1135133509674073
1.1756064363861083
1.4993921583404541
1.127068850982666
1.1061576490325928
1.3000459865875245
1.1109082306671143
1.0937812535247802
0.9793137636566163
1.2688815009918213
1.0961324313201903
1.3421270419006348
1.1754871751861573
0.9985842911682129
1.1149858313446044
0.9544672234344482
1.028422743331909
1.3052367556152344
1.1046581475219726
1.1269517942504883
1.101266497467041
0.9922894915618896
1.0607954804077149
1.1735995813446045
1.0868166694335937
1.1294594549102783
1.0063163230895995
1.6193951309661865
1.0937052183685303
0.9601641167755127
1.0564663221740722
1.155340654663086
1.1017288553771973
1.1232318741149903
1.1488356469726562
1.2926726739807128
1.0700127426757813
1.0777625509643554
1.131252587463379
1.094111768371582
1.4455529133148193
0.9950212780609131
1.2417064371185302
1.0301644150390625
1.060984599456787
1.0696121822662354
1.6305785521850586
1.0865623095550536
1.1092862499084473
1.086988814437866
1.1258712157592774
1.1071163345184327
1.0066201825866699
1.0313952954711914
1.087067306060791
1.1186358073272704
1.1205271491699218
1.1238072329101563
1.0847793499298095
1.1240838763275147
0.9987955436096191
1.2221791623687743
1.5690380986938477
1.1690324090881348
1.042093164276123
1.3473205773315429
1.1773084590911864
1.0928606842346191
1.2542079352416993
1.0833354338989258
1.3770099220581056
1.2254079521636962
1.1332828346862793
1.1668946882019042
1.217935033706665
1.2830061057128905
1.079153113143921
1.251403213470459
1.192510817642212
1.189374812210083
1.1072496252899169
1.1119575911102295
1.0905330987091064
1.3144557355499267
1.102507444595337
0.9572569919738769
1.2255423603363038
1.0563784699096679
1.4716099973144532
1.0892005241546632
1.0669097847747804
1.4611802048492433
1.2051700486602783
1.0732816071624756
1.2528518052215576
1.2765462809143067
1.1066377956848144
1.1407044931488037
1.1075972926940918
1.1094594140777587
1.136256375213623
1.1039642032470702
1.0708876925354003
1.0771343383789063
0.9524895956420898
1.0408146983642579
0.9972928907470703
1.0907793319854737
1.2517077870178224
1.0992189259643554
1.0680227135009766
1.0378963758850097
1.0936992634887694
1.1164412329711915
1.0875137059173583
1.2195035500030518
1.2115676270446778
1.1734207945709227
1.1449068713989259
1.1179019086151123
1.1102986326904296
1.235884918762207
1.6488936154327392
1.1116567396087647
1.0882784069519043
1.0754635540924071
1.2772273094024658
1.1286346260681153
1.0892888384704589
1.7128437099761964
1.2148882802734375
1.095856184463501
1.1858378657989501
1.0456881130981446
1.20214719140625
1.1224331323394776
1.0634209785461426
0.9520157189483642
1.173427801361084
1.2826533129119873
1.124661930770874
1.0946428056182862
1.1472426266784668
1.0423267082519532
1.108526131942749
1.151214470916748
1.0771664446105957
1.1491697640533447
1.242539884185791
1.0901079848022461
0.9871632469024658
1.2466026473846437
1.0000944807739258
1.0496462704467773
1.0997651620941162
1.0926808128051757
1.0273558509674072
1.069050684173584
1.1516851918792725
1.0983984473571777
1.0997515111236573
1.6989527418823243
1.1340006000061036
1.0996190035095215
1.2257048499908447
1.053197873413086
1.0933099854125976
1.6972172115631103
1.4568367946166991
1.7114269261322022
1.245945884475708
1.152483872543335
1.0155598780975341
1.191536546234131
1.169052336807251
1.0934034663085936
0.9728490055541992
1.08112151171875
1.1367667527313232
1.1332497544097901
1.2492620429077148
1.2739495375671386
1.0275944468536378
1.044280179107666
1.0739729419708253
1.1861594684753418
1.2123737214660644
1.090333893798828
1.121151958404541
1.1303544455108643
1.0931343967590332
1.2606628463439942
1.1304453089447022
1.309856254562378
1.1203876143951417
1.0348942091369628
1.1116787735595703
1.0230139706878663
1.1079887624206544
1.0940287184295654
1.1216501142578126
1.1948513141326904
1.1346704376068115
1.0677999978027344
0.9943567591552734
1.074145059814453
1.1000359061584473
1.101002725036621
1.2852427623138427
1.052009059677124
1.0648166413726807
1.0755163644104004
1.1127571475830078
1.127429426940918
1.0560052737579346
1.1077828885803223
1.0999959920196534
1.1171299827423096
1.0790742061157226
1.0967578304138184
1.1257851071166993
1.1244855888519287
1.0686196561279298
1.0542896803588868
1.089479242263794
1.155437411102295
1.4512358629455566
1.1385888333740235
1.2465464528808594
1.2667149382476806
1.2739879668731688
1.3513227914123536
1.3363196865081788
1.476926426513672
1.4692166985015869
1.1880967033233643
1.1105403483886718
1.3290611187286376
1.1548073758239745
1.1206023504638671
1.1589412013397218
1.166153849395752
1.2226782830657958
1.179687434387207
1.152422025100708
1.1359881375579834
1.449081526245117
1.0904476126708984
1.148817249206543
1.0647377192382812
1.2563487028961182
1.0694543787384032
1.112347359161377
1.056986742401123
1.239284059234619
1.117968521255493
1.2393298579406737
1.0619466783294678
1.1483846121368408
1.0038016784210204
0.9763056252746583
1.0515968666992188
1.08950007371521
1.1165069734191895
1.2413783132476806
1.1791963987884522
1.084426257598877
1.1032096823730468
1.0707075938568116
1.086983595184326
0.98669934425354
1.0289242326660155
1.1447323174591064
1.0631072536468507
0.9525854127502441
1.7255287229461669
1.1320716139831544
1.0972876887054444
1.0779948509368897
1.1356124825286866
1.0915046476287842
1.1491501019134522
1.345489040222168
1.0487265602111817
1.134971567062378
0.9731782819824218
1.1243480125732421
1.4530593525238038
1.1121100400238038
1.193479678466797
1.0302597417297363
1.0858098525238038
1.0852786175994873
1.7545432708129882
1.016290817550659
1.084751786026001
1.1425932327575683
1.1373060691375732
1.0913084031829834
1.085730062576294
1.1085853975219726
1.1819170926361084
1.0856521911468506
1.132638694381714
0.9677657960510254
1.0000929248657227
1.1036265881958007
1.0852743384399415
1.061371736465454
1.1921591027069092
1.2509509537963868
1.075079866317749
1.0823880239562989
1.1875997463531494
1.025064006652832
1.1653765177612305
1.2888689495544434
1.118527532546997
1.1550038870544435
1.0833318008880615
1.1472523091888427
1.1542511137390137
1.1144535396881103
1.1328672846832275
1.1509080195922852
0.9754457081604004
1.102864278137207
1.4790147088928223
1.1426112575073242
1.1194925187683105
1.2647595872039794
1.0568348777618408
1.445678189300537
1.0506068137817384
1.2210414883728027
1.6008737034606935
1.3471609870300294
1.3006176828002929
1.202798546585083
1.323697217071533
1.3540765260009766
1.2540070890045165
1.2143185593109131
1.2443392663269044
1.080268078994751
0.9373711356811524
1.1518444499053955
1.1240625983734132
1.1890482182922364
1.1197181621856689
1.4380951078796387
1.0354819245147706
1.0475738650817872
1.2821558259887695
1.1537626583557128
1.1812211420135499
1.1075487084198
1.164443947265625
1.1655122514190674
1.189241424407959
1.1658745346374513
1.2269917340393066
1.258907458618164
1.1912910466156006
1.0592977348937989
1.1071563888397218
1.1450835339813232
1.2485129712677001
1.7319953388977052
1.1334306146697999
1.1746922277374268
1.1690933639678955
1.2481037127990722
1.0720101344604491
1.0826356358337403
1.2026826399993897
1.1228988050079345
0.9652464133453369
1.0926197764434815
1.3178719546508788
1.1539173073577882
1.3408474406280517
1.1563319044952391
1.0914789910736085
1.089581391647339
1.1107090393371581
1.190725487411499
1.087381297744751
1.0815299554901123
1.239224036453247
1.1222011990356446
1.0919579412536622
1.1441334990234375
1.1419872382202148
1.1979028459014893
1.0961600878753661
1.1707752025756837
1.287046288253784
1.0931871855010986
1.1324594691009522
1.1359116231536865
1.0993003057708741
1.1489039804534913
1.1115686840820314
1.1501314655303956
1.0967759638061523
1.1005667728881836
1.7218936351470948
1.1733690249938964
1.2677717156219483
1.1068265497131347
1.8057098403930665
1.4130010021057129
1.7426993726348876
1.2927705306243897
1.102724785308838
1.1063524877166748
1.045774200164795
1.1070402011260987
1.2064071112213135
1.1957429397125243
1.212275618408203
1.194185163421631
1.1316751238861085
1.2449009021911621
1.155203308807373
1.0907067736663818
1.1081161446380616
1.2843746159820557
0.9993218396453858
1.1597336867370605
1.2977125592041017
1.1232524045104981
1.1175014129333496
1.1102395364227295
1.1545018961334228
1.0811607321777343
1.2023118484039306
1.3423569940490723
1.1237613423156738
1.0714787785186768
1.0293114380187989
1.0864435511474608
1.1509883610687255
1.1179276386566162
1.0943399417419433
1.2373610145111085
1.1285840485839844
1.0881094484558105
1.0143237592468262
1.0876637354888916
1.0824429077606201
1.3309371882019043
1.0425072905578614
1.1229655338439941
1.1362026927032471
1.2583690151672364
1.0635470161132812
1.1229738209991456
0.9467379395141602
1.1133044707794189
1.1088390161895751
1.7401711684417724
1.1076509177093505
1.2516548704681396
1.1292059900054932
0.9555901477813721
1.0994453840789795
1.0488662802886963
1.1433325583648681
1.4505572593841554
1.1071115481872558
1.1497784331054688
1.2438520857238768
1.1141290711669922
1.1312369648590088
1.0920764612426759
1.1976590103912355
1.1346531257019044
1.1258044845123292
1.3020947254333497
1.1396866187438965
1.072366186050415
1.1274093330841064
1.0823681413574218
1.1800966321868895
1.091532363647461
1.1622774276733399
1.1533195987701417
1.4512492032165527
1.1183351027984618
1.0820863385925292
1.2685001578674315
1.0743264703979492
1.0915400466003418
1.073026451751709
1.2688261483459473
1.0425812114868165
1.3592638848876952
1.073553834854126
1.105406862136841
0.9439361438140869
1.1109436859283448
1.1989797350921632
1.1113172710876464
1.1443322646636962
1.2618272974700928
1.2540549648132324
1.140668208404541
1.1405983178100585
1.0303577465515137
1.016344296798706
1.0597994182891846
1.2221233464660644
0.9829519533081055
1.1757809507904053
1.1320351359405518
1.2059127887878418
1.7735734328613282
1.1650736810455322
1.260991203048706
1.1487812795410157
1.3046464404144287
1.2613654818878173
1.3737653311462403
1.1641418881225587
1.5268551707458495
1.0870029138793946
1.1829462529907226
1.1759872279815673
1.0683426668548583
1.0382687733306886
1.478745024734497
1.2006090888671874
1.3413426675567628
1.1157846917266845
1.0763909739990234
1.0980664828338622
1.7547539018554688
1.106586835220337
1.128136159515381
1.1226267897796631
1.1611822365417481
1.0738170353851317
1.0220698195343016
1.0715841335754395
1.2699592048797608
0.991439953048706
0.9897246747283935
1.1988229483184814
1.0421912545166017
1.0656528408203125
1.2816732927398682
1.0462926703338622
1.2581850039978026
1.2048185406036378
1.0893071887054444
1.1195031222076417
1.191913129425049
1.111898932144165
1.1727427457122803
1.3185004400482179
1.163630909576416
1.1840598154907227
1.14699926121521
1.1649741993865967
1.1314095008392333
1.0169527545928956
1.0968362090148926
1.1553757329711913
1.122988574584961
1.1530314421539307
1.4887974457092286
1.1861403319091797
1.1360205624847413
1.2362821976013183
1.0425093720397949
1.4922846429138183
1.1348247587127684
1.1000897967529297
1.485141411026001
1.0990438995666505
1.1235667408447265
1.2975825982971192
1.3148615746765138
1.1548488602142335
1.1426763549804688
0.9779287585906983
1.0498218743286132
1.0551152504119874
1.1489507172851563
1.134154129196167
1.0376169165649414
1.1224097813415528
1.0618329989929198
1.1070490677337645
1.10234012348938
1.4638521822357178
1.1141842440948486
1.0621515589599608
1.2351801342773439
1.1227412294921875
1.1455784322509766
1.1795475078735351
1.1419642777557373
1.0700113121643067
1.1192581137695312
1.2093972971343994
1.2668460209350585
1.292662535003662
1.128671050994873
1.1846251966247558
1.180047182510376
1.2626970336608887
1.702126991317749
1.1414922133483887
1.1399733751831054
1.1794375717163086
1.2606645108947754
1.0533738614807129
1.1052710166625976
1.1550974657440185
1.3043937562561034
1.1121057225341797
1.2420455034942628
1.1433117337036134
1.0287261871032716
1.2149215482635498
1.2747259754333495
1.0922688478393554
1.0497510899658202
1.2441478921051026
1.1403753704833985
1.226594257522583
1.142032750213623
1.2125069826660155
1.2158125252838135
1.2497976496429444
1.1137207292480469
1.1721811309814454
1.3666876835327149
1.1545947935180665
1.102843667907715
1.0905931011199952
1.139420749282837
1.138558009475708
1.110326437423706
1.2218190440826415
1.1596647646026612
1.1978979169769286
1.7821641446838379
1.1578370984802246
1.2071883533782959
1.1944500025482179
1.113325160079956
3.3520906709594724
2.768513301223755
2.6943933763275147
1.4509066947174072
1.1478651974945069
1.1195955155944823
1.3625017685394287
1.2323385418395996
1.106708143951416
1.2033002855072021
1.1740966321716308
1.238585148147583
1.3506181718597412
1.4441636797943116
1.2068044691314697
1.2916767149200439
1.1726550164337157
1.3376273377227783
1.2543345970611572
1.211739733718872
1.305253331893921
1.2225201392669678
1.1867013116607665
1.1788977381744385
1.1794554535522461
1.342982532119751
1.088215133377075
1.3738663742980957
1.0500566171875
1.1537083204956056
1.205065999923706
1.3560282340698242
1.5497310436401368
1.1780379229125977
1.2415156886749268
1.2190468370361327
1.2171830542755127
1.1601916560821532
1.2122847054748536
1.2834998446350097
1.628625856491089
1.382821971572876
1.2943468572387695
1.1390206501617433
1.3085034236297608
1.0317317991485595
1.1563349959411622
1.0879295937805176
1.2696422755126953
1.1315101957244873
1.8342271792907714
1.1335608239593506
1.130441308944702
1.0774689922027587
1.082727327545166
1.1506407986907958
1.1050659291534424
1.1809396012115478
1.4922867096099854
1.1541510570068358
1.1987418680419921
1.194362488143921
1.13945249848938
1.1574857318115235
1.136899000350952
1.1697482151489258
