1.001965700767499
0.9879527732066808
1.0320288883623014
1.0598265228473949
1.139944036811623
1.096644502159964
1.1243510639310244
0.9827815465237429
1.078131405742475
1.0435681829590961
1.0507405898330437
1.0512359112688574
1.0173759289822895
1.0432226518484584
1.0515709502890367
1.0454070035932632
1.0538914097658465
0.9746558305962161
0.9910401901153263
1.0491688804792632
1.0269580597481724
1.0927915412295008
1.0343287261110072
1.0346758404844794
1.055020786162816
1.0447397839733275
1.0669421302414208
0.9507318536601916
1.0719358685014333
1.094276289511913
0.9862304687662717
0.982667287080278
0.9929725548894293
1.053646450654882
1.1756717918836839
1.052532375362906
1.0231634641166558
1.0907138870097277
0.98760310365164
1.0910563601328598
1.065227504581715
1.131810958020432
1.1387982994319452
1.0715978010644729
1.0192762881313677
1.069701717974461
1.06640868407913
1.0464916694320732
1.0513621647992113
0.9838143987609236
1.0093154972397869
0.9974817619177394
1.047743203735179
1.113496102676365
1.0281924925954593
1.0707507055540837
1.0583839562231874
1.1291513827610482
1.0507807107342406
1.0523427362300213
0.98291111245201
1.0908256662143732
1.105024640671815
0.9458173661883056
1.0023628446747717
0.978760511995449
1.0470115863872378
1.066574493284536
1.1780278750758717
1.0228748539153236
1.1009295520853455
0.9992149961311767
0.9844482764150471
1.0627332858679042
1.0668984225432185
1.0856140534617365
1.1320340624234666
1.0605315289512103
0.9837169585636723
1.0639685572021604
1.0879503654602733
1.1171851579581256
1.0553119417672265
0.9537396748424769
1.0845367164246025
0.9752310511620117
1.0590463143311968
0.9999844064244965
1.13237818722521
1.0657246471503685
1.0289687321200813
1.0451411940655972
1.1865588711012034
0.9995309943759835
1.0725031690899076
1.1169158399103398
1.1321700845670495
1.0575517899663285
1.0351771262416627
1.0113792704113311
1.0082225847519861
1.0728608638698658
1.0757513785773636
1.114233934548389
1.1257426119540594
1.1478349344169798
1.0942026298449057
1.117602624281884
1.0168753854226504
1.0342789267013286
1.0317867431487915
1.0865968754919162
1.1511673406989653
0.9376857472623548
1.0526170382983224
1.0319482074775799
1.0494220868171042
1.0654129332747955
0.998882856804443
1.1310277224153311
1.1000626278555887
1.101238030363779
1.0582425252797045
1.054602780592675
1.1320649740154094
1.0594535949067172
1.1026477985760725
0.9835787212724634
1.1208784264446896
1.1227805469856962
0.9733065897495232
1.049462678728321
0.9873057029411553
1.0618506592396602
1.058245088067232
0.999435797174655
1.0284741548316512
1.088114805979376
1.087079323199088
1.0965125663487236
1.0611277377856205
1.0235421753590153
1.1088971348488015
1.0506013003519206
1.0824598231722402
1.1128223152219352
1.0514150305479082
1.0822185065764656
1.0319876958857246
1.0872410192901443
1.0321567189397645
1.051993306624909
1.122782136128157
1.1264250668762135
1.0526892379306958
1.0861650646922767
1.0413837160473536
1.0390824264029677
1.0565245485385182
1.0456858412821757
1.027573937664557
1.014096153684409
1.10604816331741
1.1092435668798215
1.0447726538106386
1.032126812618886
0.9879743948432158
0.9903382285886295
1.047773751774699
1.1110620727572622
1.1556356432228747
1.0519211286381602
1.0465022469885894
1.0134258548369992
1.06653155795725
1.0520998018674463
1.1003408629023956
1.051844679446889
1.0805032732130577
1.015227610056119
1.050050323306661
0.9781144246260742
1.0720664913540627
1.0600065564728296
1.1404971514565105
1.0575824619748682
1.0000295603573126
1.0882099568273536
1.0371059340783897
1.0509933981997244
1.1177314625411439
1.0127029677472024
1.0641500582024281
1.0056178895044618
1.0598706010926962
1.008360795472282
1.0246564339187152
1.0760578093457047
1.046252985074792
1.0347282159503846
1.0888809870608642
0.9857600179232333
1.1771821947023262
1.0943967560721237
1.0031849193835236
0.9702500159124997
0.9917977349814036
1.0787822750229235
1.1313848350756222
1.0636849194395164
1.1754582983442008
1.0509594315272255
1.11564512780322
1.0130726958092293
0.9800476929536441
1.053604477989117
1.0778624464454805
1.1237722181160392
1.0453815579591368
0.9873557039158092
1.036316129036167
1.0672904712220896
1.0460075694133208
1.0877675278428025
1.0687694721890204
0.9994528733782515
1.0579480685660423
1.0173337519592243
1.0490005061253496
1.110806410237378
1.0552204071550881
1.0540392572920803
1.1275115007277794
1.117394585796338
1.1233324941890195
1.0892417464150697
1.1409177163099344
0.9853621182068673
0.9751928859050292
1.100733122840692
1.0807545927721014
0.9983894779758624
1.1065701827208034
