1.0975896562258238
1.052235127133828
1.127198031703141
1.1461244998618905
1.091083515984208
1.1000846448322037
1.073870829331765
1.1786421280824082
1.1737553664712363
1.1576857931646127
1.183191054428095
1.1049431985330636
1.1296138849302166
1.1114634308775846
1.1037644199777525
1.1088731537588374
1.1110320537037037
1.140871745988437
1.0817530387608083
1.1203470597084828
1.154157398850376
1.13511613429963
1.0459273360256314
1.061188771162882
1.1454887397140465
1.114285518220084
1.2019905161297912
1.08979917588966
1.0828617059120513
1.121873831132597
1.2346777649830376
1.140833788455748
1.1474350331755347
1.057434994686658
1.0720019367679767
1.1180720659980303
1.201981278486414
1.0994073092057302
1.1018833910895263
1.1361830428157738
1.1094185165645507
1.1461454907593038
1.2295492266921673
1.1772078192241229
1.1619376679420645
1.1665347127350192
1.142688220233445
1.1490783714686068
1.1493664375194812
1.1277123170197159
1.1449966925040829
1.1152607204553515
1.0707055235859477
1.1369674746362342
1.0608780733084142
1.1456330780948607
1.1181291109579736
1.1659358921419984
1.1144638809814207
1.2088283148855623
1.115747997752961
1.1302346958041698
1.1347669212893208
1.0540623762121606
1.1342554424819449
1.0919173627881174
1.1724255507047818
1.1154126441407828
1.0583171899467458
1.073440630353049
1.2109564575625549
1.0980108139687352
1.128564070792506
1.1377619710781253
1.1160592164845267
1.0735267106699473
1.1483658109476418
1.1210650676679408
1.227230202471533
1.1394424769604357
1.137654020518753
1.1493200271077617
1.1668764950943866
1.1415915596579127
1.1399933122184567
1.0832628277141292
1.157118801846686
1.1206059047514274
1.0898125140663024
1.1716676495471987
1.162865946489101
1.1493042648829221
1.0932436821882834
1.1244008979876066
1.1305756028806835
1.2131200292054944
1.1304969927127662
1.1729948834522133
1.2383441278884024
1.1447939088415269
1.2314522191589568
1.1396101551273212
1.1593369267187736
1.160382233489436
1.165382828703813
1.1436461985724988
1.1448060151563058
1.1616461264878375
1.191472041331996
1.1032226887054517
1.082366089036185
1.1202984438018213
1.114628503581585
1.1114548571008624
1.1049631042290378
1.1772603514979232
1.0680440429798919
1.1305101382780929
1.1255972367261262
1.1128644680573196
1.1455047741873696
1.090219012321537
1.2287822437677873
1.1964023962706873
1.1496914726126013
1.1433930247432693
1.136089415820846
1.1520815844184975
1.1339180453899567
1.0931749570210345
1.1191321874486366
1.0774852086442652
1.1378644894789938
1.1460785855153117
1.147501705858803
1.1116769114113034
1.1293939737616716
1.1539738747188895
1.1343034424138632
1.1363476192325455
1.1109803213508873
1.1165906020488157
1.116070931919427
1.176656805867009
1.151538120434564
1.0989567310019226
1.1488102384504213
1.132852587279492
1.1650377312060418
1.1356297060972655
1.1115481762221382
1.110834217177847
1.1721119745251867
1.1150905949181595
1.0863342813811023
1.1321865211053366
1.1244299564862832
1.106633476453674
1.1294211204246742
1.1555233082823717
1.1168541499116795
1.108194977493742
1.1277689966340376
1.1549266418095634
1.1033883526152275
1.139415987894768
1.0823030436746839
1.1552064800738049
1.082727149186702
1.1261806777291672
1.203569533805076
1.221749661826926
1.102029050908798
1.0804280745718837
1.0790608986942545
1.1310530986290777
1.1464151896338537
1.104039678290284
1.1500901068632736
1.129496085061908
1.084036894424691
1.085246863314298
1.147532251183581
1.1863442933872668
1.156089502254297
1.1481536140999882
1.1108307076722979
1.127552327116686
1.1485070500097807
1.1454045244730544
1.1279134832904405
1.1470692604194324
1.1441691631909554
1.1219480857076274
1.0217575532049639
1.1320884348937907
1.1816027653301553
1.1627056726731253
1.1411655655060073
1.1608584928437469
1.1051548666523798
1.1415871856805733
1.0713054922261975
1.146513038474218
1.1048506303128247
1.1181643563592092
1.2294176800536452
1.1741999341719718
1.1516190037090899
1.0932175152323276
1.171497243198158
1.13164486247069
1.0761053329507655
1.1314218681728596
1.0708680887269713
1.1345534408478524
1.0934291304546164
1.0787797901133371
1.133507310041527
1.175032915223557
1.1443072646037973
1.1613685818182677
1.153463520534061
1.141699278418256
1.1369561291571537
1.1611619027051585
1.2217305470060258
1.117411669562762
1.1545901435539523
1.087777499021132
1.1231986303944625
1.2311641435645289
1.1533838532864191
1.1479319554193534
1.1642092668647905
1.216760783623028
1.1453736529435288
1.078490794298173
1.0724311628573049
1.170845574304962
1.1116986252500047
1.1339470828710665
1.1588090428672508
