1.0985592862140856
1.0609373554533175
1.094035384961046
1.1474361119277012
1.1232912667716246
1.2296148719266606
1.163057796454229
1.1311920257320476
1.2718883434508235
1.2337085805181054
1.206517870559259
1.055736595458246
1.2987145990691558
1.1992326083173135
1.3498758180783534
1.0732449027289916
1.2367817865267339
1.3059365913473167
1.194174146348415
1.2970656560195997
1.185871439512455
1.2180690031051018
1.2551557028124054
1.1993306495404163
1.1564338907665241
1.1670690367090004
1.3826569787365468
1.1129307947017626
1.2951520411479578
1.1491068565633658
1.283756619142856
1.1335164543110656
0.986186786905144
1.147060845948183
1.169845829629223
0.9485223232810476
1.1036290318230526
1.2351980707877956
0.9970599055486284
1.193081889696536
1.2848308976820833
