0.37509293974264535
0.39793657957090156
0.40993640586994573
0.34579008124368615
0.37841342233568087
0.3729506407932591
0.39789295085998627
0.3755925727736798
0.35764368745988206
0.3740910694513714
0.39921357720602824
0.359090506500372
0.38714554966904813
0.42834429187008516
0.3779490097857947
0.37435787407868515
0.3446797975285033
0.39607844507255896
0.38417798171647016
0.3855015145455767
0.34810971145219916
0.35469844217141266
0.43213968542693726
0.43906076603571353
0.35765549999999396
0.3471002985573193
0.3423529371397175
0.3704647728684117
0.37502673143730975
0.3960807590177543
0.39874023935190395
0.410275440094545
0.34475185016976906
0.33157814082799464
0.37787766218886043
0.3726486808010887
0.39769547386683346
0.37495474158135134
0.3573295002057115
0.374163790634623
0.3736754575147556
0.3792142472421972
0.3620311152001404
0.3990381456840215
0.3590342600434563
0.41837329468536844
0.37729177619311227
0.37449330989663354
0.3596338261039682
0.3864819099865309
0.3842534849242444
0.3855162842478176
0.3537291983393188
0.4320123266645943
0.43835664362485915
0.3574046749999984
0.3458581007028678
0.3421677164487993
0.37049108459242375
0.37531991921579433
0.3976690068167994
0.398568091891621
0.4104799210848684
0.3452635118132249
0.33245224489026654
0.3790882265397725
0.37259326144117755
0.3985433489339828
0.3752231423383431
0.3570510878857577
0.3732525776259271
0.37417172096616996
0.3796997773437927
0.3719553504851163
0.36197686757291186
0.39844328516273664
0.3590910232001115
0.3872733059344211
0.4288902601419432
0.3775326454016142
0.3751239213291574
0.3592874818384306
0.39743720596901555
0.3836086229753915
0.3855730342238778
0.3479570105027483
0.3543313854511785
0.4315208985850226
0.43818655469905377
0.3570088499999936
0.3471983857613934
0.341716433282205
0.37051339235843284
0.3753630026228897
0.39686080336419877
0.3986364393613123
0.4096287071016601
0.3449035442494346
0.378282277357627
0.37350153479060544
0.3751297795534383
0.3575183746177931
0.37449454586212017
0.3801692662365318
0.3713497049882442
0.39779877777237693
0.3590646961183402
0.3866419705904239
0.4176916412630778
0.3771802619000776
0.3735772113038023
0.3596127821456233
0.3869782804701808
0.38360333203068653
0.3851689613191135
0.3489351199774593
0.3544736893862801
0.43842077006193303
0.356842549999994
0.34758893414922143
0.3411897454774387
0.37016063548712547
0.40488062399423863
0.40475643855515575
0.41785965958448057
0.3504759989123295
0.3542390179460916
0.38667650786966035
0.381401686531486
0.4049191620320981
0.3799546467300804
0.36377832721514003
0.3805521353205489
0.383183821478688
0.3882819654449242
0.3790377868487945
0.36821246409861297
0.4068894194371723
0.367773350297545
0.39826844092841895
0.4331404819815412
0.38492013978908546
0.378396932985244
0.3683725172550081
0.3953337508437137
0.3918367157968151
0.39364977334732665
0.3603221237446466
0.43883553336373093
0.4456397766052713
0.3610327999998997
0.3507365587513842
0.34910079375930037
0.3772631666888834
0.38284523569845025
0.40224989145278045
0.4026457763707222
0.41691138262892
0.3561676801482673
0.3373576949310971
0.38462712201333116
0.3787298459970344
0.40624154899715315
0.3823084255429492
0.36689318896348555
0.3789934690132575
0.3794799792511009
0.39720941716096747
0.37522523732176305
0.3663064624555238
0.401811742379951
0.36666301177563
0.39383915156264704
0.43382889718764184
0.38352794737071827
0.3786221027627903
0.36605954518352635
0.4027073671530561
0.3544007326264602
0.36203559305429267
0.43656118658014353
0.37582075
0.3500159082745836
0.3485530727822165
0.37638668802646635
0.3819620361071048
0.4054676156106627
0.40470582774245456
0.41925858902197033
0.3647242932602026
0.3557193257432879
0.3878312520573972
0.383599499837059
0.406668808194914
0.38917538410612273
0.36471985452186084
0.38028759226843484
0.3887516366251554
0.378243068172379
0.36875571499209503
0.40742278244258423
0.40141177780588244
0.4338109202331446
0.37781719759523763
0.3695380365972367
0.40721020545395126
0.3951235567429444
0.35780488029539304
0.4394208222529653
0.44484946610166265
0.36027814999999375
0.34909831520830725
0.35226843243514216
0.3775670385010029
0.38343800533689876
0.387864690277377
0.40159388656327044
0.3726299719703404
0.35048280299078527
0.3841648030542946
0.37831725641442304
0.40791585009075704
0.3803185191523989
0.3841002103365326
0.37895745531639624
0.3968769874287116
0.37278868225895107
0.39822890381522835
0.36715493452841086
0.39073883358263417
0.4342522544606855
0.38133011980962506
0.3777976552579698
0.3661205098760157
0.3903151883174012
0.39110362377312413
0.3882808538159489
0.36825748396531954
0.3620525077337811
0.4355399668427058
0.4442991306957178
0.37461852499999826
0.3491420535554247
