0.4036478789613833
0.41765174750969347
0.4242095907279868
0.37081334335461136
0.34995988391172816
0.4057060196261809
0.4168074029173432
0.4090660124771397
0.39956694729391595
0.39961654089806997
0.4017748505738712
0.4030839425072055
0.40033463644739053
0.4234085590719703
0.380314490058711
0.41326712115677855
0.4556974663594232
0.4158565368961913
0.3768256713527124
0.40636233034747016
0.41112181812365667
0.4037642797408152
0.37320725658798914
0.385713969459057
0.45895954528676997
0.3782730749999855
0.37784707115074645
0.3711819263249468
0.40212414823314
0.40314321682785914
0.4171370089444155
0.42539120972939193
0.42347126339261565
0.37088880245558553
0.3512420463319315
0.40638782375082094
0.4061166573322854
0.4156160596605314
0.40848965447144514
0.40042364921425155
0.3996043166301827
0.4024198040648437
0.40307326862194226
0.4005341062602761
0.3926693173204795
0.42317620249560095
0.3799639708000808
0.4136132858913607
0.4551319072935528
0.4151293963381232
0.38560303596798545
0.36523492176724975
0.4057887437326696
0.4118969312777263
0.4030172760062556
0.3741509420056687
0.39738983561532926
0.45306991470216484
0.4580718183258117
0.3879916499999747
0.37701361798903976
0.4019731009606866
0.4049245695666255
0.4172144774086721
0.42562394877010334
0.4235689293691337
0.3711556646696568
0.35217780372394425
0.4094245179140973
0.4058984189138999
0.41662661526166034
0.40871891263630666
0.40008509477586973
0.39842041792864824
0.40144510245957266
0.40357030302456964
0.40111093228899475
0.3918510278083268
0.42643203617374625
0.38026345980875786
0.41636599273849206
0.37669305969096223
0.37720611170025264
0.4068479855723639
0.4111591407321913
0.4035156462046364
0.37241895064830377
0.38536736152439943
0.4528058402074001
0.4588509836378427
0.38905080000000003
0.37719202819384956
0.3704860431034088
0.4017816668262463
0.41702292952105635
0.42520673186139957
0.3719245795790269
0.3513874299074189
0.4085447629718001
0.4052787909683937
0.41589313507296566
0.4084361044110185
0.39979685512465324
0.3991221073978194
0.40179838553727
0.4041610934269013
0.3911338504523672
0.3796713957261564
0.40920525472359526
0.4547186212008
0.41553596709415097
0.3752747972427337
0.36622396756647424
0.40607790102466956
0.4121183950969597
0.4024174790127887
0.3738504011412501
0.396632086565097
0.4525807738816857
0.4585396668401539
0.38821890000000003
0.37863469747174416
0.36946056864082777
0.40250914105133684
0.4100464285482528
0.4315636495427776
0.43219518265723433
0.37785363966860724
0.3696931146758309
0.4178167230212546
0.41492115543251606
0.42413537918903577
0.41345930590524227
0.4076386919850197
0.4055398068184143
0.41048429901604444
0.41078998088694796
0.4073247299098758
0.39906753569366094
0.4299436349669751
0.38934940321395706
0.4256894515718471
0.45991692309353516
0.4234372215311518
0.3843682275507114
0.41584979584396065
0.4188829799864433
0.4120554961856251
0.38221249559191117
0.4011183376424391
0.4599435242820479
0.46486441733616213
0.3928241749999608
0.38171167336101797
0.37593309272681485
0.40899232532153607
0.4113703699447129
0.42337897163088534
0.43085622100240184
0.4320674080297108
0.38100543481097815
0.36702043066547346
0.4120921423401437
0.4246049490983923
0.4177256305429019
0.403965844715079
0.4079417669801332
0.40908278721638514
0.4049049966012708
0.39624932182900596
0.3984938940853574
0.41520604473165423
0.4608532772702514
0.42222817621013853
0.3900920427588977
0.3850446925880546
0.41319539464871813
0.4189419770815991
0.40927911902668124
0.4035438986242116
0.4582369584532807
0.4641712529775126
0.3939778249999234
0.389789897209313
0.40948264674900936
0.40951684381880016
0.42509329636504833
0.43115605991699435
0.374802370451656
0.3602849330685701
0.4140212918677041
0.41164702038730283
0.4194961035245578
0.4120126065331857
0.4072001688749307
0.40439208617795797
0.41225135102225285
0.4102786876344783
0.3995314606278358
0.43023025282407157
0.39019236192497697
0.4258531163454585
0.45932337717718963
0.4224582121265529
0.38928039672143094
0.3850432950582824
0.4161121097588798
0.41733160969063543
0.412572088480318
0.38439879521428605
0.3978266143186631
0.4597184995435394
0.46316176064172976
0.3917860999999941
0.3976164550948925
0.40794361518081357
0.41048012256976585
0.4216315815919621
0.42990114464838913
0.38220904029583413
0.35477317802322084
0.40949155446595187
0.410031913114538
0.4123365282766006
0.41309334937503006
0.40278427542721285
0.40500500938535755
0.4090244555508148
0.40120691401037556
0.3952419281388386
0.42148229411113125
0.386033322730814
0.41132196901739126
0.4190966893606156
0.3895107406837169
0.3811097356360257
0.4096826240228285
0.37675804348022407
0.45568090448443166
0.46160496871989354
0.39198577499999787
0.381436280213583
0.3870301355005096
