0.610815622909587
0.5561701476260346
0.5309507959926155
0.6549853379191939
0.9541240938064062
0.9082122393275851
0.5525461178883815
0.5655203028815259
0.60607805042225
0.6473765035588531
0.6662127283312378
0.6515774893520172
0.4949858990474721
0.5934930531262048
0.4545961734903178
0.7760621535665971
0.5376490375504084
0.7654301530133336
0.5696589262038876
0.816261655977194
0.7289635600644763
0.5278061522630699
0.6865322152524549
0.8091732125195509
0.6550033416237211
0.6308203035760536
0.650649297426183
0.6135226224077102
