0.42900116422182843
0.3173699266635047
0.45657436907591686
0.3491821589728228
0.3865762886550016
0.5508538959397389
0.43458998670742355
0.45280880000492346
0.4567134988149142
0.5017454945269403
0.4391151416979816
0.383566587542582
0.6375519164241372
0.6937664080839149
0.6210343275742971
0.6736985143016316
0.41847522073327426
0.6190897948332743
0.6330337800502162
0.66184285005853
0.47162520824699883
0.5604846370601627
0.6710284647470133
0.3697349574350347
0.35657711180283935
0.4486353562866884
0.7116841279111922
0.5211900703082497
0.35971673500057866
0.40457199656838666
0.604766751131063
0.3700819586023259
0.5693730182897183
0.3649063128376415
0.5130083057107648
0.3206368198268617
0.35480303477824776
0.6307253440679714
0.28231616270210236
0.4518477927066402
0.4947078421007256
